641 314269676
767 766
268 515
906 217
956 882
999 114
742 719
787 238
810 291
490 281
660 412
770 523
795 202
996 695
664 723
261 463
99 385
816 830
160 233
939 628
689 346
353 412
941 249
536 80
171 675
123 60
78 604
206 604
60 172
31 67
171 123
565 725
13 122
695 780
296 751
612 332
206 902
557 275
381 964
866 253
108 836
860 741
477 127
972 6
150 55
305 206
57 398
572 130
511 656
636 640
732 883
948 766
450 531
922 477
891 901
69 33
658 297
591 100
299 282
140 950
521 934
369 535
757 573
397 57
193 856
387 897
581 473
979 775
199 378
335 968
609 1000
611 938
430 20
350 435
851 768
85 221
965 109
865 652
208 559
634 790
847 914
424 299
418 448
482 311
401 315
517 863
150 801
451 533
787 61
717 444
989 295
31 849
961 9
445 487
399 791
840 295
204 849
302 198
849 279
960 428
729 403
706 69
4 279
253 725
472 140
247 669
507 329
283 912
237 85
777 737
513 888
996 550
828 331
269 545
71 731
991 18
809 273
38 16
69 708
147 506
675 394
114 548
99 315
827 685
642 56
133 591
888 804
421 701
600 601
20 114
247 314
368 814
465 388
134 427
860 743
954 889
52 83
192 266
588 777
455 163
216 889
334 938
401 949
498 941
474 653
489 521
513 896
459 741
936 22
642 834
316 273
53 286
392 571
307 522
450 36
518 147
252 518
212 561
567 96
558 858
857 834
624 569
174 731
144 31
257 479
925 53
406 446
695 146
818 824
625 977
498 301
807 528
332 175
7 451
835 1
428 216
264 107
909 921
47 993
774 532
614 791
852 323
468 363
744 735
432 584
356 585
716 619
374 127
453 567
280 373
612 657
147 672
41 542
591 231
532 459
938 980
864 265
545 941
753 435
73 241
151 559
959 419
539 197
851 725
150 789
956 959
795 636
971 445
851 124
157 737
777 714
817 365
632 811
379 519
826 726
912 797
659 620
978 418
370 103
940 385
657 390
47 118
505 851
250 95
251 860
351 36
270 28
104 191
319 865
603 936
734 673
325 795
39 44
59 26
240 472
811 96
613 289
964 1000
829 764
149 844
736 713
992 990
384 586
639 772
447 34
293 878
743 564
822 147
918 297
348 725
630 230
741 340
521 483
2 645
306 832
905 277
953 797
142 382
237 577
242 567
828 930
141 741
929 464
28 495
870 364
57 410
320 709
601 290
198 791
368 126
114 143
813 410
929 526
772 320
720 656
367 292
343 930
765 878
333 936
759 548
863 509
843 647
892 370
840 867
793 453
874 790
435 434
999 637
5 178
368 142
470 934
65 678
7 155
388 297
393 427
82 270
500 975
919 431
71 985
808 646
374 187
6 430
936 177
26 707
928 637
546 916
880 262
93 147
253 354
220 275
966 914
284 812
68 542
919 348
894 96
147 657
20 215
381 399
313 933
869 323
286 655
805 22
636 892
748 347
493 802
390 862
599 898
138 377
135 667
763 936
139 171
332 302
745 531
970 969
704 164
484 3
308 577
979 983
300 40
435 183
831 667
639 883
326 228
543 385
11 362
989 723
880 848
677 590
549 186
147 145
77 509
862 423
891 527
647 559
569 88
700 536
301 37
167 268
702 659
17 747
546 605
354 28
763 158
490 882
34 607
845 184
630 17
504 674
184 741
610 900
566 286
559 783
417 996
60 424
226 505
769 962
281 482
306 825
325 510
884 651
537 588
164 940
405 924
626 939
103 440
560 515
270 437
626 153
517 861
326 986
902 566
764 170
358 918
641 36
817 44
166 866
227 873
489 741
390 579
289 405
616 476
76 823
243 823
704 186
484 897
549 167
817 967
802 996
640 794
710 57
863 421
321 206
393 579
950 66
945 120
778 373
422 780
504 125
505 958
143 658
214 957
886 806
2 333
214 555
751 617
341 874
766 457
410 452
478 571
976 49
679 5
863 548
586 514
588 525
155 204
976 290
225 673
663 651
296 329
379 791
4 207
594 617
542 225
278 410
784 852
974 525
216 662
562 990
895 8
79 493
452 998
124 661
402 42
128 690
947 573
130 119
520 663
210 490
4 82
956 572
813 988
97 177
682 119
753 903
136 718
329 233
11 542
255 110
969 311
707 670
448 879
419 998
794 547
978 777
102 656
169 207
436 978
966 837
27 464
869 500
145 893
648 422
348 244
992 969
433 331
357 966
533 196
165 974
572 975
148 596
592 560
382 810
16 675
863 70
720 489
698 937
331 807
514 884
861 131
519 841
602 958
802 461
50 898
148 489
358 625
30 855
924 140
960 975
398 206
87 253
723 925
792 200
234 548
630 276
625 408
304 272
477 779
824 701
857 187
784 370
54 652
140 261
613 99
955 401
332 612
264 954
361 50
992 571
533 482
861 358
667 444
531 475
241 318
642 532
992 169
992 680
427 352
951 822
963 430
436 350
523 2
598 660
946 674
767 16
684 771
542 717
438 217
994 373
200 442
538 610
228 993
366 722
692 827
967 442
232 806
612 891
14 452
958 650
543 786
711 966
866 753
181 961
853 866
767 854
360 484
992 67
777 551
587 397
888 209
531 9
345 282
738 511
654 979
649 890
839 583
12 610
705 991
53 425
263 621
115 423
400 854
752 120
95 98
551 359
137 354
460 550
363 954
299 124
445 205
564 441
67 571
989 692
813 401
421 62
994 942
616 697
982 829
846 557
887 995
826 500
614 291
84 185
832 533
818 915
620 613
546 787
191 529
993 915
248 987
781 294
265 968
24 327
705 128
275 346
564 953
655 586
20 272
554 569
430 398
759 618
358 4
316 134
785 18
771 754
598 868
488 235
743 214
750 66
740 192
601 402
829 57
579 878
376 948
738 271
826 466
901 321
386 244
307 449
177 274
997 981
588 431
117 38
