11302 74974
412 741
303 98
334 662
946 156
498 563
404 715
100 188
813 180
582 467
706 900
444 438
665 328
981 883
387 641
983 11
790 59
863 659
242 487
941 998
881 280
934 15
897 448
770 320
388 192
197 501
465 681
903 462
234 481
304 357
246 765
734 461
516 158
38 886
189 243
442 863
595 64
319 290
463 31
971 399
309 704
289 449
137 757
796 684
52 421
260 865
234 627
757 99
114 142
560 154
682 77
355 559
757 452
376 475
412 410
677 833
385 841
766 48
953 352
469 614
566 789
712 620
154 970
909 307
399 337
854 672
943 827
347 81
985 537
414 572
335 865
478 688
261 552
941 767
780 8
669 281
607 24
740 481
154 171
212 812
948 546
530 495
135 231
662 583
426 941
63 940
777 583
671 582
922 7
42 877
709 688
517 496
575 641
242 146
261 609
31 922
980 580
264 601
624 458
573 142
576 409
194 453
431 408
556 466
404 737
87 690
186 240
440 284
690 289
497 235
579 191
499 724
340 616
405 694
374 454
802 62
151 876
845 747
853 234
809 395
596 61
609 560
359 753
308 126
578 480
142 851
81 504
560 911
620 61
835 103
476 181
652 656
525 69
727 457
259 315
56 308
70 427
729 715
19 841
551 42
742 248
827 377
833 240
162 621
161 769
10 102
451 43
212 885
17 186
39 360
514 750
907 689
180 603
515 436
415 203
546 325
755 620
540 315
605 666
253 105
440 362
495 38
889 109
644 466
496 907
531 91
72 71
343 223
476 225
505 15
77 452
999 303
200 402
814 65
538 179
309 794
635 473
253 773
676 77
618 20
256 699
321 489
223 432
248 384
278 959
725 712
192 458
568 217
400 522
141 819
86 658
981 80
141 370
642 694
343 597
396 486
702 494
254 887
325 12
379 739
777 348
341 386
103 772
433 692
122 902
44 793
866 679
776 840
632 717
174 598
323 684
736 4
167 652
541 351
206 19
360 484
570 883
38 258
671 999
325 324
541 923
860 204
183 88
774 151
500 827
881 802
612 71
946 137
720 446
657 584
139 635
5 618
566 181
247 586
709 541
29 1
441 373
203 386
270 121
823 116
370 81
817 75
181 651
183 962
410 866
251 6
696 17
842 941
185 215
618 887
683 703
354 911
114 790
399 225
256 439
670 808
289 383
745 227
129 924
671 74
667 698
343 775
942 625
510 412
951 331
538 981
1000 232
987 910
528 761
794 665
348 916
550 730
263 850
739 906
646 20
152 735
138 143
321 133
223 346
20 722
738 291
752 577
721 656
127 768
969 171
404 801
278 965
865 318
559 611
418 939
582 189
129 318
126 711
973 75
27 713
283 117
343 642
290 708
234 438
370 680
647 665
575 916
477 163
295 236
139 765
371 387
88 493
465 845
756 235
958 159
97 661
314 697
502 821
312 276
906 899
298 784
952 517
344 89
1000 306
194 363
131 377
187 191
45 839
314 403
949 967
326 279
96 690
254 105
539 627
997 339
207 658
624 725
461 262
952 514
806 562
580 263
263 666
385 151
903 317
767 447
580 769
374 937
566 620
651 524
268 548
22 839
774 180
782 38
143 861
951 629
464 930
94 227
795 768
357 848
610 99
157 963
276 155
951 380
616 845
559 514
940 977
317 232
328 62
671 814
748 961
290 616
696 535
654 946
395 757
665 188
731 181
826 594
853 848
848 994
604 672
134 515
724 263
3 304
1 102
251 68
649 741
301 574
842 264
790 698
998 345
743 783
466 865
29 266
646 518
915 695
753 214
229 11
882 686
839 737
482 223
980 260
564 346
174 570
112 718
620 354
889 644
385 312
209 187
861 210
770 169
229 952
261 593
921 64
176 572
2 302
314 672
903 967
792 487
832 552
537 90
814 941
938 993
447 50
804 219
341 617
682 145
932 275
391 756
787 171
747 880
812 218
558 105
549 643
604 14
436 436
440 664
160 254
899 354
286 263
709 426
850 340
798 693
315 500
585 688
40 139
560 370
378 302
733 317
849 604
422 252
11 670
793 538
848 721
49 70
611 688
580 752
96 568
234 817
913 465
992 229
719 413
631 422
634 23
336 574
776 233
952 662
267 103
715 253
378 242
611 963
150 698
210 152
756 830
896 781
482 652
963 972
272 816
489 285
486 191
106 339
150 877
120 132
402 682
952 272
89 772
973 419
390 758
708 355
990 116
66 906
776 231
578 761
612 543
487 589
52 93
798 179
626 674
921 947
397 504
905 17
744 768
265 898
836 121
646 952
956 464
240 13
303 267
537 417
232 888
545 67
445 704
5 830
817 545
839 282
847 136
872 568
860 330
176 911
16 468
827 456
610 142
257 96
950 758
523 516
578 357
976 12
1000 584
389 178
849 283
137 455
165 829
865 844
967 26
803 377
894 683
827 945
708 727
646 647
452 394
918 809
192 912
233 545
522 222
925 35
803 536
851 356
237 570
245 315
720 631
715 743
661 301
898 190
653 321
184 270
29 146
362 421
975 757
156 510
984 913
789 65
749 545
225 424
156 667
821 499
740 252
754 158
891 322
930 548
122 812
52 284
414 94
605 719
133 228
826 560
790 588
197 99
390 237
147 27
480 118
210 377
294 776
320 237
430 638
893 710
623 128
754 161
933 101
641 993
809 239
56 711
74 118
573 292
243 939
177 347
170 25
712 530
136 970
90 610
947 651
889 739
549 71
740 856
365 265
122 697
701 264
800 913
212 561
207 226
32 728
519 144
840 575
257 957
453 416
821 166
639 239
545 979
818 399
373 971
999 783
181 883
511 188
806 978
939 141
218 449
451 534
276 506
624 545
515 928
813 625
934 929
664 511
82 569
648 655
230 941
908 469
624 402
900 86
19 458
91 545
354 268
61 294
235 480
857 455
800 368
781 764
72 207
302 739
290 694
968 700
426 702
771 903
83 804
872 14
573 449
247 860
756 981
360 650
413 216
706 638
292 94
406 79
851 36
29 20
703 558
492 583
818 824
349 226
616 833
115 716
892 406
893 16
166 24
310 414
714 637
27 228
153 815
594 291
125 998
414 136
472 238
211 473
463 669
393 806
821 445
542 682
11 31
356 620
870 676
671 890
816 959
876 612
694 618
106 364
110 115
84 659
840 831
250 733
909 923
115 818
649 289
282 27
232 462
985 450
726 609
548 914
728 613
554 204
687 803
270 531
930 685
953 751
558 606
596 368
308 402
944 949
861 999
117 895
630 611
818 276
459 605
305 655
185 261
350 310
675 922
704 103
126 388
357 964
516 154
485 854
527 753
78 332
220 787
946 269
558 209
140 797
208 98
915 890
156 526
305 806
9 803
355 730
886 161
661 164
786 210
943 168
110 166
946 50
63 263
849 83
424 283
224 327
705 78
217 536
908 642
800 31
767 603
698 82
335 737
499 791
43 409
310 783
963 122
265 757
790 954
296 539
663 601
938 727
80 51
625 510
527 102
784 702
124 863
281 530
396 87
368 527
603 21
662 325
42 627
636 445
23 927
123 310
677 857
79 145
371 563
416 856
32 923
776 990
843 759
519 341
750 348
778 464
356 541
373 481
665 655
157 720
551 355
796 946
773 661
98 878
663 442
855 199
730 611
42 755
267 849
163 100
686 761
560 18
584 651
427 689
259 222
708 874
413 498
470 937
714 486
919 127
735 410
438 601
599 124
290 515
29 40
116 667
819 648
390 357
985 405
510 726
608 93
970 889
848 373
374 270
621 758
856 789
631 896
389 607
307 789
951 537
941 875
849 474
356 362
112 125
833 664
196 263
748 942
805 418
402 948
43 594
668 455
980 61
229 644
422 884
510 879
638 397
454 327
358 22
696 675
151 513
789 509
618 10
824 22
434 820
969 603
650 235
252 524
287 55
917 493
884 690
474 708
909 1
982 107
727 616
768 378
107 293
191 134
896 34
309 632
522 375
593 624
689 765
596 913
27 91
578 254
619 35
277 237
604 382
720 84
737 637
915 800
401 990
178 747
926 379
346 523
95 747
959 93
992 977
67 535
213 756
164 434
963 109
709 21
120 360
920 220
34 766
101 725
191 835
565 56
379 587
587 350
491 64
312 758
660 751
500 572
72 573
673 312
762 920
373 256
176 978
478 279
212 259
436 502
136 803
585 871
257 685
57 107
263 405
312 808
108 755
808 403
795 622
624 284
414 336
699 223
309 971
120 212
173 812
865 115
194 460
746 299
733 508
346 119
719 884
145 944
223 857
780 583
397 352
790 493
158 111
404 228
231 23
357 978
290 132
17 634
869 510
605 303
966 146
622 781
657 941
619 21
242 90
6 74
466 995
704 879
969 221
843 72
288 334
814 593
465 424
832 527
7 606
930 4
141 887
360 517
122 623
663 840
497 150
434 869
503 158
49 171
603 357
955 548
523 499
998 183
32 207
208 633
742 208
263 178
605 416
472 251
261 667
967 907
916 912
753 501
902 56
946 388
352 902
968 103
768 183
192 813
897 574
274 135
112 656
243 112
212 703
423 462
953 747
52 913
633 250
997 218
561 740
652 997
967 361
604 599
37 949
59 158
273 399
384 786
568 258
836 145
980 199
646 350
584 847
134 288
687 82
753 318
932 278
5 955
913 244
999 338
547 185
169 131
775 245
126 880
206 629
910 251
751 998
284 613
11 596
186 152
258 723
250 507
30 85
751 501
563 164
125 434
465 931
882 332
58 985
31 919
719 350
917 132
383 690
198 352
350 925
633 905
394 215
207 607
640 996
69 324
349 62
103 2
359 959
685 685
400 259
928 394
655 118
26 539
136 461
756 863
469 222
379 749
983 246
613 754
789 569
457 904
503 389
505 360
346 418
10 166
60 190
804 270
228 493
42 502
349 797
922 917
64 88
915 711
261 581
779 618
519 547
701 155
320 717
94 668
633 499
538 466
351 471
728 727
913 365
41 258
10 744
786 293
288 188
734 112
129 835
975 201
121 2
812 555
924 536
844 370
463 190
919 289
672 758
953 189
792 428
668 26
104 312
287 290
224 593
638 685
321 139
662 100
854 833
971 379
475 465
169 256
654 740
994 447
221 820
64 941
298 861
932 125
947 697
673 739
865 68
813 475
947 205
276 500
563 113
914 628
28 653
238 199
36 837
135 264
692 249
720 756
343 896
426 928
806 584
557 12
585 364
349 178
601 148
203 40
172 334
505 570
985 173
645 922
486 155
861 279
432 204
209 532
571 565
113 230
21 591
570 817
925 170
829 81
261 632
413 429
250 799
406 767
613 544
904 257
114 603
683 694
885 194
318 916
873 964
872 8
315 513
650 396
29 383
566 80
531 95
319 31
602 326
123 303
583 202
68 255
873 485
385 436
849 44
720 350
183 74
616 613
245 747
308 590
605 23
111 894
365 318
914 161
228 323
834 804
416 443
984 270
486 239
852 134
759 897
207 577
768 575
761 572
381 518
94 687
837 860
651 277
148 837
661 835
799 389
766 961
22 584
826 465
756 205
596 397
706 55
366 672
301 226
388 227
325 321
598 756
559 771
588 378
172 196
431 239
992 348
644 552
503 333
459 99
334 119
222 718
822 588
89 342
732 576
802 711
357 608
83 325
893 197
788 193
738 792
126 54
716 688
455 386
506 315
212 812
14 572
742 424
131 576
735 700
400 432
313 441
448 894
533 953
567 854
612 271
412 482
716 595
107 588
374 505
37 724
141 62
708 371
857 690
785 817
750 328
138 75
437 536
8 442
694 643
570 307
829 869
915 235
306 466
758 561
855 260
363 655
570 782
801 670
716 165
591 479
140 525
579 988
686 966
30 569
891 450
769 798
241 817
430 834
641 479
560 482
586 251
636 712
577 612
787 736
509 163
211 256
41 881
350 882
77 218
367 709
604 173
856 780
126 876
546 715
184 634
526 979
222 8
768 869
640 939
939 659
16 589
315 173
531 847
749 85
306 726
694 933
714 537
847 64
708 33
522 998
813 637
741 497
730 529
205 350
70 33
57 86
749 706
444 102
903 984
998 998
424 92
255 584
372 925
902 636
35 483
242 717
363 930
906 571
554 655
427 250
366 4
589 996
705 35
975 952
374 413
75 434
408 647
876 803
434 562
105 52
590 770
766 155
651 201
106 469
824 721
631 547
256 373
811 165
381 748
255 502
351 393
278 929
221 583
142 195
927 558
244 578
479 685
771 5
157 58
448 657
380 243
657 960
545 872
492 633
304 77
426 780
971 707
918 312
558 211
989 567
473 415
209 602
29 930
416 921
330 649
408 689
610 594
522 592
998 131
165 17
79 16
247 669
104 565
909 386
536 987
136 484
846 151
488 420
616 706
50 974
691 565
71 585
553 402
824 905
711 30
709 549
370 493
261 804
229 504
6 548
721 782
565 577
638 442
247 829
374 893
184 803
812 57
302 119
515 545
578 664
522 240
802 610
542 123
594 451
104 290
655 945
997 254
714 813
175 474
851 550
521 683
456 750
386 254
220 432
89 47
311 891
105 374
444 75
283 261
387 586
207 128
516 862
676 920
518 948
130 291
800 683
5 740
524 183
207 94
375 29
473 454
276 609
276 636
843 297
980 103
634 949
227 847
775 142
243 852
755 699
866 342
964 516
577 573
68 193
852 82
432 511
673 688
456 487
298 609
979 646
756 536
923 692
733 468
875 5
663 373
395 207
164 933
361 190
852 212
282 270
418 19
8 131
772 138
508 362
378 4
665 691
581 793
195 879
691 477
312 63
71 193
652 742
250 63
405 328
653 61
52 481
756 485
843 5
450 249
493 465
585 412
357 952
894 681
974 324
979 550
1 660
928 433
288 905
168 583
984 669
804 959
994 84
418 244
886 878
3 986
839 220
323 567
236 409
1000 5
570 668
240 515
714 245
567 40
808 674
780 106
376 149
985 596
892 715
899 320
311 300
595 28
520 282
971 266
525 234
908 357
3 333
284 685
83 570
408 681
525 498
334 27
380 269
44 220
662 188
556 610
472 90
585 482
410 917
656 909
906 111
767 243
923 448
67 720
834 623
526 381
578 964
100 186
234 920
537 48
678 519
301 783
746 480
590 420
136 476
336 26
425 673
870 915
920 398
90 4
21 309
48 815
741 516
874 536
437 56
164 687
89 307
91 658
970 520
386 709
869 88
767 689
381 678
140 976
970 196
543 364
890 616
254 666
369 647
448 346
890 128
623 862
965 385
711 175
944 813
230 837
948 812
206 55
608 21
353 701
437 197
496 815
474 485
168 242
883 1
985 611
249 862
207 288
269 536
711 266
435 182
491 858
923 192
990 830
819 706
791 518
41 710
311 447
123 916
939 865
779 282
525 376
926 909
409 378
169 633
288 758
727 617
431 879
887 809
131 14
581 822
945 611
659 837
343 94
258 905
297 90
40 369
38 293
268 311
749 981
545 968
524 539
571 695
604 62
776 572
767 394
771 932
305 137
457 413
585 481
490 968
968 402
559 757
567 595
580 462
717 290
800 921
125 497
244 659
963 902
478 414
25 438
785 883
76 141
47 292
139 466
776 524
368 590
669 6
155 751
525 953
421 569
917 850
584 203
135 151
736 127
592 231
463 299
444 26
334 521
548 262
425 224
62 249
786 847
20 75
301 553
37 154
411 371
950 995
437 592
266 258
290 487
868 692
742 290
289 452
446 330
520 16
441 281
598 364
492 88
918 447
326 146
264 173
329 501
877 816
451 510
372 139
466 957
648 803
788 532
669 238
250 853
119 328
956 137
513 295
459 120
716 86
640 853
224 371
517 260
677 13
127 62
424 989
117 995
788 651
919 4
141 940
622 752
785 364
738 602
184 69
841 807
666 355
567 233
287 878
383 187
883 731
601 774
627 836
228 569
272 503
962 308
533 966
118 837
17 29
265 795
636 771
911 739
984 751
85 346
644 780
372 493
448 109
652 329
134 910
855 887
8 735
253 811
851 699
587 841
198 490
42 297
931 189
173 571
478 727
888 456
166 97
685 763
116 751
869 810
657 385
453 657
679 100
679 610
407 735
486 137
6 541
881 77
806 563
34 218
484 416
672 566
154 613
796 939
586 447
804 164
523 618
186 999
111 727
956 588
991 327
669 786
16 172
638 877
295 573
384 120
539 761
986 709
910 424
553 743
455 118
479 569
906 908
800 758
654 473
696 972
576 197
55 293
260 114
286 558
231 968
511 715
612 963
358 298
747 779
69 970
692 561
988 788
149 404
252 776
917 230
488 695
19 250
608 280
896 293
693 598
46 520
548 909
636 278
404 267
70 302
306 196
476 746
434 889
328 232
664 83
311 841
164 792
591 207
901 467
710 352
887 971
960 774
24 624
869 327
305 220
690 512
892 438
139 192
594 741
369 913
674 814
360 383
386 913
699 402
802 660
981 171
582 518
30 781
488 598
224 944
883 10
578 963
22 611
296 952
52 171
329 710
29 14
229 66
82 768
535 407
636 293
825 602
10 188
200 818
130 264
87 11
802 936
65 384
794 147
756 927
885 525
188 981
926 257
239 880
342 541
882 576
929 560
514 648
672 495
646 668
176 710
470 867
568 612
1000 632
713 187
720 962
394 985
359 756
720 926
219 831
619 729
234 924
315 971
436 592
107 73
658 966
450 575
58 113
141 584
880 903
601 278
148 758
561 301
591 410
96 92
406 721
124 286
194 384
597 835
985 661
988 841
594 612
980 597
674 363
530 30
437 583
36 416
293 215
161 608
629 671
813 218
636 954
417 697
666 54
192 456
596 618
697 788
68 768
9 694
206 939
2 827
823 829
483 254
292 988
683 904
943 725
446 326
362 736
213 336
230 22
184 694
774 847
930 204
287 946
850 754
524 67
327 106
776 912
403 52
646 922
107 771
431 810
43 219
625 616
18 515
708 100
603 723
172 771
398 980
482 734
237 460
419 864
537 818
45 556
565 835
200 84
980 67
240 223
471 717
975 3
751 938
609 55
698 294
59 493
844 919
671 140
432 912
926 573
651 436
367 25
129 581
962 514
903 382
837 602
13 772
699 610
389 510
802 115
131 835
122 32
289 775
770 319
415 606
670 51
145 663
939 189
104 563
248 529
348 478
702 965
760 480
860 434
563 783
926 921
72 311
227 475
320 608
255 86
141 844
586 407
371 190
289 476
252 648
52 543
915 562
788 14
912 484
618 598
382 662
881 259
217 144
992 446
649 596
621 441
70 898
321 366
393 25
44 298
885 72
999 963
204 109
842 884
798 346
504 450
272 524
970 452
659 253
638 585
408 407
720 79
881 809
831 780
929 723
249 165
850 826
503 706
837 477
756 766
189 913
117 534
504 885
314 223
650 747
167 876
299 920
611 349
550 691
372 107
460 980
727 797
600 524
409 65
715 15
654 773
824 170
719 174
693 893
286 576
371 185
773 19
767 526
391 503
126 379
299 4
514 628
497 884
266 914
182 978
417 599
47 551
66 773
839 351
463 959
554 857
160 188
134 630
5 312
608 620
782 585
611 270
659 714
542 491
342 135
332 451
759 392
784 714
436 846
469 700
782 794
809 277
435 748
902 218
395 747
590 245
430 705
784 929
825 379
760 90
976 258
219 164
588 292
51 6
843 721
418 638
363 973
955 28
255 996
34 648
126 69
181 198
125 499
276 704
302 199
843 758
607 832
868 478
745 760
893 879
413 109
377 576
597 744
61 357
497 680
703 464
790 728
949 719
998 935
618 687
11 11
40 45
947 139
299 204
554 478
603 732
640 970
605 104
863 141
970 4
562 400
743 949
722 495
262 18
886 690
666 385
850 25
707 637
175 374
303 840
788 625
899 52
271 100
879 607
272 784
220 371
15 693
769 811
712 792
472 124
369 808
31 218
489 168
488 248
813 525
939 832
501 644
4 489
951 961
909 70
330 599
192 768
854 729
709 333
458 277
341 692
883 176
843 273
164 195
631 981
967 539
313 213
455 395
463 135
7 130
328 579
626 456
688 414
908 612
430 284
904 879
762 192
302 66
726 385
563 289
615 500
306 322
559 66
375 472
198 148
979 333
140 579
799 859
822 734
459 873
187 323
927 207
958 20
322 347
548 592
359 748
809 488
800 706
519 320
518 665
70 373
873 425
100 829
803 921
240 994
653 239
792 869
780 844
778 794
700 747
738 552
460 961
373 805
848 532
763 64
702 528
466 880
314 383
215 587
357 614
48 474
714 500
60 511
135 719
944 631
906 238
279 510
78 289
213 671
219 761
93 500
669 70
85 510
535 712
717 518
442 716
482 891
989 38
840 290
963 18
196 143
938 673
985 214
177 302
224 909
165 566
254 77
212 494
968 879
893 919
51 191
299 331
645 820
588 595
654 856
431 841
964 416
453 656
705 373
246 672
695 753
691 877
269 137
675 68
605 832
628 128
708 471
483 414
101 393
184 310
7 594
892 727
943 830
796 197
872 775
417 664
818 882
591 231
540 212
995 945
935 68
242 43
993 697
563 298
807 318
858 62
897 328
766 506
112 641
17 439
946 388
650 4
165 998
130 170
532 55
350 467
39 463
930 475
800 969
728 528
519 469
723 551
436 616
458 300
471 216
550 155
210 497
332 766
651 296
966 778
572 613
724 153
385 61
29 888
734 292
399 105
865 341
349 366
188 117
954 205
93 670
645 97
859 834
771 427
232 350
73 813
842 613
652 836
26 945
325 347
91 964
55 226
850 83
855 700
521 525
787 702
720 416
829 355
639 141
788 229
982 30
152 429
743 972
540 923
486 269
53 293
573 713
762 578
741 33
263 846
191 869
121 68
878 537
273 715
49 156
410 743
438 941
161 514
791 924
812 167
145 104
210 458
901 234
24 630
162 550
654 461
590 746
505 42
416 894
895 74
451 284
13 7
448 960
552 97
955 944
308 460
759 103
626 162
949 246
788 449
144 684
415 808
145 939
723 892
774 638
828 786
896 71
603 318
61 983
36 671
453 157
575 277
294 650
288 188
723 386
999 712
235 547
866 300
941 891
911 156
552 685
633 375
793 387
848 199
233 707
82 911
742 738
848 182
171 290
275 416
215 308
42 154
569 590
62 507
647 670
953 51
478 382
324 346
247 5
136 801
716 915
450 105
227 71
929 754
562 387
477 826
271 85
181 959
313 276
92 412
459 602
858 704
803 161
695 697
807 927
810 391
290 854
385 136
14 21
855 661
71 523
898 982
141 654
60 385
491 677
986 846
513 533
172 958
87 519
589 867
213 983
114 125
926 249
385 215
893 907
908 838
217 133
705 249
48 175
759 728
632 213
319 176
803 405
841 129
162 946
181 614
328 494
518 365
432 106
90 891
546 835
836 148
681 82
33 824
960 633
355 909
407 58
586 956
247 817
845 261
691 715
932 399
598 563
525 935
47 405
311 727
537 24
681 299
974 834
774 54
599 87
172 553
878 85
532 921
390 407
949 916
724 423
971 893
558 663
572 43
486 332
436 678
690 163
883 219
750 159
604 55
34 392
247 861
928 741
509 874
651 270
546 229
565 163
443 257
384 246
577 351
810 866
26 478
191 542
234 558
826 993
859 98
192 829
494 201
71 154
599 392
939 332
947 350
24 120
267 128
434 793
339 522
166 125
214 595
50 516
832 83
761 589
792 5
824 482
139 389
302 373
325 186
465 309
922 501
427 516
518 544
970 276
677 181
321 598
4 359
774 707
110 219
72 230
396 787
174 826
987 231
481 194
339 944
537 674
349 42
524 298
443 349
163 53
950 488
24 214
87 820
964 376
40 704
885 882
345 342
900 248
970 774
888 387
265 889
120 305
744 948
693 265
552 776
207 749
640 874
160 107
26 730
176 864
73 394
40 266
802 887
671 908
69 523
920 638
214 955
448 697
100 687
784 661
404 954
650 31
703 342
363 983
503 339
593 73
99 94
884 164
373 899
833 910
418 116
535 819
362 743
49 89
998 329
359 45
180 425
181 213
214 2
990 105
617 325
399 544
493 812
390 797
656 342
285 268
202 11
328 177
409 299
702 210
384 665
200 870
416 562
825 426
333 380
722 138
581 379
495 96
145 94
711 234
653 443
159 192
52 271
280 444
622 698
730 499
267 716
531 228
538 481
509 972
272 220
720 362
239 106
169 303
671 445
198 145
568 145
264 655
187 184
357 562
618 425
354 809
913 515
514 785
860 208
680 825
443 201
359 970
989 413
617 317
99 131
767 760
440 365
129 856
106 379
681 16
635 688
249 666
919 742
196 576
661 741
257 719
937 457
589 91
196 653
176 446
779 57
872 950
530 305
24 92
896 859
625 139
430 764
632 527
487 128
715 586
839 588
81 280
950 242
411 89
6 229
345 545
777 321
13 837
528 683
1 1000
536 650
341 412
686 174
177 272
972 271
755 591
566 588
238 186
299 87
395 130
559 981
266 508
100 314
90 297
484 154
998 34
400 464
828 878
65 348
709 4
452 166
161 967
65 183
117 125
569 448
636 607
500 909
600 184
543 614
734 78
673 450
487 743
823 86
658 392
737 414
454 433
900 501
455 432
398 937
524 330
415 57
439 257
673 379
937 757
28 196
940 346
40 873
643 392
120 648
223 499
353 764
1 374
115 5
275 212
650 53
876 150
869 808
848 913
422 994
340 228
205 977
203 40
528 329
28 315
389 184
782 529
278 893
360 321
272 325
96 656
96 606
376 504
5 91
662 36
479 715
969 107
627 17
208 517
543 895
255 815
312 455
179 609
570 930
153 445
944 280
870 19
295 726
967 969
350 736
358 560
147 541
482 187
557 327
955 124
982 732
713 408
873 242
657 850
617 510
753 956
1000 708
141 735
984 269
346 413
455 645
379 902
524 714
647 825
900 501
85 996
114 973
811 743
959 321
992 911
654 913
99 904
703 790
742 640
184 36
874 276
829 660
457 548
510 727
626 339
451 268
17 344
843 122
633 545
394 541
701 498
85 521
69 51
393 382
377 961
119 581
4 368
142 711
170 31
352 409
300 892
772 780
577 128
496 228
832 639
10 483
273 611
841 45
112 996
503 983
50 779
380 776
365 627
144 106
821 58
73 665
53 513
812 665
619 348
123 335
628 198
534 318
943 917
961 783
587 925
553 597
280 513
729 661
689 56
123 171
275 877
359 92
290 729
505 801
643 140
491 468
90 520
460 652
685 445
829 76
246 821
711 766
619 760
948 101
764 570
918 985
968 432
676 16
685 307
418 424
908 620
804 170
53 548
284 227
594 336
708 211
891 149
524 503
764 173
712 143
601 907
708 683
548 848
278 882
217 832
951 293
717 45
713 118
592 118
149 646
41 220
728 671
526 544
125 120
559 369
307 666
733 211
634 66
832 108
524 956
830 242
854 359
248 619
742 753
811 120
945 460
176 370
803 606
386 648
23 295
338 986
194 972
684 28
776 379
912 631
154 291
68 908
627 673
1 661
284 230
736 871
102 949
85 742
65 114
760 612
640 397
136 807
79 562
149 468
335 857
258 469
47 637
402 577
375 635
890 41
612 488
220 796
889 603
434 743
601 699
508 501
166 813
612 228
886 843
42 275
46 933
164 680
998 54
369 374
749 562
37 563
913 396
483 406
416 279
378 179
212 445
547 184
807 184
377 475
140 988
195 56
340 325
195 459
541 819
884 883
430 816
478 334
909 493
179 250
634 271
549 754
919 572
238 937
64 703
626 30
308 975
711 457
700 575
439 239
139 483
563 12
883 224
612 719
239 43
712 466
832 596
716 248
167 669
370 349
487 461
796 170
269 731
221 907
640 6
468 790
460 212
463 491
647 186
651 275
565 667
383 262
225 307
65 581
581 90
683 597
87 888
386 251
604 817
801 448
876 869
707 99
699 906
313 759
199 466
742 17
803 251
702 807
206 689
737 875
700 827
991 525
784 136
890 579
289 271
311 51
970 901
61 618
972 615
830 351
535 396
350 805
158 106
123 413
726 417
885 299
859 321
345 327
603 345
662 552
848 681
921 989
333 123
392 184
887 126
146 259
783 365
742 810
691 414
677 667
392 284
223 165
364 657
705 688
624 116
467 528
917 799
557 670
785 827
211 457
382 488
533 466
725 839
53 898
178 702
502 744
795 865
996 775
326 327
929 105
155 729
625 636
354 425
285 779
925 757
702 355
861 269
81 196
865 717
164 127
978 175
606 918
424 609
17 699
66 742
210 811
333 684
400 293
512 680
308 735
849 1
987 482
25 249
319 872
4 712
82 277
647 371
929 679
94 688
228 392
823 253
919 572
24 824
710 235
432 908
142 301
758 647
504 410
926 116
364 460
633 780
376 424
353 395
912 666
644 877
212 214
131 977
277 339
532 256
310 250
618 406
291 768
36 565
251 810
852 700
302 772
171 113
671 511
847 463
949 123
16 658
807 807
267 205
281 749
185 971
888 316
605 237
716 828
442 34
409 738
510 748
185 82
906 519
303 536
851 96
104 223
54 711
45 503
580 63
644 174
974 601
118 804
586 76
600 282
519 918
905 144
297 583
538 967
88 985
787 391
936 4
400 868
869 727
38 651
473 816
975 629
562 764
354 518
721 325
351 874
162 130
904 143
1000 256
123 105
7 60
932 830
164 60
517 788
51 943
521 789
965 111
479 863
550 117
917 989
778 999
192 92
431 297
981 969
186 364
661 549
444 707
588 812
265 543
875 813
693 255
249 92
273 198
486 411
640 402
505 239
96 221
465 808
559 348
757 934
182 344
150 832
805 61
442 433
973 133
998 602
281 375
448 889
612 494
14 728
294 343
26 601
836 422
311 228
500 917
775 588
877 192
339 868
979 347
449 542
842 692
985 780
248 485
310 67
849 434
354 354
490 271
907 219
854 70
516 939
586 171
708 631
816 884
879 305
757 82
979 483
452 96
361 931
137 732
705 396
568 193
20 52
177 777
827 308
274 303
70 349
433 924
502 427
598 775
934 151
434 594
721 71
666 885
237 230
692 69
592 897
909 503
317 432
880 485
326 256
335 496
596 689
426 99
528 409
116 837
314 623
6 355
330 585
725 785
716 977
320 997
871 767
455 705
433 878
732 411
749 68
797 552
460 534
910 793
840 413
489 964
755 742
229 349
116 447
290 326
685 933
157 90
833 298
655 737
848 234
298 391
446 128
26 117
441 830
309 76
657 626
917 521
722 519
480 382
388 324
660 793
515 839
690 853
105 845
902 472
105 986
85 807
128 389
194 169
166 238
705 145
913 100
746 602
558 516
114 64
514 450
754 689
920 861
803 783
810 233
482 299
384 371
293 891
789 983
920 328
586 230
231 615
824 340
744 920
206 787
113 926
337 178
869 563
811 9
148 67
923 551
291 877
824 25
684 696
787 181
170 329
57 390
54 254
627 781
113 39
529 424
739 562
277 234
223 839
650 288
37 497
564 448
388 290
719 895
197 248
185 490
632 3
858 552
506 2
103 731
206 107
65 659
274 367
782 90
824 358
241 485
979 936
85 106
37 318
777 20
730 839
729 872
365 927
413 930
681 89
650 828
229 534
44 180
515 278
21 341
499 521
148 878
609 213
519 826
699 180
755 482
48 262
126 607
981 542
73 323
122 491
514 465
298 57
831 672
400 623
479 566
420 974
591 113
986 732
279 692
872 179
917 385
310 349
805 807
798 994
20 6
541 666
969 722
56 150
419 623
394 338
854 196
644 729
666 582
552 697
251 949
354 747
856 400
66 422
67 766
543 37
495 630
713 785
347 581
126 388
995 111
534 10
718 207
890 982
209 302
993 292
943 748
966 661
333 851
762 995
229 748
556 590
590 672
483 257
422 398
62 663
89 402
617 929
112 246
192 738
176 242
613 595
110 790
700 658
396 881
83 757
182 365
806 140
342 960
212 549
87 38
200 996
37 512
797 157
586 907
25 968
293 949
113 239
640 419
645 677
726 516
585 129
27 894
59 374
963 917
488 483
301 80
511 995
624 951
766 759
973 443
931 968
837 582
844 379
162 639
453 344
765 696
563 17
479 203
538 386
430 730
174 498
470 669
809 77
800 582
466 733
951 629
706 993
449 815
26 798
33 474
961 865
183 584
783 615
975 784
254 27
787 955
116 111
25 13
551 823
954 654
165 600
192 921
428 108
136 201
929 51
892 637
755 924
890 161
973 421
515 229
806 998
859 486
527 307
742 316
429 707
686 171
538 529
469 248
211 470
176 980
645 451
252 874
999 482
113 258
321 603
135 366
59 917
101 714
17 510
881 877
651 676
482 206
759 380
684 982
995 560
421 53
861 947
999 84
823 50
726 930
126 581
889 224
18 544
267 807
624 970
688 737
562 697
309 617
432 83
54 600
483 827
623 943
420 550
781 466
614 946
469 248
172 357
223 414
657 790
250 405
237 709
921 533
67 91
30 179
474 869
163 683
205 706
142 976
693 435
533 995
735 264
496 986
823 737
98 248
887 153
97 573
404 282
795 780
860 346
478 974
735 40
951 652
274 591
887 566
914 199
135 965
252 518
563 583
693 562
383 843
458 281
980 797
347 620
559 734
593 926
371 568
231 627
378 732
159 27
232 739
648 495
118 228
991 564
214 292
397 765
164 975
590 972
688 743
991 109
161 488
368 853
134 69
70 62
394 341
437 744
445 138
941 771
998 877
101 714
93 594
283 211
67 784
533 998
887 556
930 454
675 525
815 771
435 436
686 26
302 935
966 150
684 267
501 360
159 134
255 19
189 662
263 274
415 605
671 836
347 709
519 425
32 789
463 468
816 463
220 102
465 282
93 624
513 291
281 350
450 629
572 412
290 849
122 119
687 250
580 941
409 750
786 493
684 691
379 460
54 236
685 542
615 59
666 950
363 704
927 951
106 788
944 978
860 262
618 354
340 115
391 582
302 313
639 389
482 339
270 947
952 164
366 408
522 81
15 359
487 73
207 254
29 260
442 235
138 205
146 92
481 644
605 689
888 834
387 389
291 395
106 841
404 505
741 801
187 554
920 953
72 152
253 557
428 91
579 55
315 58
926 106
860 268
125 360
306 240
785 174
295 861
81 398
832 48
901 930
773 295
876 765
412 970
92 215
297 627
139 345
34 821
702 905
651 260
923 689
784 591
164 808
613 934
711 73
323 377
931 217
535 758
510 363
880 849
842 469
833 164
790 128
600 777
172 839
305 955
151 709
680 689
498 942
698 389
244 972
792 934
928 445
165 340
940 467
354 382
692 11
370 580
645 946
533 442
3 400
594 247
172 601
516 985
69 135
274 984
220 755
836 228
620 229
370 795
759 295
666 18
286 420
653 986
974 831
29 981
529 517
636 376
594 758
514 800
437 587
394 813
161 16
939 790
110 160
643 936
772 769
266 769
671 841
481 605
568 934
395 783
334 178
900 140
903 151
944 186
199 976
81 848
197 374
928 244
557 368
143 815
601 727
198 468
750 229
591 151
30 788
12 266
35 972
945 452
168 68
453 940
230 295
712 431
524 420
999 411
238 986
691 643
221 230
393 766
963 421
683 964
341 138
563 11
626 502
975 811
931 924
502 392
352 283
779 374
547 979
946 380
938 914
627 344
854 649
169 159
406 122
739 186
850 110
483 53
478 735
161 736
456 394
760 42
299 288
578 806
357 644
484 543
993 681
766 627
909 930
459 982
283 334
638 907
54 764
466 151
573 430
127 236
681 232
685 983
355 362
185 77
839 514
686 968
557 129
300 406
248 423
881 448
254 546
736 837
511 579
737 846
304 946
987 330
753 386
280 444
264 438
488 853
7 280
810 876
881 410
281 962
168 715
116 192
197 806
809 819
601 141
902 843
430 137
966 136
84 141
499 493
654 607
349 122
920 511
284 877
973 969
78 303
746 985
407 728
220 853
105 915
124 603
379 568
587 41
13 964
75 804
733 656
812 337
537 275
758 668
333 110
22 328
590 443
628 102
769 461
274 427
316 106
267 6
88 221
667 609
683 221
423 578
739 434
804 763
331 638
942 283
773 506
555 967
851 551
942 277
337 38
289 512
134 942
219 100
2 586
127 870
330 35
122 519
326 632
430 887
417 40
134 171
847 223
514 450
956 950
344 123
846 587
129 847
158 29
961 531
875 715
834 681
883 27
469 831
862 687
516 425
349 44
664 620
68 147
70 855
445 789
635 684
924 374
563 492
398 584
84 345
633 470
479 934
275 417
21 734
780 455
418 697
779 956
720 911
363 769
889 428
232 302
925 55
156 402
533 480
31 123
838 219
791 711
778 393
56 37
232 805
283 526
148 214
639 818
205 413
198 407
640 9
909 821
287 244
268 419
520 606
226 393
865 930
528 562
474 95
838 178
339 655
811 6
612 527
981 299
417 89
783 484
766 359
732 398
109 495
889 853
438 318
314 308
201 366
612 962
407 183
990 519
58 535
931 480
910 420
290 274
561 218
161 877
599 785
351 467
768 530
33 710
726 978
848 127
414 77
7 841
113 289
174 526
51 853
579 279
577 851
667 396
118 356
725 591
17 344
45 517
564 994
886 570
268 836
559 206
89 443
614 76
730 626
218 432
722 264
786 871
589 841
471 158
322 572
219 721
790 290
635 449
527 170
848 398
791 278
273 92
494 30
386 777
791 55
255 852
32 830
673 269
135 252
439 54
734 103
196 971
393 1
347 774
874 589
458 846
249 315
418 660
287 164
405 357
850 311
180 258
81 201
763 860
335 385
332 407
909 797
647 294
13 798
281 49
167 608
4 439
582 77
420 686
613 836
262 740
799 153
882 744
771 880
229 479
594 68
560 43
283 788
109 652
890 688
548 680
681 336
483 558
511 277
432 195
564 169
859 222
540 812
866 601
966 382
237 783
701 17
898 20
385 815
240 470
804 536
357 40
66 468
764 58
42 953
283 665
553 169
103 124
86 222
617 262
26 835
916 391
886 688
151 573
91 383
1000 637
511 670
954 23
52 874
346 674
309 853
954 665
641 527
465 918
211 383
703 668
726 358
540 462
184 712
380 724
879 76
355 20
561 635
373 922
18 775
957 875
170 6
224 767
707 907
821 919
458 144
788 3
926 754
732 236
253 896
86 680
34 534
529 555
808 841
13 178
782 559
796 264
477 421
33 122
909 647
107 924
226 147
184 424
485 912
2 701
951 341
715 139
672 746
138 624
314 568
661 563
270 8
611 975
350 177
586 243
386 503
254 92
277 127
50 293
111 670
44 658
247 463
187 299
653 644
448 906
56 203
270 102
851 626
424 834
667 818
967 359
24 915
283 112
783 649
194 400
500 398
480 878
474 748
977 984
141 149
21 774
582 464
896 854
885 36
75 891
539 156
559 330
303 968
385 728
864 586
816 353
616 311
255 811
501 366
479 949
739 88
928 814
686 85
644 209
777 286
249 533
805 454
364 259
755 1
447 878
500 292
136 666
907 691
124 30
482 282
701 277
763 153
788 477
83 286
985 432
596 271
614 238
890 314
273 776
931 258
807 687
16 368
490 489
185 17
257 823
466 748
776 983
366 786
260 241
774 585
354 379
771 849
911 342
668 870
880 604
338 226
819 56
441 331
281 930
789 468
834 472
379 299
970 549
853 16
78 30
121 660
323 493
579 71
705 482
794 335
187 263
680 736
96 807
955 435
429 26
999 950
748 735
635 161
394 183
884 109
146 628
733 96
371 948
92 888
597 984
476 427
930 500
393 565
639 854
635 179
84 19
462 724
81 218
423 884
977 46
116 610
837 782
993 715
779 461
205 600
881 563
909 625
449 363
661 447
772 361
807 156
564 739
99 945
408 451
515 143
775 617
268 258
301 16
233 464
259 585
120 755
726 456
974 905
792 372
623 950
548 105
449 318
435 249
245 832
928 270
203 506
486 138
914 621
428 986
461 346
621 280
19 725
826 371
489 101
654 143
654 133
620 628
847 126
468 922
274 684
111 527
688 369
505 687
363 390
282 552
27 747
992 602
415 947
255 199
7 862
669 876
164 616
837 352
229 999
465 208
664 479
754 594
644 997
356 477
360 576
456 738
196 580
617 85
904 499
957 908
7 187
308 439
558 9
357 555
711 992
169 889
594 157
446 864
252 415
968 94
874 708
807 206
615 707
838 874
693 823
521 286
279 1
616 741
910 673
348 788
584 833
949 394
464 778
673 11
529 598
171 6
900 575
730 693
346 577
91 927
607 253
180 617
53 68
867 280
408 290
480 816
843 665
759 292
862 853
864 833
250 220
259 945
756 93
852 54
377 740
235 786
801 458
199 370
383 996
792 607
892 611
436 887
392 381
357 6
722 940
699 546
779 333
894 37
871 509
551 570
220 807
116 14
566 668
396 705
693 781
642 407
187 79
616 158
109 657
336 875
716 138
261 10
959 970
985 729
930 185
306 86
146 183
310 698
589 515
792 419
836 347
422 525
224 204
605 591
992 174
26 299
852 30
523 741
639 816
729 999
677 709
933 654
237 817
963 140
938 21
619 697
232 520
163 130
726 510
191 446
85 600
24 233
933 339
620 31
937 871
174 385
313 289
831 969
308 118
189 300
970 764
28 393
336 572
465 679
232 245
925 354
916 526
318 137
664 546
825 574
539 317
709 539
338 870
889 270
330 672
172 274
468 229
328 742
73 22
295 215
223 326
564 734
223 116
158 32
245 503
614 914
41 73
740 627
164 361
787 936
623 462
958 283
761 55
109 703
791 287
394 508
339 366
9 524
788 876
470 880
926 7
26 381
715 458
371 951
475 42
471 944
647 508
895 524
187 192
662 285
399 110
60 782
915 232
303 329
113 153
87 153
32 570
409 781
484 732
823 153
867 908
932 319
369 636
89 298
618 191
966 785
642 143
782 675
918 353
136 346
593 165
660 533
668 309
194 286
217 538
980 631
422 626
372 486
94 135
179 432
138 555
298 17
869 846
517 861
73 667
243 383
18 444
951 999
423 735
496 896
630 776
310 178
739 901
495 789
457 200
737 695
939 331
347 640
60 81
628 755
565 113
855 749
349 262
114 683
619 633
547 199
283 318
358 760
740 368
886 950
996 812
278 2
858 723
4 24
483 182
55 189
626 670
33 988
229 145
815 599
937 358
607 307
759 15
212 59
385 75
291 706
647 370
364 297
922 485
530 578
473 821
234 98
101 386
128 308
24 853
940 135
595 213
324 471
269 976
468 733
95 279
444 975
311 976
705 99
265 923
640 932
971 606
295 535
381 399
345 145
711 29
933 495
527 821
19 629
269 952
500 137
567 744
82 306
477 679
110 184
782 959
818 988
400 914
227 634
74 756
963 423
356 632
858 129
609 784
165 17
842 594
583 739
768 656
363 649
241 658
984 442
600 899
695 770
393 993
512 609
398 29
953 768
554 86
853 278
562 804
145 28
970 404
945 829
934 364
460 811
520 294
437 590
783 551
594 780
263 548
240 664
738 534
60 692
66 712
830 272
245 578
445 202
144 294
783 1000
557 5
214 331
194 977
901 923
501 331
441 996
38 935
723 795
232 202
818 930
317 519
803 878
670 807
378 826
421 385
59 711
421 999
586 716
991 406
268 31
957 753
648 449
606 269
122 20
645 968
639 850
516 791
397 341
563 671
5 968
906 256
150 480
869 113
179 480
154 569
682 185
648 613
873 780
41 345
839 667
867 534
75 283
5 862
580 666
637 379
663 354
634 711
40 713
953 56
82 183
429 79
754 708
128 952
165 392
373 885
792 474
878 469
922 800
886 912
912 70
54 984
276 332
111 32
748 209
446 17
602 418
73 787
833 482
33 341
54 990
946 402
796 973
551 647
45 1000
641 54
816 912
463 60
602 155
186 839
367 820
702 128
963 844
124 159
819 603
72 589
317 337
799 539
335 909
438 382
210 482
621 231
836 638
517 14
646 530
239 507
832 310
67 190
527 911
541 824
736 493
601 546
580 996
309 407
127 115
740 747
47 185
79 217
235 349
477 343
305 914
841 411
104 63
561 347
948 520
402 174
484 299
773 738
441 692
110 374
674 668
5 428
159 774
756 366
774 95
769 439
690 453
264 263
531 501
706 43
963 31
552 967
659 323
929 166
966 944
568 227
433 9
397 890
570 226
68 263
752 328
755 697
291 638
220 488
501 773
831 802
102 923
178 476
584 177
350 877
156 809
438 596
726 568
655 736
83 321
573 351
882 770
640 353
394 555
423 411
885 266
822 71
819 165
819 579
907 12
124 934
308 259
51 416
897 661
14 550
279 52
870 250
328 256
979 50
101 151
575 785
27 489
162 901
979 977
508 587
750 863
475 302
720 94
260 906
938 213
506 709
384 295
178 14
800 940
411 972
170 656
584 343
454 732
969 352
828 272
196 973
641 913
526 509
93 532
424 126
64 569
515 795
821 503
811 813
78 540
742 402
146 368
995 65
363 307
534 442
770 30
341 382
102 340
686 669
394 939
339 299
149 357
524 505
233 917
988 444
550 320
872 125
538 234
292 684
380 985
174 234
666 495
143 914
927 724
497 904
514 34
928 545
281 820
682 326
918 707
637 393
238 539
510 731
122 583
373 230
314 840
160 112
757 330
523 285
104 326
54 474
172 624
681 501
682 242
14 542
975 311
27 971
741 324
94 198
918 803
157 984
239 794
936 357
237 621
642 875
360 468
849 675
538 29
991 697
566 151
586 797
692 667
608 303
887 517
171 806
790 874
126 346
51 932
327 185
239 312
573 983
19 337
652 686
312 167
804 620
643 495
39 53
274 334
998 892
203 154
345 587
794 895
517 436
130 835
439 395
74 881
335 148
20 146
531 952
70 303
876 165
388 649
277 226
742 899
492 105
882 789
998 488
411 598
474 898
674 711
870 192
661 232
296 139
904 972
483 279
399 403
260 913
781 91
133 636
403 22
910 108
474 632
478 967
76 479
362 358
130 765
841 541
189 656
249 588
803 945
674 478
673 982
346 97
517 575
366 546
295 811
156 848
616 803
699 661
738 768
263 123
107 489
369 808
372 550
848 499
578 559
382 998
788 424
960 411
692 507
322 970
380 860
313 695
699 429
54 101
767 420
131 187
324 271
303 628
717 16
918 990
821 692
508 603
953 458
999 167
534 40
996 914
136 643
51 48
81 590
429 449
269 972
191 863
463 70
928 673
560 97
576 989
785 111
50 764
732 299
781 807
40 393
920 404
14 127
5 906
469 882
795 108
985 315
677 194
306 125
357 403
310 829
512 640
156 975
820 590
567 790
81 198
997 823
224 179
563 316
599 192
102 583
913 613
911 215
770 242
711 729
867 744
140 214
296 626
654 186
75 179
857 420
21 558
860 881
767 981
291 934
281 174
349 975
443 478
646 909
809 817
719 487
151 533
574 740
984 990
183 657
170 701
205 900
57 796
610 369
177 751
320 503
874 465
734 172
772 270
804 912
927 843
492 520
405 29
991 13
740 250
474 357
639 945
374 848
979 380
110 399
785 961
849 888
341 882
615 786
552 520
247 918
608 24
928 318
5 170
413 417
73 637
999 873
240 280
815 816
967 217
493 2
695 75
752 255
571 570
63 69
440 287
872 811
745 514
653 223
584 577
445 16
980 762
922 477
573 991
433 177
70 215
240 339
31 521
975 198
62 172
829 185
231 234
403 571
573 566
130 132
829 942
482 325
274 658
347 200
649 740
360 528
712 112
618 596
573 552
57 187
589 147
255 55
586 240
816 154
341 692
389 165
363 448
266 172
100 258
599 524
226 663
946 551
274 514
37 500
25 123
878 593
816 515
988 346
259 432
359 616
252 68
775 642
842 835
769 938
385 792
903 209
791 834
852 1
754 199
562 319
581 924
438 603
30 436
509 50
560 21
602 309
413 552
510 604
204 821
987 364
501 934
396 751
76 226
94 464
312 322
796 146
727 940
477 474
321 609
139 459
847 420
441 503
395 231
65 496
697 18
438 121
958 492
728 677
172 845
963 980
34 953
374 399
461 948
473 554
810 612
472 85
632 320
271 138
891 724
496 578
704 260
585 102
30 15
207 218
888 938
704 556
959 194
897 132
64 197
452 439
928 850
875 66
230 397
805 471
42 66
517 798
712 559
860 456
657 349
232 908
67 233
988 589
867 206
24 711
698 971
228 617
814 493
149 97
177 950
385 85
116 673
437 983
949 488
321 654
429 656
165 542
489 274
496 879
683 575
224 598
10 97
144 742
292 148
283 522
606 56
618 885
125 607
856 802
549 655
409 209
214 433
277 62
564 369
778 499
631 429
932 404
411 767
982 521
324 222
666 998
988 420
491 672
810 122
186 972
91 14
551 623
675 756
783 178
198 815
71 894
284 448
832 127
795 988
885 417
752 817
714 171
809 775
187 746
979 100
490 701
435 867
221 273
484 86
709 712
582 181
575 556
91 652
382 833
706 339
102 396
361 204
385 737
419 597
60 239
618 220
200 86
746 865
876 523
310 431
242 623
146 808
79 913
488 469
928 798
366 739
917 923
405 56
93 326
668 568
454 338
701 628
134 196
515 322
328 193
185 634
242 158
355 935
26 989
95 302
99 447
197 916
694 424
590 563
745 805
309 787
361 98
97 852
27 660
804 360
731 996
709 436
55 393
345 247
25 115
253 657
284 348
55 535
988 906
945 761
697 700
264 433
39 758
768 35
997 940
370 422
422 403
744 94
626 954
811 968
125 534
553 588
349 465
851 180
28 250
544 141
896 845
878 572
372 682
803 40
445 597
774 346
263 707
572 686
98 165
137 909
495 326
973 348
416 436
348 155
752 286
534 134
614 750
934 788
116 160
648 176
792 943
860 835
305 809
623 974
93 893
235 425
660 844
618 767
843 715
974 878
434 679
331 914
157 46
646 263
740 467
811 745
36 748
239 41
540 854
484 254
331 899
412 661
161 128
686 340
678 879
859 249
748 875
321 566
253 717
130 636
849 426
505 998
832 597
26 585
763 464
600 738
768 542
97 69
868 939
200 1000
5 366
338 44
616 121
60 328
997 478
684 592
64 681
175 668
889 796
219 955
177 711
992 813
911 178
532 788
554 778
179 489
218 802
718 854
968 698
417 664
922 808
218 368
586 334
353 372
471 912
26 33
75 246
859 324
992 212
557 734
816 709
155 866
13 794
859 855
379 475
634 730
221 886
914 383
915 889
816 334
413 47
528 177
290 924
655 774
964 936
782 637
896 353
861 786
88 175
380 921
258 282
900 718
123 783
335 837
264 188
824 157
345 576
801 859
575 825
477 608
755 846
540 871
711 113
418 442
413 141
30 425
128 16
938 624
625 584
175 170
725 96
124 846
930 991
933 396
51 528
135 326
515 895
801 52
102 715
892 86
67 170
47 268
334 293
796 742
232 450
38 593
119 844
40 237
580 718
30 763
644 138
843 626
300 879
854 935
915 597
458 302
460 766
891 503
469 495
109 479
790 308
342 562
303 343
306 995
225 790
219 205
810 520
719 981
837 882
118 557
366 407
773 919
387 265
704 99
216 853
784 740
430 648
239 911
199 354
817 710
75 235
773 256
945 282
937 131
121 679
480 632
114 102
516 116
512 79
848 389
539 46
697 614
940 619
517 757
140 219
496 182
443 471
872 943
663 584
872 574
730 7
606 110
833 177
875 968
398 759
53 232
525 166
258 135
280 48
105 424
855 582
263 712
475 674
388 330
95 401
64 529
446 849
218 580
61 304
381 317
545 481
725 275
55 947
582 58
659 156
567 570
578 766
425 776
443 176
975 151
416 305
484 168
590 428
923 841
361 874
829 31
318 592
189 998
189 195
430 460
747 355
703 314
142 822
299 6
284 591
688 211
706 470
783 477
915 113
162 137
11 937
802 396
893 144
818 138
480 278
617 741
324 949
68 131
950 215
44 19
894 997
956 620
379 242
628 707
240 258
738 845
325 655
781 45
922 363
7 282
75 282
736 154
526 41
26 668
402 654
315 319
637 413
414 834
912 286
155 644
699 824
771 521
590 255
357 662
683 365
694 515
813 666
266 763
614 120
360 75
765 21
352 932
480 916
976 627
860 69
92 334
113 948
358 823
499 12
658 652
288 516
888 806
970 79
387 796
985 314
78 767
555 201
456 330
404 352
653 265
357 124
253 289
514 728
44 103
288 72
919 620
441 69
692 299
915 308
860 154
836 997
717 389
631 134
667 625
5 657
29 146
223 299
409 58
887 693
302 884
73 90
611 497
838 671
32 122
328 801
924 66
851 404
967 254
508 552
887 549
270 492
789 604
383 871
92 859
939 863
485 680
81 872
983 703
567 117
370 138
576 734
217 977
96 888
366 293
289 131
603 679
786 160
770 549
322 453
375 926
2 536
822 985
267 235
586 160
871 328
800 162
39 567
115 578
465 519
119 80
665 423
75 248
902 116
977 56
444 605
51 59
810 614
88 668
242 608
480 354
188 244
425 96
265 160
499 154
425 708
832 284
888 651
420 66
316 730
440 3
945 402
310 166
326 879
74 237
512 120
179 388
850 762
17 516
851 673
393 608
548 955
473 293
572 82
994 63
921 537
161 830
672 75
904 20
868 835
701 507
836 6
109 339
576 635
248 909
462 894
796 581
924 920
472 993
294 376
42 122
614 317
1000 613
402 313
76 991
450 604
458 263
738 706
264 131
563 240
774 580
499 589
914 250
167 245
397 702
46 328
808 624
315 558
475 237
696 872
113 436
129 2
237 923
269 634
345 287
997 163
871 909
691 220
395 294
324 551
118 789
805 515
915 874
14 999
894 195
134 421
649 413
82 440
302 891
812 861
965 457
270 707
203 329
832 742
356 563
485 373
610 476
569 917
62 444
580 83
662 820
445 583
325 735
500 334
246 467
869 481
274 824
767 87
954 522
373 115
143 605
856 617
985 880
638 440
425 816
792 301
932 399
637 240
447 306
277 413
558 856
787 394
654 173
255 35
305 924
930 771
32 961
422 975
283 738
878 680
981 789
957 553
161 258
402 683
337 191
349 130
64 607
904 559
601 3
896 562
407 370
676 607
935 997
897 242
314 812
716 42
34 929
337 55
973 956
741 885
728 891
438 998
666 800
438 7
286 626
250 475
435 802
531 737
249 12
930 991
273 185
833 781
603 763
967 132
198 284
521 952
216 721
379 651
240 649
858 340
801 23
471 786
567 53
514 673
886 505
931 748
342 849
233 257
275 927
54 348
366 233
656 147
405 251
18 683
821 83
457 993
91 283
545 105
977 941
381 249
41 398
764 636
693 146
580 399
27 256
71 903
136 938
176 264
204 561
18 589
412 470
520 977
215 174
308 468
10 763
204 217
574 474
73 178
614 951
986 447
759 241
427 532
581 479
480 494
920 899
914 922
268 646
419 57
298 12
20 969
650 46
545 390
124 913
748 819
585 719
190 217
343 807
915 137
818 291
891 483
335 434
636 375
595 990
933 747
138 454
380 92
350 462
874 737
760 441
581 346
223 823
686 848
444 554
545 880
318 703
173 131
915 146
890 677
401 5
780 136
376 967
302 926
878 141
256 954
577 209
894 325
337 306
748 578
558 735
967 94
476 207
401 215
993 188
659 889
577 330
177 788
778 881
505 1000
923 86
543 222
584 887
196 458
656 109
973 407
151 360
96 716
754 220
259 342
269 114
160 435
152 334
556 10
3 293
873 260
466 735
97 221
922 474
133 264
740 317
421 681
959 983
265 859
218 265
356 836
241 147
143 973
568 250
1000 891
407 166
259 269
603 48
241 304
625 383
211 742
714 256
834 65
527 924
165 729
920 774
698 643
834 782
269 745
495 280
812 229
948 887
108 403
955 633
368 656
393 214
773 443
189 257
576 930
337 992
674 702
544 127
708 304
60 592
242 644
442 53
277 767
462 482
424 249
394 741
665 448
104 262
354 642
125 64
623 957
200 783
619 692
903 651
63 385
687 101
178 509
576 338
450 625
805 555
105 194
112 850
880 106
607 739
590 633
117 38
917 643
544 210
684 537
437 898
387 760
346 677
897 475
597 949
982 558
586 768
339 641
729 620
620 960
393 882
590 307
552 262
527 609
850 821
150 748
559 431
399 773
568 939
90 241
116 908
1 342
192 399
613 32
368 99
975 554
399 537
461 818
192 924
484 706
943 125
610 174
592 196
728 189
102 557
106 264
141 830
99 890
336 543
970 636
472 290
241 646
942 318
929 943
455 715
488 755
931 313
587 487
77 839
55 803
589 79
555 474
477 95
340 368
458 179
854 310
418 685
732 404
475 915
304 527
118 546
949 66
322 519
327 575
43 150
46 1000
709 752
386 967
734 427
171 659
8 956
456 386
303 358
896 806
56 953
504 831
840 372
302 783
646 141
319 536
275 65
356 931
169 774
785 769
42 342
987 518
380 533
966 991
86 675
93 546
694 758
643 957
170 428
636 352
735 23
795 559
547 248
965 72
21 434
605 334
773 123
618 597
264 189
46 374
372 907
45 550
944 278
810 690
126 947
983 536
878 596
704 863
871 252
760 454
544 302
53 491
91 274
249 814
442 570
428 32
961 177
662 635
476 373
41 228
919 5
472 931
86 73
234 5
438 57
98 628
162 551
393 51
220 910
630 355
438 301
984 281
731 464
985 954
132 499
962 461
250 646
525 633
916 12
897 843
867 811
414 902
222 982
360 398
930 974
666 708
775 609
924 787
27 225
834 914
742 835
934 224
403 187
323 884
80 200
945 861
437 590
513 492
403 304
730 539
825 60
344 819
352 318
842 442
251 170
376 313
487 90
471 202
830 202
815 276
831 60
426 539
302 360
865 658
56 328
760 626
83 695
294 309
3 700
526 961
479 448
341 432
435 128
166 328
585 952
970 287
621 251
168 732
316 703
128 345
315 184
942 733
379 789
55 423
213 234
169 926
952 888
296 307
944 802
839 82
439 50
834 650
920 901
162 321
569 463
927 691
586 199
126 578
868 872
109 427
300 918
383 272
546 389
750 662
523 252
462 634
477 676
989 859
567 575
112 779
966 354
352 199
942 955
54 618
198 834
808 4
67 143
219 156
666 621
363 26
27 320
35 158
672 626
344 354
77 931
290 202
150 715
852 810
628 886
440 64
442 514
164 655
17 328
559 434
124 244
729 82
933 581
232 496
67 404
424 509
636 346
50 855
845 97
631 256
266 148
81 71
293 204
765 617
150 641
126 341
200 456
217 983
714 903
536 234
429 939
153 562
178 962
99 379
859 829
268 243
694 812
4 532
653 758
224 896
842 583
882 798
1 329
492 873
5 479
710 427
884 425
794 539
206 744
542 812
93 215
371 328
408 680
735 68
451 507
465 968
270 430
712 318
498 77
352 408
182 942
43 454
682 725
71 775
968 994
19 370
145 648
595 659
640 343
994 846
72 844
202 72
322 465
885 603
678 514
432 331
102 896
712 20
244 30
328 614
891 493
772 223
608 121
927 209
336 567
720 109
449 881
874 58
474 387
504 361
373 754
579 948
687 719
185 285
835 479
2 72
849 531
769 788
932 730
746 806
185 75
848 833
359 772
146 904
318 335
49 848
641 387
145 736
365 626
646 504
423 347
934 33
688 348
63 838
677 533
659 131
405 825
748 764
121 407
970 235
701 913
149 864
672 170
504 505
751 465
773 218
470 209
388 774
247 12
281 172
547 646
67 250
531 382
671 836
146 149
923 425
454 796
763 994
577 121
609 421
203 745
146 411
370 668
973 647
645 144
490 457
616 932
421 670
33 934
972 849
31 512
184 168
542 604
895 666
595 908
950 283
173 571
412 925
445 549
498 977
472 149
567 649
522 515
349 744
718 569
902 90
402 114
948 368
924 636
612 908
364 295
806 321
76 251
271 16
793 333
922 994
464 334
592 358
877 308
618 8
906 847
119 236
174 535
874 803
20 120
360 110
371 85
535 296
121 74
263 187
716 479
389 744
386 329
444 333
491 706
443 732
927 89
782 959
658 271
988 591
701 968
957 85
971 110
863 471
510 91
364 843
262 971
858 518
274 548
208 78
387 26
615 492
730 136
667 600
585 670
992 42
391 74
376 48
187 40
495 286
548 169
642 117
885 346
589 897
771 119
926 691
736 186
739 914
326 794
918 541
141 230
719 976
823 714
760 28
27 331
192 590
460 700
730 173
427 118
743 618
456 144
727 655
173 234
211 464
903 63
257 218
960 115
429 879
844 384
202 207
548 406
686 47
611 380
740 624
727 24
453 834
460 765
957 95
412 285
171 479
836 918
827 370
562 15
682 265
250 430
242 690
634 406
795 754
560 418
660 446
485 204
658 289
738 447
446 172
277 186
848 942
1 862
403 422
6 666
708 455
860 273
335 302
854 831
539 253
856 160
313 477
593 715
688 756
690 28
455 550
763 908
247 864
144 987
835 226
179 929
320 900
293 518
222 548
905 33
59 809
872 257
641 379
500 818
648 440
975 287
563 354
24 683
930 987
145 35
15 651
893 478
243 407
4 327
973 966
225 809
956 846
24 419
860 854
72 625
664 282
520 653
54 193
267 831
988 520
471 749
132 838
299 221
52 363
471 608
813 657
622 749
766 648
753 904
874 82
9 669
241 301
148 965
67 679
543 896
588 390
721 320
510 114
265 331
739 368
129 284
218 906
351 211
4 611
558 526
844 527
879 613
202 725
640 843
541 312
847 638
198 483
642 903
147 379
724 785
654 782
539 908
348 371
535 798
915 620
684 654
745 841
695 861
256 789
381 435
436 779
221 557
87 380
244 558
520 154
631 512
78 641
454 943
943 407
183 821
529 742
991 789
306 819
396 414
548 27
843 985
714 400
53 69
814 771
593 755
957 343
454 463
732 865
81 645
707 8
315 526
379 215
147 451
947 241
820 147
72 766
324 537
433 214
895 125
979 224
563 186
322 760
576 120
513 530
18 237
442 432
455 922
919 401
188 630
755 297
908 379
660 660
571 646
237 906
585 359
898 730
369 816
481 512
717 744
270 914
117 115
924 547
213 47
251 58
288 718
503 523
565 674
567 302
14 717
709 570
774 790
686 670
701 723
2 593
751 574
587 287
541 377
642 627
553 425
24 731
681 186
707 690
854 846
865 697
843 16
196 263
347 581
404 828
952 941
270 455
889 191
606 314
465 937
521 394
899 456
802 909
111 546
57 408
914 316
328 385
13 896
467 301
950 953
183 799
727 530
656 854
447 153
529 872
9 57
969 670
912 217
663 360
290 836
672 335
995 312
147 200
270 31
813 501
244 229
831 150
14 672
45 534
488 217
856 953
757 119
347 933
764 724
498 824
627 38
855 163
686 914
619 227
358 474
164 42
581 580
210 861
847 168
978 339
640 32
134 635
717 253
347 434
834 753
966 992
19 391
764 36
397 299
173 826
927 86
298 548
802 663
708 433
645 761
56 708
157 692
679 453
713 400
679 272
673 117
149 621
818 694
754 413
196 973
311 771
860 917
593 538
307 913
252 506
975 625
46 366
695 769
38 224
937 511
292 672
658 677
315 865
639 231
355 97
802 150
928 703
282 774
308 246
430 170
911 651
567 548
778 781
103 776
807 410
141 294
696 20
647 641
862 458
174 30
63 857
432 972
55 257
25 49
17 28
28 647
455 739
260 939
313 177
933 581
994 254
108 561
866 877
530 398
988 273
446 336
496 319
374 229
694 143
297 397
550 757
6 767
983 713
489 488
376 221
205 29
1 150
753 455
412 443
567 99
635 389
407 462
316 295
520 573
656 411
297 516
488 630
469 140
25 675
478 852
611 600
523 950
350 574
142 819
910 23
891 554
101 661
774 948
236 762
378 861
546 561
703 534
212 38
229 174
214 925
452 658
796 344
705 919
340 880
149 323
405 814
370 793
194 938
421 787
626 447
47 771
650 357
982 975
902 136
658 733
76 123
388 936
188 332
306 119
336 872
502 861
291 947
348 452
637 293
929 196
153 366
661 330
411 208
951 887
740 676
85 707
571 181
133 14
151 451
397 922
768 87
105 112
558 351
339 527
763 70
561 457
646 369
557 25
224 757
563 403
749 571
214 449
181 899
466 88
129 96
914 926
740 79
78 711
98 790
268 339
611 517
719 644
423 593
701 550
108 580
934 401
713 228
40 118
754 577
212 1000
214 865
994 569
306 951
735 941
391 235
623 951
479 683
431 361
798 297
896 527
206 592
734 997
563 830
449 505
859 995
785 559
271 850
7 143
851 702
153 227
355 358
57 679
333 897
249 811
267 553
922 306
599 63
361 983
364 304
776 456
857 720
902 62
586 570
995 916
451 489
455 240
61 268
547 534
458 292
303 2
109 274
719 63
381 864
862 941
263 147
406 667
685 364
98 105
983 4
25 804
48 988
881 982
140 215
410 215
565 394
931 905
619 230
4 356
311 38
507 71
399 600
186 895
328 686
124 460
726 973
856 552
423 387
620 467
928 392
829 494
982 31
95 290
714 221
441 76
92 971
495 814
911 206
700 923
98 735
975 499
230 153
272 142
901 861
332 802
622 23
916 221
932 43
736 613
859 261
959 105
3 273
474 902
981 981
716 33
568 775
137 748
411 890
248 126
432 986
849 418
680 185
359 231
227 141
127 390
552 670
157 966
950 343
483 697
701 174
59 362
304 279
887 820
241 293
242 758
676 410
511 604
388 927
789 862
892 943
314 789
369 149
713 969
229 807
445 550
683 513
594 142
6 903
760 287
641 518
207 260
471 789
262 334
204 318
61 617
118 366
161 284
914 524
93 110
101 967
686 557
719 588
755 992
658 917
357 976
261 188
452 674
131 344
534 878
648 238
528 174
752 696
273 438
992 895
918 256
560 189
404 190
348 731
980 322
77 436
921 490
946 155
49 105
532 413
379 472
57 231
689 538
739 585
392 102
230 559
677 644
437 163
498 869
180 271
737 535
507 417
980 11
38 912
915 29
506 886
845 861
196 627
989 960
387 348
648 35
394 302
5 882
77 157
203 282
849 506
288 901
105 860
340 811
653 278
102 419
970 959
254 172
942 908
2 190
662 892
939 77
599 583
538 144
150 753
191 526
326 197
127 307
595 29
724 151
824 254
533 135
93 189
448 58
601 18
473 595
842 927
36 510
224 892
702 872
751 722
555 913
511 900
394 664
889 287
481 275
285 200
286 531
297 158
16 895
782 472
318 929
982 405
675 107
2 900
753 267
326 523
282 646
35 152
733 986
126 809
155 71
309 379
905 688
239 890
520 604
318 968
133 510
591 836
765 888
276 895
35 834
154 338
420 727
590 830
639 4
359 90
914 11
419 592
644 195
694 843
979 172
302 416
495 651
949 809
456 393
620 945
39 425
340 845
876 876
921 896
355 647
61 626
417 425
159 463
739 435
824 222
240 295
791 85
737 868
552 11
512 412
142 246
383 347
187 22
569 875
536 281
149 734
979 89
135 533
767 449
879 30
20 524
77 654
54 162
559 832
182 788
737 5
992 595
58 592
725 855
965 582
777 4
464 269
575 13
137 340
134 749
491 954
41 565
946 545
166 717
315 989
595 522
881 702
901 163
944 591
182 184
154 682
206 318
34 145
142 896
406 322
1 877
657 430
674 319
235 557
733 15
642 835
298 585
38 883
567 812
658 321
568 178
231 188
175 854
215 877
279 135
730 574
109 492
163 720
932 535
46 467
404 60
459 564
132 186
178 112
907 485
924 219
104 106
120 230
978 710
262 233
694 5
387 343
107 587
128 310
585 576
948 574
653 249
305 821
751 739
798 423
691 775
920 215
751 578
849 508
909 655
146 155
136 70
27 349
845 141
775 466
688 663
532 713
249 257
796 822
509 680
181 681
219 172
665 130
918 356
281 253
251 880
184 137
908 273
1000 683
398 954
815 642
593 558
515 794
464 684
749 391
608 82
601 244
1 436
292 712
229 82
645 473
673 64
315 226
752 951
991 738
364 397
746 935
563 183
276 363
671 947
245 274
488 567
797 500
131 122
624 442
182 311
386 664
416 196
319 304
35 958
755 231
71 48
468 877
974 482
117 607
964 983
710 802
58 545
684 750
555 184
89 601
293 748
288 138
432 909
986 767
849 672
403 832
400 791
47 113
422 62
358 591
698 43
223 922
631 607
812 157
639 268
322 934
366 702
78 66
18 709
616 613
167 921
969 556
949 280
378 397
649 952
392 193
339 999
532 335
260 367
546 658
857 117
431 451
543 251
88 191
657 162
673 709
149 998
379 962
881 275
76 49
918 695
361 680
390 466
908 303
42 32
195 554
184 3
137 812
538 76
484 393
281 411
751 145
654 650
745 297
890 742
544 543
611 399
95 805
657 417
550 951
339 899
528 713
421 812
716 471
326 97
672 539
404 653
528 903
560 373
109 29
661 424
374 913
5 457
30 503
884 129
983 710
509 777
325 485
292 208
31 172
523 572
626 479
840 27
189 236
145 68
880 645
972 246
12 336
246 89
144 412
733 817
259 547
329 949
10 843
620 379
206 203
631 163
897 314
522 991
595 626
692 30
482 767
844 214
294 960
491 400
518 727
206 59
82 636
34 950
991 340
35 755
931 694
983 703
124 250
66 675
643 642
108 747
239 146
909 530
78 654
160 346
831 143
620 370
893 131
880 800
938 153
487 419
204 611
956 909
138 211
499 268
922 107
522 516
524 597
262 490
535 44
296 840
397 312
517 665
943 216
708 724
464 200
842 768
27 238
550 409
20 478
580 565
156 363
108 948
272 314
329 743
114 160
947 873
574 581
871 492
589 631
550 958
641 338
112 8
948 483
604 855
553 82
382 323
753 687
379 281
661 227
156 623
89 531
963 126
82 385
638 104
461 610
461 743
75 587
191 950
384 740
632 903
299 830
155 611
875 670
128 725
602 868
964 909
156 167
897 112
117 399
257 795
632 49
891 33
771 884
557 259
240 825
983 922
212 703
665 999
996 952
366 13
579 217
684 582
622 22
701 672
652 720
565 507
579 934
747 656
574 500
681 237
229 282
407 271
820 308
959 400
634 499
797 287
673 587
620 628
215 541
767 52
575 366
250 192
439 127
943 376
884 429
240 227
115 729
571 259
527 194
935 699
59 470
500 244
175 747
210 929
358 668
708 152
167 517
908 328
940 850
638 660
850 176
859 952
276 448
245 358
906 171
745 343
219 61
713 110
473 191
423 908
796 259
909 963
380 919
785 689
395 992
467 632
303 173
10 755
515 121
201 84
295 377
214 113
939 784
488 677
180 160
193 619
211 151
200 678
121 775
479 953
996 774
446 654
259 163
911 361
233 790
244 450
324 810
752 703
632 740
125 903
954 835
810 982
781 719
29 118
858 441
908 608
97 838
139 145
278 221
116 844
701 737
202 199
234 195
538 698
398 681
172 108
863 622
519 35
388 482
428 801
699 748
963 666
380 235
301 327
42 790
218 877
112 983
319 240
971 340
53 350
219 16
125 435
738 667
60 950
894 565
150 701
92 651
148 898
406 712
31 60
962 440
814 825
293 443
470 689
440 343
110 340
804 552
883 116
489 58
390 2
229 909
527 883
6 165
815 879
350 247
986 630
378 428
380 680
757 349
682 541
564 258
484 500
244 748
316 566
565 607
94 857
953 833
522 954
239 151
623 152
884 286
369 913
943 815
1 223
302 464
760 175
582 464
864 63
854 294
923 121
831 274
475 23
59 544
889 684
388 842
326 657
629 75
707 941
417 407
86 582
692 636
849 673
417 175
386 221
622 373
242 676
68 100
567 666
551 782
767 375
752 512
318 346
600 647
121 122
20 660
837 96
754 784
35 227
44 804
125 790
114 184
267 348
900 129
290 327
252 103
41 447
994 743
103 7
572 515
675 986
940 274
199 591
194 326
807 852
252 143
703 944
769 364
521 112
718 395
527 932
482 688
284 127
526 901
677 274
312 520
539 190
600 868
130 303
716 609
866 706
352 618
57 182
582 769
660 999
939 44
971 595
979 139
240 757
526 870
794 579
1 901
269 298
472 888
215 189
357 943
863 413
400 392
804 38
864 742
556 691
552 984
531 360
323 693
913 108
406 427
586 257
399 732
571 405
828 649
990 559
207 790
915 296
874 991
396 122
146 678
113 999
619 690
465 324
901 846
449 459
253 768
920 145
390 505
170 615
772 51
208 332
785 383
58 995
625 228
357 695
997 153
324 98
425 807
804 69
886 55
120 450
663 721
250 825
713 414
965 314
411 539
667 285
1000 333
247 54
402 242
575 560
696 699
67 255
144 384
100 506
863 73
562 316
144 171
406 633
363 189
258 701
651 175
802 404
629 531
214 890
281 642
869 243
634 327
747 807
72 411
547 155
477 905
41 177
908 558
342 226
67 425
231 860
672 836
546 538
64 747
617 67
347 772
530 922
626 494
560 803
438 801
466 398
371 26
289 410
758 283
228 684
916 443
555 915
232 87
528 441
744 977
328 845
792 256
962 659
547 645
285 379
668 786
504 97
793 299
394 986
261 277
11 400
614 955
270 332
578 504
276 323
530 772
181 286
803 49
607 776
142 450
910 578
124 493
429 52
152 732
333 195
976 366
411 983
275 907
413 688
28 928
18 567
615 424
906 621
246 284
207 845
99 379
745 234
284 688
957 800
503 577
809 908
152 641
437 812
750 194
672 872
226 908
1 866
360 793
261 679
106 584
91 385
861 227
833 619
603 473
5 182
872 187
892 641
516 2
964 549
226 911
60 1000
71 842
387 758
854 959
297 897
451 372
527 910
993 654
697 969
961 928
356 356
625 661
370 10
765 981
931 92
475 934
516 30
562 664
42 894
525 402
914 953
402 205
1 580
212 288
970 60
619 418
321 570
810 205
312 12
848 556
856 917
505 228
622 541
68 852
179 914
658 284
102 841
872 178
149 932
629 223
423 416
529 758
220 742
230 542
673 332
283 887
609 595
33 812
879 982
223 439
945 959
374 652
260 498
990 565
270 60
705 129
399 832
318 248
982 62
706 857
612 408
626 131
840 414
892 739
699 860
226 765
977 482
198 9
101 454
933 853
894 975
587 812
434 182
368 862
965 171
509 56
65 724
949 85
796 753
713 425
802 844
280 130
743 596
819 136
92 729
238 483
411 835
541 783
842 999
950 473
371 228
961 472
954 858
676 570
5 411
489 214
726 201
132 217
349 283
998 284
57 834
274 966
207 580
219 411
415 900
824 500
420 181
340 387
120 71
905 78
499 148
680 201
557 524
803 564
694 579
562 991
96 561
751 14
830 396
150 753
350 829
563 215
853 315
74 672
777 583
967 758
884 564
67 797
388 825
4 584
449 43
435 950
215 402
350 134
211 567
39 563
703 20
415 620
475 328
23 843
163 103
182 405
481 475
48 645
214 584
618 474
389 564
84 930
419 529
27 657
638 53
65 4
57 840
886 938
48 711
64 364
28 287
4 222
731 812
543 10
946 405
808 900
362 493
690 172
110 747
528 990
532 905
8 162
509 69
861 453
815 653
884 930
766 887
461 693
71 935
49 16
807 688
128 462
957 69
903 421
686 813
264 684
430 710
208 802
687 452
488 876
774 183
192 450
902 582
300 468
838 539
669 44
208 286
493 843
966 202
884 299
81 30
45 926
477 781
488 359
773 438
3 649
888 975
917 282
580 233
825 419
6 798
618 432
270 978
894 167
439 795
906 403
631 87
999 762
529 408
194 768
947 821
529 850
283 896
911 82
777 471
290 498
826 317
737 209
410 345
522 302
371 994
641 261
667 9
86 893
777 742
940 825
296 818
838 614
476 610
61 187
201 451
986 846
348 689
566 13
834 371
286 199
855 160
365 878
314 256
364 272
662 148
655 321
254 837
99 397
205 864
232 253
576 382
49 467
493 847
485 54
406 484
533 334
248 746
160 8
199 890
919 112
770 314
541 306
22 958
675 796
118 690
601 146
812 762
131 227
882 138
132 219
434 211
275 601
901 842
709 528
638 695
289 110
839 567
144 686
415 561
998 817
648 48
948 286
855 833
550 237
783 561
521 283
399 765
128 362
303 611
403 159
179 162
262 853
296 982
467 567
928 337
811 672
422 180
219 504
480 841
886 71
589 686
900 301
422 234
348 812
422 265
104 423
747 313
152 783
199 808
120 50
263 116
739 470
18 251
83 750
600 686
514 455
474 366
777 893
84 66
421 236
823 851
484 769
150 200
676 380
679 294
801 946
975 875
924 16
852 136
887 864
597 840
500 449
397 217
161 334
571 293
538 810
87 34
486 233
913 813
567 279
76 698
617 977
194 662
377 341
73 496
191 206
612 794
476 139
856 129
620 426
238 311
939 379
285 281
536 321
907 263
320 279
917 68
880 693
702 438
218 419
738 292
835 564
792 355
235 378
72 176
229 657
908 48
986 211
432 685
100 666
445 646
436 645
280 661
748 513
165 992
994 314
100 265
635 326
742 740
589 420
390 40
86 775
83 855
92 21
801 193
558 364
980 698
177 784
687 2
419 407
884 568
707 21
250 189
522 873
761 826
193 521
92 501
928 538
20 352
582 287
66 511
760 336
890 90
903 208
344 654
750 822
856 541
436 366
483 799
160 982
616 250
713 543
77 879
719 998
778 118
428 11
200 552
189 541
553 209
1000 169
80 809
716 520
332 549
263 622
938 250
131 230
406 107
462 963
638 360
877 244
165 649
609 449
798 349
344 455
176 788
781 59
951 932
989 671
769 988
246 867
593 687
994 615
590 301
510 762
989 35
765 825
121 193
843 201
138 529
733 929
515 661
808 14
908 78
941 142
608 426
49 44
198 408
913 110
929 797
7 9
873 352
430 784
537 771
164 386
917 80
346 395
507 185
747 211
389 139
744 373
630 573
186 450
799 775
338 579
68 952
951 267
58 253
305 538
320 375
632 940
605 48
245 93
84 400
988 33
275 400
743 361
562 86
558 861
116 910
911 918
337 821
309 438
213 695
65 318
178 136
631 512
224 761
93 130
577 509
586 207
637 181
746 365
767 621
917 169
927 47
800 128
218 841
3 340
970 971
312 422
212 138
302 859
332 862
249 970
902 849
316 381
645 944
661 793
517 785
492 992
619 794
349 729
666 283
809 829
529 143
183 650
109 73
270 386
751 576
401 21
579 414
336 380
956 394
639 445
515 851
46 349
175 660
81 654
248 47
331 288
17 993
942 372
886 223
204 409
851 434
350 100
593 532
609 384
761 337
737 283
400 169
559 513
150 528
427 499
522 933
544 583
519 773
47 293
863 676
93 905
207 230
729 902
918 395
399 437
481 449
27 37
42 215
921 758
294 715
344 283
341 316
664 660
510 791
333 283
772 473
959 398
615 18
870 448
501 138
991 902
495 176
997 541
662 387
247 607
965 180
567 932
718 83
354 309
559 544
719 227
318 531
379 234
634 461
226 628
999 109
63 64
518 885
96 312
188 919
713 494
251 724
335 554
132 655
144 371
372 683
766 488
278 555
73 502
509 381
888 853
635 792
153 42
247 192
488 597
420 713
89 889
877 145
317 399
359 201
32 940
476 456
438 508
153 433
279 125
785 515
372 785
644 934
500 503
323 322
243 196
669 864
602 990
433 708
992 376
726 488
246 664
205 55
548 236
341 749
19 739
353 534
620 111
848 341
420 364
109 474
331 699
661 183
334 978
981 714
115 203
689 622
546 690
602 776
255 717
803 900
919 405
613 164
3 270
14 929
950 46
110 213
535 426
749 28
246 630
782 430
834 606
115 836
639 91
883 791
671 631
68 73
215 151
516 146
122 786
4 162
756 125
102 377
436 184
89 442
195 298
812 111
30 923
565 99
868 644
692 157
256 940
854 168
336 152
977 805
806 260
353 101
356 660
161 35
121 307
493 974
138 669
478 316
957 620
783 848
30 735
522 228
261 717
61 424
223 94
903 508
720 581
959 133
165 381
59 340
171 556
401 132
155 686
606 587
339 949
417 169
554 419
678 622
623 348
295 330
56 22
192 124
877 181
262 332
995 401
312 772
415 781
437 651
465 440
501 751
589 839
583 670
380 135
525 580
576 725
277 270
921 997
247 734
228 101
6 802
100 615
438 908
751 300
489 263
606 936
785 316
163 191
362 684
498 831
19 426
842 193
465 760
64 704
676 510
307 413
699 620
366 37
845 867
638 979
205 962
743 871
348 428
55 431
971 52
345 49
733 164
853 159
954 689
552 891
364 709
715 52
756 283
448 426
240 75
299 13
510 829
322 916
278 68
727 353
134 283
943 946
114 693
899 463
914 694
283 890
457 876
873 103
745 453
265 527
856 318
135 710
407 622
876 319
632 900
755 849
311 864
725 797
745 208
119 413
9 876
498 745
723 66
186 803
421 297
868 682
522 673
290 944
46 68
125 775
916 793
868 887
957 391
591 457
279 843
657 749
423 236
682 792
303 818
954 658
94 713
275 97
863 674
937 526
86 89
64 497
197 646
157 834
653 126
964 397
554 687
190 384
919 530
981 847
270 346
444 83
991 874
972 536
639 340
762 535
365 706
598 218
894 737
401 257
344 724
827 202
41 487
633 910
13 77
709 32
860 668
444 304
611 107
913 765
509 402
114 619
457 814
223 932
40 8
412 633
155 240
93 869
488 728
488 285
986 967
157 161
177 503
400 439
232 164
906 691
136 283
982 857
864 847
76 157
204 410
979 294
729 919
409 311
419 912
959 693
534 267
235 657
114 780
414 431
720 23
769 129
314 60
373 895
98 653
833 34
234 606
307 994
793 46
971 238
161 219
186 53
464 484
520 340
241 44
511 254
527 917
109 775
375 926
866 418
834 324
747 786
370 945
684 106
393 554
359 821
48 85
956 434
586 339
951 618
778 533
545 414
455 100
882 902
936 546
461 896
977 941
346 846
583 279
336 985
735 391
5 971
3 426
898 141
368 954
861 967
701 285
776 940
860 739
193 568
979 936
161 561
98 59
113 231
636 469
758 83
262 912
251 7
4 425
692 732
333 167
354 628
265 518
707 786
202 939
28 85
239 452
73 824
173 936
531 641
436 258
790 419
193 662
192 489
696 156
870 952
781 685
404 357
982 48
474 576
126 879
32 506
774 311
777 643
878 922
568 939
771 92
205 574
663 1000
595 176
521 454
191 895
444 851
563 524
520 987
73 108
418 847
159 595
698 779
330 292
614 452
184 883
762 165
186 15
385 840
185 348
43 4
880 277
721 432
561 678
85 580
259 81
953 639
392 528
816 952
245 182
637 157
809 700
94 433
361 480
655 705
237 952
131 235
246 215
696 891
711 95
748 141
452 668
529 685
795 97
957 17
615 906
506 13
744 973
402 638
830 985
905 680
419 482
518 764
754 654
813 510
667 610
588 870
287 48
52 785
387 307
667 741
936 643
692 901
627 30
694 30
88 544
209 679
275 917
128 15
564 106
940 661
972 624
228 662
968 24
253 649
348 820
970 374
649 816
927 162
77 707
523 630
14 904
725 743
569 272
738 211
205 295
815 229
573 284
505 980
504 919
272 869
865 804
829 19
500 944
770 500
73 605
367 503
680 537
643 908
78 380
648 485
173 351
70 845
422 845
52 975
703 509
993 913
65 498
814 423
345 741
741 171
914 194
55 7
319 674
63 351
865 431
230 64
897 534
232 365
746 316
637 619
989 733
923 425
131 437
546 559
652 673
180 22
828 861
85 629
829 174
722 513
846 920
340 476
154 543
647 991
296 674
739 286
31 160
115 683
971 810
297 155
477 196
199 926
333 485
293 822
788 368
358 679
551 228
412 578
730 81
724 50
998 474
833 73
968 97
975 944
940 582
753 391
240 820
127 75
97 628
981 975
786 923
999 617
399 29
24 154
985 501
980 881
95 603
872 67
77 592
463 837
800 173
800 835
573 781
606 626
332 601
854 640
362 863
407 86
700 341
269 795
722 630
872 677
36 74
4 602
497 899
307 494
420 418
35 56
266 97
417 290
431 356
836 331
427 386
761 521
125 383
746 276
467 430
792 63
392 386
352 365
149 800
206 740
868 626
624 790
953 81
835 723
496 673
805 212
808 340
8 697
326 225
699 502
295 302
207 349
723 224
708 222
472 50
633 416
674 118
417 541
895 115
309 446
909 610
36 992
656 916
980 34
131 105
720 775
632 482
917 787
135 927
264 168
111 44
366 679
727 407
517 594
421 415
848 376
579 752
839 759
215 193
154 61
350 12
50 426
865 92
61 628
196 549
570 972
751 568
327 576
372 28
131 491
231 724
700 104
209 134
27 600
312 513
631 618
918 490
481 906
191 188
136 88
341 487
332 261
416 909
736 684
895 970
663 319
377 550
831 480
603 284
550 834
159 212
318 717
861 243
404 614
336 960
310 93
232 897
523 501
219 358
285 89
771 514
392 919
763 464
434 506
366 743
784 602
552 715
494 227
479 135
971 170
988 349
382 689
346 683
846 292
309 5
644 271
23 409
622 940
642 810
320 470
460 179
945 567
983 360
629 744
199 612
468 739
902 564
219 968
546 175
165 13
27 42
71 303
102 75
131 221
42 328
358 133
130 676
30 976
54 20
65 585
878 546
199 230
167 78
960 220
478 922
660 794
615 14
118 101
631 720
659 152
438 95
170 871
643 176
660 373
913 289
784 187
322 445
53 8
416 153
168 968
841 896
861 51
203 486
881 681
699 587
273 33
514 564
716 198
970 751
44 279
621 505
257 703
121 228
660 289
541 109
482 574
193 966
648 216
395 263
585 310
962 158
886 173
53 312
283 595
918 508
471 118
135 874
14 101
775 245
405 40
409 325
748 696
559 752
603 574
447 201
49 665
692 573
631 193
653 845
171 787
160 755
17 457
422 690
11 812
721 117
946 157
27 368
895 659
979 236
354 382
668 805
950 853
572 636
589 764
230 345
107 812
870 30
645 921
354 622
766 222
704 128
358 485
123 534
183 965
429 412
516 632
224 114
915 977
421 978
67 22
302 61
42 603
520 747
663 422
48 489
661 328
270 543
765 313
379 500
975 769
249 18
758 88
137 124
710 112
137 995
663 430
772 621
799 37
885 99
71 679
225 806
685 467
434 251
29 605
450 879
368 345
187 769
607 295
658 767
473 509
698 880
272 249
776 412
306 796
995 7
960 395
365 182
991 355
958 89
408 824
17 407
812 281
188 788
632 13
561 28
350 792
865 297
80 662
184 203
762 152
161 785
983 595
691 573
659 405
61 238
303 103
176 296
359 970
955 466
961 806
997 973
911 760
209 181
781 707
785 289
564 293
20 813
247 963
905 143
70 832
732 486
696 110
328 960
594 729
573 951
470 632
366 784
24 317
569 736
631 868
421 933
502 83
297 831
428 272
733 434
781 606
759 738
767 269
720 752
130 709
801 349
122 803
865 661
381 524
807 328
478 812
10 555
43 481
46 299
344 946
885 48
399 74
394 502
29 439
193 869
131 737
177 876
904 722
680 944
550 852
684 48
932 348
712 713
953 491
235 564
103 446
126 871
277 340
330 751
949 788
840 709
240 8
876 409
796 655
792 400
382 450
999 58
244 405
335 866
435 200
795 957
795 49
78 226
804 402
654 351
470 292
804 853
637 200
352 267
57 980
181 768
837 147
562 255
848 928
56 382
168 649
434 407
749 238
997 279
620 217
366 157
991 549
631 456
439 200
204 729
646 824
166 149
556 855
561 83
412 306
648 429
542 621
94 610
170 510
969 354
522 393
605 579
504 407
796 603
616 327
803 686
273 775
428 726
42 694
392 214
559 236
406 13
114 367
156 707
49 116
861 173
902 885
577 731
813 109
551 82
420 999
88 39
312 594
116 474
76 923
569 334
581 622
166 352
481 115
672 816
108 950
963 869
829 601
538 9
584 55
389 545
627 508
389 21
755 825
290 949
634 472
943 999
444 922
208 361
880 657
494 872
411 560
63 805
998 797
375 377
86 95
390 684
725 34
598 846
369 62
822 770
585 83
589 959
40 675
442 815
61 274
262 924
389 565
787 726
697 972
284 104
521 697
886 900
60 951
904 541
763 206
169 817
144 926
456 7
476 353
264 947
771 468
849 353
240 546
816 622
381 220
424 471
31 319
313 327
554 449
80 183
71 372
19 840
673 67
87 670
258 770
788 735
185 52
88 374
137 400
453 537
700 648
277 879
5 775
226 312
782 158
14 450
415 181
339 983
585 267
459 312
63 151
587 496
83 197
583 430
509 383
979 961
544 689
662 57
744 190
29 820
233 991
760 67
340 352
911 206
374 190
843 463
743 232
878 188
814 488
312 472
56 548
564 941
716 627
208 367
285 464
333 554
952 453
256 949
307 365
900 87
597 676
496 123
380 499
141 89
184 153
832 318
30 993
19 306
333 988
604 761
871 666
273 815
98 709
654 155
266 839
514 262
435 216
325 3
217 721
258 512
101 205
986 709
429 341
497 480
685 706
409 969
628 962
483 805
744 819
9 902
61 797
206 728
982 314
862 937
977 285
143 650
173 922
250 454
105 751
947 853
307 596
143 875
297 16
553 396
231 108
349 860
543 9
324 262
729 394
644 273
642 364
914 314
245 85
396 932
937 157
596 862
802 118
477 104
479 985
19 735
687 495
485 83
417 72
852 629
562 657
576 559
462 298
36 1
626 160
31 645
374 557
694 850
680 549
769 109
970 218
474 909
839 324
131 31
544 423
157 756
869 592
308 451
755 633
455 38
388 544
266 716
647 267
913 531
53 384
626 453
322 659
64 222
648 78
651 69
38 968
968 273
509 40
186 859
520 500
924 210
150 583
155 427
876 374
747 865
6 616
907 988
327 66
612 777
944 282
256 994
293 825
564 447
857 696
269 712
25 695
716 194
38 784
934 710
975 10
994 463
771 706
943 418
379 749
697 594
478 813
534 623
441 905
479 859
61 471
45 929
221 48
311 997
871 290
666 634
647 365
244 526
851 278
866 692
159 892
762 841
749 99
793 88
75 278
203 665
917 136
229 532
218 894
899 562
558 311
282 740
593 479
651 65
364 726
613 722
225 931
8 659
740 667
19 840
530 63
319 258
234 66
437 612
394 942
220 707
999 226
933 559
778 818
611 129
536 111
614 831
352 78
84 790
662 200
839 199
182 757
170 427
260 301
519 539
450 914
442 594
924 870
870 851
104 96
473 208
302 60
456 175
908 687
120 11
416 568
68 555
876 800
497 726
69 927
34 363
791 129
795 204
337 531
800 654
387 184
171 982
470 144
693 735
974 972
281 350
515 8
870 81
270 356
257 566
363 280
582 374
838 591
890 558
176 606
509 941
413 472
384 562
415 236
905 925
44 286
897 731
833 948
56 80
718 445
605 226
751 60
617 818
62 379
861 326
880 191
406 107
887 636
645 400
593 370
933 1
656 663
73 671
788 9
499 489
583 817
584 45
688 874
36 943
18 49
373 702
886 71
858 622
242 68
515 108
109 395
497 878
650 866
554 275
634 457
275 186
401 201
641 793
334 776
818 399
86 252
690 278
765 184
709 779
20 765
138 59
622 92
614 417
734 745
97 934
128 750
104 844
552 448
477 309
440 468
324 818
160 153
659 332
696 972
125 611
895 966
110 294
883 769
23 929
414 812
936 291
974 559
231 698
840 831
904 624
626 698
523 857
241 179
529 725
552 619
275 815
455 338
967 475
452 143
146 155
587 95
771 991
407 278
27 723
876 66
139 636
186 788
822 573
122 261
781 436
214 278
143 228
935 555
168 27
962 621
387 989
761 780
563 735
251 546
49 708
699 612
333 854
790 184
20 376
184 721
723 960
532 856
769 454
856 934
384 754
645 153
214 899
500 85
849 637
900 150
908 988
655 207
339 118
197 263
260 697
317 257
805 423
93 701
133 892
67 382
24 365
972 881
625 906
406 900
245 158
236 451
132 364
667 563
354 158
814 442
42 230
568 694
911 450
849 892
754 462
65 452
135 116
928 520
535 934
905 827
776 946
300 892
208 4
799 513
733 509
373 135
214 844
885 928
41 879
173 712
460 97
619 444
639 444
603 112
260 811
549 759
400 912
298 830
485 803
112 271
827 987
517 832
897 313
431 420
549 361
847 502
966 651
671 411
354 31
698 777
999 735
687 876
343 10
772 709
634 522
636 641
922 698
367 488
495 899
753 295
777 531
109 507
810 598
69 973
499 869
349 741
582 84
588 524
823 310
75 765
282 626
864 969
367 641
550 767
387 112
443 813
87 957
143 874
502 343
1000 475
55 612
548 621
689 152
562 929
530 516
179 221
486 497
283 751
330 235
772 505
768 331
667 485
278 675
657 333
387 151
879 427
484 522
939 744
909 89
270 862
142 778
647 674
799 246
705 282
260 702
554 190
773 474
273 868
177 142
669 731
134 546
862 659
191 394
49 845
688 643
745 923
405 893
280 406
129 357
2 853
930 897
695 393
458 313
196 730
942 121
215 274
606 848
548 953
554 960
954 17
620 717
331 16
422 408
807 382
858 459
536 955
658 330
634 265
417 286
472 14
238 27
466 834
97 281
782 923
691 130
300 11
400 919
750 192
245 939
782 196
532 440
437 1000
816 234
527 211
957 368
830 511
589 16
545 23
297 354
928 1
58 662
259 758
394 555
296 583
777 661
59 170
645 857
60 53
931 557
941 775
386 78
220 904
847 629
95 336
163 149
290 853
285 236
685 143
900 46
644 509
673 867
601 297
827 104
348 801
507 67
890 956
975 539
961 241
517 381
198 700
550 363
867 511
10 899
878 945
335 502
321 915
478 306
100 145
512 856
720 716
236 790
618 507
831 852
84 625
248 735
277 663
506 36
134 486
529 125
218 789
463 10
518 471
765 60
868 765
340 733
220 719
318 180
28 332
565 889
101 381
74 777
624 789
164 94
466 709
605 323
17 740
32 27
770 38
754 933
344 824
577 418
175 497
586 412
923 389
565 487
60 28
357 613
668 893
5 535
103 226
511 496
91 405
161 649
516 769
371 210
222 579
460 434
329 993
905 509
481 247
225 508
558 858
438 998
879 657
553 594
618 958
939 955
104 928
108 339
567 951
515 849
535 365
454 476
572 543
461 631
628 642
204 645
486 800
779 161
964 582
452 517
430 479
799 803
679 823
844 292
710 526
916 970
324 837
334 882
894 706
89 983
33 666
637 962
68 808
838 60
556 850
150 565
544 643
88 306
742 673
796 91
187 23
72 157
178 416
235 791
47 133
552 885
738 699
861 787
811 386
140 245
154 301
33 479
315 694
738 639
979 143
473 971
224 105
625 492
133 742
368 935
451 879
829 337
238 942
164 454
899 958
661 348
542 754
609 831
34 698
923 192
246 482
242 355
340 159
811 121
917 94
14 331
260 993
355 444
992 112
989 448
607 956
805 646
816 65
471 274
322 541
516 37
218 636
72 544
378 871
317 853
468 240
270 638
715 927
77 963
743 838
401 273
832 341
110 37
762 149
565 441
269 204
563 261
554 68
512 363
61 59
566 790
617 2
51 453
914 707
800 615
802 663
951 673
356 65
606 798
335 970
85 168
925 81
798 480
410 906
908 961
285 542
965 110
296 535
201 187
727 951
722 545
753 680
404 115
670 547
488 577
156 294
217 321
627 12
401 450
324 780
984 497
22 216
630 12
334 698
495 297
591 883
151 411
786 614
719 935
332 520
94 82
525 647
779 200
933 901
671 483
852 790
704 834
366 865
423 511
392 530
156 572
449 814
292 454
511 431
754 750
446 735
303 455
889 49
643 317
35 813
822 250
614 352
817 431
432 414
748 833
442 215
853 422
507 111
359 967
307 914
65 709
727 935
583 325
139 326
215 435
464 424
606 208
505 372
682 74
652 110
590 724
202 710
214 782
742 265
432 537
574 908
659 638
833 597
271 378
749 551
84 279
530 163
278 782
754 781
148 367
175 919
211 37
644 532
206 539
685 474
872 483
760 150
549 230
71 73
693 578
286 134
864 880
330 850
478 313
140 6
706 620
454 966
206 138
917 951
292 1000
694 945
106 761
16 927
494 280
384 643
241 217
837 697
976 263
952 117
897 677
570 526
628 31
220 343
313 104
68 897
639 726
638 568
427 570
517 52
313 139
676 388
863 462
196 297
910 375
534 222
515 128
823 369
917 279
754 804
809 960
320 423
609 210
606 870
180 797
575 530
537 488
782 560
763 293
919 228
897 623
509 522
265 88
97 649
79 188
829 394
414 225
338 524
786 521
603 719
297 798
677 365
314 9
247 687
134 495
948 591
178 848
361 793
674 1
933 294
331 22
285 134
956 171
492 517
334 745
718 905
31 540
24 140
642 151
268 382
193 266
873 385
104 302
740 463
309 62
953 390
40 963
580 440
53 676
249 66
37 927
617 92
677 775
876 483
335 719
993 184
27 700
888 191
660 111
170 131
670 893
943 473
336 730
88 583
442 374
527 661
175 73
823 69
101 817
939 905
153 239
682 703
456 311
289 953
615 731
567 568
186 942
363 347
748 405
636 175
812 161
160 702
737 462
979 847
680 516
411 107
539 444
136 455
944 108
202 510
94 782
525 83
763 899
116 731
392 470
587 722
867 971
256 745
971 882
544 550
99 214
871 400
813 783
493 456
825 886
540 906
659 979
601 384
385 547
201 464
694 714
464 248
622 638
582 279
64 244
678 55
665 694
619 500
346 105
362 873
502 295
437 679
221 687
654 551
46 427
149 406
947 255
500 956
500 851
947 504
120 45
277 487
553 223
307 108
317 98
998 709
60 737
435 950
721 526
217 84
308 76
916 606
393 130
306 279
407 250
806 488
912 630
204 344
885 788
736 190
288 498
452 186
492 673
562 872
350 655
726 549
940 898
148 709
760 839
926 939
841 76
843 93
519 671
703 622
962 94
363 844
36 436
790 137
120 271
257 843
108 47
232 296
906 130
371 717
643 668
468 301
23 327
312 925
571 276
387 68
741 697
559 163
296 625
484 286
757 782
121 123
904 680
61 893
204 877
389 356
435 378
246 87
249 813
937 803
112 392
108 508
65 470
786 32
909 851
502 313
265 626
809 593
747 788
509 547
255 546
126 111
701 512
552 771
998 351
776 421
620 10
264 652
621 729
512 955
902 230
395 275
361 344
945 999
696 877
693 669
528 102
867 72
92 59
53 475
784 452
224 323
679 428
856 283
33 693
265 915
462 161
539 441
153 248
12 766
613 885
753 927
227 813
149 335
445 493
480 289
204 807
836 648
616 515
603 967
296 212
540 575
789 577
54 877
468 346
681 934
142 625
908 416
418 115
348 519
187 300
916 285
328 271
200 810
541 363
17 975
224 694
776 23
364 803
608 825
912 75
622 562
531 719
663 696
153 132
509 293
926 552
305 290
297 9
514 137
856 698
717 12
958 926
37 21
764 995
160 246
519 708
280 287
846 757
191 153
409 800
859 257
47 315
540 878
243 518
641 983
903 482
605 381
666 497
265 224
575 569
91 154
1000 945
423 961
577 965
424 509
996 151
658 902
370 932
843 874
38 852
78 320
956 245
392 183
79 654
851 876
68 545
689 538
778 904
971 624
268 183
119 853
236 183
681 619
211 862
355 486
679 479
28 763
451 915
149 770
810 750
295 424
305 899
459 87
887 529
891 611
914 372
195 937
479 110
777 632
428 119
874 577
292 556
896 580
479 803
938 492
373 451
836 487
32 205
85 939
99 426
20 947
562 621
329 590
945 845
896 529
453 328
820 908
860 254
553 19
90 568
363 349
81 171
609 241
611 49
39 766
574 515
857 366
945 299
284 473
679 563
569 257
414 122
987 150
979 741
347 275
631 243
367 245
100 465
197 897
326 67
957 774
166 414
962 107
917 240
694 651
839 934
144 174
58 425
762 502
555 724
376 619
331 638
94 441
841 993
282 120
575 176
362 952
601 926
745 533
928 536
302 510
60 295
368 705
221 15
680 231
285 792
139 189
338 925
722 848
496 57
466 21
878 987
900 443
893 4
266 967
677 639
600 649
505 945
764 433
177 527
387 948
62 141
569 671
435 441
692 190
946 753
922 895
659 39
607 952
1 129
391 174
869 455
696 871
718 969
382 284
130 250
161 352
66 538
492 805
662 713
379 194
925 92
978 862
563 304
784 506
159 393
678 889
213 632
424 846
111 706
786 728
422 296
169 336
880 443
736 129
484 531
583 866
273 816
884 498
816 62
259 96
930 837
984 382
774 276
61 650
16 235
726 278
237 892
831 62
580 595
225 635
282 799
928 133
624 845
245 459
525 630
458 965
31 648
865 420
485 224
576 579
220 383
908 674
653 240
921 296
928 711
900 251
954 371
474 79
690 448
893 897
312 660
13 318
530 712
320 65
399 496
152 373
470 15
381 295
313 964
159 930
605 363
303 705
435 749
875 429
306 553
491 119
587 638
474 503
612 642
770 792
647 192
544 715
256 953
804 584
863 253
555 314
551 816
344 873
70 610
86 150
891 81
491 499
22 276
816 359
109 318
892 807
69 800
929 811
166 904
350 570
505 191
496 553
870 53
93 607
976 487
182 983
226 710
34 919
202 715
994 809
298 204
379 119
851 695
711 473
842 843
1000 148
205 269
351 798
429 645
860 928
840 188
316 170
298 199
662 617
36 532
992 102
167 700
968 367
909 252
12 880
511 175
184 396
998 596
28 34
802 982
242 300
754 34
673 323
606 83
56 139
576 945
806 71
948 599
216 889
172 737
424 162
140 304
44 184
109 128
928 379
265 22
236 727
485 863
834 975
568 768
508 226
946 482
754 169
530 576
658 939
30 647
594 707
539 269
531 471
408 774
275 413
794 14
771 185
600 224
887 544
185 729
491 920
33 698
724 472
689 971
81 420
413 368
632 506
362 990
694 377
769 810
974 640
933 389
987 697
249 925
493 71
991 869
2 184
935 161
457 545
259 363
45 450
54 550
849 933
659 987
617 458
201 792
947 702
212 817
334 172
459 644
136 551
255 574
920 771
181 814
188 358
451 420
918 863
617 885
744 688
37 177
904 690
956 61
379 828
839 938
236 11
624 418
64 589
292 872
190 396
136 547
937 712
738 636
888 672
520 322
955 173
952 47
131 690
459 273
737 591
776 437
66 775
655 706
711 393
786 217
12 434
565 737
873 257
672 378
