853 706424883
336 77
90 833
91 304
584 25
784 69
975 581
306 405
500 492
774 620
608 789
22 983
30 713
190 280
882 648
204 858
987 463
507 516
895 573
964 188
519 162
987 252
680 429
433 361
978 806
395 564
910 407
643 138
402 990
256 15
372 907
333 287
858 543
548 375
495 293
91 356
906 303
199 471
872 196
431 535
376 62
778 244
452 777
127 290
901 32
371 563
527 727
335 657
569 518
884 120
246 991
133 103
343 156
495 633
468 367
236 963
264 189
582 196
970 393
351 400
63 29
767 549
437 794
620 541
73 836
851 506
752 175
97 352
586 389
172 810
351 361
127 711
958 542
52 392
65 667
544 588
524 141
168 202
979 745
757 233
276 124
857 997
3 846
452 825
959 569
69 66
582 548
438 638
88 524
440 496
108 436
10 737
295 119
470 511
608 133
463 148
416 254
960 991
824 639
542 148
568 732
808 670
799 632
52 474
509 965
290 452
814 711
228 42
929 59
432 739
880 666
655 407
862 756
110 612
727 966
775 614
960 284
564 917
537 59
420 521
646 628
803 878
293 94
353 687
774 792
703 394
234 157
625 544
26 253
417 54
121 52
119 264
221 359
915 504
255 95
330 408
510 590
119 970
388 948
716 152
449 518
601 410
526 58
240 840
559 802
262 883
326 131
225 329
54 182
951 933
231 829
424 691
476 458
820 84
336 630
705 715
445 206
216 286
771 55
643 625
510 286
501 651
259 591
867 599
494 639
222 155
440 117
919 618
564 806
992 602
975 886
254 663
376 364
118 681
920 364
615 460
794 63
816 615
67 161
406 24
317 258
171 774
482 299
14 498
302 538
171 443
971 726
248 325
50 426
920 548
222 239
653 640
312 514
959 137
415 995
647 519
404 391
290 795
183 911
632 552
872 744
414 422
637 660
4 489
574 358
210 397
815 847
487 992
605 506
370 439
325 302
287 210
14 90
340 519
448 542
713 345
564 792
707 686
153 847
272 566
835 13
288 954
381 822
299 762
9 763
667 644
48 792
845 42
621 156
457 202
917 548
132 804
782 269
206 283
433 129
343 288
45 734
106 293
602 594
835 684
888 895
125 282
993 163
49 387
871 923
229 387
178 428
795 648
173 300
121 688
402 423
227 136
623 391
947 284
891 447
366 132
199 837
542 295
349 836
346 586
582 301
578 38
698 237
710 272
979 331
791 63
631 143
562 602
758 547
135 154
143 747
360 920
810 562
174 524
317 616
340 174
386 332
1000 950
733 825
313 29
719 934
75 782
262 868
515 444
534 920
462 502
942 870
491 481
908 393
355 264
135 220
855 376
477 438
186 250
86 399
914 422
538 211
481 859
655 744
166 938
619 163
412 954
851 482
417 529
346 464
796 531
539 858
262 817
830 984
341 68
934 35
193 982
307 316
399 616
643 788
587 944
745 661
804 988
57 452
897 433
320 923
435 675
825 804
992 602
863 571
387 50
1000 981
815 482
569 998
825 65
8 973
832 888
362 399
561 358
172 895
754 954
528 868
38 485
583 993
76 401
506 794
886 972
476 950
709 79
582 847
863 57
109 948
649 152
712 791
665 271
882 775
613 789
66 362
372 168
141 2
682 728
653 389
884 376
142 998
518 134
680 391
496 566
100 168
717 897
406 195
895 310
810 794
98 428
534 612
328 898
21 161
389 487
110 564
944 659
153 114
492 969
129 508
82 939
727 316
244 643
918 97
726 256
660 904
673 862
725 759
762 477
795 460
359 307
588 246
125 763
546 467
44 914
821 760
406 165
136 66
869 181
372 203
125 312
488 568
82 21
778 831
133 367
355 680
216 703
635 958
566 102
176 107
585 210
956 165
122 843
400 622
857 134
893 223
442 513
822 47
669 924
277 695
560 590
355 462
302 898
642 505
379 751
25 839
676 547
719 736
722 247
562 764
914 567
841 510
861 483
296 511
28 480
690 941
723 993
37 916
519 703
152 107
207 854
866 361
143 459
828 311
512 326
58 92
869 727
604 710
982 510
269 962
626 605
887 413
897 571
576 856
793 404
985 964
102 439
977 528
43 457
147 932
755 333
704 336
158 345
793 822
555 452
523 702
302 264
683 161
81 784
932 38
923 552
147 608
883 558
153 853
271 259
944 465
720 597
849 318
633 796
770 83
253 849
786 283
652 79
902 225
787 573
220 825
684 959
403 454
878 664
572 854
8 906
279 939
962 900
686 275
344 574
872 632
526 845
747 852
838 348
542 964
177 81
447 796
474 158
688 438
465 321
133 456
223 323
554 373
568 838
494 896
880 583
452 358
145 985
917 999
150 464
211 126
537 807
538 183
911 600
201 389
30 971
817 827
711 324
252 696
280 175
18 68
413 109
946 387
898 470
660 868
744 994
656 118
232 971
331 933
657 898
463 768
345 439
717 374
765 542
112 619
460 59
56 341
65 537
219 830
448 248
582 88
468 666
658 865
202 757
287 815
42 998
216 377
428 100
262 383
365 580
66 406
763 367
441 835
548 534
37 335
314 865
800 549
894 271
847 210
440 401
194 143
262 807
12 999
573 51
787 14
289 82
509 53
903 564
304 751
40 579
795 230
812 379
251 952
285 51
240 442
62 23
671 826
870 56
498 325
409 11
46 60
98 892
513 71
236 84
699 347
744 418
126 979
974 780
688 477
370 339
427 685
235 693
264 338
439 303
706 811
882 32
954 234
877 683
763 946
601 160
745 104
985 382
567 150
870 912
257 283
5 60
731 693
990 925
742 955
325 468
639 857
204 235
243 750
818 747
105 926
797 178
511 299
279 722
63 196
223 285
335 955
222 670
161 451
12 576
45 877
722 32
972 843
673 206
697 190
536 370
931 172
333 470
515 959
557 737
864 997
163 837
340 199
325 14
117 909
719 666
699 379
992 365
472 469
275 533
384 779
504 925
822 508
82 967
427 459
923 924
134 712
253 21
461 887
749 771
755 98
975 978
478 321
419 164
791 416
136 912
30 849
546 441
161 506
124 102
914 980
701 994
393 741
884 782
840 440
892 74
774 910
901 511
475 541
698 35
904 342
725 100
889 220
582 396
958 611
972 303
313 962
379 846
830 554
748 485
422 650
287 992
416 690
601 569
87 578
805 600
889 178
576 503
312 540
618 161
331 104
531 909
289 764
964 112
585 516
406 800
760 169
807 631
610 477
776 680
656 531
162 47
809 323
22 8
565 745
115 351
651 343
114 239
10 523
980 502
940 575
503 607
326 518
498 658
609 584
141 705
223 639
377 10
420 831
689 283
828 475
99 766
402 948
682 579
335 116
30 290
770 766
1000 606
602 200
655 841
673 576
376 291
913 46
970 638
1 362
828 444
557 623
589 311
532 739
371 371
499 569
91 481
59 501
736 696
993 575
799 117
867 423
420 79
597 37
855 285
333 660
592 811
408 607
995 105
780 728
54 993
201 727
336 25
394 79
220 114
777 313
381 505
387 415
138 141
791 602
630 997
235 432
530 606
261 104
959 395
407 268
174 168
22 261
596 172
407 259
718 317
297 125
851 590
717 873
990 422
21 485
808 406
748 148
680 265
740 84
588 83
903 684
705 117
540 75
499 960
889 311
611 417
57 831
997 144
47 709
480 786
743 930
675 306
11 617
772 794
518 433
70 193
17 581
509 426
793 398
611 256
82 608
53 535
295 766
915 275
582 537
451 64
280 543
723 128
139 774
915 958
634 117
924 410
703 604
91 824
977 417
967 913
255 779
401 84
407 106
424 629
885 72
502 887
23 666
800 763
32 821
643 626
347 682
594 106
458 358
707 217
436 518
785 882
312 833
926 568
211 581
914 867
749 982
719 66
809 918
445 345
721 174
189 338
