3105 955392
891 516
822 469
974 687
640 856
598 81
948 818
831 637
43 27
160 428
265 397
799 117
223 943
278 547
615 745
520 228
303 684
919 532
9 900
455 351
772 377
947 618
5 545
630 564
926 990
193 378
513 931
385 327
817 157
661 356
673 180
126 298
215 233
424 144
240 954
478 759
808 538
215 945
159 464
437 973
131 46
229 896
284 755
795 154
909 285
723 331
916 905
711 195
768 59
321 859
321 196
429 953
246 712
218 371
764 806
984 831
786 472
555 191
630 502
470 433
454 685
788 111
533 930
468 303
635 807
755 19
818 633
968 750
334 194
620 856
933 226
421 181
49 319
760 429
486 827
480 923
440 710
705 220
548 1000
368 477
273 708
737 361
275 8
874 753
691 984
10 158
479 977
177 828
698 646
374 422
983 671
543 379
542 502
49 473
416 487
121 165
668 583
442 323
543 547
207 665
526 521
205 253
47 428
67 429
327 387
781 311
433 86
529 378
47 206
527 956
165 474
233 370
370 599
510 713
961 564
212 931
844 202
818 17
953 384
594 52
200 801
376 240
757 435
82 222
419 839
77 125
766 225
165 427
317 26
358 785
374 674
371 359
896 999
449 52
892 4
897 596
41 584
655 220
612 6
695 386
576 666
407 219
623 659
704 976
303 568
696 40
709 960
758 858
654 704
889 114
510 663
396 719
625 389
72 107
177 366
242 189
653 760
209 548
241 150
762 495
599 898
101 290
159 301
717 766
676 744
77 502
852 797
110 640
520 908
796 668
758 429
666 213
169 391
544 919
459 96
249 945
371 882
872 845
564 245
732 539
563 641
55 847
462 141
170 671
627 25
540 107
328 803
96 903
442 105
426 130
766 605
452 660
433 230
184 427
21 39
909 571
669 79
405 735
409 568
486 783
794 209
467 184
375 682
38 116
90 325
488 453
673 870
980 576
564 953
441 111
558 47
212 584
859 679
746 732
239 56
960 5
748 847
686 185
566 565
688 278
822 207
623 527
526 809
404 53
682 60
752 441
649 626
715 355
920 666
505 663
453 876
156 295
164 525
486 220
681 870
393 41
321 778
157 667
583 980
670 309
866 710
551 341
538 500
454 792
180 601
328 519
66 752
385 773
721 810
39 599
231 299
405 334
210 81
930 191
900 424
195 496
554 453
620 371
771 401
622 336
260 577
30 984
839 225
581 228
116 494
530 125
607 280
615 420
427 47
750 829
721 813
689 726
425 75
320 72
520 627
695 448
597 196
513 542
938 358
415 673
630 672
889 740
875 333
183 329
237 608
569 385
971 449
595 26
742 825
654 673
379 627
229 671
754 98
868 719
410 838
197 805
538 402
183 529
816 911
898 945
654 94
562 965
830 438
31 117
25 156
517 342
115 753
411 356
728 225
737 962
307 335
482 933
129 778
514 593
240 962
340 903
591 287
521 188
476 442
297 883
434 891
730 713
61 125
129 665
592 47
755 145
920 450
709 790
818 965
877 968
965 369
997 777
608 654
65 730
6 113
595 544
893 878
438 948
867 58
956 627
354 144
452 510
882 216
545 423
10 304
530 569
492 183
18 629
478 168
10 374
32 856
584 3
375 192
255 423
319 875
693 411
308 254
98 458
685 542
85 1000
939 766
93 27
150 779
61 639
800 49
826 119
993 402
102 508
585 615
467 447
127 94
714 279
327 299
280 983
57 518
810 84
673 927
246 133
163 559
700 660
918 790
281 55
538 343
109 533
32 530
380 118
213 27
988 254
445 230
363 797
747 838
953 242
842 778
900 470
167 593
724 634
768 473
973 966
89 94
483 34
436 681
69 203
734 221
526 744
102 376
407 677
179 876
214 443
61 506
16 102
499 395
122 454
750 345
451 8
218 594
419 956
997 267
497 545
48 687
624 32
263 800
180 989
952 839
216 508
529 948
123 437
482 158
706 289
249 835
488 944
716 342
311 365
694 887
351 607
797 829
152 347
182 655
855 711
504 507
581 583
264 603
385 579
950 833
886 163
450 528
600 158
513 848
423 409
225 220
859 782
389 101
866 560
924 859
135 571
135 958
661 335
278 212
220 283
355 72
11 384
696 855
159 464
512 648
228 617
899 519
265 93
138 163
978 499
522 399
639 459
536 671
523 677
293 511
377 482
396 202
424 408
656 266
874 165
844 725
493 220
916 933
446 713
794 232
911 809
74 816
446 634
20 592
928 596
958 613
353 979
311 519
393 15
824 205
392 382
880 917
362 967
73 708
805 598
497 4
521 94
507 575
805 351
963 421
793 479
813 70
407 210
840 660
532 113
380 207
113 998
299 30
236 348
24 119
543 927
775 827
156 812
239 457
378 885
798 237
364 223
938 255
19 452
558 680
454 426
616 69
462 132
1000 971
827 259
319 807
852 280
373 871
32 425
209 27
865 617
613 897
237 31
328 661
938 678
712 532
903 14
541 917
503 14
827 34
470 912
511 628
665 894
858 156
830 630
524 928
1 983
895 825
826 488
660 328
562 998
463 785
977 740
538 733
671 87
262 649
976 711
57 403
448 188
122 162
898 535
32 266
740 588
706 873
377 429
573 492
830 192
120 133
636 428
138 916
332 46
581 581
930 426
46 249
401 717
598 682
562 720
315 989
487 767
581 475
961 1000
598 189
924 787
549 131
188 740
865 112
414 963
318 599
651 552
582 150
413 733
338 327
924 438
244 477
421 866
101 939
652 562
411 795
835 976
960 734
7 136
783 44
57 47
385 792
119 750
921 208
853 46
408 360
854 312
701 964
953 444
363 142
101 135
696 597
376 572
15 178
517 601
5 779
850 219
511 207
211 840
214 879
698 524
943 654
470 274
904 81
900 486
487 190
712 239
739 691
7 11
172 86
206 415
912 264
557 553
23 708
303 538
516 665
897 708
856 566
848 501
598 197
784 31
865 946
600 527
552 635
987 617
198 216
38 345
694 707
878 363
962 644
960 651
305 891
850 254
172 918
937 991
168 315
880 213
401 805
951 223
313 536
706 971
529 329
676 236
868 419
344 444
967 118
915 98
485 922
659 304
292 924
919 83
894 299
471 592
875 228
30 190
386 605
573 415
546 59
30 19
805 812
172 598
375 13
187 832
787 573
413 669
674 452
355 563
116 887
459 700
146 697
44 342
776 622
652 691
89 591
956 273
983 238
213 467
290 656
135 497
428 475
641 119
128 844
409 938
969 98
824 243
601 468
410 491
737 656
277 191
266 405
832 101
517 139
771 284
804 948
768 543
323 735
791 39
505 730
942 831
432 901
475 61
524 830
410 996
762 329
242 89
25 230
449 325
667 869
766 82
220 944
502 676
887 784
448 984
408 200
267 146
373 447
42 143
865 884
232 972
831 421
581 467
143 37
606 408
246 771
323 310
505 77
606 18
437 88
152 106
136 834
678 875
495 162
178 733
649 271
746 266
365 639
862 560
123 934
181 772
703 105
126 13
998 900
551 247
938 143
158 83
989 313
268 96
250 401
489 646
885 552
900 443
359 127
856 121
156 167
396 627
798 2
632 93
88 511
402 779
804 341
992 179
69 733
338 963
537 174
129 382
867 681
498 503
964 577
182 334
103 95
956 60
18 172
956 974
453 380
744 827
279 421
597 326
414 528
925 636
280 104
702 868
700 271
8 215
537 533
59 941
255 609
841 686
365 908
73 881
352 595
258 528
615 827
548 94
80 310
141 564
692 913
976 387
362 662
260 560
625 870
719 52
838 347
61 250
122 214
868 280
643 982
318 588
488 505
142 288
197 581
192 257
703 714
450 570
576 10
860 595
279 727
838 127
97 284
532 916
644 988
938 65
402 228
527 161
815 837
853 810
811 514
628 998
940 213
286 279
630 904
498 934
945 178
964 826
394 496
317 123
862 303
546 751
37 947
668 372
16 506
321 527
342 951
99 578
966 525
1000 487
846 739
15 406
709 109
131 726
498 371
127 177
391 457
772 987
469 922
273 283
891 999
772 172
862 136
553 826
567 857
691 292
93 436
61 744
817 934
603 503
450 919
505 494
450 627
535 927
859 703
319 682
55 472
880 289
811 388
177 365
322 949
369 891
245 353
288 675
153 465
388 448
927 58
486 210
775 574
817 627
769 18
101 689
235 567
356 213
110 890
837 300
520 656
445 505
169 364
825 639
747 378
166 401
679 528
62 762
95 344
566 965
27 50
803 353
477 71
251 832
355 478
104 146
995 937
442 183
749 722
146 617
309 746
549 818
984 614
577 464
207 715
347 737
299 464
738 917
226 180
51 825
768 542
818 211
484 12
959 268
249 851
800 629
134 938
165 27
782 320
530 896
811 120
517 609
467 424
600 165
481 317
648 547
763 963
301 541
441 67
776 184
925 6
68 22
842 563
220 56
963 481
271 149
111 12
389 68
618 606
485 213
857 594
752 95
210 247
331 871
212 590
643 774
670 607
922 116
180 553
164 903
692 403
830 422
577 585
129 344
856 201
638 822
402 79
919 170
88 888
557 485
360 494
727 730
372 478
924 583
270 639
497 793
283 894
755 317
466 168
656 616
821 833
880 191
296 644
13 608
338 508
657 754
85 337
354 70
742 672
735 943
969 877
841 153
985 595
232 54
125 976
562 795
255 63
924 27
805 874
389 10
438 209
383 932
723 536
661 574
651 431
116 224
725 888
832 950
956 344
913 905
573 244
1 274
458 672
965 677
168 429
290 877
580 200
168 603
885 685
256 772
677 370
190 443
69 615
263 788
281 916
899 519
485 456
808 7
968 67
69 157
528 317
148 163
97 953
13 545
734 463
921 870
2 301
838 937
162 945
285 447
863 872
600 802
799 74
907 161
182 155
133 369
521 812
126 964
947 966
5 209
568 740
842 435
773 100
341 305
331 756
70 745
511 156
304 675
844 684
283 98
645 547
699 996
480 265
532 386
647 549
158 549
635 640
329 236
476 726
543 462
571 331
236 832
590 838
602 84
366 378
555 273
413 669
351 687
592 166
464 986
159 825
42 238
29 350
939 706
85 872
36 457
935 671
752 158
998 786
291 37
203 278
508 362
798 439
790 921
401 317
756 794
581 325
530 954
445 118
224 321
866 246
977 562
671 99
368 368
21 51
978 679
820 51
612 163
605 360
768 10
656 538
990 702
623 962
356 55
89 444
333 164
444 376
515 626
604 762
287 363
296 623
593 708
339 929
236 419
36 401
647 626
25 875
299 912
513 653
479 761
848 724
473 915
146 734
784 596
215 437
385 738
174 395
399 574
513 760
23 433
76 204
484 376
324 271
748 761
552 352
176 453
799 744
203 612
382 654
483 533
899 631
4 434
343 201
64 651
269 722
581 701
961 78
161 855
863 482
520 829
86 53
406 867
311 692
390 939
339 770
627 350
257 292
73 12
929 304
928 596
210 34
359 704
617 548
554 625
557 232
724 91
326 557
111 197
951 574
890 720
816 260
967 238
707 240
263 481
607 407
700 704
813 124
781 693
809 316
412 136
600 74
942 284
957 466
21 930
760 246
234 932
916 980
274 96
575 682
94 626
749 239
346 82
243 95
24 738
647 425
984 205
836 259
331 48
917 360
991 265
756 584
236 531
936 348
408 622
722 113
848 225
636 670
135 747
365 398
2 126
139 154
547 875
687 376
764 863
462 368
622 681
212 878
916 714
826 174
505 643
307 179
617 643
952 228
110 965
795 5
481 527
961 95
910 240
450 137
149 303
806 69
492 125
792 728
159 538
178 704
276 601
983 18
365 835
264 915
934 52
823 240
11 53
675 386
693 493
47 154
331 933
492 906
708 907
237 406
909 768
15 467
697 625
141 186
706 624
517 199
377 353
598 527
40 652
997 956
88 969
256 787
79 342
615 66
967 319
343 367
1 17
307 389
408 134
153 32
315 388
470 233
336 961
897 877
363 865
371 969
545 130
260 567
823 724
822 728
83 670
813 880
602 495
367 785
494 943
349 971
813 997
23 897
614 723
62 298
163 859
1000 503
210 112
650 381
322 342
276 896
621 728
700 38
914 126
503 923
324 625
651 291
478 939
291 572
298 94
452 973
259 752
922 921
221 232
986 862
321 321
225 862
374 68
52 171
616 968
128 332
685 506
153 364
755 715
297 994
828 240
733 761
61 53
228 221
871 828
477 493
272 941
879 610
338 409
226 308
490 418
998 483
383 761
388 788
81 28
296 410
183 102
747 391
680 625
715 194
643 942
665 785
911 702
408 304
743 412
630 936
848 360
125 929
567 350
976 912
590 54
962 79
940 29
487 634
208 182
608 125
942 233
407 146
118 325
490 390
303 996
714 79
918 650
989 256
403 941
346 836
354 265
516 987
302 549
36 486
792 56
567 672
177 556
791 876
360 227
768 24
988 874
316 39
226 132
974 76
181 344
979 935
57 682
115 78
479 632
33 502
904 482
443 959
405 392
912 76
731 50
553 88
246 41
434 557
388 941
736 440
961 954
279 176
814 281
943 991
6 87
999 900
500 89
367 50
39 523
341 899
537 938
622 771
310 565
433 578
151 839
150 967
844 685
9 72
16 189
900 133
604 90
590 507
174 816
399 523
595 932
446 556
918 523
659 808
886 726
429 365
615 218
165 333
258 447
5 507
102 425
560 959
795 149
474 891
290 805
534 283
226 126
521 342
531 90
443 265
207 880
846 216
217 778
607 236
269 602
603 375
984 316
733 259
965 213
676 650
441 199
453 215
443 276
670 581
46 414
587 758
411 943
146 951
379 658
79 629
797 432
971 919
308 149
151 676
882 826
342 879
688 175
917 939
279 135
307 111
748 575
19 956
607 305
958 2
44 106
517 173
656 946
524 552
616 89
23 40
27 74
304 737
337 409
124 639
153 220
936 630
980 871
441 477
750 16
943 351
809 745
897 119
373 752
342 332
524 184
563 122
795 238
416 100
222 750
947 19
742 143
342 92
718 695
679 434
32 79
551 562
535 123
298 681
745 632
466 425
500 28
189 576
708 56
343 563
131 884
53 739
726 541
51 953
216 30
14 245
959 826
413 845
406 901
925 488
99 468
699 770
538 936
443 642
646 774
744 461
94 694
451 250
117 181
846 33
911 726
585 21
944 1
907 153
383 873
518 578
808 317
415 142
744 640
235 694
978 352
138 9
599 227
903 578
584 788
310 596
79 722
801 460
258 805
853 227
902 874
208 33
549 740
498 725
931 154
794 61
79 250
154 755
646 712
88 994
22 722
629 532
265 400
297 171
131 961
937 313
400 998
553 404
842 564
845 330
920 287
812 475
596 409
573 680
17 75
176 703
616 692
541 981
610 957
526 807
961 687
613 821
505 982
673 316
497 453
563 717
26 357
97 113
967 546
544 159
487 500
592 496
965 695
345 805
991 620
298 781
373 614
59 959
945 834
927 295
23 693
312 662
979 227
225 380
1000 686
2 482
708 955
555 5
683 751
115 124
333 116
440 560
863 688
433 607
800 637
424 898
624 81
667 405
942 950
57 131
667 511
784 242
405 190
800 739
364 381
184 467
741 60
128 377
825 158
589 15
542 449
238 430
918 349
105 227
645 135
810 608
484 308
391 262
308 682
263 280
660 134
247 632
753 329
380 348
261 240
915 365
691 662
701 113
686 807
438 577
103 557
463 159
870 833
287 233
3 214
816 492
543 786
977 800
26 413
35 852
25 275
459 54
870 731
416 569
225 50
437 217
644 237
909 64
608 670
463 764
346 2
912 273
271 748
221 760
361 621
363 122
564 410
423 537
705 645
433 311
73 416
384 788
778 617
806 589
150 448
849 263
81 574
592 608
951 111
298 580
385 578
443 531
362 540
320 830
828 8
57 954
405 371
417 236
491 506
565 658
973 155
390 786
850 198
111 470
818 657
871 246
621 740
276 576
150 298
10 113
211 29
236 24
848 132
189 593
392 811
220 81
804 340
957 583
428 659
263 351
116 848
475 943
211 724
258 592
712 197
541 995
814 554
328 848
777 88
306 983
127 209
847 866
11 285
83 385
852 568
774 748
791 949
795 491
825 733
726 421
753 919
704 239
976 874
580 324
740 672
148 908
984 448
22 628
592 595
347 363
814 881
668 755
715 103
460 258
123 272
336 215
82 428
56 394
924 164
82 332
865 513
605 68
391 348
637 805
892 755
832 791
521 892
198 392
626 790
134 135
425 332
101 295
176 731
281 671
76 191
494 399
491 832
983 172
243 509
125 724
776 544
91 34
434 178
635 173
739 735
279 980
872 915
211 105
677 185
577 383
16 643
640 378
515 578
320 817
206 610
759 228
608 926
638 349
228 459
694 333
282 625
339 14
765 53
299 85
575 720
429 328
463 586
47 938
776 1
991 832
972 774
682 106
260 831
262 445
19 418
396 219
103 526
879 340
397 616
253 986
240 853
145 852
641 878
700 383
962 139
651 481
739 553
187 794
67 216
89 271
332 576
179 423
385 298
304 175
253 259
412 106
654 827
716 50
15 452
450 646
771 98
848 386
312 448
431 159
752 34
704 398
661 248
821 744
568 6
711 698
845 470
264 255
753 873
416 626
332 243
126 765
81 580
982 974
508 269
156 616
226 273
825 760
947 976
216 78
84 104
347 669
105 445
34 748
98 737
6 49
779 868
900 179
267 38
651 48
575 956
736 136
794 534
479 981
195 448
382 270
228 322
188 572
127 676
972 340
639 388
837 428
47 489
497 996
788 849
929 328
826 368
194 512
570 940
605 423
597 724
897 816
144 130
71 16
417 353
673 859
348 786
425 413
231 541
259 60
23 678
53 298
590 511
720 653
950 227
348 772
972 376
406 654
473 364
73 449
767 306
506 225
30 692
809 980
27 879
952 370
320 231
883 929
729 552
802 114
65 757
184 442
263 135
846 4
117 297
561 628
581 985
199 532
993 635
354 334
385 464
816 639
769 915
182 105
155 480
779 894
397 846
10 572
550 995
760 272
113 98
585 260
331 712
119 492
306 542
896 991
15 46
923 376
785 903
707 900
716 985
786 480
946 834
650 693
856 649
12 308
629 141
665 949
26 15
231 758
636 216
707 295
231 387
801 914
753 771
956 476
868 199
12 364
188 738
124 415
839 961
545 152
796 304
38 559
279 403
963 142
272 612
916 369
252 361
512 642
714 245
940 847
295 916
709 287
301 204
382 689
760 407
733 165
871 295
624 651
941 219
839 296
670 4
399 766
459 698
683 398
109 541
307 756
166 433
969 509
892 288
268 673
38 840
87 100
142 804
274 397
665 47
292 971
910 258
891 891
36 95
150 918
568 489
638 714
213 825
558 93
250 880
418 695
222 773
475 628
242 891
730 571
655 632
518 230
47 82
503 778
855 275
84 237
233 827
143 310
185 748
786 709
981 308
925 942
573 955
958 682
990 389
331 856
128 13
446 367
435 31
700 846
18 89
604 990
430 30
646 800
391 760
599 54
375 540
763 400
698 161
959 389
754 139
466 607
310 289
776 486
521 620
265 20
580 973
312 359
490 930
46 451
161 189
292 727
499 553
257 133
13 867
562 951
359 141
419 50
757 202
938 480
317 644
411 319
801 262
120 606
356 209
427 748
35 169
880 81
738 221
661 605
242 965
339 362
666 844
365 830
937 58
88 237
125 623
478 453
669 200
131 994
569 714
761 356
328 58
197 900
61 54
859 33
925 513
48 976
938 674
164 267
632 19
449 405
863 213
217 525
233 534
744 985
368 933
290 297
743 696
239 317
458 677
842 200
758 325
94 187
141 627
45 613
23 401
674 13
364 253
255 104
701 191
382 746
650 872
333 260
627 116
321 613
133 576
202 11
799 862
589 179
49 94
99 290
56 62
692 198
444 933
981 42
394 29
399 684
829 290
350 171
178 39
94 53
334 337
119 119
204 204
169 772
301 475
675 590
232 211
531 649
412 953
995 975
289 226
159 157
653 675
257 396
918 184
495 300
868 914
609 363
580 128
629 675
938 809
851 503
856 994
175 737
615 822
52 353
208 949
571 198
993 832
36 500
410 96
483 116
122 689
306 965
880 707
965 850
742 776
222 573
18 730
520 363
539 333
274 498
916 283
233 279
683 899
700 339
236 89
606 700
164 417
259 918
261 614
679 596
876 72
774 806
418 421
98 238
296 864
775 679
329 485
636 988
4 665
996 664
150 672
101 194
912 994
762 943
876 460
368 927
963 835
740 896
4 354
126 53
183 505
247 244
150 499
887 775
155 555
548 833
233 516
802 288
431 782
187 54
655 236
834 223
331 965
851 427
717 36
73 738
346 924
475 93
651 596
596 880
37 882
28 181
247 448
780 460
66 28
190 79
559 497
321 872
853 46
149 498
331 625
952 301
669 657
480 991
995 375
600 862
648 121
815 250
204 561
135 269
97 223
796 929
123 501
925 379
202 853
295 674
841 332
783 475
645 119
718 187
709 144
39 293
335 235
42 454
51 191
282 719
121 801
923 824
578 479
768 418
740 397
100 36
20 793
990 298
748 222
404 76
685 44
391 467
355 734
332 98
366 980
667 465
35 920
414 332
88 140
778 888
532 95
863 808
657 977
181 511
826 32
47 45
360 316
654 739
77 911
647 56
183 426
354 615
215 407
792 220
808 580
396 881
762 190
754 76
838 507
80 26
58 541
265 318
846 807
572 109
635 827
126 782
483 928
430 649
251 472
808 184
92 560
701 408
946 590
201 498
545 267
425 584
375 627
776 15
482 624
367 928
298 360
443 938
49 19
121 584
763 117
904 431
142 516
967 846
611 884
40 379
29 709
378 726
174 840
823 383
659 612
367 684
741 621
785 552
794 214
776 103
937 139
840 908
882 357
429 916
534 85
592 888
810 979
624 209
610 768
428 477
525 770
23 139
663 993
803 833
602 620
484 357
848 385
218 638
523 375
318 21
743 234
92 917
636 202
249 133
216 247
269 115
227 552
419 278
669 791
56 606
423 47
102 430
955 371
688 325
870 438
985 204
885 11
908 841
380 363
355 785
941 261
70 874
880 805
962 727
763 556
227 757
588 760
571 516
144 760
30 403
327 728
110 688
350 247
976 754
241 799
263 263
448 881
530 865
542 551
273 634
406 616
528 756
935 265
712 133
110 6
142 380
92 106
611 262
94 590
678 413
155 796
844 314
529 247
914 199
136 882
385 789
508 184
232 941
26 936
445 81
39 272
231 197
111 111
970 670
247 123
487 819
355 572
390 963
46 79
371 836
756 934
855 276
424 132
373 495
29 762
885 434
101 549
746 837
307 230
351 908
256 574
588 421
222 143
708 894
236 295
799 985
657 417
561 736
151 430
323 203
115 821
141 421
26 987
835 137
567 1000
955 899
638 655
165 139
781 746
359 244
371 587
883 141
917 681
659 835
215 691
728 400
778 242
440 147
231 537
467 739
291 66
379 323
139 311
799 702
135 883
178 880
714 499
391 66
653 327
947 72
777 571
243 821
894 775
585 148
67 164
486 707
510 26
325 349
211 741
636 738
374 487
855 794
671 246
689 163
218 192
580 427
727 570
310 171
212 408
173 316
96 871
869 110
199 431
368 248
959 286
198 726
925 44
326 308
511 225
382 534
327 386
851 713
753 183
48 166
336 934
710 473
667 154
111 895
428 966
904 750
569 721
846 61
48 356
574 152
743 357
847 96
3 853
232 818
311 811
933 82
312 894
971 210
616 49
875 62
185 6
888 958
264 53
662 675
511 113
7 716
316 862
505 773
201 179
801 676
316 108
929 460
299 353
593 459
364 263
625 400
4 630
824 74
501 200
223 837
722 14
219 408
363 946
282 481
819 190
146 282
84 920
601 960
127 390
848 451
708 433
478 458
688 995
605 194
618 746
185 249
269 623
137 124
393 155
258 152
590 51
224 345
868 534
856 235
290 582
742 551
394 511
563 682
68 994
650 813
151 419
184 896
504 894
88 485
141 372
502 786
135 36
693 577
765 799
474 781
897 662
777 625
668 615
10 105
483 579
537 640
467 710
518 510
564 55
523 182
364 735
726 975
643 760
304 146
824 197
180 801
624 1
291 401
891 927
732 725
260 350
458 897
36 742
880 242
723 103
424 767
151 792
231 6
24 703
516 614
597 138
1 398
732 811
709 120
249 741
758 836
309 72
943 894
480 334
619 414
686 350
528 564
369 924
596 257
160 842
419 669
705 77
319 656
498 942
92 997
21 715
758 600
767 912
117 825
894 400
166 728
859 409
438 182
300 616
847 817
501 130
34 496
533 405
869 894
832 471
67 303
79 975
922 820
166 883
951 213
239 134
215 808
638 537
156 979
824 574
620 904
353 55
124 563
978 48
60 260
283 750
214 373
175 155
263 590
899 840
343 987
49 358
569 8
571 65
59 512
950 740
358 637
644 784
950 269
866 982
76 316
293 297
959 481
302 573
285 18
187 806
679 349
278 12
890 591
939 914
323 666
623 345
95 133
745 882
910 464
857 707
514 946
810 58
217 951
140 747
278 61
615 262
916 720
489 509
111 892
838 394
937 412
308 791
458 88
980 956
688 660
101 793
248 581
270 777
473 165
934 448
536 267
720 98
169 815
884 211
461 72
275 444
819 912
95 605
426 783
690 336
860 23
368 682
323 627
474 764
843 478
725 628
866 745
341 144
7 607
307 584
543 650
69 421
214 995
184 908
865 309
464 135
339 358
575 547
509 797
560 605
241 111
171 100
706 821
20 451
341 195
655 998
258 673
890 276
182 548
43 204
55 293
701 992
923 883
911 593
485 704
509 220
46 629
318 791
78 251
640 879
12 973
547 657
412 191
876 921
766 604
244 172
777 306
567 478
742 335
707 226
403 390
561 862
603 539
980 376
323 596
498 65
174 942
661 770
258 458
42 4
763 61
806 778
894 552
800 883
68 466
297 887
989 466
329 885
485 788
832 999
761 804
633 535
514 380
285 469
991 685
287 930
80 1
976 90
107 49
817 919
38 541
817 487
599 397
869 964
420 228
654 971
318 564
448 616
362 199
778 64
297 110
973 943
202 439
457 906
621 723
109 202
382 470
182 954
918 779
558 95
484 409
493 79
155 995
565 249
820 936
899 283
632 271
867 405
444 387
107 265
281 421
236 20
482 864
783 426
520 611
206 179
563 684
592 778
956 767
816 950
180 343
923 808
817 889
349 816
979 372
474 214
966 796
186 750
971 62
104 414
942 63
148 630
544 770
213 549
984 180
188 380
416 907
601 663
616 467
745 404
226 610
219 907
674 282
6 797
323 395
798 213
52 146
431 322
293 969
418 912
721 128
553 873
49 774
144 585
41 83
966 910
470 831
239 844
690 112
170 740
120 932
772 664
107 410
869 106
89 367
660 283
349 325
898 67
577 747
463 135
230 60
285 134
394 992
595 128
218 942
55 560
411 644
261 604
907 962
566 586
747 734
82 434
19 107
774 108
332 824
849 730
666 129
992 441
572 128
861 469
240 233
242 76
483 613
50 482
760 14
412 253
911 813
384 224
369 837
871 85
401 730
95 16
358 844
180 707
502 912
391 561
212 386
484 457
649 273
578 889
351 511
22 154
365 115
146 911
67 908
196 210
756 384
397 900
112 241
182 184
805 891
983 657
559 247
946 220
574 762
902 328
321 775
111 965
901 362
147 741
22 106
306 257
269 785
821 697
465 329
926 144
441 460
363 898
179 709
228 542
898 266
151 762
181 279
903 140
580 725
2 770
344 427
591 798
426 555
619 481
328 658
516 283
755 191
12 627
305 410
773 660
73 116
191 422
803 644
836 772
711 364
990 504
668 252
717 162
309 484
448 499
783 429
511 124
691 200
406 837
531 842
139 382
34 847
581 785
699 895
916 442
726 445
992 880
195 381
600 425
317 681
623 915
935 764
906 916
917 259
293 408
681 829
310 927
876 367
181 220
169 254
903 58
449 202
785 396
347 631
480 882
895 356
233 410
929 778
10 783
340 243
793 6
251 430
975 850
632 471
596 883
297 786
138 291
308 950
599 168
37 768
387 466
496 237
840 855
85 214
834 342
