266 275259201
254 704
447 628
395 882
291 836
478 225
430 525
777 605
332 316
680 790
570 86
317 588
898 383
751 461
155 357
52 156
197 629
377 466
882 537
452 193
977 291
503 190
484 403
385 482
675 632
950 335
546 85
752 619
712 576
95 250
60 43
242 695
939 761
1 205
79 568
529 595
126 614
42 113
154 904
950 194
489 315
679 183
377 547
214 110
561 667
798 384
812 948
330 488
779 677
373 326
561 755
656 289
72 544
266 499
213 861
906 699
739 780
277 404
121 23
378 541
656 521
167 429
758 516
419 431
133 32
82 518
877 270
755 616
266 518
701 183
268 789
950 400
86 380
430 161
929 788
530 158
562 274
237 391
420 956
947 148
436 511
767 194
653 423
329 904
416 509
529 499
800 956
509 674
43 505
833 335
885 588
178 838
298 970
50 244
995 435
183 129
687 65
582 926
559 945
311 471
467 537
267 266
383 600
630 681
825 607
78 971
911 201
651 109
464 428
14 844
93 12
850 625
395 342
432 194
711 241
904 894
2 202
50 530
281 539
414 269
870 411
811 926
992 432
57 517
228 104
739 794
283 677
482 173
779 569
648 574
840 941
501 860
540 790
837 620
353 100
871 134
55 789
697 967
599 25
917 827
821 880
483 390
352 109
11 792
702 43
285 232
181 449
938 763
317 240
397 154
853 66
317 771
349 527
975 669
943 434
590 202
203 383
292 484
429 587
257 140
617 847
552 182
545 468
598 78
639 547
73 32
97 398
126 660
54 598
47 131
268 697
463 13
18 891
979 298
342 987
748 54
448 917
531 768
148 193
266 593
8 204
244 767
513 445
250 416
943 389
511 731
614 630
655 282
489 213
573 284
464 988
808 325
770 771
50 843
960 881
853 860
254 687
621 478
49 455
940 842
101 924
260 682
184 369
65 682
553 513
715 72
570 693
460 489
370 780
640 268
563 914
652 265
254 86
386 693
910 425
775 343
707 468
876 175
626 165
186 925
124 97
444 761
963 578
876 363
614 56
464 204
529 326
538 11
891 493
398 285
382 88
965 669
416 413
97 522
456 307
143 256
139 101
352 680
72 190
584 135
134 867
984 452
279 28
798 443
879 848
950 318
864 368
854 76
242 836
101 72
71 425
777 528
14 512
186 856
615 823
726 942
155 325
643 350
807 999
205 597
817 82
298 704
371 218
749 879
253 772
298 357
247 263
