554 368381103
935 274
478 297
564 361
401 363
365 932
226 411
198 754
620 997
11 823
747 719
722 957
837 480
717 427
156 90
233 186
426 539
679 510
878 346
768 795
811 312
521 250
313 436
301 562
950 500
991 347
657 566
992 644
947 617
963 36
122 238
427 438
827 231
1 536
879 88
909 406
17 442
525 827
95 951
713 311
955 203
852 591
959 399
90 450
288 323
494 808
666 284
239 576
160 641
488 17
349 21
279 372
127 574
968 964
669 403
445 214
888 370
334 360
367 567
184 943
804 905
670 198
749 81
735 166
932 373
512 314
586 753
515 365
842 747
334 312
193 945
851 122
889 287
603 60
731 343
212 3
110 481
308 416
967 759
252 909
891 142
66 992
227 34
578 336
418 783
902 774
202 750
210 192
876 566
240 431
848 340
570 941
194 452
679 199
206 37
330 346
590 342
455 473
286 960
985 417
510 695
45 631
701 529
910 891
558 311
358 821
719 721
52 658
445 512
852 729
867 537
139 16
923 64
840 329
692 157
866 513
91 297
729 92
105 214
696 384
280 818
638 965
739 633
656 498
634 332
577 126
615 105
834 174
688 583
393 297
872 61
496 983
397 304
109 577
265 435
837 928
149 598
668 104
308 923
842 154
227 218
413 317
789 546
273 181
442 798
24 747
651 51
300 861
394 438
415 683
204 354
199 638
540 316
655 384
425 159
714 562
767 122
227 961
264 404
525 979
52 43
359 721
786 736
782 88
823 243
68 680
155 370
390 785
846 293
436 12
376 14
548 777
801 602
712 540
925 28
302 962
209 268
49 563
594 438
593 125
100 478
579 675
928 377
261 46
639 270
237 85
556 871
886 918
593 248
404 618
299 787
938 690
912 383
444 714
786 745
948 619
69 351
133 474
526 970
278 993
703 604
507 942
213 150
200 949
948 910
824 53
291 6
242 688
818 122
738 892
185 744
680 381
131 994
528 210
430 450
514 692
433 136
583 991
876 666
788 296
263 383
206 740
307 622
951 38
355 334
460 19
642 526
943 872
32 657
799 492
943 116
784 371
89 704
731 230
865 844
296 48
928 888
116 949
30 265
980 241
712 953
674 830
150 494
811 574
396 101
391 552
184 409
413 126
657 193
832 510
43 920
168 313
982 525
539 43
31 974
881 708
549 762
452 14
939 942
479 321
659 429
808 487
538 83
701 876
436 604
863 553
25 480
343 62
931 982
67 39
506 301
89 857
627 105
610 116
297 725
491 956
486 505
223 349
267 62
71 895
125 777
74 403
218 125
127 673
607 459
668 670
282 512
507 953
181 340
391 809
911 582
556 952
460 955
860 499
897 406
622 338
312 665
535 160
945 148
282 15
101 520
74 419
719 484
845 820
476 537
990 616
459 149
317 568
488 976
496 338
867 410
817 109
447 102
769 884
327 139
333 665
875 766
634 885
346 77
764 249
427 445
513 220
996 404
624 270
750 811
599 453
699 767
339 121
282 844
454 550
43 918
502 710
500 595
89 567
218 297
912 271
778 961
680 727
363 127
622 398
660 307
262 968
258 296
464 644
881 473
908 800
150 468
749 509
927 500
851 184
481 923
979 938
703 154
165 546
205 958
556 697
297 816
368 937
180 972
943 1000
861 596
715 340
516 458
529 394
892 253
924 33
307 643
176 428
147 16
634 532
295 844
587 33
875 578
637 269
698 331
325 534
69 931
105 93
317 376
409 145
37 758
555 195
148 259
19 473
319 147
514 648
617 206
26 896
49 558
862 386
536 987
401 524
839 466
384 604
69 80
562 148
113 700
359 81
289 87
646 807
307 685
29 771
903 25
766 943
556 780
302 602
160 43
304 241
285 120
755 278
651 906
469 630
383 101
422 735
782 344
10 392
151 197
313 893
213 339
633 505
459 748
238 258
652 241
443 338
870 277
719 561
934 506
992 180
196 254
477 60
492 254
697 11
667 860
132 22
348 473
658 544
67 648
426 668
817 53
570 482
487 814
128 989
708 387
583 831
579 147
654 951
612 426
915 726
327 785
485 1000
379 330
779 724
295 675
714 733
962 298
139 135
184 626
602 203
791 596
599 608
924 881
186 682
368 336
722 138
208 702
700 467
110 920
204 163
683 405
386 415
971 637
943 154
111 700
932 110
217 265
819 81
63 662
492 532
186 642
193 186
71 881
82 678
226 610
627 566
983 327
660 378
546 419
645 33
856 848
362 715
4 169
80 515
499 794
68 255
783 719
147 27
338 545
109 251
727 956
269 881
194 328
127 598
556 174
136 250
130 883
427 185
331 627
905 93
343 12
917 639
877 589
994 488
998 343
33 820
133 9
667 883
263 123
700 263
666 105
82 462
963 513
622 593
580 452
272 320
17 447
318 586
835 126
100 762
951 776
348 811
467 545
855 366
748 829
217 319
515 740
738 917
112 505
709 965
721 790
652 1000
935 420
929 460
642 957
500 573
36 523
943 475
950 849
372 775
512 192
204 964
715 289
131 90
121 330
464 235
703 268
