290 231913971
986 151
240 311
110 238
183 378
288 45
798 947
896 294
275 843
978 605
150 831
728 957
99 299
579 744
42 749
735 98
894 803
498 448
732 1
207 98
121 662
718 668
229 567
502 585
644 512
2 626
876 974
870 258
686 32
844 425
231 787
39 670
386 648
367 242
981 162
185 279
463 874
690 389
168 477
960 237
15 204
384 124
377 450
790 951
307 486
709 595
162 212
556 391
546 668
586 62
363 638
35 992
525 516
585 360
342 533
937 598
487 962
190 460
622 475
539 877
96 601
837 451
826 234
721 645
597 153
286 795
966 716
161 915
373 741
936 1
24 444
34 762
999 885
438 797
288 709
997 881
764 86
580 982
281 907
43 114
286 4
27 456
175 266
31 992
433 993
355 429
269 277
350 753
273 348
276 634
595 558
36 980
45 52
99 125
348 641
732 56
288 670
622 417
982 664
715 519
112 538
244 505
950 410
157 409
387 111
652 264
322 661
180 791
512 211
838 428
466 96
616 819
42 607
896 32
989 211
449 459
705 775
388 757
76 615
826 663
569 744
469 190
562 324
981 243
158 705
144 294
448 10
757 482
456 261
111 737
531 320
308 831
696 784
353 492
245 966
204 995
780 579
952 389
513 875
580 442
357 9
599 91
370 605
921 163
244 380
96 523
920 473
593 366
658 553
305 23
343 122
358 862
433 933
915 930
656 667
22 780
444 722
837 431
574 532
115 436
387 909
132 732
565 524
652 878
64 265
775 134
405 553
680 532
115 55
183 18
704 451
405 388
765 399
898 734
556 263
346 628
535 129
623 558
820 13
808 214
929 622
72 359
346 473
988 710
328 624
369 920
447 540
600 830
347 619
351 700
435 33
557 787
377 745
10 113
155 422
121 421
290 146
789 648
26 751
743 585
406 738
160 601
644 360
900 270
578 282
699 991
330 375
590 272
431 284
780 88
903 220
277 426
341 32
248 80
391 270
719 318
648 497
128 763
140 353
719 403
920 217
150 152
868 884
692 254
723 428
922 64
359 80
223 735
706 154
824 468
840 388
256 593
465 829
121 158
691 32
987 127
184 944
152 396
407 299
697 194
584 563
755 352
771 487
214 869
832 210
926 115
258 260
883 383
553 43
183 875
691 220
807 192
978 954
373 297
993 536
135 612
323 836
94 813
256 276
212 332
143 173
451 585
920 833
182 544
104 447
268 927
28 762
889 820
121 630
959 574
56 291
537 464
103 436
582 857
685 318
745 212
70 903
796 646
73 348
222 376
374 780
42 509
27 72
566 647
787 893
465 768
547 66
351 417
407 974
470 582
681 530
