832 182403833
870 981
690 921
506 85
283 806
166 1000
115 448
413 276
554 659
772 924
843 693
463 241
170 470
245 805
779 299
877 766
288 484
72 854
262 206
527 381
421 3
471 347
280 323
675 914
120 510
274 82
601 911
739 135
938 553
274 439
339 56
91 650
468 276
760 525
740 843
29 605
662 46
394 582
15 696
741 225
382 485
166 622
97 174
927 973
920 209
825 141
108 989
758 602
347 820
765 310
605 272
246 57
251 488
327 979
702 638
468 6
378 463
451 843
576 472
288 804
595 147
690 278
343 450
818 28
53 268
399 501
334 402
253 239
741 886
610 770
277 966
646 921
972 226
630 12
389 537
845 641
913 948
733 543
411 60
925 749
599 973
53 528
774 329
681 515
411 686
876 883
492 289
200 888
183 670
11 357
493 15
790 324
417 11
441 926
141 822
185 815
907 736
824 703
359 379
713 43
970 659
418 11
5 752
393 735
183 165
510 924
745 427
246 424
809 132
934 31
737 224
977 834
129 207
465 514
706 920
343 174
78 797
655 222
512 335
571 40
775 331
721 424
607 604
610 448
334 424
989 407
474 640
537 559
86 982
966 374
880 532
678 118
508 50
300 534
718 54
208 758
698 252
583 794
818 485
448 773
586 16
944 556
817 788
61 335
251 153
350 237
800 1
924 200
68 829
476 572
404 998
704 64
458 567
498 689
177 171
446 156
927 908
430 345
690 124
614 795
477 396
658 847
17 476
106 743
799 245
236 630
281 589
395 731
594 962
394 855
287 844
645 599
873 769
234 633
848 110
406 395
353 303
416 655
221 476
695 234
275 670
872 58
17 517
196 896
679 41
206 529
115 234
150 96
928 360
904 990
990 581
604 195
528 747
835 293
346 520
391 990
585 360
603 913
188 195
670 172
76 206
608 797
565 937
15 821
726 566
291 299
596 681
33 783
970 996
37 825
687 664
585 310
585 369
899 91
385 353
358 863
857 722
116 568
785 474
425 851
978 9
953 839
509 516
34 617
885 550
78 538
790 190
887 896
781 842
21 184
549 500
115 348
112 569
865 130
122 953
458 553
100 314
70 280
353 503
605 164
215 508
829 780
345 850
425 673
344 501
593 725
601 391
923 461
41 738
969 946
800 699
986 870
686 657
173 345
30 880
561 528
679 799
257 388
646 882
751 921
98 193
811 1
939 575
147 301
202 102
117 710
626 749
125 338
94 735
14 700
67 450
855 435
953 555
582 763
272 538
469 696
895 393
514 259
910 636
680 314
792 902
208 10
396 8
243 796
690 548
60 983
718 981
260 388
174 272
760 318
622 599
979 575
615 261
148 295
225 836
457 101
115 396
869 277
1 602
130 598
583 884
193 835
754 764
450 200
19 545
777 900
108 426
743 585
544 513
547 881
28 534
577 314
797 757
316 52
385 137
757 181
715 789
300 271
190 773
879 971
24 828
921 494
611 107
82 719
65 619
30 112
248 827
101 2
606 165
388 173
64 578
109 488
737 530
882 593
510 800
401 147
389 677
577 906
111 641
277 450
597 538
101 851
304 353
65 928
789 470
318 131
304 605
138 32
379 442
499 88
939 629
709 912
52 643
937 753
83 549
901 790
559 618
175 139
778 235
938 325
733 76
874 619
527 44
911 765
233 583
782 92
394 171
795 901
205 692
747 110
778 772
339 910
150 677
451 210
584 530
149 921
661 986
977 99
522 968
18 866
584 145
875 128
715 688
994 774
184 233
367 574
591 278
417 875
495 953
150 454
305 49
617 278
780 242
684 380
710 177
226 224
729 859
410 565
542 713
287 334
163 674
193 329
673 389
598 877
488 736
105 897
186 984
218 35
792 191
721 932
139 708
266 274
464 517
95 613
824 4
203 958
154 742
810 902
772 777
429 56
524 58
2 866
719 334
326 952
297 621
112 461
278 120
948 565
790 306
927 721
464 675
427 717
47 241
268 866
504 323
736 889
147 754
262 241
217 245
731 738
624 909
663 735
410 263
445 749
518 740
23 880
358 99
375 869
881 619
404 765
606 334
306 585
902 410
920 99
564 624
320 732
562 296
131 313
586 191
634 116
600 244
424 891
824 866
108 291
595 737
485 42
636 987
383 894
738 375
442 656
502 114
2 508
456 390
193 614
145 881
802 32
53 417
677 242
823 553
497 323
515 947
339 803
513 332
969 75
970 243
622 866
561 14
162 291
40 83
261 448
32 609
432 726
266 228
493 458
51 974
267 448
77 201
986 927
583 137
900 412
239 929
423 76
903 397
354 785
211 224
861 478
361 466
660 815
662 586
29 84
865 449
616 655
931 825
312 854
935 698
607 163
526 911
971 278
64 376
724 145
917 967
440 73
803 920
653 205
940 216
564 7
638 614
377 927
294 646
802 18
447 201
190 211
704 487
965 166
656 829
135 920
841 395
49 859
817 664
695 927
970 184
224 510
46 388
67 179
160 958
864 373
857 521
802 802
36 344
314 123
994 39
8 465
302 469
651 392
538 836
530 954
447 481
979 609
597 165
407 870
175 884
667 57
769 677
852 101
459 337
507 375
435 350
935 663
730 725
639 925
973 710
799 519
443 646
198 646
588 634
398 314
809 722
133 71
32 129
298 811
710 961
83 791
457 619
512 675
558 268
114 133
939 789
243 244
891 734
607 436
580 470
614 726
384 411
182 572
696 883
247 991
436 931
558 914
592 648
929 119
506 405
313 911
354 998
318 374
483 377
279 934
724 429
736 107
417 588
501 365
669 57
884 814
326 296
269 107
55 73
612 603
480 51
615 622
892 844
26 1000
288 920
915 919
78 943
447 752
313 698
971 366
808 317
66 203
420 982
787 504
643 882
637 38
971 250
147 119
589 254
327 466
210 35
136 87
278 490
921 375
84 549
921 956
806 413
463 19
38 313
150 870
950 81
365 434
106 401
546 853
63 644
702 655
62 298
99 33
557 86
68 81
95 278
485 433
882 375
444 217
15 513
921 723
658 18
428 776
742 581
890 889
448 109
681 578
151 430
352 955
457 894
850 39
724 96
283 968
1000 862
214 275
105 973
552 74
181 366
246 149
59 437
933 796
80 647
454 150
308 227
880 477
217 892
326 508
478 994
297 66
167 470
874 485
696 899
53 687
214 950
977 192
476 557
93 490
775 304
946 814
767 991
169 981
511 667
955 957
458 861
662 529
357 216
703 203
425 787
201 849
104 263
227 855
361 35
362 145
659 746
739 626
748 804
100 877
101 622
701 626
930 961
223 987
54 486
297 49
772 320
386 194
508 576
492 507
1 849
793 810
824 934
61 347
579 85
459 109
261 441
587 367
463 409
934 587
721 693
30 133
366 908
195 969
183 521
806 948
496 331
162 826
474 1
172 596
876 530
486 742
295 278
441 690
602 747
896 36
310 492
454 499
543 293
207 877
418 552
313 501
317 508
527 519
514 186
756 651
984 658
721 803
988 419
648 762
787 838
769 618
271 206
717 864
199 257
169 741
870 486
522 557
248 750
211 146
852 30
898 625
759 953
540 999
400 891
666 447
523 997
983 972
422 365
478 979
699 168
196 159
971 987
163 372
744 784
569 689
647 934
877 892
250 239
639 325
738 812
777 422
872 807
832 350
616 468
485 624
81 511
94 520
258 887
798 527
976 42
687 870
343 52
892 647
595 807
270 985
734 682
562 730
101 8
203 284
444 624
998 981
869 399
285 137
780 764
542 301
63 803
697 53
478 586
449 618
244 125
196 426
531 225
867 599
169 610
