972 989154682
298 610
61 98
421 71
152 574
328 391
638 129
40 642
55 247
690 529
536 920
504 252
152 897
688 354
875 997
174 636
238 112
795 134
201 603
875 757
195 543
130 967
66 569
370 355
984 416
223 849
782 747
81 493
791 873
828 405
854 550
764 388
249 3
68 460
867 638
139 249
822 72
88 672
907 287
720 157
463 474
266 374
937 778
901 588
143 687
201 706
888 607
988 424
45 663
104 187
771 876
7 385
919 751
666 377
477 313
511 634
184 811
985 407
820 9
588 18
357 881
491 213
230 521
50 952
714 360
909 222
917 942
921 458
797 102
942 704
348 877
772 666
595 17
429 41
63 560
179 326
957 700
203 483
328 418
882 78
803 538
765 637
12 681
378 167
650 896
213 866
611 975
308 153
544 684
112 455
319 858
193 776
939 786
933 864
324 460
658 855
996 241
156 744
874 357
483 874
976 740
116 876
653 176
908 920
943 802
141 783
929 564
178 428
211 677
68 603
989 306
420 116
973 890
807 228
469 703
716 637
989 304
110 667
795 741
803 816
683 59
640 200
199 406
480 878
365 401
36 998
88 636
383 234
856 244
65 13
742 5
285 715
79 129
237 203
668 413
989 992
137 897
31 837
353 111
844 7
519 641
353 766
277 531
99 549
595 606
83 618
82 437
431 605
566 317
302 412
211 431
912 90
547 58
989 290
895 882
989 411
105 472
24 943
136 858
914 848
255 641
295 43
971 998
663 101
329 646
287 813
399 98
806 133
81 803
441 623
591 366
642 621
899 471
690 536
192 827
116 909
221 413
854 210
179 175
102 476
293 439
636 473
222 944
234 602
29 474
710 616
653 280
617 211
306 692
187 978
634 213
715 379
568 816
729 807
268 662
864 865
428 230
422 737
823 200
682 195
526 893
78 146
133 873
810 601
318 731
893 755
482 154
973 707
255 837
668 393
451 26
989 743
11 167
765 100
601 402
407 255
288 558
782 790
257 227
295 232
767 903
405 732
242 584
762 173
379 944
909 366
517 910
879 644
855 889
92 824
301 493
151 762
309 690
740 872
905 122
730 438
863 933
280 376
896 388
112 494
940 118
895 1000
849 632
466 45
823 382
754 50
359 468
401 163
974 321
947 584
398 249
700 351
691 847
473 728
63 862
520 785
872 824
455 207
952 916
447 784
188 110
147 878
287 733
800 4
72 290
614 51
647 923
857 946
105 562
849 868
376 206
606 475
700 405
143 971
553 984
868 451
534 953
649 287
106 585
853 931
267 767
265 545
122 514
616 558
317 681
992 320
76 283
518 408
923 63
146 22
967 993
581 767
237 932
892 513
187 967
584 881
444 168
825 521
587 252
442 637
232 358
874 121
713 410
778 810
682 316
952 267
372 690
452 897
331 355
972 502
547 343
403 79
285 318
205 886
263 100
300 327
130 558
2 239
803 213
267 237
34 102
474 1000
50 179
131 526
174 426
475 435
348 981
439 853
327 115
93 308
953 407
312 316
712 995
929 98
201 745
772 239
582 295
837 106
86 69
381 523
124 682
964 509
643 32
55 205
975 772
157 873
54 217
666 490
562 990
480 272
63 72
579 338
914 37
615 76
677 707
551 474
322 312
201 392
638 128
666 500
246 240
584 228
947 508
330 934
498 239
434 927
574 819
916 323
669 186
845 136
69 676
781 465
601 309
286 780
648 858
592 124
545 659
819 375
396 216
34 36
652 96
795 48
985 951
639 548
986 184
562 335
546 361
885 804
12 992
579 22
912 342
706 273
816 691
45 775
989 835
545 924
346 43
882 460
161 906
133 404
430 932
502 109
806 33
443 622
795 267
950 287
288 784
284 551
898 435
707 111
596 354
20 449
951 528
476 867
649 959
360 663
375 908
627 330
209 191
653 318
376 509
428 48
529 905
62 500
364 624
645 479
722 15
435 453
396 498
964 680
802 562
201 340
7 459
416 365
547 30
157 226
434 342
198 588
604 358
968 102
422 129
543 917
624 781
445 309
851 211
326 916
90 631
351 117
896 495
884 144
937 753
663 431
495 46
53 841
320 762
406 194
118 991
753 38
238 599
314 11
351 616
769 984
782 983
467 464
738 24
506 795
717 999
718 347
135 46
35 339
451 384
557 54
25 379
766 198
700 223
996 78
710 235
866 950
618 47
851 924
624 463
442 811
851 666
93 424
885 141
135 441
231 359
496 801
339 603
281 660
320 20
144 342
833 130
161 854
373 180
84 374
406 757
544 142
551 228
885 755
699 721
184 242
271 956
312 128
278 614
549 342
732 402
42 444
746 837
500 265
827 80
341 983
272 208
152 870
61 101
459 178
685 552
229 706
400 815
171 19
764 546
157 619
110 251
247 447
870 233
590 540
306 462
145 179
439 248
847 892
501 498
707 117
848 402
889 609
130 635
370 890
263 738
239 724
672 219
316 830
871 636
397 841
822 733
854 200
62 569
588 561
124 487
348 627
805 883
300 525
746 973
798 541
326 96
293 40
462 100
832 912
752 343
348 754
242 114
235 505
395 22
61 689
554 835
874 251
26 281
153 510
511 779
719 613
398 172
416 985
65 396
148 159
356 177
242 254
369 100
267 90
236 441
724 280
881 976
862 176
581 192
182 11
896 897
793 952
816 728
638 161
293 254
257 262
980 380
158 71
960 278
301 835
645 256
225 806
681 393
173 748
692 38
740 296
839 151
485 800
795 940
987 155
31 232
855 825
767 207
957 980
560 382
84 231
421 511
142 692
806 118
841 249
84 792
570 749
799 329
319 159
547 441
149 182
69 498
663 506
874 516
851 339
826 869
584 91
694 912
949 470
52 976
947 871
70 608
969 74
195 96
134 216
11 355
692 386
142 957
802 548
463 817
43 274
491 429
90 548
94 786
464 401
875 9
977 738
324 277
163 666
321 679
536 546
377 586
631 223
130 780
528 547
699 607
976 424
333 513
966 409
977 570
763 132
522 150
608 578
259 4
276 1
836 632
41 159
983 936
731 867
583 325
540 255
600 256
335 370
402 379
869 257
641 642
650 116
10 74
96 693
342 369
650 24
664 305
931 986
447 207
970 480
107 987
344 83
382 514
783 138
882 297
332 924
208 541
517 342
677 913
680 885
974 495
342 392
758 177
194 843
691 930
425 447
762 866
222 68
427 606
583 878
105 27
688 385
402 441
223 286
527 572
570 524
670 250
81 497
972 22
697 86
846 669
726 921
703 136
494 144
40 361
51 245
710 793
787 794
863 115
198 238
846 57
95 824
814 202
290 672
27 986
287 668
636 618
560 2
494 941
712 650
636 798
401 125
729 477
841 847
918 503
89 569
40 988
678 356
786 8
697 936
37 881
921 335
581 883
569 537
350 186
23 195
480 520
170 527
855 641
15 678
537 502
922 336
161 16
889 167
480 88
913 216
162 111
505 330
29 61
621 401
1000 324
231 858
593 724
275 937
360 597
978 725
586 748
642 143
13 25
130 186
246 518
37 199
410 386
273 381
878 746
535 341
848 992
789 387
989 143
660 566
525 594
776 794
872 451
565 873
172 614
926 263
406 977
152 338
303 272
850 94
556 624
621 514
911 919
947 885
552 894
735 440
171 559
519 526
664 642
683 689
656 756
39 592
810 592
68 999
622 776
11 673
606 425
978 149
622 513
573 489
249 556
72 838
706 84
272 258
476 319
481 671
423 297
734 674
322 443
211 965
218 638
795 851
522 503
887 624
814 826
131 415
500 120
926 597
787 857
299 320
353 317
195 815
165 6
398 775
778 741
294 987
459 560
91 773
978 232
283 906
305 523
590 484
869 10
243 837
7 665
932 408
170 847
398 784
150 205
933 186
641 814
685 815
510 116
902 832
450 515
45 132
533 798
373 361
95 167
656 237
106 421
421 470
725 903
136 466
885 287
320 865
991 801
559 22
455 462
748 535
77 521
486 840
12 134
905 623
220 546
488 602
568 534
530 817
488 779
516 403
601 230
85 294
866 613
213 229
774 840
1 243
955 376
999 713
603 236
382 817
151 578
546 138
727 586
397 290
841 746
901 303
345 995
380 14
293 753
702 400
865 741
299 707
789 676
415 307
930 926
158 28
4 712
850 123
244 209
883 406
430 679
857 769
610 769
382 207
298 788
817 481
40 920
880 419
65 129
672 105
895 713
147 709
651 384
11 200
588 729
373 596
832 169
367 668
805 901
544 824
882 598
824 529
473 95
526 111
944 795
720 635
858 715
910 559
752 618
244 960
215 593
331 629
845 101
195 555
152 905
774 127
863 680
12 768
510 24
649 287
545 280
493 20
460 362
649 200
703 458
902 558
822 594
568 52
606 829
323 351
309 845
278 275
872 564
127 68
250 412
286 773
329 925
185 49
528 895
371 70
757 976
