505 725970279
725 122
442 766
976 98
977 738
679 488
845 740
233 503
686 600
287 568
300 972
272 385
612 897
456 139
547 948
344 198
187 735
378 468
357 913
23 721
116 672
397 44
30 595
978 980
461 924
802 584
612 103
553 400
934 394
174 398
645 382
867 930
967 325
591 938
902 462
44 339
283 394
680 935
59 520
725 665
331 413
263 792
34 697
734 37
82 828
663 705
348 968
231 349
51 627
214 187
518 27
857 675
512 267
81 123
292 679
250 240
981 191
413 437
73 318
236 619
843 491
854 6
954 642
567 786
679 499
24 631
125 732
252 794
205 441
343 174
203 919
736 84
543 967
170 575
356 931
620 930
572 880
787 960
241 163
859 711
975 671
477 513
938 672
613 264
5 5
44 188
371 143
561 872
149 764
189 78
385 114
986 737
421 975
125 488
543 860
412 589
348 629
558 676
419 12
272 67
219 380
293 19
677 412
603 349
127 123
66 642
556 709
621 738
205 397
285 918
986 201
88 967
581 638
899 466
994 711
778 649
299 279
776 670
810 777
903 39
843 57
145 748
849 309
116 750
42 435
27 880
457 453
845 641
889 778
790 447
457 341
274 727
4 514
112 556
101 217
727 129
575 623
378 775
434 107
666 193
222 494
555 554
69 12
557 75
825 646
753 155
264 672
696 7
648 501
386 667
835 900
636 799
24 970
658 221
673 118
469 218
479 484
742 226
852 653
155 580
838 431
660 632
523 403
942 557
639 212
503 829
147 225
847 326
81 971
824 592
828 904
283 578
972 764
1 152
76 529
413 402
698 537
17 177
563 611
751 760
574 575
662 337
796 73
211 473
6 45
718 85
358 625
128 237
707 566
665 643
306 819
341 737
470 378
826 925
604 332
819 572
707 294
191 255
873 425
790 542
844 989
169 213
493 751
970 79
502 756
645 567
742 939
285 613
233 665
790 507
267 637
339 384
633 47
9 592
757 420
654 192
917 673
476 249
631 830
842 751
294 803
281 890
716 630
692 521
89 218
696 850
311 446
628 680
470 131
871 793
526 18
882 772
260 183
413 652
31 966
862 146
652 655
423 368
158 196
255 569
852 759
522 742
206 639
365 271
389 591
547 161
233 489
416 937
413 556
998 630
169 599
368 822
631 27
5 372
623 116
637 214
612 558
944 733
216 182
372 475
320 768
673 276
766 439
730 38
326 968
481 471
552 135
609 87
287 511
919 323
578 248
730 248
756 610
15 171
898 831
856 902
411 272
596 128
701 286
851 232
868 914
810 301
468 924
414 230
2 859
652 318
673 310
799 590
566 223
743 415
9 945
42 457
764 156
748 932
682 668
883 577
456 774
296 412
268 353
442 443
398 761
63 493
892 470
892 530
710 489
428 990
42 995
775 356
304 836
702 463
267 140
565 337
761 874
94 428
716 917
291 513
475 586
902 159
519 548
677 891
727 682
724 956
821 569
350 222
538 802
105 991
695 986
110 855
596 139
37 233
115 282
237 78
386 751
945 249
891 269
133 846
938 106
157 647
834 598
47 22
686 481
763 836
142 507
69 920
126 723
247 586
732 192
844 280
115 740
710 60
580 447
58 598
749 25
989 136
357 480
378 791
538 42
405 738
730 44
84 285
53 615
974 898
691 869
321 449
292 989
676 642
996 563
591 702
482 37
3 567
628 358
428 701
964 628
366 171
243 299
719 83
775 251
660 925
173 181
617 448
679 334
777 919
183 502
891 254
156 381
31 511
491 270
544 653
316 635
105 169
695 45
11 957
436 713
294 848
486 105
32 900
13 765
68 443
558 729
758 128
954 817
882 246
560 4
725 771
34 412
720 543
415 822
576 42
984 111
526 207
493 683
673 883
143 67
752 129
202 405
128 161
583 305
543 959
643 924
926 409
551 221
499 828
1000 59
173 634
777 554
232 320
645 654
665 167
484 643
573 301
657 135
483 995
370 774
315 266
707 789
555 53
325 464
216 855
701 876
196 970
915 944
54 789
633 929
300 525
694 333
407 889
835 894
927 895
740 39
87 890
236 731
875 860
20 576
419 563
455 466
432 987
332 323
459 679
882 940
631 908
843 228
473 151
224 561
696 659
786 272
137 38
491 690
121 212
751 38
127 184
742 572
699 234
305 671
743 919
937 371
768 98
684 170
156 996
30 462
78 485
547 527
118 377
826 647
580 819
669 447
446 68
273 804
670 726
645 474
982 805
756 379
812 521
721 635
681 827
911 228
816 192
344 480
189 732
384 882
603 752
999 738
847 478
250 192
410 512
490 997
224 270
