3489 121664
11 741
606 706
733 820
462 370
961 692
483 752
283 15
490 595
485 298
845 168
146 574
690 439
279 457
979 828
994 764
200 433
774 676
677 452
241 455
237 56
852 607
373 703
373 250
215 314
189 128
884 635
649 218
242 660
964 758
559 113
323 466
240 441
517 972
113 9
816 714
186 908
147 30
349 547
316 806
581 657
426 472
792 548
633 363
303 349
901 395
759 944
756 18
329 798
844 332
242 72
606 53
237 357
581 834
700 770
226 912
639 311
825 321
21 316
903 747
853 635
521 629
315 268
86 577
472 193
475 654
779 62
659 641
796 171
797 933
303 472
524 441
575 437
883 925
920 301
668 901
258 457
751 801
532 116
100 559
236 881
696 850
504 952
384 365
700 635
112 184
446 578
239 749
347 679
800 346
814 893
282 290
646 228
997 141
889 127
124 211
258 54
316 720
489 336
357 371
237 588
361 960
781 908
509 192
848 641
306 196
981 558
720 617
619 533
173 293
548 751
192 373
553 440
313 210
142 203
130 185
89 811
804 497
974 779
907 283
770 847
807 586
166 942
46 422
484 380
759 463
940 211
828 847
98 878
565 188
452 205
120 880
322 444
736 249
342 185
810 665
675 711
14 453
664 363
452 889
549 853
141 902
55 842
539 69
61 966
723 107
787 196
297 951
25 681
350 384
242 320
404 581
429 177
408 484
489 712
944 197
821 960
694 589
247 266
35 541
95 592
752 649
71 637
690 525
913 204
710 79
333 421
733 154
193 523
747 100
870 88
741 396
567 321
410 587
951 561
636 565
751 376
518 335
593 997
458 189
507 368
827 804
962 525
606 539
658 497
840 113
538 814
927 449
427 974
249 506
86 935
216 183
995 239
593 788
456 648
349 33
312 193
703 245
189 122
954 188
289 372
162 859
515 363
934 546
329 916
77 738
36 378
796 640
874 321
110 687
674 964
636 371
487 86
197 787
16 820
954 275
968 598
275 345
122 645
64 506
481 54
756 584
565 64
962 920
383 509
489 839
681 971
861 879
763 213
642 28
357 290
179 487
289 184
260 142
943 740
644 423
141 891
16 174
2 596
669 52
353 892
152 724
406 64
738 53
903 968
268 784
244 857
431 539
541 669
603 403
915 507
302 391
43 908
150 986
503 526
764 293
67 150
48 52
790 133
226 726
172 978
360 698
414 40
823 770
112 785
5 351
467 171
342 618
204 740
365 306
167 356
617 676
452 992
772 476
134 100
78 984
313 517
394 305
731 863
839 552
435 915
324 297
8 142
322 823
932 316
397 643
439 847
209 834
489 588
95 459
756 894
842 468
547 265
761 467
394 714
573 683
609 793
318 530
122 855
143 451
581 710
385 85
772 593
522 297
963 377
950 648
146 826
593 499
955 84
599 221
169 677
391 955
205 313
950 520
474 942
652 755
15 724
654 234
458 329
851 509
973 315
290 827
228 813
976 732
928 548
204 245
195 560
886 836
735 855
193 806
200 295
569 121
724 446
213 438
995 646
955 795
359 342
730 355
859 220
832 772
245 324
434 476
895 578
432 568
398 58
47 869
886 970
861 927
335 454
63 678
599 934
314 946
257 463
207 353
558 56
632 866
908 21
195 862
313 996
143 5
857 487
876 801
583 544
228 180
360 39
220 739
183 995
973 315
48 919
646 203
237 554
80 619
846 26
509 743
470 641
330 941
287 251
908 116
598 24
600 778
800 379
334 340
649 688
900 180
102 784
485 390
212 786
73 582
405 698
941 119
807 792
473 590
462 396
523 635
733 531
387 577
788 27
137 80
31 924
742 454
192 662
657 918
618 905
570 527
544 99
522 544
243 658
960 969
923 250
249 528
698 300
873 668
522 329
172 81
835 827
559 526
735 9
488 562
997 161
952 724
563 555
794 146
198 175
140 366
778 848
44 139
471 791
533 480
295 352
378 855
570 666
926 474
926 426
430 568
352 806
136 558
930 646
438 410
632 785
709 553
984 942
367 417
509 950
497 823
73 948
944 147
967 298
422 683
849 272
140 75
870 152
317 696
50 776
323 241
114 958
712 788
898 561
231 630
707 918
316 166
225 404
530 798
189 822
243 366
670 236
9 18
155 822
767 763
729 228
582 995
920 735
223 986
125 340
284 58
104 861
171 606
299 719
110 403
372 152
562 296
100 339
599 123
292 829
809 294
65 10
623 691
673 158
855 967
90 465
425 390
39 491
826 991
314 931
77 955
604 314
679 587
487 709
880 29
635 668
984 987
923 858
828 564
39 170
597 458
71 534
429 801
761 634
180 272
278 854
15 607
963 681
831 253
923 107
237 81
798 989
345 196
607 925
559 72
756 899
230 473
366 536
482 158
266 717
946 672
70 199
65 299
360 967
399 418
99 334
483 267
427 876
873 781
215 397
154 200
250 634
268 475
126 591
426 608
382 50
948 115
426 419
13 810
402 858
386 705
515 245
587 589
551 73
10 343
121 747
200 191
481 637
152 480
755 961
505 298
319 206
342 132
532 990
718 304
177 406
545 983
20 144
135 772
290 320
810 651
300 964
426 217
978 707
357 854
955 88
12 266
237 53
890 603
579 985
990 998
862 38
615 773
774 507
748 843
997 732
684 738
742 702
965 848
64 551
963 997
171 1000
763 806
422 438
38 270
925 359
333 701
604 75
6 768
759 143
881 661
171 968
486 736
89 774
276 785
657 480
645 134
194 376
22 318
569 40
527 340
314 748
29 586
212 917
553 465
409 520
703 488
271 96
151 913
459 356
532 416
253 345
2 1000
449 201
740 459
807 704
717 740
802 879
428 885
490 974
355 722
650 268
276 128
173 976
796 475
571 933
892 837
774 574
989 258
534 463
336 503
1000 753
92 131
40 823
443 853
243 644
864 703
370 655
61 304
66 909
885 985
910 238
765 952
79 582
224 885
691 844
520 540
917 353
322 678
366 643
341 805
596 987
14 807
767 280
180 344
28 404
602 956
605 189
869 923
557 660
629 142
361 587
915 897
806 33
717 846
988 111
401 659
834 528
788 995
503 78
898 487
410 395
678 854
61 733
974 532
810 118
892 222
855 146
722 770
189 351
404 775
298 897
282 588
533 537
944 734
224 609
804 75
540 666
768 328
141 971
501 753
534 78
288 365
507 774
758 481
241 524
573 894
773 794
276 842
937 292
421 530
383 184
595 460
657 822
63 21
280 831
389 800
487 787
302 351
953 555
749 867
370 837
580 318
261 801
462 312
435 123
714 265
423 378
4 855
230 461
300 149
169 715
212 359
863 123
613 931
51 85
432 689
778 948
931 272
312 288
502 316
504 88
555 887
832 464
325 161
14 335
535 764
852 838
336 686
181 471
836 780
812 540
622 139
342 83
150 557
412 623
59 17
124 763
49 198
105 320
337 386
761 954
952 467
284 245
499 854
678 262
223 310
27 949
814 494
21 132
860 398
96 260
669 248
302 958
459 192
866 854
41 567
149 620
406 694
3 114
837 973
609 689
526 249
339 804
274 735
500 658
663 407
383 572
806 65
476 403
518 322
588 105
416 564
889 278
296 603
103 601
325 857
788 3
83 480
955 832
763 46
929 836
340 804
354 568
335 424
723 100
826 507
525 85
547 160
27 290
195 380
842 844
750 529
495 852
760 150
77 142
358 795
788 935
796 389
183 968
827 73
65 866
390 390
708 619
289 88
715 288
349 882
618 773
335 921
586 666
517 554
999 854
206 107
231 843
584 485
425 671
70 780
19 272
38 305
664 119
892 562
886 876
766 654
890 766
889 820
882 624
607 148
2 517
853 503
43 975
514 633
919 252
435 300
625 215
4 291
981 829
853 673
862 386
767 602
714 268
499 7
965 410
463 437
271 631
928 795
124 114
341 155
39 880
959 735
152 434
221 346
786 821
636 799
838 502
185 975
973 429
891 819
599 768
63 568
791 804
661 246
258 247
499 92
518 135
937 913
259 421
884 467
77 436
405 298
855 842
661 484
448 136
699 295
166 710
994 971
811 638
151 4
129 958
1 246
970 374
889 156
732 861
13 886
598 421
543 444
737 360
980 128
120 222
221 109
493 192
711 192
221 776
491 175
956 896
186 902
816 780
828 428
590 584
817 251
810 959
247 560
244 43
12 100
322 97
702 313
868 150
400 745
15 886
740 442
280 746
616 923
645 383
216 826
293 834
170 141
223 444
757 959
935 256
676 201
239 450
505 562
78 537
299 714
320 924
636 372
103 573
484 177
362 340
717 21
630 999
597 261
109 916
900 878
208 851
895 118
203 525
959 234
825 900
217 645
976 487
370 102
782 417
267 653
27 183
703 525
600 3
73 980
98 981
606 61
731 855
998 929
318 585
789 557
286 307
179 688
265 201
408 306
407 44
562 1000
920 48
574 523
145 72
482 779
991 556
656 949
856 33
327 996
115 346
615 204
425 543
489 290
756 834
132 808
170 560
555 73
762 440
782 401
12 790
209 918
529 511
942 949
344 729
202 420
788 391
867 34
815 505
277 250
209 701
871 882
87 908
35 646
794 406
423 207
600 259
723 203
626 412
534 643
312 897
11 919
73 605
791 84
972 529
288 966
976 202
172 880
737 372
708 123
785 38
721 686
858 639
37 114
567 676
64 726
555 195
480 423
139 457
262 3
546 557
394 524
98 22
538 671
952 254
932 433
992 709
995 756
71 745
26 659
98 803
53 326
30 159
893 676
132 491
67 217
46 495
202 714
458 162
966 970
120 695
370 169
572 743
925 654
580 133
313 190
684 363
32 646
417 82
887 153
375 91
244 145
272 145
310 628
775 604
448 631
548 979
91 177
34 62
799 19
433 387
236 136
25 413
919 873
975 588
735 134
502 113
953 352
657 769
491 182
759 588
305 969
748 638
798 825
594 947
815 302
900 750
58 768
78 889
189 370
941 760
111 19
75 356
285 125
269 99
798 658
629 897
362 808
64 492
599 983
402 520
439 826
294 709
483 221
308 832
903 466
86 853
73 188
32 457
291 938
433 643
658 579
389 434
500 812
49 164
208 277
560 748
616 261
355 939
659 846
54 36
478 816
407 899
454 771
384 954
958 547
617 452
679 849
11 739
402 363
201 551
240 10
500 436
656 770
430 59
768 839
451 606
623 382
732 822
852 623
409 441
584 974
700 204
85 577
632 984
925 724
267 971
546 270
732 37
396 425
26 813
101 554
455 319
656 136
101 734
343 145
427 477
950 641
149 563
366 277
430 121
466 30
811 402
807 705
51 39
86 402
109 598
77 422
984 746
97 15
22 388
848 30
99 223
123 543
564 581
875 899
19 624
539 262
570 963
228 743
780 625
245 812
940 319
861 554
640 43
330 422
930 880
985 459
928 41
710 686
750 854
7 156
933 219
737 897
859 622
191 684
775 360
553 268
577 277
117 104
740 792
966 485
80 160
340 91
797 935
457 384
208 525
414 580
200 969
688 867
90 110
661 866
562 700
876 818
693 60
500 951
817 147
24 209
870 974
245 809
240 663
209 492
739 272
811 375
258 882
646 134
269 845
262 164
995 791
48 844
695 870
20 918
380 233
682 296
234 930
239 291
323 47
194 240
106 997
310 615
481 840
669 841
415 812
518 310
199 681
128 286
328 260
150 636
278 336
594 831
835 191
44 313
338 593
954 770
805 373
46 607
855 559
248 571
202 375
644 146
948 567
6 509
427 210
686 615
226 306
590 308
100 900
809 262
555 396
648 498
346 262
572 675
529 585
992 31
639 802
349 182
995 505
631 882
980 766
396 65
786 36
25 689
303 174
287 171
193 281
144 409
22 561
865 545
69 988
315 577
320 244
196 646
134 688
324 789
77 34
873 271
331 900
833 871
327 400
46 208
421 138
307 997
596 291
233 336
717 893
85 578
881 90
281 895
436 399
160 246
857 664
295 708
604 548
287 329
303 545
688 855
21 418
847 21
729 149
564 420
998 751
971 660
770 561
720 69
587 601
141 345
978 993
140 873
646 916
174 350
382 4
496 840
662 827
91 270
25 918
865 896
284 637
630 604
572 694
997 834
192 187
249 10
676 110
344 194
286 997
702 654
497 677
920 168
685 848
624 188
207 363
728 296
615 441
979 322
97 137
19 26
340 276
672 272
650 691
637 695
527 491
323 566
468 1000
662 112
893 918
642 215
207 572
744 156
210 268
524 540
961 204
927 188
372 961
218 477
423 696
541 152
439 692
1 985
832 281
767 47
554 387
506 17
398 296
764 28
900 619
813 548
930 41
93 570
678 665
705 726
281 746
447 695
160 516
401 834
773 802
526 462
317 998
641 637
107 221
1 610
897 391
696 484
814 36
269 331
264 872
404 113
880 952
140 31
842 520
265 223
523 165
668 924
705 804
956 70
881 206
290 405
604 381
382 496
225 762
46 954
487 934
446 578
154 574
112 845
399 580
415 884
376 883
401 45
736 920
995 1000
578 228
307 983
761 754
389 519
240 877
857 545
104 991
559 150
626 65
914 126
682 842
588 624
289 233
79 337
461 846
579 56
230 462
16 966
835 919
640 778
590 120
166 63
980 841
683 127
827 124
399 916
573 28
86 270
105 902
599 864
135 140
713 813
140 877
341 570
367 309
311 8
236 26
461 323
68 722
644 219
948 972
700 177
521 526
291 720
840 856
439 719
127 933
88 142
182 916
945 224
684 946
244 979
114 469
601 57
781 578
352 904
46 449
790 347
552 915
758 691
727 257
259 59
964 437
300 179
989 461
816 948
565 655
796 372
228 483
175 593
437 237
334 386
60 17
951 807
473 698
649 142
260 97
533 740
6 446
400 261
757 353
934 573
157 348
828 26
275 523
350 784
614 708
163 837
941 984
911 269
187 354
141 308
766 469
380 728
350 271
503 86
783 471
300 318
286 963
920 624
820 109
505 303
752 863
70 596
853 489
536 213
142 268
273 924
797 225
251 605
500 826
55 707
877 804
982 931
646 222
175 197
517 726
682 716
370 581
433 199
851 474
434 188
656 916
275 279
621 501
378 94
422 870
5 964
888 395
865 806
502 512
845 133
979 981
577 610
37 814
649 242
420 21
66 724
491 788
601 449
811 822
232 979
379 206
457 357
380 845
863 441
57 164
514 66
4 512
956 247
946 19
807 335
414 273
710 418
427 352
198 513
208 705
959 425
511 52
976 964
639 592
201 982
505 601
41 434
818 681
174 95
866 629
224 233
953 78
594 703
302 121
701 180
82 417
172 380
968 519
457 175
785 123
116 929
755 605
398 824
501 888
270 405
80 239
116 606
736 148
403 863
492 958
63 30
118 354
128 743
224 571
623 756
843 48
383 168
532 320
839 353
120 175
745 514
157 965
356 131
925 92
107 38
27 793
159 782
808 481
107 890
241 939
862 547
540 357
761 164
178 909
703 310
824 737
366 537
458 850
779 61
67 171
354 894
647 561
737 868
641 624
809 301
287 223
117 868
786 994
895 662
456 446
863 294
345 55
760 476
592 220
140 563
116 259
367 515
352 3
79 130
728 808
238 789
938 710
755 693
596 68
160 686
12 562
370 4
810 584
362 725
701 410
710 267
270 435
448 295
170 255
102 350
753 787
735 397
297 466
2 211
479 319
109 7
186 489
552 953
779 486
514 897
903 875
304 404
218 941
341 885
495 331
723 574
726 948
326 547
533 901
824 124
65 179
303 233
876 860
380 634
179 258
696 521
836 354
268 294
455 494
732 813
501 664
344 139
278 546
444 396
868 640
316 133
711 224
501 339
532 242
235 616
441 938
650 289
648 220
203 511
927 597
460 591
386 955
442 320
245 880
245 5
429 546
145 446
399 934
424 312
300 94
136 481
751 274
888 773
39 780
127 11
751 927
457 993
125 725
295 919
466 659
241 229
92 309
467 313
896 627
555 418
192 927
438 902
19 569
805 86
54 752
73 804
15 363
396 872
358 376
751 139
64 909
20 452
896 135
902 773
667 949
236 354
808 390
239 569
869 16
501 660
404 293
858 108
615 663
14 742
863 22
593 723
499 97
560 242
299 761
247 76
386 646
591 233
624 295
642 521
189 360
156 385
417 838
740 401
140 750
760 322
84 656
31 816
518 881
371 566
548 670
155 548
607 877
777 460
163 178
56 323
9 721
145 700
168 834
219 672
934 285
536 611
722 228
347 95
804 242
864 390
316 470
918 750
377 460
717 273
210 370
330 401
664 678
722 943
160 197
815 486
111 124
676 6
882 272
29 85
22 197
378 46
31 582
127 848
44 330
17 960
470 566
562 596
810 476
608 564
943 421
259 740
213 154
861 535
457 518
464 998
874 451
901 878
955 664
309 265
263 848
883 756
193 858
688 473
291 637
781 460
51 261
253 615
531 49
606 988
258 930
816 996
575 59
961 196
794 978
521 834
2 800
762 921
934 450
38 985
175 773
230 853
177 474
232 243
735 304
738 13
206 793
345 837
88 58
184 521
41 970
902 621
92 560
878 2
966 992
830 882
549 701
403 260
868 269
762 948
14 299
96 997
927 721
314 130
204 659
411 913
710 258
919 651
440 836
77 258
336 35
987 528
557 730
244 377
817 887
818 721
221 640
769 374
562 453
342 713
640 127
226 79
473 25
886 328
275 19
141 449
860 852
184 938
565 82
948 204
853 518
614 663
968 459
846 137
494 454
681 349
657 491
542 596
74 643
978 670
237 43
856 41
14 987
816 460
147 397
347 782
116 890
366 193
743 739
160 114
682 142
774 941
966 107
688 287
738 354
515 584
151 792
693 137
994 481
774 470
648 940
617 894
475 262
568 958
899 691
4 757
55 644
102 537
421 912
981 80
950 357
331 333
642 89
549 524
441 216
771 463
107 348
670 405
558 980
128 127
60 532
840 960
172 725
993 162
842 143
241 257
460 743
813 132
851 442
519 230
866 713
405 812
524 825
170 568
225 702
27 774
277 996
958 763
200 341
852 753
33 43
611 360
650 319
599 451
419 103
297 439
250 595
643 594
784 705
32 596
350 562
942 563
469 131
738 322
260 222
219 692
631 987
228 906
781 865
97 62
20 387
956 307
560 830
265 405
454 4
305 763
660 903
385 774
297 859
611 674
154 816
590 536
490 807
836 968
114 271
511 180
375 441
387 951
617 135
500 649
760 722
738 67
495 417
610 607
547 32
542 523
916 557
413 999
85 973
687 837
690 29
180 985
219 833
692 77
38 105
757 769
619 103
926 811
207 276
239 113
89 896
727 158
925 54
448 589
759 313
637 898
573 695
26 426
578 1000
483 274
550 580
782 155
252 870
410 487
564 692
222 920
495 916
592 621
634 779
467 869
289 252
288 120
615 696
99 916
652 551
116 697
516 992
858 317
498 152
996 479
18 720
280 544
909 528
967 575
904 379
705 51
739 26
479 766
449 538
15 899
888 11
688 426
977 134
445 968
748 100
75 73
903 909
740 319
644 729
871 158
481 406
767 183
532 376
661 792
319 719
5 301
122 479
363 607
787 66
214 851
188 629
364 107
233 636
104 448
841 668
853 243
342 518
163 584
221 435
788 829
12 499
137 66
161 657
890 284
103 327
748 872
935 820
694 566
548 876
504 146
449 736
136 180
776 366
723 860
252 526
733 544
198 360
453 56
140 298
190 809
615 504
907 271
479 81
493 919
708 904
81 568
311 756
401 650
569 437
534 637
685 478
842 853
759 290
194 719
982 922
695 482
363 216
430 38
143 636
917 517
358 792
926 570
433 298
30 640
713 145
337 927
239 352
230 654
741 824
170 494
408 438
475 970
223 376
761 560
722 232
171 737
918 160
571 297
794 269
152 19
562 224
477 395
278 266
657 490
772 202
57 279
312 613
840 940
426 686
98 492
450 429
364 287
883 51
399 226
915 599
325 699
901 364
3 276
444 38
518 493
108 19
187 186
58 593
351 188
864 902
629 222
687 796
991 756
720 259
289 712
487 290
212 250
602 363
8 249
152 476
879 823
527 28
595 747
409 848
43 148
376 987
255 805
310 242
903 844
158 465
187 360
956 516
411 11
912 505
673 395
625 440
763 963
540 413
133 639
953 726
533 181
747 585
289 526
30 697
378 18
440 946
886 122
772 800
771 281
43 612
905 487
894 715
657 270
159 891
642 209
737 489
252 267
376 692
235 948
250 330
423 291
262 687
381 394
142 609
101 830
387 451
336 517
659 550
990 354
354 497
15 248
946 324
876 795
711 129
156 174
53 397
663 240
444 411
51 528
89 521
375 766
869 19
659 812
321 278
499 482
946 327
156 716
845 473
52 268
994 481
348 774
753 640
595 728
49 592
32 867
456 956
441 813
407 722
634 58
910 567
371 11
866 785
799 333
15 641
750 554
557 921
625 906
547 846
353 527
925 858
231 902
585 100
319 320
572 56
146 409
721 849
749 669
768 763
582 446
583 31
89 737
804 357
513 238
707 230
937 219
325 492
586 317
208 60
599 673
315 670
556 731
790 716
816 691
100 181
35 558
354 42
928 913
958 144
112 500
192 310
441 745
61 591
755 878
55 956
394 131
155 962
804 317
158 50
572 536
929 342
804 961
726 472
940 237
828 652
882 485
132 203
974 160
820 680
737 698
398 537
129 145
835 951
167 846
905 283
59 432
472 24
699 488
749 818
690 847
369 705
306 396
950 255
303 8
672 565
282 878
405 467
268 286
437 642
323 331
653 859
88 4
156 498
148 997
37 525
574 217
647 418
428 119
815 51
769 304
777 178
967 731
388 123
175 56
928 796
666 259
994 512
516 450
618 929
283 738
459 985
898 830
481 798
698 720
366 721
610 912
532 539
14 263
63 28
849 841
495 871
667 485
693 195
958 392
144 8
502 79
594 617
917 66
467 88
501 407
472 486
351 720
187 47
318 143
860 495
149 923
159 286
387 663
404 845
603 689
388 898
887 977
455 225
626 597
420 597
813 695
589 580
150 656
151 390
198 140
320 6
406 912
132 885
899 108
569 600
275 136
393 161
877 274
519 852
783 241
410 685
710 727
249 141
939 129
460 532
822 258
330 943
258 60
183 587
298 367
809 378
126 968
421 191
648 487
440 662
598 393
59 40
155 409
301 688
654 571
225 564
697 993
432 549
139 134
699 887
15 2
869 6
695 434
591 667
167 335
863 957
298 988
207 761
595 26
201 702
283 9
812 373
871 600
314 175
811 405
94 252
744 142
532 345
764 965
411 448
439 686
353 678
515 718
604 552
354 402
51 384
495 48
69 255
307 508
327 34
683 552
396 91
222 510
711 437
160 226
881 848
349 808
969 83
815 120
204 315
652 597
31 209
894 521
395 633
56 702
460 19
360 876
798 17
820 313
32 910
51 877
606 724
323 476
768 720
139 896
790 466
473 100
410 23
472 483
898 827
920 836
626 843
531 581
442 351
320 308
921 201
728 841
797 596
541 891
93 132
8 972
53 755
877 80
471 475
4 261
989 878
610 856
22 91
303 581
661 178
360 555
83 487
657 122
395 96
233 126
613 856
54 820
252 818
963 339
406 605
435 772
616 988
939 235
207 382
556 455
143 954
908 587
219 117
277 360
456 124
254 502
677 602
177 186
334 154
189 90
91 231
909 49
383 839
55 417
810 629
810 201
136 301
786 872
3 446
639 150
723 360
144 482
123 961
455 109
564 930
468 43
927 724
506 197
327 216
688 380
509 703
693 930
135 417
105 800
655 408
75 730
675 797
56 886
713 205
114 633
755 16
432 596
380 118
220 585
315 506
580 606
228 476
66 911
412 305
539 185
151 287
963 508
606 614
455 654
624 311
418 214
679 905
137 983
564 831
815 255
756 969
929 618
837 425
780 307
543 349
836 301
115 963
150 697
300 901
404 113
471 963
497 548
128 409
377 761
151 455
4 264
456 873
692 297
775 713
999 155
116 666
859 51
944 952
936 68
422 815
901 430
705 608
470 794
518 363
484 598
943 206
499 966
966 382
631 630
327 241
924 838
796 108
986 816
798 156
601 429
210 546
174 300
402 779
500 129
335 137
437 517
498 964
460 305
159 962
546 379
416 134
919 222
251 609
517 665
322 105
584 524
828 886
841 318
621 549
34 954
379 472
994 213
888 255
449 55
229 61
905 699
44 808
868 640
787 367
116 793
578 668
901 394
844 785
44 191
714 167
415 676
883 616
388 611
944 560
195 111
566 533
386 384
142 47
331 265
238 77
990 778
689 487
662 698
470 949
90 910
393 319
642 979
130 386
62 444
401 775
761 53
7 522
928 643
600 189
551 828
500 420
575 737
847 489
524 298
142 205
52 414
978 624
621 658
204 686
920 357
984 8
186 994
242 422
755 44
956 298
662 841
47 265
911 866
998 320
399 65
391 127
447 348
312 399
544 873
357 807
606 955
152 837
17 638
344 754
617 332
837 625
295 894
405 326
946 137
680 743
178 655
367 546
999 291
467 498
77 364
762 922
108 730
421 974
815 997
475 38
143 957
6 855
671 59
157 935
980 229
450 558
849 881
323 966
620 462
815 318
404 997
372 793
276 784
164 590
571 348
573 344
219 936
706 132
148 153
914 101
917 523
949 96
957 334
223 60
856 961
182 910
197 436
741 444
657 618
733 455
905 481
191 888
527 798
344 790
927 663
820 500
660 380
91 230
186 76
348 946
673 792
510 204
568 621
451 729
663 76
395 880
472 146
401 595
359 553
519 326
976 764
300 348
664 51
103 78
448 768
682 525
377 630
196 535
60 389
179 402
915 487
138 943
62 1
475 486
425 285
39 258
114 171
567 660
920 926
186 191
253 75
264 582
323 403
531 218
579 999
776 529
455 714
409 906
260 238
724 617
502 243
405 671
154 671
392 556
902 263
539 35
108 836
660 540
851 16
687 970
274 592
155 320
624 569
414 49
737 383
353 384
360 916
927 26
308 354
252 105
295 281
343 874
736 57
781 959
322 776
826 687
976 604
673 965
853 482
17 207
307 871
526 905
714 993
133 63
8 587
542 108
835 141
241 616
35 372
899 565
654 491
334 213
568 724
373 270
520 815
757 248
657 156
875 533
323 916
390 230
228 236
386 612
76 238
65 97
66 647
426 230
983 323
728 160
317 550
630 921
138 674
805 387
82 135
871 282
437 97
724 892
135 144
859 953
282 451
752 10
759 505
622 671
106 392
949 635
183 40
701 225
545 570
989 922
253 536
4 290
550 464
737 501
913 607
197 949
217 771
199 565
859 736
206 663
3 369
945 239
872 517
911 454
373 280
62 115
668 17
744 163
302 785
496 335
240 123
875 535
354 322
317 219
793 603
322 771
78 282
542 206
432 683
802 864
8 710
667 71
82 798
502 769
66 687
543 195
699 868
348 225
798 348
57 831
937 821
295 877
266 469
67 223
909 436
242 4
847 683
60 766
817 235
520 187
474 973
288 835
812 567
436 189
779 986
476 115
548 135
515 885
67 403
779 294
978 234
562 339
778 342
756 614
481 339
129 912
519 610
688 349
184 838
5 430
558 856
621 119
442 141
866 111
133 185
389 553
84 82
899 690
698 526
416 556
64 397
973 937
51 223
469 74
127 921
541 214
954 888
72 211
874 796
25 671
876 57
941 532
262 237
862 443
84 927
458 152
146 526
22 315
760 844
178 245
485 472
902 947
726 325
632 140
407 568
403 383
749 353
1 388
82 112
351 67
583 93
647 82
104 746
432 955
945 705
351 890
844 171
276 759
97 699
532 262
334 404
319 792
902 496
158 78
891 708
527 92
603 55
555 9
166 710
495 102
900 379
647 445
535 344
19 409
361 848
482 441
202 86
731 138
315 617
546 739
317 368
408 295
337 785
660 294
449 440
525 439
949 945
641 234
707 999
251 947
536 836
310 366
42 670
941 559
711 913
466 683
270 751
314 335
789 566
855 796
456 403
829 49
206 607
96 333
540 605
599 255
950 585
971 456
770 479
104 853
645 807
449 474
212 880
948 570
755 905
70 280
259 585
933 616
629 779
680 595
897 819
675 780
900 348
757 66
86 779
334 756
609 579
456 65
181 96
454 43
705 501
500 854
970 475
230 527
332 640
521 951
907 784
657 750
966 350
361 935
302 740
910 996
491 82
579 607
631 502
9 298
487 590
228 5
961 393
649 988
303 788
147 331
777 107
113 990
786 782
739 917
186 570
564 399
261 8
320 238
686 297
530 216
996 970
225 446
974 608
890 681
823 584
885 278
198 726
396 832
79 876
352 803
361 942
769 950
559 250
962 442
471 728
3 74
307 732
382 452
825 977
341 86
799 911
582 816
156 925
887 895
163 746
749 474
394 216
703 22
95 733
635 796
914 554
130 335
52 175
254 341
403 802
597 118
521 61
350 521
149 254
469 427
383 838
838 68
566 214
915 701
826 404
38 280
703 392
639 145
954 843
857 379
66 256
338 399
586 714
887 928
408 407
770 113
281 568
802 435
49 91
747 418
745 289
963 716
623 214
771 54
916 578
328 365
585 209
625 580
644 903
2 886
757 768
563 666
720 733
221 247
325 946
600 508
119 652
482 444
989 485
591 164
154 882
949 634
731 503
332 786
420 39
922 756
638 718
260 518
16 22
805 215
272 675
636 234
343 275
93 536
803 764
774 374
834 407
799 237
518 427
600 801
520 75
670 998
549 867
15 534
129 977
879 845
813 120
204 312
24 72
661 257
824 740
458 142
144 469
425 197
429 166
3 99
918 886
56 567
151 616
716 556
907 320
943 175
95 736
779 829
189 789
89 239
29 508
715 330
664 753
496 13
929 136
67 416
780 953
458 800
115 224
515 230
603 477
34 224
660 288
140 480
4 714
213 190
866 814
408 169
797 924
156 625
60 745
28 300
782 267
181 916
196 799
489 823
774 556
508 839
525 626
236 579
943 620
940 968
629 853
574 305
883 562
300 577
228 539
484 774
464 587
340 966
592 225
821 635
300 881
930 341
567 233
92 732
591 580
9 381
514 643
833 193
886 49
900 488
14 993
233 802
885 398
970 195
962 116
968 483
592 185
474 786
293 850
796 816
70 464
85 526
634 204
362 874
102 267
511 700
753 406
355 41
749 227
968 355
824 905
750 193
989 866
731 289
196 64
17 387
94 10
374 423
628 318
450 441
26 910
676 557
441 192
490 726
523 77
10 201
499 208
724 431
966 720
466 650
849 79
155 889
404 210
150 998
229 642
65 719
250 390
793 56
112 229
341 627
95 902
241 461
282 581
246 386
71 644
237 496
454 858
938 218
140 390
812 396
640 739
604 924
750 273
323 64
254 9
466 765
193 598
999 638
475 864
308 926
691 966
916 782
683 353
594 872
400 61
880 208
702 871
617 277
318 105
100 995
885 882
84 886
231 833
719 369
256 732
254 555
639 36
526 78
464 838
535 505
847 5
182 301
217 931
551 954
149 717
284 12
975 517
568 689
826 460
111 337
803 242
536 449
508 920
293 252
353 536
96 798
387 736
412 727
780 612
976 236
922 357
32 79
645 774
961 16
263 604
658 566
914 84
98 225
519 548
590 398
690 279
30 639
764 208
231 581
680 558
367 618
212 534
122 781
419 113
649 680
521 486
195 596
970 896
164 611
848 224
158 909
624 652
137 273
113 725
388 276
563 27
722 34
498 655
747 518
877 781
516 57
146 957
623 454
844 779
226 914
829 423
60 770
43 286
873 916
695 191
910 802
255 71
831 250
912 894
348 510
217 603
364 851
149 458
368 179
527 61
527 687
835 898
