448 948794063
157 189
943 84
142 107
361 359
261 343
890 209
954 3
595 979
910 851
662 786
270 246
373 459
336 425
346 14
349 907
640 473
260 632
64 595
48 370
387 311
279 997
799 698
328 155
996 31
630 105
46 69
814 513
60 487
676 302
625 422
863 696
781 642
136 177
495 423
426 400
574 467
618 216
75 961
285 844
470 49
521 60
72 258
302 16
389 68
850 39
267 655
186 889
413 141
807 868
728 261
700 866
816 845
371 672
38 191
874 746
474 9
166 638
213 890
881 18
710 420
39 550
484 679
883 939
725 721
166 857
243 194
191 469
626 30
125 979
553 341
847 52
913 568
323 407
213 240
822 479
75 295
863 697
733 33
370 533
104 318
849 815
950 577
818 441
726 827
970 280
825 570
699 717
178 185
291 45
390 872
799 233
98 914
491 706
221 540
672 992
763 303
304 913
993 535
102 131
684 90
565 167
113 721
969 989
877 571
771 317
817 294
938 144
2 17
605 258
374 27
126 439
677 49
164 859
13 696
426 935
609 965
644 809
562 686
510 947
361 107
513 765
47 103
843 407
681 178
89 497
104 118
172 966
466 966
416 394
290 314
337 239
661 47
993 696
154 696
781 462
766 91
112 295
304 309
81 996
350 449
670 930
263 272
667 520
246 683
996 12
831 596
294 294
498 735
660 963
456 308
647 702
792 167
739 278
749 238
161 305
160 911
215 323
127 923
165 79
524 417
308 841
580 1
913 357
793 995
959 766
9 872
725 971
153 529
34 40
845 209
770 378
153 549
2 144
961 298
173 110
614 474
158 109
141 323
871 654
380 227
22 252
640 446
506 121
203 270
43 594
820 910
246 754
38 956
73 714
17 356
606 740
270 831
878 777
195 967
236 735
18 62
910 733
650 888
271 880
686 844
689 743
954 234
737 399
996 768
731 904
164 322
461 561
236 740
379 283
674 918
325 663
681 752
915 601
838 694
994 49
285 952
778 676
853 274
293 560
644 116
416 12
693 392
66 374
196 8
74 598
244 781
442 688
735 473
565 831
274 689
887 571
486 817
700 850
953 781
680 905
48 29
179 109
475 870
131 669
947 879
714 868
131 711
498 194
240 368
335 469
444 553
570 797
944 63
486 846
134 47
761 797
269 154
182 918
750 577
350 722
599 532
739 144
427 994
610 788
572 812
66 652
117 389
661 733
867 917
141 363
500 719
973 377
679 535
260 102
995 36
16 456
476 807
3 5
253 924
724 428
759 832
37 763
99 891
340 959
714 707
811 538
183 444
680 781
441 360
649 260
94 496
712 215
999 278
764 570
969 47
792 2
610 694
805 314
9 305
843 210
173 449
135 162
579 25
325 29
454 88
361 263
835 291
194 271
649 935
617 825
359 198
621 402
174 179
647 188
82 739
698 298
11 928
19 51
615 699
73 996
461 181
152 52
4 444
643 708
557 771
570 587
735 339
876 918
343 82
978 506
781 792
810 111
504 136
735 755
301 823
994 548
152 442
576 549
770 964
696 318
153 823
674 392
601 101
546 977
328 964
488 940
288 446
736 309
805 780
666 264
85 756
674 41
249 273
417 757
77 904
194 732
651 536
37 871
14 139
861 546
29 986
700 67
370 969
64 947
196 482
324 983
731 696
529 194
721 944
95 288
606 185
576 357
874 268
718 423
135 129
212 132
447 796
794 998
858 304
498 474
675 77
880 420
862 555
624 630
135 360
581 536
224 842
150 994
111 91
359 225
971 335
870 828
465 94
587 267
392 386
929 1
481 791
637 50
98 588
881 360
300 219
29 78
949 795
68 207
804 679
162 225
833 957
536 433
137 417
429 617
805 120
258 271
125 802
812 891
139 715
304 930
870 654
994 511
332 965
227 540
75 16
681 792
406 353
478 305
653 807
500 945
474 431
482 666
674 625
123 544
619 677
344 442
585 930
155 603
520 947
542 6
539 237
130 368
357 157
377 54
302 299
354 156
248 145
179 280
769 295
492 755
481 479
12 764
178 700
63 624
326 187
621 156
957 412
