547 466071122
711 686
252 926
745 709
985 899
840 989
304 569
581 841
388 473
580 659
751 677
834 894
875 237
824 645
537 1000
74 280
938 173
182 530
226 742
849 548
884 245
286 134
44 472
557 416
258 983
391 1000
446 833
249 777
667 762
243 901
962 759
727 570
633 805
101 530
210 274
811 163
517 304
314 472
885 311
558 68
912 660
57 326
618 675
117 410
991 500
459 491
79 383
192 271
856 6
115 12
733 563
413 627
830 147
574 385
495 170
101 387
624 473
112 384
91 697
866 756
761 87
534 182
444 268
318 624
644 414
959 210
938 94
994 562
581 515
461 254
53 123
856 880
79 427
161 246
656 235
337 136
912 953
83 642
665 232
886 162
514 308
434 411
733 811
999 658
668 246
16 802
325 966
349 869
25 346
698 881
53 628
408 731
341 344
634 632
349 873
94 862
683 677
898 221
551 79
811 422
594 986
827 488
775 722
589 367
366 767
605 790
425 385
668 219
209 681
253 284
927 590
673 69
48 799
840 804
38 105
78 507
774 598
504 772
271 493
44 291
38 193
491 455
221 208
932 333
266 614
503 388
946 686
959 741
878 612
398 777
478 641
864 887
282 677
650 584
83 737
502 966
148 888
145 496
84 281
255 991
916 727
124 586
8 296
801 315
707 288
328 19
115 524
727 214
987 338
865 452
659 452
436 280
500 240
544 41
994 538
541 718
395 447
573 185
462 716
236 764
25 510
628 861
654 805
112 237
753 737
791 359
845 906
212 786
777 252
151 910
649 688
377 678
803 155
642 797
342 820
319 291
887 836
753 958
588 104
540 795
424 228
613 867
780 1
267 459
683 134
673 528
943 727
348 408
121 189
575 781
858 45
720 898
294 936
297 314
109 553
846 164
661 275
507 333
719 977
326 236
66 565
369 706
61 82
915 106
213 250
130 260
697 33
453 578
868 210
844 544
813 719
611 140
977 159
795 205
165 208
13 6
754 435
970 226
291 262
237 713
797 487
467 831
754 142
352 626
999 738
449 909
216 605
764 660
576 359
656 668
158 12
666 187
733 353
207 265
401 189
219 217
128 8
800 479
505 134
87 169
875 925
557 809
230 101
317 698
892 368
772 834
240 767
861 92
428 436
682 540
317 462
679 917
467 717
488 28
824 792
43 739
501 671
100 340
376 807
237 245
284 98
556 448
82 985
89 669
333 115
522 120
185 518
897 586
430 934
547 872
117 653
259 327
873 618
614 727
189 553
294 668
853 439
902 360
188 465
50 153
264 294
327 794
422 925
812 965
50 275
327 518
55 138
17 28
649 994
802 908
753 16
231 299
572 280
722 557
623 162
60 602
73 31
483 776
500 71
507 384
92 262
300 173
369 367
562 902
559 884
257 903
421 785
457 305
226 844
213 806
519 763
967 207
692 271
499 546
498 227
295 57
395 648
27 509
695 958
743 946
246 137
769 578
496 190
201 681
320 616
490 491
675 944
520 187
227 563
653 995
342 25
600 961
114 376
158 89
965 114
217 49
715 181
489 124
388 350
963 931
301 500
828 59
988 189
150 510
737 333
905 862
28 361
161 113
599 286
64 721
37 661
322 985
372 532
210 535
296 990
658 437
220 117
906 347
88 818
624 688
543 43
452 334
182 956
430 638
433 37
545 599
103 718
715 431
185 946
99 664
951 714
882 844
211 857
941 934
415 596
604 772
152 779
550 527
946 582
66 72
248 346
651 118
964 770
742 834
779 994
21 381
580 312
234 644
707 165
536 849
483 471
861 436
711 706
859 675
939 628
737 947
265 782
273 450
216 691
165 778
3 203
556 815
848 841
154 772
290 534
334 825
715 387
735 346
492 277
66 435
642 527
307 405
898 303
308 263
636 387
538 318
244 354
628 202
565 160
358 821
16 496
845 974
909 261
858 217
233 557
860 321
159 522
789 259
243 320
208 348
489 431
473 937
131 621
336 803
94 456
489 120
963 658
605 20
943 964
797 564
989 603
692 392
469 667
822 249
794 979
123 693
44 349
613 341
51 798
589 657
9 682
615 96
255 694
330 954
855 398
169 738
156 95
231 270
664 963
480 569
589 845
445 234
77 952
853 386
924 173
349 817
793 330
925 752
706 923
172 397
657 540
140 44
531 542
443 354
77 297
498 74
417 938
61 505
257 239
650 275
315 592
931 566
20 445
422 670
557 894
263 906
847 282
555 253
696 901
439 910
386 457
992 539
544 290
292 999
957 722
923 141
42 275
796 795
986 937
63 478
20 131
390 214
815 523
343 999
292 135
99 676
474 492
576 998
544 852
882 648
356 86
196 404
635 530
666 662
524 758
875 58
284 423
40 576
226 883
688 73
900 492
380 299
16 526
103 413
54 80
887 791
166 247
378 225
577 268
968 251
427 934
471 813
696 364
188 840
591 228
870 545
317 859
364 33
348 989
784 634
581 621
547 313
907 465
220 9
925 197
707 607
423 330
271 623
