100 47
37 44 37 76 41 94 22 95 7 55 50 15 21 98 63 46 19 96 75 59 74 38 78 26 69 60 77 92 77 79 59 43 37 46 27 59 26 83 9 46 29 9 6 82 19 96 92 4 2 27 86 69 54 80 14 12 18 52 77 94 78 53 32 1 98 55 88 81 80 6 1 17 93 52 80 95 76 89 6 83 36 48 72 80 26 22 89 39 49 11 32 82 69 7 95 50 1 23 3 90
77 89 34
86 91 13
92 100 12
80 100 67
1 82 7
73 82 46
93 94 98
43 86 13
51 94 43
33 44 94
72 84 54
95 96 22
54 62 36
45 98 77
22 33 3
30 46 19
85 93 83
87 96 43
42 81 39
80 99 14
87 96 60
24 33 82
37 47 75
52 93 49
35 38 46
29 62 60
18 43 86
12 57 18
16 31 68
77 95 80
79 92 96
60 100 69
57 62 68
36 37 54
33 73 77
47 60 45
12 39 48
57 70 46
29 79 78
38 57 93
28 29 78
60 91 66
25 74 18
77 84 5
32 78 47
30 88 33
74 87 86
