368 661
402 145 488 641 833 795 199 195 169 573 493 454 911 97 258 671 89 260 463 580 525 389 465 602 426 979 588 394 355 566 279 876 122 106 97 879 985 605 691 784 405 685 773 2 225 984 226 369 456 213 648 64 36 991 834 801 157 463 140 521 701 110 701 560 85 489 473 149 759 886 250 606 500 475 496 883 370 139 668 832 693 424 189 353 402 67 962 272 984 342 344 207 897 369 633 973 186 73 741 681 262 178 6 417 631 934 347 993 333 700 479 658 232 566 156 479 216 418 211 589 160 666 463 366 557 259 96 376 882 881 775 59 471 506 370 405 470 363 150 968 181 55 984 190 715 833 111 178 438 854 811 614 529 984 897 497 913 78 442 556 560 237 581 84 153 627 499 911 859 38 855 30 227 796 199 116 88 384 474 972 245 175 366 440 273 168 604 954 804 302 939 378 132 546 523 49 431 539 557 640 322 52 834 195 443 347 289 814 424 914 662 336 116 680 990 958 700 973 508 964 459 121 838 542 837 977 386 672 876 873 315 540 601 738 146 44 856 35 178 860 812 153 377 72 867 239 422 109 437 312 821 819 70 637 857 972 699 388 816 957 97 558 947 123 680 467 844 81 1000 724 80 263 894 423 778 665 192 569 666 64 545 764 305 988 715 373 121 558 588 540 178 993 489 722 583 184 6 878 94 804 590 262 971 725 399 78 34 924 523 22 550 531 992 268 650 244 404 245 15 853 828 699 288 525 202 920 299 660 958 294 217 256 407 693 562 313 33 83 93 477 330 342 933 795 465 187 111 107 811 598 271 860 44 653 54 269 841 281 306 279 199 933 186 68 97 941 57 187
21 348 899
301 314 691
111 235 212
112 157 617
46 175 502
260 311 866
246 325 750
130 177 2
277 366 557
288 337 564
91 254 684
33 293 778
51 229 744
217 290 390
183 322 246
18 236 198
361 368 749
251 272 796
159 260 824
149 222 249
152 169 322
143 156 195
72 266 774
310 360 722
345 356 797
16 96 824
200 206 709
32 85 425
203 363 928
200 245 22
162 205 232
123 151 986
285 333 534
141 146 646
284 319 448
180 279 218
274 336 428
303 322 925
144 307 438
361 367 347
74 122 572
173 280 512
215 330 392
266 304 601
119 178 808
294 335 355
357 363 391
227 308 780
168 301 201
91 238 208
257 323 884
333 347 678
73 299 562
322 367 562
20 339 889
270 355 499
77 133 813
342 349 885
158 286 58
135 184 662
295 326 334
69 320 35
73 310 96
334 367 759
317 363 650
131 343 712
86 107 814
179 351 229
367 368 775
73 136 972
359 368 51
283 295 530
220 302 697
11 244 489
28 307 744
317 349 577
177 268 833
49 81 578
3 175 615
344 367 867
56 327 190
191 221 412
318 329 969
136 203 666
16 169 904
21 252 10
59 136 959
195 355 483
205 249 450
270 355 894
32 53 307
150 343 484
106 159 307
23 182 79
158 362 845
144 240 90
136 315 778
21 303 75
143 309 605
299 326 102
361 363 989
302 321 734
174 321 379
322 339 884
160 165 611
256 284 509
171 252 145
256 269 92
1 309 754
350 353 242
264 293 448
271 308 937
19 206 551
39 329 656
279 288 922
71 118 672
357 358 950
30 281 799
155 300 549
213 287 424
152 217 99
16 47 810
56 130 574
207 293 222
31 255 953
94 219 257
206 322 524
207 301 869
332 364 911
294 325 724
304 358 764
201 242 430
19 329 345
250 274 769
54 229 990
150 216 973
61 303 101
277 366 167
27 135 280
3 68 47
16 139 351
7 83 866
192 316 663
207 335 466
164 172 78
97 286 280
232 278 916
300 328 266
183 307 655
277 358 47
294 349 615
145 349 458
137 367 84
272 339 636
109 234 605
151 256 189
99 255 618
123 291 390
176 236 162
165 260 901
161 335 159
99 242 701
315 332 474
63 333 553
18 114 869
364 367 3
56 74 274
283 299 698
176 262 563
170 305 957
195 351 154
271 336 6
181 367 61
331 338 972
147 287 625
357 359 955
246 261 801
232 268 937
312 319 432
295 338 296
337 367 849
356 362 542
354 358 232
51 180 318
237 246 360
141 257 153
268 306 449
182 194 55
195 246 793
104 258 242
131 163 182
251 299 608
298 368 421
60 99 559
285 331 923
43 338 455
323 328 122
229 248 959
263 312 781
25 349 495
363 365 170
53 157 737
269 325 862
75 250 487
156 189 596
350 363 706
362 365 662
314 327 608
186 277 678
365 368 841
169 230 367
267 272 975
283 286 276
236 264 193
217 318 718
183 310 378
272 285 964
197 213 114
221 347 188
317 327 895
236 338 444
298 318 815
144 225 618
148 163 208
139 234 357
1 111 493
35 89 371
162 303 596
92 179 887
34 328 348
164 254 535
212 331 710
153 337 853
285 296 934
50 149 270
212 239 352
133 335 140
97 271 253
45 183 79
37 60 938
235 279 875
217 274 608
195 208 739
282 294 473
358 364 213
153 297 858
226 337 750
345 354 782
137 310 997
71 362 226
188 337 236
281 287 556
68 308 445
136 359 929
208 268 687
35 314 35
200 280 722
71 216 365
168 258 186
34 273 521
100 339 991
350 359 72
365 366 414
165 350 832
301 328 674
332 354 974
259 341 171
172 350 670
87 115 771
89 214 103
45 72 596
67 319 335
248 262 587
306 339 96
21 287 559
237 318 444
189 331 718
146 305 63
30 257 899
190 363 694
67 267 521
365 368 995
257 316 16
214 256 959
60 316 547
214 306 858
222 299 532
260 322 998
292 317 531
188 225 583
268 312 724
205 284 805
290 308 964
68 114 280
330 365 776
286 350 531
200 317 728
273 349 770
102 329 227
148 191 376
94 190 206
220 273 758
5 6 5
261 270 689
8 89 365
275 365 545
139 265 782
192 275 62
348 357 825
217 362 886
159 292 445
84 171 751
150 332 22
274 368 390
198 201 236
239 293 605
196 266 389
13 292 670
206 230 993
23 102 528
87 291 888
200 274 979
39 136 687
265 338 99
225 328 857
309 314 978
21 60 964
106 226 440
148 343 424
229 298 767
190 244 915
191 278 925
164 174 673
48 74 73
90 319 654
112 188 586
104 249 173
327 350 902
115 303 339
236 317 422
157 300 575
135 137 88
251 363 979
206 276 570
127 342 301
29 349 41
54 357 324
209 319 955
331 348 694
34 49 935
8 228 500
116 358 487
288 365 727
334 348 416
323 363 357
253 263 767
172 230 650
37 293 108
330 355 482
101 233 781
64 158 114
260 305 322
298 307 981
114 131 298
282 368 757
281 344 247
338 341 893
102 343 460
279 361 14
122 128 533
335 349 480
332 363 980
252 274 686
325 355 761
137 213 93
111 161 547
81 211 145
173 206 264
173 340 20
363 367 913
97 236 108
206 323 784
348 362 103
135 356 194
112 127 801
231 330 441
363 365 179
125 293 476
137 253 21
88 328 912
240 330 549
210 246 735
110 128 782
139 256 4
6 154 954
32 313 832
95 250 485
240 297 904
198 340 878
322 347 477
280 322 240
64 283 447
229 250 801
61 97 788
181 353 447
89 345 350
184 282 738
365 367 740
267 290 715
62 143 34
336 352 144
355 367 687
305 348 30
23 207 825
250 325 427
96 362 593
308 352 302
81 213 164
203 310 431
283 362 404
43 273 246
136 285 554
283 324 834
204 205 458
324 342 451
321 362 491
113 285 983
73 74 934
50 58 489
4 231 452
106 241 610
346 359 613
335 362 853
258 311 319
18 22 954
170 285 302
315 352 706
252 285 808
245 332 912
114 163 395
177 364 801
266 339 358
120 220 493
291 362 662
138 330 814
6 155 339
201 232 863
40 185 23
359 368 952
180 248 101
121 267 184
114 253 686
29 314 233
254 335 943
277 314 673
94 210 332
26 99 998
156 301 717
282 335 284
265 364 230
61 169 545
308 363 761
107 341 183
216 254 539
122 287 679
41 224 92
155 257 492
24 224 325
21 152 273
259 261 112
11 312 455
94 261 861
185 208 970
358 362 364
133 169 245
167 194 47
130 270 121
359 367 345
242 335 790
120 138 326
181 248 152
314 368 541
203 209 688
78 113 363
331 333 760
322 351 71
139 206 31
138 331 915
296 345 934
3 275 231
84 105 867
256 320 228
260 296 65
90 216 757
171 367 701
358 368 168
177 292 866
44 242 528
101 212 492
332 337 697
146 209 495
183 262 914
259 352 557
175 326 997
291 368 851
228 367 58
122 221 966
108 205 421
31 80 487
23 221 601
296 324 138
102 149 533
81 287 249
28 231 859
144 170 645
141 345 912
36 177 774
103 125 571
273 344 411
108 237 572
129 259 633
165 317 685
287 359 485
173 217 920
264 299 843
115 354 955
167 332 393
19 150 141
271 285 535
23 69 157
150 270 458
311 364 891
251 335 156
32 218 799
149 257 178
326 328 94
238 341 935
214 235 21
285 362 30
314 336 711
124 200 201
91 249 221
219 287 781
126 275 37
65 75 847
228 318 427
206 284 487
62 161 462
41 223 611
301 364 275
320 357 197
85 184 238
340 358 355
221 290 562
32 160 296
333 353 589
121 329 331
273 347 371
285 367 293
34 343 481
85 226 851
351 356 243
191 328 828
185 260 671
27 100 949
113 152 565
53 219 532
65 245 987
147 203 970
81 117 297
72 183 236
84 296 335
203 241 251
310 321 505
363 364 653
337 339 534
158 247 221
9 228 33
256 318 360
359 365 186
77 79 168
53 293 781
284 303 464
343 347 987
361 367 692
108 178 390
158 253 187
365 366 130
271 306 984
13 162 67
349 366 760
161 291 355
329 356 829
67 221 317
349 366 838
238 311 258
185 334 106
168 336 209
113 187 429
205 350 74
187 209 756
277 346 694
168 284 568
72 113 186
159 249 511
110 215 103
78 295 354
3 26 319
113 126 98
121 314 299
175 184 682
241 319 211
215 259 879
141 246 24
155 360 796
282 303 68
345 348 827
75 255 711
81 113 338
181 327 303
58 175 453
8 235 880
341 366 680
98 155 977
206 228 752
86 248 556
4 120 331
133 203 369
51 249 704
14 75 503
152 342 954
52 229 545
135 314 798
366 367 729
72 275 883
171 185 880
140 249 169
220 237 832
120 271 70
143 295 786
339 345 510
136 302 294
232 367 254
55 224 941
172 310 3
81 314 495
274 344 112
164 286 161
35 189 766
316 329 708
184 297 761
306 317 898
99 341 623
204 259 538
253 265 660
169 264 247
52 106 904
366 367 181
69 359 887
213 234 31
198 240 777
