777 613
844 521 632 407 414 470 361 427 556 11 246 279 679 807 706 433 497 441 634 54 702 236 460 588 810 469 71 896 594 827 658 643 180 665 700 888 897 72 462 809 32 120 633 637 206 86 442 56 296 848 41 548 794 872 176 365 10 912 381 881 972 230 477 891 8 289 294 962 417 936 132 808 932 833 333 485 838 434 453 300 415 77 115 756 249 562 855 465 943 837 889 654 535 382 910 206 959 822 134 327 948 454 840 181 372 151 307 858 284 616 928 177 833 771 823 297 126 409 820 460 71 154 720 138 526 993 261 56 439 68 692 753 163 971 352 186 539 411 865 872 47 183 616 174 597 826 862 696 735 529 952 515 601 587 839 319 926 931 244 121 736 310 460 227 474 29 612 711 865 375 95 194 903 666 137 525 382 611 164 169 209 824 580 943 850 203 969 394 371 170 858 439 355 82 433 819 668 949 871 12 106 331 427 882 633 421 292 780 871 602 661 166 899 29 145 380 616 836 686 564 116 450 272 383 332 296 633 560 870 404 218 315 882 363 112 171 435 651 286 664 961 417 452 451 436 600 700 943 299 942 460 487 469 294 745 411 319 442 828 699 670 97 221 54 446 523 105 404 444 640 522 233 125 590 860 371 680 220 509 347 834 105 751 13 257 595 725 788 537 165 307 857 851 103 749 564 416 747 978 985 811 730 831 210 691 30 400 900 61 439 850 607 748 750 323 518 654 721 692 843 11 682 627 387 401 559 963 495 131 806 357 916 325 593 138 388 158 993 600 813 144 608 931 341 435 519 313 947 318 81 14 789 494 348 423 387 569 863 491 47 595 535 402 550 392 224 387 859 448 113 437 21 760 113 867 768 606 557 646 759 525 89 50 668 257 713 38 161 1 508 276 957 586 461 579 705 145 788 220 778 271 685 643 130 808 696 26 412 534 999 940 223 465 867 12 940 899 108 583 242 601 325 558 193 996 195 265 997 587 653 751 652 765 400 551 48 761 74 66 394 84 560 378 272 562 673 578 258 584 197 775 393 433 726 756 400 42 121 236 890 851 18 94 224 830 173 222 943 535 820 497 17 78 416 585 395 108 790 231 173 152 669 525 518 559 544 279 613 691 466 864 387 697 27 561 465 542 518 569 576 165 709 714 559 816 796 481 955 493 398 5 526 531 619 442 173 242 292 947 165 332 69 16 620 907 379 262 238 68 687 93 930 587 754 261 913 824 194 547 991 576 550 105 100 24 4 543 373 241 601 791 868 121 359 521 121 472 89 449 631 21 501 372 7 212 446 957 900 455 462 422 430 750 494 355 662 511 847 408 369 278 861 810 778 255 486 452 542 775 547 547 660 416 504 613 911 93 163 707 236 558 348 643 759 265 304 811 858 994 784 513 867 506 185 427 501 964 828 155 230 51 718 568 573 539 612 556 609 656 561 866 372 154 192 195 546 612 757 413 90 557 183 759 154 542 278 548 771 384 872 35 403 768 832 877 749 502 126 777 563 374 534 167 908 780 541 523 924 96 583 272 623 438 101 70 22 421 278 280 559 833 379 187 908 801 697 269 254 233 78 763 935 56 244 460 172 505 561 89 797 920 830 686 399 548 205 425 952 580 469 685 637 562 824 996 414 590 106 753 736 270 365 911 704 771 888 222 898 757 682 993 3 785 169 492 40 501 862 532 65 753 344 992 246 548 953 888 534 551 268 234 477 807 835 988 338 242 557 358 373 428 68 610 389 9 186 432 15 874 387 308 275 216 148 12 616 453
306 740 947
760 764 256
437 600 96
489 726 75
693 725 691
697 715 490
12 488 359
667 731 974
483 535 513
88 591 236
563 580 839
5 498 265
670 768 432
348 642 919
354 722 247
389 601 952
374 720 481
355 468 139
432 484 994
758 760 420
700 740 113
395 605 153
759 768 339
325 656 66
216 677 738
120 431 739
727 761 97
612 637 206
129 154 50
104 263 731
526 716 160
137 582 737
244 497 108
183 664 122
654 735 173
259 423 472
655 747 1
256 643 373
444 552 591
421 443 678
290 772 468
368 611 646
389 620 703
217 608 346
748 769 377
257 729 119
673 735 841
275 759 345
575 768 478
465 560 628
291 689 722
329 552 323
710 763 405
456 733 461
199 695 248
320 343 30
39 698 63
750 772 479
761 773 961
128 772 303
130 143 947
65 449 159
194 375 282
353 419 321
467 758 308
117 658 178
613 717 433
184 393 620
194 523 590
380 670 321
394 544 676
182 496 369
206 531 439
454 503 27
222 614 45
457 552 775
243 326 689
422 613 260
453 616 885
190 215 234
427 648 892
395 542 63
648 704 263
471 590 922
776 777 212
530 744 685
544 567 266
543 565 696
521 548 99
664 695 160
696 738 316
76 228 654
594 768 610
498 529 619
714 757 581
399 415 705
667 764 719
11 625 540
280 772 556
588 592 237
761 777 848
604 694 945
101 158 131
703 739 142
358 557 161
729 744 241
606 693 457
35 208 9
216 341 862
248 721 623
30 742 311
553 760 69
20 473 458
378 773 441
75 249 194
263 649 231
199 252 588
653 712 147
148 585 279
724 757 264
629 767 947
559 752 254
405 610 438
635 688 330
717 757 564
181 710 179
298 314 129
617 661 433
423 616 39
611 620 70
649 693 845
753 769 482
488 558 797
116 319 306
663 746 740
772 773 490
240 620 271
522 616 679
263 535 768
167 276 553
562 569 221
335 607 58
95 713 275
97 455 211
261 615 874
191 749 360
598 705 300
617 643 482
169 654 408
297 397 462
500 510 901
22 694 418
332 738 996
238 745 99
417 771 683
555 742 517
378 763 101
187 414 573
652 774 198
770 773 372
269 563 625
553 748 809
583 679 251
469 522 753
751 763 740
408 534 801
345 478 404
301 318 190
772 777 667
698 768 851
68 304 734
408 452 136
278 607 964
363 433 110
270 758 612
179 472 661
633 747 177
547 706 713
133 347 555
186 355 959
353 763 672
480 537 197
132 231 698
731 732 537
112 482 796
420 468 879
709 732 479
290 577 566
329 712 822
47 197 952
481 513 384
597 628 667
507 641 956
342 638 543
501 576 916
352 633 44
74 473 711
675 683 499
724 773 727
744 773 162
73 414 122
384 748 584
135 279 340
80 723 517
491 530 259
375 620 230
429 663 433
649 667 211
507 608 20
304 736 958
562 728 530
765 766 383
410 675 495
393 560 80
618 624 582
548 754 437
529 707 884
238 396 224
536 608 608
603 737 468
693 704 706
416 420 182
706 732 474
39 136 98
514 611 19
166 333 296
443 521 281
235 334 669
371 575 99
350 542 674
678 744 644
404 676 828
638 724 895
764 771 631
238 475 788
304 587 317
101 555 400
49 230 992
727 729 41
439 738 990
606 633 932
667 717 60
239 438 951
334 508 783
187 732 702
301 375 789
373 479 803
544 754 227
556 588 713
21 585 681
136 166 548
630 697 728
66 578 141
36 147 953
569 737 672
745 759 359
487 665 922
711 767 855
476 652 709
301 513 445
728 761 26
758 770 128
419 457 260
593 641 633
476 650 764
145 594 694
62 216 932
560 682 706
530 717 98
668 689 498
60 73 609
460 746 159
11 685 80
328 561 75
346 711 42
152 653 406
373 624 523
168 218 622
305 486 71
340 480 299
354 357 285
606 727 6
675 681 568
433 435 838
593 699 6
273 405 460
682 762 878
642 763 951
285 438 514
124 332 568
239 662 521
123 437 929
735 742 407
459 584 94
154 466 220
610 765 423
467 486 296
322 433 832
314 563 459
510 583 86
741 744 68
586 589 553
70 258 297
176 711 520
168 352 493
737 766 438
765 776 312
105 386 990
551 626 739
569 771 640
21 538 361
248 588 823
639 681 913
157 160 802
652 688 752
484 746 320
633 770 129
704 770 701
229 546 614
651 721 698
79 398 692
664 683 461
707 726 132
150 602 310
197 339 755
725 730 416
378 776 892
720 727 116
731 738 576
12 598 273
350 469 855
169 324 663
749 756 557
356 485 8
446 481 857
194 625 235
150 295 569
39 521 53
62 537 547
591 662 459
461 725 428
465 532 537
673 777 918
110 488 512
306 378 844
334 575 534
118 416 24
660 732 126
486 660 48
516 523 196
83 465 563
717 772 981
320 379 992
326 733 852
79 107 829
346 720 84
324 597 557
18 308 763
111 619 360
726 771 658
40 172 915
446 456 975
585 758 966
288 377 220
193 508 334
288 655 22
15 467 792
528 652 651
645 691 443
612 774 624
92 711 34
196 487 462
145 466 826
25 228 376
18 418 602
476 588 953
527 770 348
188 415 735
31 361 737
100 531 821
616 715 273
772 777 877
765 769 935
412 738 362
519 758 678
272 314 118
577 677 973
683 694 188
531 691 704
51 434 214
188 582 646
312 523 20
456 526 247
570 702 774
607 712 289
774 777 80
378 461 323
724 747 535
701 761 289
688 709 659
179 521 976
66 426 332
269 327 102
349 676 16
453 496 359
183 378 47
749 767 634
710 732 510
117 316 731
422 548 62
381 664 45
144 222 999
7 410 158
573 767 873
245 379 270
289 653 223
33 641 344
375 776 542
655 744 554
233 658 509
156 422 680
444 684 294
457 597 517
470 567 644
329 596 794
682 753 610
313 524 692
218 716 649
587 741 173
724 754 977
108 551 883
718 776 790
134 732 101
737 769 638
95 626 537
525 598 789
660 771 712
355 452 748
59 575 464
717 740 566
591 709 450
22 453 118
130 721 390
628 721 286
225 267 540
374 571 58
237 424 256
737 757 401
514 526 123
742 752 998
188 535 536
549 716 637
653 706 477
242 264 636
643 713 395
558 675 145
640 742 777
316 395 896
509 734 317
11 73 987
189 502 470
552 767 828
707 774 771
502 602 103
489 539 490
432 649 847
661 774 985
201 275 678
766 773 62
676 729 588
336 554 370
183 614 975
728 762 582
199 406 130
142 269 934
100 115 906
614 760 441
395 652 907
556 676 69
595 646 451
144 154 7
411 729 919
486 496 881
662 694 265
71 670 26
523 565 423
466 595 939
562 601 81
284 504 997
163 529 530
7 25 836
488 591 461
124 677 549
588 652 297
669 777 537
83 594 615
4 142 811
325 628 777
178 433 556
288 435 236
104 644 742
342 727 760
307 760 109
242 351 764
671 777 617
697 716 402
564 768 384
372 426 838
105 776 832
517 622 808
611 776 131
102 227 405
441 726 276
688 760 697
86 211 19
77 635 782
409 460 901
554 684 868
160 610 118
308 351 418
48 66 581
504 727 178
234 598 605
243 516 358
697 739 108
16 147 647
572 656 373
392 632 279
776 777 556
131 352 180
687 730 23
561 597 359
71 533 524
282 556 810
712 775 745
750 774 747
332 433 743
406 476 528
135 677 592
289 431 405
378 621 974
275 575 751
447 623 357
483 561 173
288 591 506
571 753 526
625 693 407
764 776 810
246 565 825
299 324 195
511 683 31
645 775 952
608 722 725
676 705 302
542 602 740
531 699 543
246 298 79
570 679 906
751 767 277
108 552 109
459 488 780
515 646 679
443 613 243
371 725 424
25 616 423
237 580 357
301 725 451
712 759 328
695 734 116
627 690 387
751 770 407
770 773 666
131 366 142
399 767 509
623 758 667
245 744 607
246 454 939
326 588 881
15 529 957
305 727 495
513 703 667
634 704 333
698 765 545
678 709 13
387 641 539
723 742 519
70 145 859
188 586 168
60 560 1000
750 767 262
460 649 857
717 727 170
439 469 805
120 672 777
61 646 985
17 198 635
282 590 215
572 657 36
200 447 320
125 359 968
521 762 734
734 752 593
606 703 652
488 574 915
458 636 516
181 437 714
71 656 836
408 483 736
433 694 723
707 744 858
337 462 673
47 775 535
741 755 724
