28 60
29 1 82 24 92 37 93 64 25 11 70 25 82 66 61 42 35 33 52 55 70 11 43 36 33 79 67 90
24 27 85
26 28 69
25 26 14
6 26 77
27 28 63
11 24 31
14 27 89
16 23 38
3 21 86
24 26 44
26 27 33
17 20 71
14 21 71
10 21 86
20 23 45
4 16 39
12 24 45
27 28 76
25 26 27
7 9 35
23 27 32
19 22 57
24 26 1
3 15 70
13 22 99
16 17 100
19 27 100
18 20 44
4 24 22
19 24 21
2 17 3
18 26 71
7 9 96
9 17 4
22 26 99
27 28 66
12 21 74
5 7 100
10 11 70
24 26 74
8 28 11
21 27 81
8 22 36
25 28 60
19 27 88
5 8 66
15 28 100
18 22 44
1 21 80
9 20 99
24 26 80
5 24 43
13 15 34
7 27 2
27 28 81
7 25 63
19 27 10
14 25 52
15 16 93
13 26 65
