215 2516
152902233 850834160 535234315 931042178 812117665 670032584 747603267 420029190 599460223 308759521 724934474 998540058 793959800 636793726 307441112 594298925 40470553 2199356 815918538 283464405 753328411 593301405 145847778 113030189 518429224 661283696 50452377 944518955 413276389 510218056 979287928 990691572 996197372 690805730 760948292 189818942 992103457 217581355 636494937 379201967 613672927 509619225 896190312 327018927 172466397 59294450 728508458 600794621 252675381 504477176 419003057 466840525 361889926 42378663 675466361 659878921 665239815 804791273 244894462 91576056 79359034 745888777 456858729 404994499 320821680 645409770 651587387 658897077 266736798 641565150 808829140 535745305 522369290 914568862 70678073 175033722 772139469 218330576 47179891 488303884 657170762 104636119 6800600 501881027 487391813 3656114 686397447 38034752 922000072 933345552 632986265 955747838 575860565 506866205 206974894 723335433 652743751 685601326 714990638 98727238 173351592 239846330 452215119 254161347 973403483 884498497 488688581 20280318 519817916 78159861 958281698 449943068 708162354 645446320 599533159 554020337 317992397 940994292 351903263 157071720 640997725 37381644 317849645 174853604 101792258 264045679 972510554 89233567 78702984 69011514 19896902 366956010 470207035 318934926 341501923 962287155 58112981 135649207 722134137 630948771 553968420 650282432 730826697 73949902 560216071 510343617 59069777 604001500 290519764 720075592 545321755 201573078 223047404 465569220 411502895 960125569 72589805 848155745 274078781 617107240 931731600 474401126 459660966 539463909 694223300 434178631 113758436 327129648 500635451 195247519 394457698 446793555 914317968 238961760 801560382 867213546 487010749 538090572 897041203 796737600 714605323 859818594 414724512 396722415 962659227 678278711 909143675 809785484 391194580 51622412 616165009 813622928 673500874 359770779 790172313 358763323 858959946 403938158 802657831 19963420 895746043 842292483 413385986 479861823 522633230 475073532 408434598 637848875 473421573 295789451 69439847 226480225 98045682 441725557 621231386
201 206 101392930
132 204 438298837
70 82 369217637
171 181 632021074
32 106 495260233
204 210 298240753
143 147 802479255
168 194 486002978
173 206 845973093
169 188 461706333
191 204 887948950
188 201 635003857
125 215 917967076
165 197 862360220
94 143 183933454
34 188 277430902
138 148 485427253
25 109 886877395
40 96 856790489
32 174 282708702
167 215 629395765
60 179 765099922
91 177 427488460
47 85 758464210
143 169 670594987
78 206 803567829
88 204 465904107
202 211 325213592
57 97 677496985
4 138 180626139
8 200 785655460
176 209 673879313
26 41 428405292
126 137 630940163
184 191 187702539
46 182 769024422
5 22 746437918
211 213 578463511
42 48 776467817
24 160 409813387
175 201 859476401
14 72 30194954
129 176 758035114
116 201 802204031
168 213 181179518
41 54 749542172
127 190 191782168
161 193 166507815
134 173 72409049
156 190 148256323
14 106 603903214
47 162 199804036
86 208 540597890
169 186 39048616
148 155 921021650
20 178 567394667
8 65 589823370
3 135 239031377
27 118 638795191
75 155 846525516
175 206 355370562
92 205 189062204
107 132 410120731
192 201 738513801
118 163 750053550
189 200 429007477
39 170 521019145
104 146 625389463
51 151 119541802
159 190 963209226
36 85 259726639
18 162 962789467
196 211 313964639
20 66 136602673
169 183 103405224
69 129 273481957
3 163 127936250
73 78 22443171
73 131 566130759
121 155 13019389
120 182 193518857
113 152 539512215
170 207 831205458
23 35 538319401
63 66 401701181
77 128 770921318
60 130 53461463
180 187 245468626
191 200 348509355
199 214 516590785
3 135 189546016
86 105 593697381
5 154 93990954
185 199 270858077
66 102 727661138
20 125 306801965
187 192 399810901
112 153 625000687
130 192 356034147
205 208 163370661
12 151 996003320
145 177 996229626
35 76 877443460
181 204 128535593
191 210 571317608
13 129 476697352
85 127 804553850
5 127 89886473
83 89 731484727
187 190 435852164
80 110 432634307
14 174 24233825
52 94 424629044
15 120 511263949
39 113 213866434
152 186 13064233
147 194 507600135
32 177 996646202
77 111 378916816
180 195 24484822
200 212 512085206
67 162 648605208
153 181 786498659
204 211 678328961
20 160 926183960
61 187 608031547
86 149 635254130
178 201 742058331
83 182 676648845
47 180 695778734
205 206 229630280
210 213 165545254
18 119 288805733
35 102 650929787
22 93 427706033
34 97 930421035
197 211 994322338
93 210 425575662
30 108 631743856
34 187 854257885
74 157 624037227
121 187 726113987
200 206 584923672
91 167 676294017
46 138 921671858
86 207 636396231
65 171 631665206
171 210 550378199
194 197 909149551
144 199 702691504
114 150 290248763
98 102 826141023
116 124 816218383
103 212 555459947
100 185 81962778
24 161 213769530
68 153 598166567
91 106 334352090
25 107 734474093
57 187 95230074
133 163 128410364
89 195 485099960
143 178 411163747
180 207 167793106
182 209 734297205
26 205 174071582
148 164 335373152
95 137 219774500
175 190 989160772
179 211 572559416
176 192 886572144
33 48 284956369
207 209 639747260
186 187 784359936
91 146 279045820
183 199 512892267
88 159 81620376
98 208 660064337
150 177 668914450
121 191 499047154
157 214 191456620
111 186 93386119
111 204 93950223
57 167 572207444
84 107 315301837
189 214 604229679
72 169 778637460
57 85 314402905
113 124 578810999
90 140 33274430
39 148 61733308
154 199 658353578
209 213 802141095
198 204 448415569
10 51 104269499
60 65 599113596
135 196 273332584
22 57 579068884
206 214 891680723
190 194 160077046
94 141 991070061
113 146 140349509
71 159 820936401
103 180 984202229
54 178 25936967
175 205 263942339
15 92 747122982
114 204 35088952
92 118 888094810
202 205 241132317
170 201 370407857
79 198 557164068
157 211 752021747
202 208 403148637
71 140 151748010
157 158 279464049
197 203 849594255
154 186 253835805
137 207 341637504
195 199 74230112
42 60 443350597
73 170 906250712
147 208 918448927
112 152 675459338
100 129 771911207
204 209 721253422
71 148 317261403
211 213 766745138
90 196 641714990
210 215 34670216
115 193 720334590
124 208 927077068
151 201 68982468
109 141 57334235
106 186 19897715
209 211 83730662
152 169 783309864
114 200 648350914
144 176 737516778
56 199 789771966
170 209 381812879
16 206 265829781
114 126 178320755
129 131 23803713
138 161 737247829
70 74 851830402
25 123 705447762
198 210 909813842
142 150 243803455
13 50 859786428
40 122 358553314
32 86 462113013
182 190 649633162
47 116 368343203
165 172 710995525
171 210 651184888
37 42 468399566
53 152 336769796
129 206 371491661
71 128 582605762
20 132 224575553
138 178 973190962
63 212 720343937
48 63 69824468
54 105 274078777
68 75 506432756
67 108 944487438
67 133 683715149
80 152 354647692
42 46 727596956
95 208 741647088
201 213 955454219
42 153 352472632
151 187 611341197
174 187 734819911
23 111 312812509
146 154 760489235
80 215 877268997
114 145 402367572
89 212 616335976
210 212 193233558
71 81 754375028
19 182 827306589
203 204 510211305
207 211 424438094
76 212 781878077
164 209 410555764
41 165 315259119
95 192 387273691
123 158 517459240
163 164 522474854
180 192 554208051
199 213 247730164
161 196 772191066
70 97 761126384
160 210 502749416
169 196 136228426
123 196 455821155
91 96 240914376
134 207 177035417
129 195 829373416
110 202 853865016
6 164 626507429
23 171 721799200
17 23 293868433
126 170 182586157
173 194 411321379
133 149 516193458
150 154 378339493
1 186 277384359
20 22 710852072
32 177 721222697
39 112 446390249
87 154 437701362
87 153 361642396
115 201 533857654
39 211 844321049
61 209 112467648
204 213 945667726
147 212 580961965
211 214 676881265
41 107 133486258
18 73 619489920
138 211 767883362
109 132 153799513
116 129 974425601
214 215 418531390
10 211 953738007
83 140 122015815
163 210 793838558
70 122 985229367
103 114 108349271
205 212 630367331
3 166 197417050
97 148 307988395
197 203 634738768
54 64 882223678
204 208 415363782
43 126 121855726
112 128 976075002
11 180 639372415
37 174 915740821
69 89 563156504
175 208 261390199
18 180 833338880
204 206 463642779
119 150 848011065
9 26 255386070
212 215 485199522
148 179 436939489
24 72 363036951
164 205 949914973
24 214 478159841
76 157 996304440
100 122 511826291
131 160 179035485
39 58 613187206
160 196 53148517
151 180 840805769
80 143 931243201
175 203 815652955
147 203 579661104
6 113 242120826
144 155 484590751
65 72 919532609
64 96 422035477
69 78 973000994
80 138 874718924
83 154 430489619
58 213 113419876
28 33 929491190
61 182 939530762
212 214 770616919
103 206 576101108
120 175 448127627
99 144 669603698
156 159 527215371
19 188 804117798
116 177 50752261
2 53 401413266
73 215 597145144
128 166 669840311
208 213 933821100
42 190 412879899
53 135 998830387
121 145 549705228
111 146 634735333
57 123 264302680
13 147 528860853
98 101 395722030
62 74 105206837
85 130 470248404
176 177 848938786
212 214 692639069
21 138 580850048
70 128 750215808
189 209 630967266
75 167 255120436
184 206 270511405
67 198 780970533
103 209 963700304
213 215 940503024
50 67 434250506
160 210 154343874
88 112 690581151
180 191 89453276
107 174 2334598
15 144 333715173
16 163 181971693
25 207 938609168
151 158 292233867
39 97 581297626
212 213 385340272
6 139 598998759
86 125 677466216
45 55 985585818
133 206 834850494
203 205 827964862
49 56 552264345
207 215 56163494
77 137 390422358
50 76 465148371
58 74 388409390
34 137 418363396
146 203 143095359
170 195 191633953
52 158 338587803
77 185 264571125
111 117 452931548
26 183 431868896
165 181 674095241
179 197 218705016
102 107 519157516
37 196 860870891
119 205 226394351
198 207 788403521
72 96 183976596
157 179 995984293
148 210 104078097
79 97 627401998
193 209 137925433
126 204 665864682
12 126 397178366
16 176 644320897
182 193 133602514
113 142 875293287
48 116 677063973
190 194 378646647
158 203 114495256
195 211 417270525
94 209 724083271
209 212 453165482
52 71 176789657
47 108 836064315
47 188 503478960
195 211 975048063
21 29 973503233
171 175 553857916
139 202 911076988
62 104 890500171
47 155 185454033
22 27 630878744
186 196 197241467
130 189 671245035
27 40 381041437
91 113 855975179
203 211 704204109
15 125 729882362
11 161 882396204
155 211 787944679
169 177 354765480
148 180 322346322
11 154 713728703
54 202 978576693
96 163 422903124
10 96 550913627
98 174 248248922
151 187 945555251
94 120 674317972
26 43 315455886
48 57 536584659
125 145 945164881
22 193 872508016
181 214 696801488
190 214 612704308
144 160 215183341
106 134 919380791
174 202 101887715
152 214 322471179
173 176 388718350
32 77 49166927
27 146 947362810
116 197 446905345
116 208 213191900
153 162 876070288
131 188 918931153
1 199 616600069
69 207 918046782
199 207 438403842
133 199 924675118
107 133 215841177
82 125 891002412
58 169 385880617
55 192 978535351
109 135 769230869
66 167 648965216
20 215 393142827
162 163 383796223
6 200 156331470
161 186 829765896
188 208 500638056
90 142 838351160
79 144 981160424
88 198 959258855
157 198 251269625
109 187 738353298
1 109 409984519
214 215 608307065
53 146 116793043
28 180 41400509
128 214 46389234
161 168 834516904
81 213 639340037
131 145 863969537
99 208 414264227
36 157 520255058
49 175 784861796
117 118 572164310
51 208 833443276
171 183 257683297
106 177 787423229
79 121 558941235
130 202 890891413
55 159 972056278
54 161 538148299
18 73 928212820
25 214 651732980
72 212 269540406
187 205 558462217
107 184 547664154
201 214 829235824
66 72 316786502
49 103 124881772
48 115 827202018
147 178 899353962
180 211 269571038
117 208 513594946
128 210 501845477
26 80 617081038
110 161 958900793
139 203 266904787
183 186 608912360
123 167 212163036
43 178 61694902
81 144 478212251
120 124 594149765
146 179 218205475
183 185 358294002
143 172 209185796
212 213 149483588
17 147 425955945
66 151 238395936
143 200 920542380
86 100 945113979
89 201 269722241
39 189 680292902
91 138 928556383
63 209 648647157
162 212 254734708
180 197 465993495
214 215 718606632
23 108 53225395
156 207 180915419
140 212 322714001
67 151 289674008
30 33 827909760
170 186 310728158
141 202 12845490
19 87 572336144
197 213 484436449
157 210 162077000
28 157 218289128
99 104 574389670
121 151 219688929
184 187 573685304
198 199 668390816
141 153 255910285
153 202 249118114
126 200 273950950
115 148 506933484
162 183 773564888
26 181 877394350
208 214 699154785
172 190 957014159
189 195 105587930
144 150 539760716
146 213 184518030
64 142 576788727
165 179 732036848
76 169 855636503
76 97 691093499
134 192 259508678
111 163 333103304
61 215 399435285
42 97 349688611
57 84 619981239
173 198 837259909
164 206 872732919
104 116 279803644
24 33 34986618
185 209 647942404
145 151 948101904
24 175 443976729
17 157 656563279
183 202 50195201
22 49 51479499
18 36 445771496
201 213 409919828
14 26 359551891
109 142 933291675
138 204 265433964
108 168 183692562
83 114 30781501
172 204 572613173
7 147 643329086
166 215 576200065
191 207 526856192
151 170 865819687
43 194 137057500
5 30 113748142
192 206 152446989
172 212 447033649
139 202 538364677
115 215 618891375
192 193 21230099
117 164 492773349
159 193 194945298
84 179 438381825
108 116 883713182
30 159 589779334
208 210 528734229
79 110 211134554
165 199 770010816
141 179 320220173
90 210 880881203
91 178 782471757
76 97 239543210
180 210 570310239
184 188 303355369
98 120 167148916
40 136 25784135
128 152 472206687
50 165 270135305
100 107 457777883
8 195 954365269
137 159 81330262
23 174 634143548
176 209 565734227
157 178 217735976
91 120 435986673
24 148 844750353
163 181 834754670
98 120 871436859
54 120 750604484
12 82 383218498
63 192 195831362
119 142 296909095
174 178 902472105
101 169 321671541
174 192 59539836
105 151 374073457
119 129 714441216
21 150 18038301
109 177 392787778
164 191 350131612
6 190 53334362
170 185 968804712
170 213 222321927
141 161 902587539
122 191 284549081
85 178 687466965
45 72 957436530
141 173 841726706
185 211 734432838
29 200 87106525
82 104 625860529
201 205 197109863
162 175 244670074
58 79 540655178
18 214 669536338
40 99 934051155
68 168 892118896
186 188 811206709
109 168 84355452
154 177 991617888
155 177 531431717
23 80 950242714
131 155 732333418
213 214 334222820
213 215 139514488
190 198 398907480
67 95 404735248
55 115 408140726
85 160 675164154
134 168 765461086
197 207 117403874
150 208 758349592
128 191 119482178
132 183 558931056
62 129 931033228
42 101 365734330
173 198 787267968
164 187 72470937
168 201 105460861
159 205 106375135
72 108 531649930
156 182 938733648
58 79 234257632
48 215 953090643
161 178 139878489
171 215 291806537
149 202 10420034
152 211 802783696
205 214 738788899
128 167 118254850
68 213 910482404
214 215 28289289
203 214 781621066
101 205 895365430
107 189 462404486
206 211 93041605
156 183 646722244
167 197 739117629
210 214 360472336
43 100 350299564
45 191 142470165
119 136 291851727
21 55 529120261
64 181 615411913
60 112 859364519
179 201 380644741
127 198 156529186
77 205 893787636
200 207 711357841
150 174 408079894
45 122 105334419
88 117 677071521
162 172 14964497
96 215 761371396
206 212 510312150
128 162 513503166
16 139 542535785
122 175 116796972
98 175 56506433
88 203 244852415
172 197 335395737
9 40 748111597
171 192 383064284
100 156 32847434
132 191 953891435
156 214 708155012
24 46 763783584
87 214 166870260
31 34 105317437
161 215 108499407
128 151 430500764
181 190 711857090
20 38 671764851
44 120 705667801
178 192 4972858
30 109 610818142
52 77 385633601
38 104 64800170
186 201 888027570
138 208 47374224
59 116 114894376
35 120 806640480
203 212 352632551
164 201 811327135
60 105 694533471
115 180 172189380
178 212 302479281
159 215 38715756
99 182 399933043
144 149 364092292
58 109 574123818
177 181 206293931
213 215 512643502
178 188 504617217
166 184 891470636
139 190 516061674
85 180 505196112
176 193 296645324
44 48 455624638
153 210 889031351
136 139 746488687
114 141 92227372
81 110 960151440
5 207 179772039
104 138 935995476
190 194 70852221
17 79 293822770
182 200 948056527
190 192 929965966
4 132 496148325
91 122 811699034
204 210 356395013
55 165 92069162
178 213 765476208
124 144 325648593
109 189 244423905
154 191 14906107
44 65 648298903
166 175 348614575
78 127 829278558
26 156 656577225
15 177 364027018
3 101 559053500
176 208 426127453
204 214 392015384
64 208 215568310
85 176 939250178
100 172 203763502
84 97 241513822
81 88 390760556
128 135 398736191
184 210 700988836
142 172 68631135
24 53 223311587
10 128 103627843
74 209 835959594
34 122 551355049
117 137 203732375
88 107 681271049
110 196 140732628
192 202 173006017
191 214 932863551
21 95 636223020
119 132 988084829
151 153 467975321
76 130 95865509
56 60 212172103
159 215 100121506
178 187 650965858
95 167 481008080
174 191 865101078
9 45 751260735
190 198 756926315
63 105 152152677
52 75 186388757
191 213 991299988
151 179 571400551
197 215 450166201
89 114 911693724
52 188 366911192
109 204 327330842
166 193 261636353
177 207 223893810
138 176 332666576
102 160 739212655
164 185 586168274
23 121 110247107
66 120 884629524
104 214 660151657
87 140 821067388
84 95 268647727
54 210 541860248
84 129 407469689
54 99 526610569
166 189 65306099
110 177 331423947
84 198 897142009
190 201 655611936
19 64 372914424
187 210 100191652
200 201 567488623
176 197 902351217
61 151 164937499
203 215 77557513
186 198 480654881
73 109 950077675
110 152 80911081
64 149 855023103
116 124 397368324
125 196 799529786
115 179 482906597
167 174 845359808
34 102 308931255
98 196 718461024
47 58 241828337
200 214 238053194
161 165 799177366
180 210 360224129
69 111 543637543
144 178 257036982
85 179 938215583
192 207 37504535
46 109 24399891
91 177 74836274
143 148 427425061
159 165 121648750
135 185 274542122
46 51 732780781
78 149 484714370
5 175 590702993
14 71 418920445
91 201 282174178
125 211 418520545
50 63 240856223
35 51 50517370
140 190 900202335
137 197 949445353
37 60 456469917
60 62 683494126
105 120 239688665
195 207 103714186
76 189 4612367
93 174 845028661
34 167 960697382
87 157 183338245
8 56 565753644
30 212 886800595
81 175 523933086
76 189 249187245
90 201 495617902
143 156 96569398
107 176 925203645
50 95 274145020
134 142 188414094
1 71 263686587
135 174 739754126
187 199 754114244
50 73 373777104
13 23 16123131
59 201 796146229
24 83 787336004
14 149 873807458
19 23 885162091
114 180 547919364
63 133 910698445
28 206 556320574
148 190 267874698
65 202 577183045
214 215 774087369
157 159 610167984
46 103 673683273
76 208 965372086
44 203 611619825
161 185 392577610
33 48 869851685
20 155 252435100
154 198 115847223
54 166 956532688
26 86 762920061
209 211 651257310
199 204 88769614
36 190 392999489
82 168 446382572
170 211 351573134
41 135 151494915
46 88 965612146
101 169 533047956
121 208 84799662
76 171 883906626
141 152 369918247
114 160 313461535
155 168 978978109
108 118 920053267
187 207 357398631
82 214 437590081
64 135 892563815
208 214 664150221
32 43 409481027
26 46 526803070
73 177 734174013
172 197 495095130
45 122 833776074
208 212 36279559
42 59 155524057
83 149 759399805
208 211 685945064
14 76 292065118
108 207 301141417
17 143 632912461
33 153 816101588
101 181 228665840
84 151 530612669
204 214 385918989
38 116 250965129
99 117 833476622
162 166 927553766
176 191 792983491
42 141 680559450
200 214 903132016
213 215 325855938
15 72 82991850
181 211 966441267
75 168 606613873
1 166 613405160
122 123 918530093
164 175 239976816
27 181 10555621
201 214 597088077
182 205 754281245
148 167 178492979
183 202 84348940
94 200 568120655
103 132 391391916
65 163 900134016
66 139 722564424
139 188 79430294
39 215 892921164
10 155 946180802
150 184 328603677
101 104 743523986
60 66 397465790
46 198 69052750
126 154 901703475
211 215 32349330
193 212 733275822
44 59 851518423
22 187 57967181
129 198 558352303
53 134 840467233
162 191 613854
45 46 496057503
24 87 412239448
99 136 182580796
202 214 232947965
19 28 54382545
93 117 501493339
23 199 737733459
146 155 6865854
80 108 514273085
212 214 926500144
93 210 238628058
64 95 709803130
189 201 789663129
191 192 886014379
92 111 775778800
201 204 549757315
148 200 52615065
88 201 561239030
191 210 997179693
105 136 657041946
65 126 3706690
9 148 848086697
99 177 854872110
21 148 986285611
118 214 489114775
49 210 197493675
206 212 354868234
160 186 489587014
192 215 638102642
62 69 198400347
68 147 650913395
67 142 774370041
50 118 856084651
21 67 803686786
95 192 542942490
80 208 916475231
93 197 236118509
27 113 53076511
187 212 703931218
128 161 429516075
63 214 771214890
189 212 578212609
171 200 363472315
157 158 122938006
70 186 765427492
29 89 261910375
114 194 659878611
27 136 799438386
146 154 379459566
209 210 701938602
84 130 931053828
98 129 358500229
119 141 736194078
94 103 438025454
124 193 721397033
181 201 870648160
144 187 265164781
185 212 870783424
95 150 946688076
209 213 213363723
102 173 61106607
123 209 396195055
2 206 876004226
15 87 247588531
44 100 918773004
139 197 159471605
69 101 553644217
185 205 623328387
114 182 863104566
104 214 42021224
103 187 276757060
10 136 897711685
36 209 104651930
96 169 266137584
126 189 621188379
84 94 682176799
110 121 686262895
19 141 979843723
183 203 418802317
166 188 911659087
213 215 435294635
78 189 976811207
97 148 251942119
73 154 350773606
152 156 432550581
33 177 926090382
207 211 938309431
25 54 228765855
104 186 552533859
61 88 299834284
99 152 330843053
145 164 590528562
105 200 817610108
127 178 741767138
212 215 662019732
25 136 90695865
154 207 926233056
185 215 659943972
73 116 886777164
214 215 935571249
58 131 441973993
84 135 216949324
209 210 111336631
35 171 966718891
18 126 2194464
56 67 726337443
91 98 723196375
123 176 878687045
165 181 739054741
120 175 221271939
204 206 162429768
104 146 348004746
63 166 395599920
56 202 993747442
150 195 951747447
160 178 28024020
68 84 229907764
198 210 956567260
34 55 30402019
77 78 841534290
125 147 525973864
52 206 530805974
191 197 906635738
24 171 769861314
82 92 398258610
147 151 83560824
96 180 56285620
213 214 178940417
11 29 630619610
173 213 815724843
210 212 528820384
202 203 736819525
9 191 460510587
142 212 133931434
162 190 943025647
35 209 983314719
176 196 401197011
197 215 17938334
206 212 261411220
74 88 267491462
125 176 328100437
143 192 245081737
66 144 674290426
14 130 270113283
107 205 946481209
99 167 785472273
135 215 977877621
103 174 234976188
184 191 851211579
25 122 366970578
87 107 23753539
23 159 501582175
114 173 753043273
110 161 296174354
51 96 300180301
177 184 7708298
77 91 507738004
167 204 732982002
50 182 562113216
67 168 420431664
195 200 134759930
20 211 234025735
186 191 407668746
205 213 967246774
188 189 344936319
22 155 682159328
20 189 903538914
91 112 861045511
105 113 80963833
75 171 410800822
207 213 184623134
156 211 635580331
129 137 561410352
133 164 719687684
22 72 751849530
140 168 229229273
159 161 98546967
102 126 922509787
127 190 337263188
46 154 722791615
209 215 14843635
206 208 448942452
150 205 272074434
187 198 469200843
158 185 479164543
175 202 267937355
39 122 172746312
167 214 105563156
92 175 656103494
30 135 745383406
152 204 717632337
123 182 851018024
170 189 326188890
3 159 777400827
29 159 595168803
83 209 626706024
185 212 512464925
189 199 200209919
36 40 500013070
79 98 286793273
195 214 3093373
4 77 812161030
49 128 588041598
55 72 465335805
69 74 416633459
142 174 302443426
154 190 840244581
80 126 660957156
65 145 35504139
21 28 516647408
72 108 955522792
119 182 250821955
14 193 18647482
23 115 638519561
137 144 991307033
131 214 984232189
35 184 209102071
67 99 594415358
38 188 428199745
199 214 518912212
44 146 997953505
73 175 522414051
173 174 653650078
151 163 359632123
12 13 674635278
53 158 935158778
163 208 401249773
89 189 503334532
117 156 720700498
50 93 490553996
15 43 738376059
13 79 806697792
18 150 252947366
103 151 537253897
200 204 908669565
77 166 957315283
26 83 580418610
163 195 283512221
115 125 290360721
62 185 878939295
146 204 513634943
118 179 949948773
122 208 716728829
24 33 322947614
41 198 825308344
106 167 531566093
62 94 46321731
60 193 531189806
138 172 791382934
121 135 421812777
60 106 224228496
45 51 366109771
196 199 600860088
133 203 54217596
138 207 844665765
98 133 33592215
140 201 371558124
180 194 298857764
188 192 406133670
52 153 654966603
107 155 609972266
57 153 19028945
37 203 872284156
200 214 106255869
160 186 984708141
91 165 332676495
67 150 754013204
136 182 827685381
135 159 629602695
2 53 151420761
20 96 789084207
66 68 952701222
190 213 340943393
38 49 372426720
165 170 549982257
47 125 78592059
191 200 18738798
206 211 181804907
140 148 800066531
16 140 263707198
3 148 152413703
13 24 7630472
57 68 228476691
173 195 158339158
93 175 938913390
179 205 540046214
187 200 309654712
187 194 513898203
7 82 122148482
141 157 539083184
15 171 873532493
117 162 640864418
23 177 232854145
179 205 779444070
45 159 605118162
93 149 615926685
81 184 765459031
188 204 629751240
178 191 445076263
8 44 851024100
49 197 490784211
181 195 940340037
181 182 97138402
186 206 988373069
203 214 964077260
79 182 232010505
144 202 434042089
104 162 201040157
5 121 137974563
110 210 738929761
70 186 448197328
173 188 185133717
68 152 766325776
10 60 234219252
200 208 352920174
116 119 785512235
119 192 685604278
84 133 468028257
49 83 323977510
83 123 661145426
99 127 727660566
40 65 198409074
201 209 778808825
211 212 906439297
104 140 214761859
91 103 52754865
26 204 203031193
50 149 554647320
176 181 593303120
154 182 971974330
101 131 333369809
80 153 391714594
28 143 299037327
31 68 26516223
44 185 952241476
97 136 374351503
121 141 612797696
6 89 370019024
56 100 112026197
121 148 746058765
207 211 513502475
18 150 717763309
195 205 673172611
214 215 204963999
99 107 838952996
25 174 704982637
133 202 584076879
121 144 924263232
9 37 332316985
106 170 267835421
143 213 742489753
120 149 401598159
42 175 971949107
129 162 258319722
179 210 483324590
13 15 35435563
154 160 300683253
110 166 584062748
187 193 545491775
57 96 915624127
92 110 467854707
113 159 658638990
16 155 908663975
174 184 990470070
108 141 192289955
91 143 646321950
197 198 883394487
8 65 858540593
141 202 725144730
80 127 850114927
134 135 374755376
40 130 530924112
197 204 722065078
9 146 581976427
125 197 64664177
155 175 814785563
210 215 816990962
67 206 77797231
95 186 539904286
69 108 577297572
24 51 986562387
63 207 675922591
35 200 775606967
39 92 576038547
191 203 251909830
95 201 619486022
27 84 218294440
99 112 326462680
38 177 654405716
12 155 55709716
203 215 274593198
5 212 577905717
126 206 371618690
110 153 806901774
57 75 417104396
2 211 321345561
82 123 648040023
130 164 786557608
143 166 487433087
107 206 405668474
48 182 565226617
131 193 746868527
123 204 469543014
83 141 974965728
167 182 515080977
165 173 499459377
18 36 857658213
44 185 841626637
174 200 1365507
131 149 302608800
164 172 880153927
54 194 803175226
5 84 922855981
49 189 270887720
52 190 594400237
19 158 679142925
20 194 18552464
12 18 938028026
24 44 309182544
72 177 971437797
79 200 329877562
20 46 427885062
151 171 126003436
154 165 89640486
200 213 873285719
62 118 712042162
166 178 881256653
213 215 511022516
148 189 809898913
139 210 589685037
132 143 902771269
201 215 693603160
159 215 467029308
200 213 260303338
66 191 17598952
82 90 842870536
52 206 934150280
4 90 437814343
102 117 613600275
98 164 160764321
104 175 102517937
139 169 889717518
176 187 557418790
61 82 508592691
116 138 195385158
162 190 973316916
58 117 652112334
213 215 789087862
29 48 68743292
44 122 992765072
153 200 603207565
151 197 364148625
55 184 551710862
182 197 13962579
162 168 118266131
159 209 737895258
163 201 257959358
11 36 54370184
98 169 332211799
75 205 935046176
204 207 64798117
70 148 72175639
75 201 4125389
206 213 553353991
67 197 867523646
13 86 448726325
209 210 864871545
113 126 480568293
7 192 796960040
27 34 379566098
172 190 184772542
118 180 209199870
208 215 216869075
196 213 944033284
199 200 354823753
57 154 163726407
210 212 568347457
176 177 156777247
93 201 416815409
76 205 169398353
169 179 164967356
53 119 878358130
190 208 205879066
64 87 418237372
212 214 590086412
73 196 445981401
88 124 290025211
168 191 455625135
175 196 74920050
182 196 425116448
30 47 80685184
123 137 531601428
199 201 27065518
71 78 357737118
21 192 316841513
129 184 806845056
199 206 884997333
118 156 337584896
22 110 576584104
17 195 330101982
28 141 195954573
159 199 974997176
53 106 121318043
132 185 1279231
67 155 279877189
12 185 620591511
197 199 198667577
89 180 110916961
25 211 424068564
196 204 908144051
55 109 594156205
130 149 915030331
71 77 52579936
200 204 504975073
44 61 335842781
32 91 225123348
62 190 158871925
98 183 49729814
126 163 669149524
32 70 802197397
122 196 711744204
119 162 928503419
164 207 576436664
26 97 955368221
160 180 453367831
157 189 349187576
185 192 60365836
106 174 706525261
114 208 471877273
198 201 335866100
107 165 331752073
102 116 7661181
174 209 458409342
76 97 694046072
133 149 667253495
126 201 849404679
146 148 342991218
199 201 858724441
99 202 732620390
18 83 127294697
17 110 145927271
92 103 935272006
3 25 218507937
101 199 994296480
25 52 512052420
76 177 305378937
72 199 108046332
72 214 106054718
189 202 691790359
139 176 416344173
213 214 445161428
150 203 322183593
169 200 645330137
211 215 837556457
103 203 531765013
79 196 769946620
79 184 814695775
203 205 951835766
201 204 490919463
55 79 305813790
38 113 777149533
166 190 171099110
199 203 78288424
19 32 841181244
38 181 846407217
191 207 346341962
23 150 244647841
44 122 899272860
113 139 64618538
109 122 316792421
5 190 644376369
83 88 237551220
107 196 726851552
153 177 48810144
186 193 191651092
130 202 57093983
128 196 9846859
152 198 517949331
78 178 482716343
196 206 430583154
98 156 317736800
102 150 543054931
57 155 115912068
204 207 811611506
48 147 719106922
63 71 173194699
111 126 614423731
80 193 371514615
168 188 684204517
211 213 958683695
39 146 632147084
41 215 555993996
159 162 506881912
11 123 282689580
162 214 806811682
42 191 827310801
4 122 441026727
161 164 599392793
112 159 503191516
102 103 600764058
169 192 992321477
11 160 709232357
164 185 860766729
82 129 815639346
204 215 217186264
211 213 486665048
52 61 24561344
76 135 519111571
181 189 238912698
170 191 670415695
204 214 810870334
165 184 579358562
178 201 1557751
25 104 295953230
88 98 925795340
164 172 195501161
6 62 689905153
25 97 191130126
72 197 148478170
15 40 268836529
21 40 520887965
202 205 493240797
71 175 888654455
171 178 668895305
146 194 551237368
88 169 135082971
65 78 210859680
17 79 348246051
68 107 874831825
126 141 262997758
40 72 357352502
77 176 179552228
14 75 198507586
118 187 330002418
129 188 721172144
43 63 206277882
59 128 722723052
35 153 243563664
161 210 581208784
66 198 331098060
184 194 554596879
152 190 490411035
148 202 368116856
202 203 276110352
102 155 600960606
117 148 843278538
149 163 804803403
106 191 983900627
214 215 29957599
155 185 799360853
133 135 27728667
29 50 590329758
8 40 142545106
198 208 102630692
17 185 628765649
195 198 310800101
130 181 971941086
23 164 304401592
82 92 48718560
187 188 637325166
79 202 163218545
79 137 402715032
130 164 1648816
111 115 976132076
76 113 976280945
141 214 45437757
189 215 963126995
182 187 683296529
135 191 641178442
101 210 388545983
189 194 669530633
64 120 646642786
178 196 712453636
40 183 280480932
83 129 407604329
165 197 919584309
86 187 645695469
177 185 471895705
145 214 312753866
112 191 818275796
214 215 749403383
98 131 978124259
205 214 350630488
44 99 882204139
152 169 404581693
162 166 316786473
45 61 276803733
1 189 899317272
7 205 322487549
192 204 785071328
5 41 659947360
64 112 138747234
82 114 960233938
205 206 724685071
79 115 902396000
156 174 703935812
11 142 436023056
169 176 86266767
157 167 173549941
106 178 467813512
54 126 556070627
70 194 537516529
77 82 62365555
126 201 847015478
161 176 659275496
124 139 905370858
62 194 627420820
102 108 334709372
65 131 559141848
4 17 718124972
34 190 290473988
56 194 89088043
44 88 735707357
194 215 537939001
65 124 59562865
45 79 320578156
130 178 113384839
22 157 1462644
176 207 446415374
22 164 979073532
66 79 854382342
179 191 599808945
9 152 422518843
70 75 995634377
48 151 827558979
156 173 894313251
152 163 230588170
190 215 86072486
156 180 839100715
209 213 263553418
182 197 909906442
54 194 142421501
121 137 920673756
192 204 747009923
54 109 738597136
21 113 889224661
199 204 964180714
1 209 388925351
119 195 850033197
80 154 388656688
80 213 312660595
30 55 215662678
2 22 84510208
115 199 741691773
167 197 495144045
167 182 622267470
63 65 839829444
111 146 153710376
49 155 983741734
160 195 82058411
141 205 405640806
168 169 201256838
4 136 76578773
50 163 158794976
174 210 382931966
7 132 875460129
60 200 345909447
83 185 793019460
134 163 697253821
126 129 250211577
214 215 650928914
30 89 997017579
38 124 176659949
41 63 503727558
52 183 798737225
133 176 704494477
175 189 230023765
3 214 511223479
189 213 707476759
200 203 441498760
207 209 275035489
8 66 383544695
20 170 820587538
42 55 744010294
129 203 27076504
169 177 672171348
5 112 766477700
53 71 450543109
192 194 509445542
80 212 852528038
55 169 709089421
14 110 972626766
102 205 976952005
211 212 111057220
187 203 485484647
176 194 471049522
169 214 956372910
82 170 811838573
5 70 798551441
158 179 49597680
24 40 361226383
15 28 62490457
66 80 950507862
206 212 438218390
120 141 355862367
147 175 654327892
6 46 945017983
94 139 545775549
154 190 46352243
181 195 757552710
58 195 405551919
49 51 397979403
105 145 771685096
209 210 326759355
213 214 258484571
194 215 885697710
22 178 852519110
196 214 481776580
92 204 41871924
13 191 361805443
160 179 343785846
146 182 347750467
186 196 279799919
51 69 669312847
198 202 749900441
31 159 106989626
196 208 450549682
111 207 236790733
110 165 569712627
111 124 551154350
47 183 56529354
210 214 7199646
78 173 464882533
43 175 554207419
65 118 130949258
24 126 982723843
2 55 320933932
164 211 397746735
113 191 324333554
55 134 168951602
187 189 131331156
152 198 3388694
1 51 233359021
31 215 677068514
37 206 300766093
35 207 919174295
93 148 848073470
36 191 720829637
75 183 669381032
190 209 406933789
195 201 498019761
127 191 842763866
152 155 173856861
83 116 71582484
62 212 801965149
198 209 924635367
46 151 218128347
191 211 751237429
137 198 298910208
162 185 569460055
130 138 744964068
210 214 954914272
136 159 624634750
110 210 839481733
18 85 511717950
200 205 1272894
59 108 540644685
47 90 264230552
159 194 415809394
140 158 464903821
8 105 115198926
204 214 781782565
154 199 12072127
38 197 177303123
178 198 183614724
196 211 381586407
164 172 465560499
179 189 649486931
188 189 457856258
172 178 43346065
7 211 450111797
166 213 388449999
199 206 224471668
194 203 636028196
79 95 576721058
131 151 425119569
177 196 609232340
30 56 661669014
36 192 664784189
78 162 364448990
174 191 668499497
98 121 373815672
173 205 808336280
76 127 177399142
174 177 691456157
47 87 462108288
67 200 557104613
11 95 747338257
168 176 412614008
86 191 531346076
82 201 621315224
193 199 600531349
141 187 60396819
206 208 352879531
5 111 51973278
208 210 544988899
46 129 822997672
210 211 107195014
48 178 884627788
90 196 467679488
104 161 56369980
149 160 650611507
70 196 544856154
81 120 494422043
214 215 343604847
62 73 659923927
134 175 420722109
194 198 447801751
104 186 143337136
134 186 883702320
210 214 507077428
7 104 78183099
125 177 889242604
21 73 517635349
129 135 200443386
213 214 329384743
53 196 595693917
115 190 994994036
117 187 555795037
170 187 188521209
91 100 507248558
143 206 704365341
130 210 939571335
35 133 952453163
40 166 479347402
86 188 330999932
116 168 964840878
106 159 356061450
114 121 921181301
154 192 827940970
5 106 145562521
24 157 30327013
203 208 884394083
75 156 969556882
134 205 746094392
124 190 101842763
100 120 1697875
84 101 224023779
197 205 966527165
133 152 465655190
13 158 849867950
34 87 454966886
138 198 368295521
173 199 156977514
45 183 787509851
174 190 30997717
19 79 858607755
175 184 987518257
122 156 508852805
5 38 899817693
36 203 313121200
32 126 907549683
77 147 812446320
41 67 22275660
87 170 130839279
96 111 164801538
79 155 964892281
143 180 325887546
8 25 410498870
146 172 93721943
77 125 655886807
157 202 268576250
119 160 423712423
60 156 308583452
142 173 129619245
79 90 17084239
158 202 871987948
55 211 988579474
151 168 424899647
20 122 169671853
91 212 935630675
111 207 224876008
211 212 824529360
165 195 530121593
135 143 518167584
207 214 296436499
122 176 987109552
124 180 104607405
89 134 563788491
12 145 449016935
84 204 1586554
33 42 507401028
121 140 61237697
77 126 810871284
48 81 295278431
84 148 649697766
198 206 911135015
55 142 385884873
153 166 591473877
33 58 589582058
102 214 253111724
96 121 355974845
28 128 688255188
70 84 593313393
162 207 703398737
187 192 906795137
212 213 563234990
203 214 365935367
112 200 509624893
213 214 847040679
158 204 132251144
114 175 2515554
11 203 801184854
9 80 659562960
130 179 441554319
2 75 276492680
157 172 883394570
90 116 690491313
177 201 895651820
81 188 974369775
8 126 598144860
70 188 971960595
205 212 924151664
212 215 724232813
74 107 766322114
134 165 354999011
194 206 107062412
112 133 616947184
153 202 68251333
100 151 212185431
97 140 179369883
92 204 866731440
189 191 433174699
157 179 243930737
72 212 224649318
118 158 571243072
171 176 342809121
192 196 474758022
196 205 58244199
202 204 396377411
30 100 351224093
163 177 862139563
164 178 719929977
10 38 870176597
213 215 348282246
40 197 972332503
8 75 227313018
14 194 89488992
39 146 591494988
27 56 916992113
181 182 596867476
137 193 151647922
67 203 127736627
6 40 451783293
45 54 426679833
35 89 490567120
79 131 586845227
3 29 583608111
209 215 121170631
126 190 296696347
62 181 285520214
87 192 594856306
148 187 591294078
59 206 426418969
84 167 44694529
201 213 174438121
50 153 294905999
76 148 778553644
204 208 153919076
142 196 482181137
135 205 157884948
126 215 412531274
183 194 462841625
93 112 219694036
146 214 348575464
119 156 286400849
122 136 472097866
205 212 226346774
197 200 491280370
37 202 437715258
77 189 402295655
67 195 973419537
73 130 633582165
139 153 284187186
111 134 118040397
105 195 533982377
55 173 453517171
182 191 937090707
7 117 803705356
60 86 694558720
40 78 248247691
3 99 297015942
139 199 406361670
208 213 418103265
36 165 324159991
163 168 897415346
146 190 436685
140 160 802907580
148 170 916685952
25 203 24606740
127 204 325545968
199 213 647032985
186 213 965908047
91 203 842729867
59 96 302750375
50 194 575787522
52 135 229167317
193 200 840272185
39 47 221987947
81 131 558367896
145 161 41084262
81 197 345406657
73 154 350932807
146 192 80678847
81 141 591550701
124 192 637612927
72 160 14470565
152 196 760455317
108 170 389530467
123 141 872939145
160 215 454322136
100 188 784478705
75 165 325603543
106 215 913747513
30 70 573817421
19 175 459488973
171 208 70756023
120 128 554808847
114 134 915190981
93 186 113803971
30 100 6566956
62 194 246882989
62 204 86973022
14 43 977620360
66 195 581453421
102 145 449449712
189 198 460180729
182 194 205230910
213 214 798429256
199 209 587501684
49 204 886513531
46 107 968242076
121 210 54877340
129 202 894039305
160 201 607283519
144 163 566713641
179 193 960161097
60 99 692670801
132 151 921409017
50 212 511793596
8 37 166806593
105 138 487310844
168 200 501544806
122 123 331176883
176 215 954907767
158 206 607540669
25 108 584483145
99 190 783310633
97 187 457941404
119 204 102809795
161 214 295152838
57 98 795198563
200 214 380679013
147 150 642561262
30 38 281408287
14 90 799302766
184 199 759899750
33 92 319788435
131 139 988777354
63 69 444909816
84 148 342094118
179 186 763854225
19 106 928237949
113 190 523010475
139 187 701235151
3 207 625746723
38 93 284657952
84 197 481626706
156 207 559952090
206 207 343211352
138 159 747973545
197 209 462182452
54 108 733862145
179 192 76808144
197 199 779198800
199 208 161886358
115 181 267244946
48 52 262354831
68 157 41963133
127 178 443676564
18 144 323163041
91 201 483066583
6 115 224052478
37 74 54786385
84 190 361485365
51 196 160925935
136 167 687158420
53 175 910913217
101 149 556528446
159 169 76236129
16 78 173058973
110 120 605420885
120 125 63020740
207 209 148860444
55 202 478516677
183 201 568003683
214 215 556620785
70 159 895301267
158 182 839404099
80 181 462352533
122 195 904064143
59 124 880782729
192 215 296187115
139 164 789089108
31 94 74467966
196 210 164737091
109 131 75489736
43 50 665951214
73 189 367964327
126 199 499065895
207 215 195635359
103 124 556774557
56 69 906283328
52 70 437242532
132 147 144676540
39 104 133876783
19 192 909790249
73 76 358540932
41 97 889886199
78 167 291982759
5 121 181681886
107 160 114067716
66 119 145614661
178 197 673313450
195 212 227771922
51 100 856159474
36 183 880646224
185 205 117952412
24 76 830919887
112 178 998928773
187 194 639798959
107 179 985056425
170 203 260573562
142 184 956956817
162 186 433266231
32 103 528320744
200 213 770356616
137 186 212487839
127 144 196599031
203 213 942150238
134 158 387160528
134 201 946504955
24 89 119220131
93 120 295807365
136 139 715466291
208 212 212637179
132 154 314565282
188 214 935465433
162 199 631707615
151 215 494863187
163 193 689915382
92 153 528401180
211 215 826602110
62 181 178415895
14 99 81635920
180 214 237897531
191 204 380771176
154 157 243341853
80 123 822309492
5 118 927346290
111 112 410107334
29 215 89130345
108 182 943405934
113 159 730233481
199 207 408554282
121 181 760873384
53 116 209889813
44 52 947241549
155 174 745120158
25 152 886362357
165 168 635240046
70 158 410321434
158 166 36581247
117 136 710904294
87 108 824325565
50 165 890088926
85 145 879310964
171 177 531798315
43 140 354652914
174 193 202282708
195 211 963875258
59 135 884422107
130 186 417596263
62 164 419361155
54 81 429386938
56 144 803249919
61 204 879388207
86 104 465337537
85 87 70789271
107 146 976090141
13 28 474605985
118 177 810732270
16 20 755890775
93 125 531074900
17 18 357347615
154 189 896644793
61 142 380425104
173 195 135802173
154 164 167697821
153 195 345161123
203 215 859961924
15 147 187158817
115 136 168953718
13 169 658545868
75 124 415944487
17 96 734010958
90 131 564939315
83 137 263510830
1 197 409131015
3 23 608559278
80 212 344317757
139 200 379842033
83 128 909718049
25 40 696084496
35 129 758284151
176 186 404284871
64 153 824419378
35 75 579982012
159 167 633418336
80 178 878867969
123 150 101828830
35 99 104149912
8 80 228426582
66 159 802749165
144 201 349597673
64 115 276258888
115 197 371737555
134 142 17001124
89 215 593520789
49 160 774273083
3 161 681386188
209 210 170368090
159 172 936905361
117 173 536288793
31 78 539122364
60 102 851054774
125 143 324117579
207 211 454592171
36 111 58757229
132 175 897630153
14 49 473340717
45 190 164230414
167 205 519359207
115 121 33963526
144 201 785723194
185 199 350786681
134 190 851783219
120 188 441309555
55 128 699229102
32 167 798230563
49 85 708620200
146 209 45475461
52 82 106569419
65 98 370064049
149 176 895467725
157 167 231910
10 151 165773909
203 204 26675866
81 177 840630907
114 175 624657013
146 202 246181832
201 204 186031535
26 176 424587519
41 126 458725559
66 137 436054775
74 105 662929148
25 160 395480411
45 168 59391835
206 213 927560470
48 52 16919455
164 184 622812406
135 194 375822056
145 211 611652467
174 211 32832569
128 208 662327752
209 213 825410891
15 36 73497881
45 192 730963822
124 130 825648449
126 159 119828255
73 98 132747595
100 152 860038645
193 198 744551912
87 131 3711627
183 191 816092335
32 69 932872135
143 183 230731246
38 149 28976379
6 166 566158450
210 212 137097541
115 186 937564929
75 78 484684594
197 200 664974594
71 160 224100949
53 210 620350440
188 195 262311088
35 192 326775241
189 212 160145026
110 119 118495882
65 180 542016641
60 211 759785117
36 171 531682144
44 190 612727166
90 204 242773808
20 214 404299185
92 187 848104602
174 211 232170078
21 172 820181520
151 178 301776280
167 189 444974036
117 179 72220081
132 200 361278734
153 160 955022493
75 153 726223220
81 176 898746402
197 202 315063279
172 185 862141304
56 165 285625623
12 36 844118371
204 208 789727994
118 159 616468080
71 116 725597797
28 176 980218416
111 165 180067312
156 199 944507553
126 142 105837347
26 130 803303774
124 129 705630462
65 145 618295645
58 134 411896547
168 205 32456146
191 203 103687154
24 135 152529997
134 156 312815952
150 162 954709083
205 207 514829551
130 206 939647716
59 61 499084465
100 117 522927619
200 212 423078788
41 120 703116867
77 195 929947511
136 178 226830200
122 146 966228911
148 205 810411283
100 159 730094558
88 198 134118629
73 76 671903292
207 209 704566253
100 195 587238098
39 197 76935130
103 113 748336594
25 164 282800164
115 127 395238719
48 52 374543106
167 207 18607655
75 102 17505595
53 59 904536753
195 202 431487309
75 142 895799818
97 182 6097683
80 126 391276358
195 209 216212680
138 204 157006929
141 184 88824191
50 192 134038311
131 205 350679395
199 211 935486962
29 152 260098237
110 157 923206715
131 176 535948468
210 211 461241658
22 77 350714408
185 189 307648009
128 174 636825610
200 209 561332503
132 159 601582056
68 211 218516841
95 105 379872549
77 91 343137434
193 201 965201669
22 94 351972664
116 161 924409338
5 178 357958023
40 174 968982734
14 137 520269592
197 207 442373488
7 187 619437486
192 198 431473195
2 16 490127637
152 185 90821765
