669 723
809 868 7 708 697 713 864 565 132 613 432 615 23 453 377 546 985 677 49 692 717 56 585 53 449 794 503 607 139 794 382 559 592 16 22 180 265 540 262 514 997 431 132 533 433 997 273 72 692 519 817 555 988 680 377 851 656 154 987 845 996 554 676 657 269 550 639 367 385 755 758 480 40 516 307 406 849 591 358 70 235 678 993 708 327 352 541 224 186 847 497 466 782 21 73 606 830 657 84 940 313 69 114 302 491 935 446 237 220 984 806 649 219 73 830 809 175 64 753 168 924 274 578 292 932 566 586 517 426 757 668 755 149 62 672 642 35 59 337 707 923 681 742 27 107 919 27 723 351 588 920 524 895 449 800 417 914 916 863 782 487 558 717 431 353 494 378 1 223 127 437 812 610 566 955 916 522 294 970 293 269 675 790 26 497 118 378 743 880 190 36 676 253 690 536 886 545 392 322 776 337 468 157 932 789 873 178 686 880 820 527 746 747 118 444 217 581 278 289 897 281 152 935 474 342 907 304 152 180 84 632 452 930 337 928 69 219 12 336 103 134 360 748 759 12 722 958 756 782 1000 310 297 688 632 917 106 47 433 101 144 736 237 460 385 816 694 917 862 762 31 743 438 55 247 45 615 564 959 749 458 769 951 663 358 962 393 948 593 280 736 177 3 372 606 81 325 47 29 736 289 401 463 998 142 211 669 514 217 566 474 62 16 481 736 655 115 605 458 698 105 733 896 579 90 557 929 328 156 671 314 464 623 471 173 8 593 311 42 556 214 271 777 549 998 116 589 866 890 249 768 633 146 131 742 194 18 51 815 775 191 488 439 399 34 645 962 962 622 594 555 268 271 691 479 553 933 514 153 802 696 632 622 711 237 739 290 845 142 88 180 700 844 675 729 893 885 555 200 63 119 724 144 748 805 10 309 444 378 90 597 689 971 884 108 825 345 627 979 647 373 481 658 99 5 479 357 843 123 645 291 805 382 678 618 586 695 292 31 755 539 54 210 163 444 163 68 491 672 595 547 441 836 750 876 776 51 300 434 545 754 916 265 447 52 605 760 544 948 621 661 636 27 805 108 690 764 313 389 744 935 431 117 974 815 666 159 2 773 505 788 787 977 148 9 959 386 452 866 369 361 764 432 947 461 188 573 832 6 757 313 21 6 986 815 446 980 945 123 842 758 847 641 990 978 643 936 547 18 276 431 107 535 315 414 589 100 546 632 705 38 882 163 649 882 102 39 994 165 906 400 816 407 46 992 922 79 531 575 148 433 163 896 398 688 352 866 536 854 358 214 400 323 782 267 265 861 714 714 619 219 584 97 867 182 933 286 379 781 894 135 486 692 868 932 348 922 576 177 327 712 687 73 494 515 549 616 453 379 92 536 284 763 131 739 717 373 249 943 315 782 441 740 382 5 693 464 979 164 79 591 318 68 776 704 654 983 301 642 91 711 942 349 420 78 667 53 987 970 969 394 890 762 866 741 722 692 870 222 141 655 521 368 75 768 362 166 775 470 862
262 532 251
476 564 326
404 453 896
268 549 899
475 600 677
354 590 166
405 437 435
497 632 991
595 634 518
291 503 573
100 577 843
613 637 163
303 630 915
113 264 760
379 599 588
31 95 489
493 533 33
462 472 880
620 669 839
287 352 632
510 540 945
519 536 132
302 422 416
456 645 556
215 299 451
202 363 505
316 659 539
583 624 626
547 609 712
231 410 375
325 493 530
638 653 556
408 490 151
253 268 197
172 283 480
36 303 464
282 408 31
233 240 684
520 668 211
126 558 921
462 529 898
137 261 572
424 650 904
210 527 507
212 565 175
290 490 921
649 661 613
453 620 883
112 628 330
224 575 940
587 590 412
231 326 604
179 228 524
119 395 71
205 629 750
476 651 439
480 587 960
15 603 158
317 479 186
545 574 733
324 668 188
138 522 25
458 583 400
205 254 269
342 402 70
226 366 159
98 521 391
82 97 662
432 600 771
651 652 469
316 584 857
346 360 320
37 355 103
38 118 552
506 619 372
291 421 410
374 655 315
576 577 388
507 629 845
168 458 535
539 570 713
451 563 866
249 256 760
391 655 275
30 83 939
362 437 32
96 255 626
37 144 34
492 559 74
101 514 403
614 625 974
472 597 982
667 668 899
125 227 340
94 370 493
319 452 566
287 549 718
175 286 875
558 609 484
103 357 58
649 661 160
12 17 721
349 470 253
115 480 617
578 632 7
376 560 864
493 548 635
550 567 617
518 657 142
656 667 949
471 600 818
254 388 583
158 382 937
447 465 621
629 642 244
270 585 988
75 204 245
88 236 760
114 209 90
181 324 600
29 237 536
121 306 642
517 541 108
145 244 597
192 645 992
130 222 227
316 326 103
336 403 971
127 129 896
128 614 253
178 205 152
276 436 283
138 318 139
607 650 144
176 665 802
538 600 434
624 635 386
492 644 180
264 617 69
408 650 726
325 575 637
594 618 409
521 566 114
97 296 30
390 425 258
411 520 925
605 654 821
574 584 339
73 220 810
268 512 997
602 668 116
474 525 779
4 472 355
205 316 561
624 661 571
530 563 355
274 563 213
419 592 156
82 348 203
341 625 508
126 549 573
452 475 267
26 325 95
578 665 609
338 360 367
172 415 836
522 553 666
85 387 811
502 507 700
462 541 170
336 436 495
267 555 65
228 330 722
348 358 765
313 545 291
41 374 734
227 286 836
217 346 17
271 288 535
14 225 284
610 655 351
537 549 205
34 337 993
125 311 771
543 621 168
337 485 820
390 418 701
588 659 55
257 298 571
574 619 534
508 545 190
130 539 336
293 493 904
10 77 506
486 647 49
49 416 445
249 537 190
568 610 861
106 156 505
331 509 676
584 654 848
612 662 169
16 604 945
308 420 429
84 548 320
601 657 968
56 310 566
142 570 6
81 229 456
601 646 436
581 583 476
545 590 172
347 540 460
612 667 32
238 562 923
596 665 768
289 567 345
127 595 122
65 188 67
351 489 9
167 544 615
479 534 341
658 669 213
65 481 321
180 362 776
335 382 528
276 358 771
224 506 110
607 643 521
295 381 145
245 312 713
111 261 535
608 654 201
617 642 546
518 659 808
69 145 613
524 625 14
276 443 794
7 180 710
161 167 369
88 548 732
187 550 883
172 312 439
288 317 466
407 466 169
60 117 593
37 274 172
162 538 13
100 650 127
19 551 229
456 589 583
257 337 469
447 664 691
544 659 910
205 422 119
235 656 854
625 655 761
24 232 516
554 607 495
195 573 731
73 485 58
60 442 739
604 607 385
130 149 783
610 622 995
130 145 644
646 657 970
527 641 68
243 659 517
349 476 500
561 602 732
140 211 255
86 627 145
559 608 416
131 568 76
133 302 380
55 492 763
649 655 782
368 549 679
15 134 725
370 372 741
150 484 828
293 511 586
315 524 524
301 502 341
510 638 597
565 633 486
181 270 306
581 603 903
104 320 210
292 509 478
565 647 13
1 93 533
336 385 344
111 422 617
268 363 524
277 531 897
297 608 262
76 635 478
387 422 265
68 225 620
57 153 273
307 649 226
566 619 656
367 656 552
305 340 238
129 444 390
310 316 357
259 489 138
649 659 922
201 233 204
254 461 957
229 511 96
164 174 383
203 497 985
65 633 29
122 631 553
38 375 439
500 653 367
267 639 230
113 160 510
158 349 19
105 546 878
400 513 779
377 464 75
369 618 663
84 120 306
263 522 77
541 653 939
205 348 168
392 509 926
398 632 662
19 151 838
219 355 279
540 654 344
49 515 134
331 360 174
598 663 403
2 515 866
133 301 463
31 280 2
53 332 744
49 616 740
487 653 957
53 160 510
316 378 491
557 587 392
76 329 602
654 664 632
476 496 733
572 600 377
408 422 847
404 647 68
618 620 390
65 126 987
552 598 831
94 221 931
84 369 930
640 645 375
579 665 366
150 365 996
82 380 833
261 313 92
416 651 194
28 506 838
382 532 811
109 540 241
248 352 275
223 338 118
636 650 266
55 169 650
142 599 432
274 548 924
390 518 887
332 541 833
180 507 100
155 387 176
398 414 642
98 422 461
319 552 849
150 351 946
387 519 706
659 666 220
540 611 595
289 443 456
43 269 778
631 654 514
521 646 216
395 591 374
296 600 733
326 416 798
602 630 411
308 364 703
304 324 830
525 609 554
533 602 105
12 638 956
281 488 347
262 559 699
353 641 919
143 416 595
99 209 572
146 268 447
122 283 886
419 482 68
424 483 24
397 541 634
282 390 846
474 664 413
283 415 718
442 669 614
612 644 828
13 151 156
135 195 810
396 539 922
494 502 894
471 510 490
633 659 363
387 556 896
378 650 237
398 441 338
425 488 804
627 635 967
201 649 966
558 633 688
102 210 732
390 641 139
437 533 812
402 641 129
88 341 805
383 504 766
21 498 918
642 654 324
14 588 496
659 665 35
440 471 457
581 641 810
58 488 609
139 234 202
598 653 176
394 601 61
410 490 189
295 665 436
68 85 20
640 641 12
438 587 972
243 320 496
237 435 518
156 226 309
442 539 191
419 523 487
658 666 361
59 418 224
583 622 631
352 598 947
152 404 172
533 627 552
352 354 511
64 539 700
548 662 212
286 570 2
145 274 450
586 622 985
76 465 869
554 633 190
439 483 660
135 628 823
10 133 458
253 287 485
224 614 395
394 480 587
403 418 710
215 437 296
399 402 98
345 456 15
225 235 960
453 463 487
359 522 89
522 608 79
396 511 992
167 563 316
253 373 888
509 619 308
162 367 935
98 163 632
287 327 688
333 339 849
72 534 302
666 667 539
655 666 173
455 535 778
550 558 496
378 516 722
497 545 100
262 314 992
373 647 245
568 618 814
398 565 537
345 381 655
184 649 617
580 638 679
75 273 254
665 667 418
614 649 50
519 522 342
363 381 513
448 556 246
561 615 638
432 543 897
579 633 571
506 650 21
84 492 592
237 425 479
158 669 482
276 651 947
614 649 233
501 551 167
447 640 626
526 641 302
584 667 948
187 514 432
325 386 168
226 657 917
539 642 76
573 634 839
298 347 152
315 609 779
591 645 436
134 550 402
570 617 767
317 445 33
280 523 979
653 666 520
572 594 569
432 605 752
241 578 259
407 599 221
356 640 68
207 394 490
568 588 849
558 630 117
357 655 714
423 485 131
191 470 191
243 330 531
564 638 31
145 555 802
353 402 782
144 540 509
279 578 382
132 197 127
389 606 252
90 560 141
186 224 93
300 582 47
383 458 871
368 422 909
16 113 136
94 495 959
350 414 289
37 84 185
36 390 681
413 458 384
489 547 376
261 594 90
210 348 160
472 560 782
78 465 96
33 145 234
170 367 882
403 408 533
543 594 568
396 449 105
429 517 432
651 654 705
234 512 483
412 552 272
622 664 933
248 569 593
81 172 36
251 448 981
657 658 4
195 501 442
188 619 831
375 486 577
376 418 886
78 485 737
324 585 880
144 530 242
150 560 881
472 503 755
349 366 965
498 555 962
622 649 683
566 663 244
661 666 622
128 241 862
141 202 275
652 668 965
53 205 565
281 641 338
428 518 396
261 437 671
197 457 353
177 546 693
353 608 97
282 337 553
101 176 627
360 493 489
427 551 989
421 656 354
452 463 420
579 593 20
287 559 215
113 399 324
200 528 449
43 472 748
626 650 72
531 661 642
659 663 498
541 607 769
385 633 627
98 109 752
425 430 798
584 634 162
63 574 524
401 622 748
210 486 223
250 551 119
428 634 145
191 274 495
264 484 838
531 602 348
451 534 116
39 537 126
534 641 499
325 445 236
110 373 500
347 558 147
122 497 722
588 595 686
455 461 989
623 651 553
13 178 591
632 640 568
534 579 687
631 651 725
383 603 875
462 632 952
499 516 792
566 618 917
168 437 708
328 499 899
324 415 610
638 648 666
355 618 131
360 523 876
309 415 733
653 659 966
295 487 947
365 376 738
450 580 791
225 342 876
264 303 253
208 522 45
193 444 182
38 415 381
319 548 84
234 346 175
107 404 217
73 175 480
3 307 88
19 577 26
657 662 141
259 347 513
226 482 792
114 368 155
443 482 864
478 628 466
245 645 745
207 214 418
552 664 380
558 644 369
289 531 98
126 600 84
511 557 626
378 521 438
64 329 444
184 339 569
401 576 626
575 665 204
7 474 313
661 669 381
583 614 27
257 407 492
41 200 673
549 633 405
417 443 342
509 513 633
231 647 788
553 625 799
597 650 414
63 520 494
4 9 343
234 630 31
645 659 187
398 496 139
399 500 834
499 652 31
217 229 863
570 665 964
110 473 607
397 405 867
188 378 343
595 598 301
385 565 294
219 350 990
264 461 2
36 140 248
177 466 440
621 637 262
470 532 161
302 502 661
