641 584
549 271 632 245 965 687 467 398 660 469 753 307 906 653 828 512 232 140 744 335 155 77 684 674 488 587 945 355 924 596 517 223 157 165 309 569 71 903 966 462 499 727 459 184 615 128 718 490 620 791 45 986 662 241 908 981 405 710 39 230 195 616 719 280 541 714 907 892 943 956 552 61 203 733 630 567 141 791 547 823 299 942 625 644 48 941 953 985 530 72 22 255 776 718 563 313 804 105 677 567 68 844 813 516 751 64 136 158 823 687 926 940 495 936 629 802 336 439 299 246 728 974 368 167 639 249 693 596 288 100 861 867 375 420 311 776 714 978 317 309 140 400 760 340 435 615 627 880 697 138 130 912 118 224 323 919 695 784 565 334 484 49 283 341 960 714 291 493 92 715 576 588 764 911 397 572 256 733 770 397 382 265 232 718 884 293 47 60 165 803 499 169 324 750 351 110 300 698 247 701 954 737 753 492 259 990 533 582 786 791 269 783 380 102 883 387 713 154 703 62 832 220 331 648 203 104 992 898 77 622 80 970 222 434 731 650 574 693 836 858 435 824 924 66 216 488 502 172 35 85 718 200 418 877 211 753 567 160 366 34 283 145 991 5 798 754 999 478 948 211 632 1000 378 963 334 650 300 649 655 677 471 992 897 782 277 186 960 124 583 945 952 971 583 267 501 756 80 168 567 630 443 63 365 657 680 801 546 418 479 972 520 418 265 646 781 413 68 8 728 670 860 522 945 605 675 625 853 468 171 687 271 782 623 97 229 403 551 840 266 666 634 452 582 192 33 76 223 524 820 203 414 641 128 850 255 834 121 922 17 384 140 174 928 498 172 797 76 861 806 859 870 121 71 383 11 294 528 900 512 12 32 856 207 524 673 398 997 539 643 988 685 786 228 935 683 45 260 42 681 54 749 347 361 146 256 80 471 775 73 18 765 916 269 237 799 884 583 657 547 55 396 918 573 355 857 344 371 330 174 752 52 530 593 408 537 959 726 956 300 867 256 383 441 843 382 715 920 49 456 461 143 459 606 840 676 318 440 261 795 792 947 115 677 888 745 54 628 379 425 974 22 859 437 610 753 333 323 456 649 394 774 54 148 90 872 521 19 297 846 286 469 159 722 162 48 678 149 802 267 275 140 927 887 259 100 100 133 987 954 646 825 426 472 571 927 652 428 430 710 606 655 240 712 853 303 940 573 669 226 562 621 295 642 996 760 567 125 993 134 71 662 971 759 284 998 93 403 371 103 236 357 264 621 178 221 782 382 617 114 525 882 238 640 23 666 974 638 958 537 815 790 834 831 908 415 317 587 435 13 152 685 650 835 928 700 941 609 420 4 294 296 683 551 160 661 205 756 914 161 572 394 985 346 812 160 258 315 897 280 135 398 786 505 673 388 853 38 565 501 680 817 6 404 892 136 277 176 422 46 765 945 976 905 59 255 675 315 764 327 730 20
453 485 311
104 252 542
12 462 670
59 497 562
548 591 261
15 135 572
605 625 600
541 584 165
154 216 886
241 459 131
556 565 266
433 641 652
624 627 184
211 588 9
127 137 725
70 316 840
58 353 729
548 571 187
328 469 559
219 578 644
430 616 328
169 352 38
90 563 188
66 128 477
598 616 646
169 572 484
176 536 818
327 571 150
545 580 17
250 385 117
593 623 126
69 468 846
308 415 696
424 609 15
501 588 255
620 632 780
312 414 547
528 633 974
115 124 341
302 417 480
26 181 524
434 476 116
220 240 354
379 405 836
548 601 573
247 284 493
427 449 939
65 432 778
229 418 73
518 520 349
26 162 850
232 638 245
460 536 821
193 300 31
126 128 224
318 339 506
477 619 859
357 640 535
440 455 265
591 617 17
422 600 194
261 468 426
235 454 162
253 373 295
224 358 420
456 585 618
86 408 583
265 366 442
80 599 155
513 636 463
405 473 303
402 534 771
198 540 670
226 342 596
53 236 696
505 512 961
247 539 576
348 432 141
188 406 79
515 607 474
499 521 714
353 415 478
184 473 390
9 103 129
292 354 153
395 553 986
118 256 18
480 532 86
350 475 425
158 591 26
103 200 112
300 499 65
37 73 602
81 148 853
165 277 972
422 616 778
553 577 230
49 250 177
179 515 447
546 571 955
487 601 243
389 468 872
283 360 173
419 599 282
338 399 961
468 534 521
58 366 984
455 529 603
168 539 904
297 637 93
478 532 701
385 420 904
366 489 656
259 306 270
362 567 481
35 306 708
130 609 881
264 379 484
468 474 717
163 272 161
168 201 668
155 431 97
636 640 146
559 600 619
460 630 196
82 84 129
602 632 825
365 416 298
499 540 272
538 614 977
94 562 425
200 556 687
407 556 624
6 309 631
77 459 138
130 306 860
270 600 363
105 437 866
452 630 384
156 526 268
97 433 667
532 572 209
166 227 357
348 618 253
325 547 206
213 424 118
253 428 229
540 589 763
438 585 443
476 596 295
301 456 280
3 237 304
87 494 270
154 567 751
435 439 211
392 448 672
136 294 357
465 472 245
132 367 986
238 544 723
640 641 582
351 360 207
97 303 437
290 303 814
476 482 626
503 506 342
329 343 22
186 354 573
377 607 468
24 284 50
266 478 180
292 464 414
485 504 796
306 427 140
66 389 396
172 318 192
53 225 316
122 639 723
528 602 471
65 627 224
367 511 698
351 623 206
29 421 717
132 624 563
523 552 324
606 630 614
252 397 906
575 639 747
175 390 161
16 620 756
244 333 281
405 511 522
497 511 726
121 241 779
456 457 61
98 112 231
374 631 605
10 68 351
59 616 443
471 530 148
429 522 635
424 482 794
556 607 996
392 442 913
126 484 995
187 351 237
367 627 288
425 533 499
495 513 829
356 367 719
13 559 783
462 598 138
75 546 209
72 396 170
444 556 805
379 480 177
258 635 524
444 593 839
255 501 824
368 374 417
222 604 464
164 245 135
258 343 275
384 533 193
395 437 588
357 570 399
20 201 671
409 490 417
481 541 27
313 443 274
383 507 761
193 252 554
91 422 207
368 618 102
147 523 660
138 584 744
345 357 405
472 558 67
178 586 229
285 474 873
449 639 33
44 381 833
199 468 468
618 622 548
563 584 373
280 555 236
236 501 533
340 441 205
309 444 313
266 349 906
205 632 60
380 555 342
130 438 987
156 210 953
639 641 28
457 589 214
141 233 999
315 568 462
99 630 540
560 571 524
6 399 542
316 339 234
526 547 379
605 637 369
521 549 569
371 417 194
580 589 780
192 209 102
344 612 454
439 622 859
93 478 745
528 549 461
409 432 27
395 422 617
127 460 516
57 305 891
518 545 727
549 623 863
358 371 500
609 630 860
406 508 92
508 603 834
417 639 526
66 284 846
456 532 746
45 54 635
68 235 424
415 600 499
194 367 99
410 596 49
310 571 478
552 560 826
605 637 610
198 355 491
566 591 644
544 593 58
279 458 973
523 613 766
214 514 812
146 584 885
325 363 971
440 497 308
516 559 735
145 429 736
497 525 977
632 641 208
263 292 402
549 578 465
522 546 292
155 157 764
289 511 531
449 544 24
68 122 572
378 578 302
426 597 207
333 519 575
339 396 898
341 584 962
32 591 685
492 598 189
379 394 72
360 502 110
471 536 211
270 480 504
468 544 818
5 465 852
475 528 65
399 623 295
551 561 701
97 594 697
634 641 40
135 237 564
627 636 250
497 538 88
136 434 932
468 554 993
77 202 930
444 606 249
17 191 816
89 405 144
427 502 791
340 545 285
180 597 375
521 539 596
532 640 467
3 467 35
99 412 918
534 548 173
161 361 717
602 626 592
569 578 372
538 549 404
334 439 201
406 583 323
49 389 741
391 498 942
75 321 814
554 588 183
301 316 153
564 605 408
354 611 364
551 594 776
215 626 934
368 635 582
251 490 814
158 170 41
628 641 207
167 495 88
130 327 61
429 480 489
243 287 788
214 415 422
500 623 30
249 559 517
296 411 235
469 623 694
468 570 761
68 414 770
155 381 641
388 445 502
177 427 357
14 596 375
282 379 337
602 606 424
493 637 276
192 337 25
595 640 230
566 602 996
225 436 467
142 602 582
274 389 312
268 442 149
174 537 551
185 401 753
84 103 301
40 577 936
491 579 915
371 560 964
431 466 831
406 411 465
280 461 143
127 273 595
170 440 887
221 316 443
460 531 270
98 599 333
626 638 551
538 619 55
341 395 308
379 475 279
422 453 305
23 631 166
257 576 348
244 622 241
368 480 427
191 407 552
173 520 850
83 444 39
354 559 171
85 214 552
508 573 849
453 470 448
73 132 101
196 480 387
595 641 149
592 637 920
196 384 909
454 613 931
294 436 936
155 192 607
110 415 683
184 361 69
507 535 928
371 444 134
544 624 760
369 518 446
635 636 322
220 475 328
399 410 250
76 301 744
460 602 176
356 431 960
496 536 254
284 399 508
72 294 828
98 246 204
167 182 880
209 568 184
637 640 184
346 530 405
112 257 196
224 634 434
256 428 531
124 318 185
250 335 492
117 381 682
140 485 222
545 622 231
250 348 825
286 380 94
259 376 73
120 412 27
112 576 500
330 600 972
480 507 592
41 419 390
35 507 725
364 579 28
193 513 992
71 407 474
158 206 447
312 322 479
337 473 433
472 609 758
64 552 701
102 137 735
313 433 249
79 344 881
361 620 196
328 498 226
490 524 234
610 628 307
603 639 759
585 632 843
539 611 851
188 229 537
568 576 193
292 305 597
18 411 957
617 636 280
546 594 895
107 436 572
439 441 272
92 491 103
566 613 725
603 615 352
60 208 521
70 534 224
338 631 190
135 526 235
300 330 130
149 381 381
540 557 250
502 551 287
288 626 666
621 627 657
45 318 612
360 386 640
402 607 684
446 477 622
4 113 673
50 295 694
206 351 79
384 530 704
219 591 379
504 626 812
544 588 660
498 597 347
406 472 110
218 350 196
181 209 162
447 613 829
250 538 890
639 641 508
168 625 561
537 584 520
30 531 36
329 481 731
530 593 757
368 606 242
195 383 324
430 583 551
244 496 151
176 446 363
539 579 160
582 609 92
329 434 991
616 635 722
475 546 97
524 590 641
576 587 81
3 417 260
27 564 458
292 347 107
347 523 284
141 504 110
415 533 887
602 637 882
349 453 677
95 448 269
438 559 973
391 430 16
533 607 520
253 590 881
212 264 423
344 470 1
637 638 672
293 491 266
309 470 647
512 630 720
132 495 917
230 473 627
231 561 944
256 626 693
476 548 144
301 429 755
124 530 838
9 38 267
498 591 40
226 274 136
541 609 549
449 595 334
5 353 441
306 382 639
40 446 89
45 626 459
181 630 994
503 557 51
198 245 792
605 629 906
290 356 690
594 617 977
558 571 371
87 462 883
