179 644
899 20 615 25 589 716 696 567 707 753 427 803 620 872 492 567 440 592 417 214 568 924 32 700 151 802 464 411 671 689 597 321 403 120 130 860 280 789 803 934 416 830 16 223 724 282 493 506 146 841 370 359 413 778 138 269 68 59 642 928 103 492 137 249 396 427 557 811 372 949 157 299 892 573 267 85 795 123 3 28 685 543 323 695 671 600 162 895 606 70 102 826 591 715 617 848 542 633 471 608 255 603 718 594 729 262 771 725 824 87 59 913 280 98 931 295 453 921 851 46 438 807 83 678 576 690 272 678 657 796 922 972 655 538 492 862 807 565 549 638 777 605 192 171 705 939 731 730 270 635 443 946 194 671 519 901 422 133 561 362 203 534 291 82 347 31 250 931 28 730 638 411 364 447 88 376 713 995 233
24 68 224
45 178 898
131 138 354
19 163 474
70 131 62
47 93 455
155 174 841
62 164 28
87 88 603
122 153 606
73 166 124
1 174 703
61 101 53
87 145 831
9 90 492
18 61 536
27 51 803
129 143 676
113 167 551
35 90 87
101 165 822
138 178 587
122 158 500
90 118 338
61 96 563
111 156 280
122 152 637
41 122 201
151 171 544
14 20 310
82 106 761
45 96 866
31 61 101
26 116 559
96 152 724
135 154 384
170 178 574
135 138 407
177 178 702
60 162 400
162 177 118
79 150 574
155 173 858
140 141 83
107 159 985
64 164 915
61 110 58
173 177 836
102 103 871
95 131 362
173 175 349
86 139 544
91 171 815
58 147 614
65 173 784
158 168 209
64 78 963
81 117 456
119 172 742
22 152 386
85 89 941
57 174 71
72 102 111
174 176 481
132 178 991
59 106 854
29 30 872
80 158 164
10 37 305
135 174 134
64 101 380
32 175 252
14 61 855
117 164 348
148 167 748
163 178 961
54 135 901
79 179 552
91 112 940
65 80 262
62 93 597
177 179 142
6 37 111
73 167 898
62 94 135
170 178 513
98 166 881
86 95 651
9 76 175
24 174 777
64 139 781
110 129 756
98 130 867
37 121 640
18 34 587
81 82 707
165 176 958
94 149 410
131 170 636
94 118 162
130 177 743
107 129 656
101 126 409
163 172 232
145 147 452
98 104 218
157 172 389
83 101 21
1 166 114
42 162 449
104 116 158
123 131 736
62 69 511
39 147 742
33 39 537
161 165 945
143 172 277
2 53 441
121 155 169
42 55 886
99 173 683
137 144 194
119 156 841
56 166 483
137 151 267
20 92 640
117 131 250
165 175 744
152 162 566
7 159 156
131 135 123
165 166 489
16 120 951
154 179 49
17 115 758
45 63 549
63 74 38
141 147 374
95 118 254
30 59 488
92 104 280
173 175 276
147 167 944
172 174 100
122 157 860
37 151 363
133 174 828
74 155 28
44 58 494
149 177 372
56 119 731
97 172 389
70 143 92
115 137 360
109 118 247
172 173 156
137 169 94
172 177 981
91 179 438
118 119 114
102 137 981
121 126 833
56 160 186
150 154 626
53 80 474
53 144 948
57 94 534
6 170 168
61 99 611
142 174 135
37 74 312
11 115 321
32 146 107
36 93 446
89 108 668
147 162 133
121 158 68
46 67 291
64 148 465
13 92 483
50 128 292
97 179 762
49 156 413
156 164 314
178 179 542
81 119 724
18 52 264
66 165 470
71 88 217
14 71 365
161 172 894
6 130 31
149 177 731
140 178 878
52 178 38
93 131 610
15 85 578
92 141 50
66 173 621
128 177 304
19 122 242
46 156 838
124 160 265
76 155 110
119 159 228
99 107 138
128 141 106
29 56 353
39 179 279
124 138 430
77 178 278
164 176 50
43 86 790
163 165 460
87 95 974
9 49 68
115 123 659
120 161 541
117 135 277
137 168 710
92 101 8
142 174 74
62 153 684
149 163 981
43 61 391
52 170 477
2 172 425
86 129 639
11 120 288
100 151 755
175 177 346
161 168 506
123 157 491
93 174 445
86 89 423
162 168 836
142 164 177
50 110 482
111 160 887
115 162 554
118 142 974
149 170 133
58 92 433
136 146 513
9 63 536
9 92 6
41 150 6
35 168 240
122 146 419
57 99 803
105 107 623
17 123 743
135 162 946
64 69 503
5 56 469
46 105 706
133 151 511
81 116 276
49 62 797
50 169 88
71 158 571
142 179 77
7 39 976
63 110 288
129 169 805
170 171 834
84 102 912
12 25 535
37 70 726
113 137 576
174 179 949
58 120 632
69 84 227
148 157 65
88 127 617
139 155 470
3 18 770
77 126 582
15 175 102
105 175 289
31 143 496
90 166 412
26 85 308
45 61 844
161 174 805
118 147 91
135 161 38
58 161 683
171 174 538
68 167 874
97 136 827
125 129 385
44 179 255
117 137 118
9 75 705
99 112 493
157 169 651
81 150 573
46 172 920
132 169 340
79 145 660
157 164 503
12 81 217
8 169 892
43 179 398
102 128 707
127 145 130
105 148 32
59 153 756
163 164 57
8 156 360
155 170 177
134 172 605
82 96 664
146 160 35
165 179 14
62 162 6
153 164 355
170 177 82
177 178 656
174 179 665
98 109 815
1 44 577
31 60 541
146 152 286
51 89 666
71 156 966
152 178 656
107 149 157
115 177 120
119 172 964
97 106 390
15 100 369
67 101 100
52 80 874
176 179 474
7 45 250
141 167 196
95 130 703
152 167 903
17 125 868
76 79 573
159 176 310
44 82 961
46 131 625
26 152 127
102 129 238
170 174 37
122 151 964
65 132 691
116 141 40
159 172 758
70 112 78
165 177 228
122 142 24
87 98 332
176 179 918
141 167 59
40 102 569
164 176 869
1 105 477
123 167 133
134 147 145
166 169 806
121 155 869
104 110 847
81 179 609
27 111 247
20 77 924
29 119 369
65 143 147
164 170 924
77 114 295
39 134 516
41 130 104
57 106 92
13 130 435
116 150 298
25 163 681
47 102 879
26 70 277
143 157 288
6 55 765
15 147 592
165 175 906
115 158 225
94 131 404
3 39 230
95 167 608
85 144 350
66 102 170
165 173 147
142 163 428
173 178 42
32 97 532
158 166 532
33 145 139
64 93 379
160 162 347
16 126 557
127 179 817
39 56 834
139 151 933
14 152 853
23 67 268
139 166 705
166 177 603
24 173 93
124 131 446
58 158 590
2 96 134
64 108 407
36 62 485
175 179 293
21 124 469
36 169 603
154 159 228
135 136 197
133 178 132
9 30 581
73 177 296
7 165 2
79 141 296
145 172 895
101 157 353
105 155 182
137 143 482
5 92 906
92 175 734
77 177 956
134 159 634
28 42 508
8 169 322
151 168 163
85 104 571
134 176 41
59 87 92
99 126 202
42 93 242
131 145 471
103 168 50
38 143 710
47 98 254
105 108 281
100 179 82
80 140 610
153 157 628
19 59 929
16 23 135
120 123 584
124 145 78
36 75 560
77 133 554
34 168 276
76 174 187
149 179 348
114 118 165
49 71 732
30 79 917
119 130 201
75 150 385
164 174 273
61 128 576
28 114 691
45 72 802
106 119 490
104 170 681
137 148 116
63 75 139
10 12 426
31 139 770
27 80 482
100 175 448
58 96 92
149 169 345
95 114 443
98 112 496
89 99 349
166 169 733
80 155 662
18 169 727
160 173 493
110 163 236
92 114 701
54 151 459
70 100 54
36 79 728
122 124 141
120 154 684
115 177 758
91 101 852
44 84 831
58 90 178
16 58 101
60 117 124
42 65 888
155 156 842
34 59 282
20 171 940
102 120 373
119 151 675
37 162 465
126 134 180
120 177 97
127 134 848
137 153 713
40 118 265
5 63 867
35 88 990
93 149 967
13 149 646
47 106 597
89 117 641
113 128 300
12 55 781
115 123 913
46 48 643
133 172 937
11 28 225
158 160 512
18 105 868
104 121 213
166 176 253
174 177 934
134 151 564
18 71 605
173 179 573
84 166 941
139 178 245
94 145 831
116 134 536
164 167 39
21 31 128
119 174 856
112 168 500
88 135 806
147 176 18
22 74 472
151 157 415
36 64 492
177 178 879
122 126 28
46 94 202
150 156 279
101 161 525
14 112 656
17 124 641
26 98 2
108 147 72
151 160 494
65 125 833
13 77 496
82 121 127
151 159 137
145 172 301
98 101 12
108 145 738
32 165 451
121 178 464
94 169 111
70 173 900
74 118 581
97 109 483
96 157 238
55 149 864
31 81 299
162 165 738
45 116 634
166 169 715
73 126 504
52 112 151
14 150 435
129 161 368
63 99 708
176 179 214
2 63 233
66 126 407
6 142 91
86 116 553
44 58 504
89 101 302
71 127 660
43 168 75
60 152 342
105 178 338
139 150 823
163 167 638
119 130 902
162 173 372
139 176 830
71 81 43
1 20 37
126 179 454
74 77 796
117 145 274
54 122 591
54 113 121
30 68 641
20 67 844
61 109 150
137 163 669
173 177 289
95 138 532
74 174 213
138 142 667
14 157 1
19 147 43
174 176 872
66 173 75
47 177 829
115 120 152
146 171 963
28 175 149
147 162 727
85 154 199
31 125 18
22 94 884
9 134 606
78 162 609
103 128 173
155 162 711
46 97 859
147 175 59
177 178 966
60 101 133
93 106 553
137 160 114
104 156 318
114 156 112
12 175 335
104 115 654
15 119 842
136 171 180
171 177 115
65 156 460
49 126 836
106 141 162
44 147 208
119 158 910
124 129 61
30 141 910
144 149 985
13 121 840
21 100 90
