792 672
687 610 344 458 78 375 577 542 821 894 673 163 688 511 399 231 61 293 356 346 963 875 336 786 780 742 942 70 756 174 304 215 166 570 907 399 183 420 744 433 812 36 439 523 435 523 214 659 865 399 230 274 796 761 184 140 20 384 348 124 844 879 696 880 490 589 460 68 909 921 425 484 733 913 847 613 579 78 225 815 957 603 104 792 554 687 269 265 100 142 317 137 328 76 271 421 409 399 507 523 25 251 734 865 317 400 873 192 685 616 493 599 357 594 322 829 289 699 411 404 659 78 617 427 309 640 495 789 594 377 844 142 699 191 475 890 275 940 488 9 998 488 318 723 865 483 776 266 315 548 547 892 476 687 225 882 817 912 902 656 145 791 41 20 271 104 611 392 797 594 922 295 293 296 623 960 489 532 741 716 351 379 241 372 943 18 549 518 968 659 971 842 38 389 385 314 285 804 176 37 249 344 290 764 52 878 985 986 732 261 574 292 610 476 253 406 23 925 656 68 382 509 227 70 975 920 742 416 388 266 819 64 930 351 883 661 433 637 766 495 479 900 303 40 381 642 850 711 927 902 404 755 941 360 172 497 647 545 53 71 992 51 437 142 121 516 829 241 556 407 924 798 402 78 257 518 167 635 866 750 585 936 540 372 777 47 568 133 284 583 531 26 369 171 474 570 346 924 569 220 290 273 211 263 753 807 320 11 107 165 447 944 137 887 680 792 554 765 515 218 618 325 249 729 732 175 616 262 779 853 536 52 121 297 157 941 740 809 124 483 325 353 610 992 867 678 537 731 694 62 456 121 212 488 474 682 999 456 552 885 383 555 139 610 490 155 210 490 79 909 188 32 199 550 154 352 668 852 623 181 121 543 359 154 561 346 874 561 392 37 318 343 866 387 582 542 483 562 384 317 593 97 402 337 36 281 809 779 542 140 45 986 574 825 39 740 542 793 547 426 796 552 498 204 106 376 325 761 776 540 258 943 202 142 93 401 654 659 988 265 173 226 167 181 952 176 134 304 380 501 393 368 938 307 725 624 384 136 6 900 50 404 338 59 698 406 758 627 308 825 476 650 25 42 415 937 557 3 384 682 134 451 796 27 892 813 986 22 734 70 605 235 813 126 291 100 295 437 970 955 579 339 83 283 30 658 790 928 107 318 56 711 631 589 233 166 641 724 902 5 291 167 425 846 247 816 865 667 756 395 608 974 518 756 663 564 194 301 859 287 705 515 692 977 480 882 895 714 248 80 635 787 606 618 661 192 233 764 575 696 107 716 240 11 565 832 586 238 905 163 536 814 139 893 982 848 438 532 201 569 64 295 562 33 677 967 739 332 700 33 784 786 582 827 917 217 473 277 911 798 182 966 274 581 302 191 258 612 319 719 624 999 711 283 45 140 515 673 941 988 642 700 43 918 100 638 671 504 808 214 506 938 449 264 960 495 51 776 639 187 474 733 138 213 348 116 901 870 71 412 553 280 726 851 181 794 340 595 102 720 764 326 638 803 980 453 989 492 6 204 967 926 197 308 520 877 162 388 618 901 764 636 156 132 882 460 486 11 813 547 903 689 497 845 571 394 778 862 114 659 825 738 806 307 825 394 687 306 567 574 643 1 767 498 767 286 909 796 78 973 804 23 849 476 203 91 216 326 642 18 71 814 84 352 176 14 2 626 736 64 858 295 910 261 982 745 358 722 967 519 177 231 389 924 22 252 266 614 699 675 523 413 194 815 625 905 112 915 619 220 881 948 628 545 631 854 11 331 237 56 242 411 637 814 702 294 994 221 352 654 99 993
128 225 465
413 461 493
600 716 527
752 766 864
270 303 346
682 694 23
148 701 618
107 316 823
392 600 941
450 457 871
261 600 401
360 502 654
760 761 431
306 431 569
679 737 144
75 759 909
127 509 221
324 698 788
265 429 900
135 222 292
354 658 432
747 760 174
767 772 433
483 687 883
280 385 633
476 569 210
764 774 903
355 501 966
13 733 330
240 487 829
483 573 149
644 754 383
484 670 327
114 508 595
402 667 472
86 548 977
376 467 724
355 576 733
291 630 846
73 327 734
328 758 556
694 712 73
156 602 267
711 716 74
1 716 565
90 333 504
356 416 810
158 729 70
754 761 633
704 714 228
123 582 91
81 124 413
364 536 816
84 367 727
250 585 524
621 718 980
141 532 999
764 792 128
737 741 480
19 745 626
754 780 31
223 791 297
431 775 92
569 763 988
471 770 131
88 532 998
392 479 848
393 442 882
781 784 452
462 497 718
489 788 175
561 576 806
611 698 599
203 404 825
384 670 779
400 633 976
359 601 457
238 781 843
74 421 256
182 647 477
335 487 332
591 684 712
306 618 883
94 171 50
352 692 512
307 418 414
742 770 454
220 243 59
737 784 926
283 357 225
6 754 51
751 783 956
646 694 821
770 773 769
725 786 277
272 427 635
578 782 927
384 441 944
580 715 455
550 602 627
460 469 900
573 706 743
331 731 923
657 744 149
555 616 116
568 611 84
410 438 714
64 688 809
129 452 776
365 480 854
481 691 185
751 790 659
701 741 414
538 563 762
421 670 659
75 709 888
761 767 877
374 520 58
165 582 185
719 748 913
736 743 15
785 787 570
214 494 818
307 730 486
570 607 983
204 302 24
424 636 798
66 659 62
525 725 76
520 779 541
632 737 680
119 520 366
785 790 367
676 775 385
582 685 270
102 323 556
343 683 697
120 241 291
195 478 618
230 509 941
640 760 928
175 724 810
642 722 910
255 762 413
673 695 136
424 484 204
48 538 602
599 679 651
423 582 693
388 791 808
472 534 604
531 602 484
397 707 249
27 346 732
411 787 697
686 696 889
759 782 398
456 539 202
444 624 922
410 769 919
743 763 343
775 784 57
658 663 758
65 255 445
105 268 85
745 758 83
560 763 433
247 787 286
92 620 658
408 413 907
384 629 954
411 554 809
149 440 278
49 252 377
356 376 807
436 454 47
479 659 188
656 785 43
191 301 586
593 637 169
594 758 317
330 461 505
690 751 500
539 782 378
627 701 730
330 510 212
257 455 596
318 507 601
760 780 436
532 664 956
275 371 671
303 614 785
394 700 913
259 589 401
107 149 95
528 702 645
486 571 67
495 701 569
344 710 708
109 390 217
12 608 677
475 747 685
50 463 132
563 734 966
50 116 359
516 642 918
619 658 368
579 719 952
384 692 653
208 606 893
776 784 597
208 312 340
728 733 535
701 710 612
401 510 485
641 750 568
50 182 957
625 674 162
632 768 732
4 287 69
449 688 24
489 584 58
770 779 525
487 499 636
552 736 596
711 749 349
1 590 269
278 631 357
376 745 13
185 447 669
627 648 58
103 443 721
704 722 569
458 665 83
594 767 682
506 701 929
256 290 181
405 753 983
413 663 564
270 694 433
383 476 751
232 747 25
341 401 493
11 705 786
56 416 176
712 768 511
323 428 604
217 560 547
137 632 719
169 481 95
41 307 697
145 490 80
410 704 694
643 678 861
688 767 617
503 565 221
507 676 760
765 770 674
148 429 125
255 790 857
246 338 653
606 710 385
337 347 874
314 411 922
57 333 153
136 768 667
761 780 491
546 592 707
597 702 307
245 360 651
629 782 15
175 394 662
295 551 908
283 397 563
8 792 306
128 189 878
164 745 804
56 331 374
581 729 645
738 782 727
346 475 75
656 743 97
308 355 271
756 777 458
233 528 265
473 492 638
69 522 820
776 789 108
656 711 647
765 778 464
324 472 206
539 729 879
171 448 868
260 391 849
165 737 927
62 616 743
684 746 718
753 780 505
481 496 537
436 753 262
415 632 218
628 774 477
279 568 558
751 759 758
222 458 179
664 751 722
153 733 24
191 311 499
715 747 23
149 700 308
204 763 872
464 761 74
146 750 606
582 638 799
759 783 276
292 634 273
592 726 653
735 737 957
274 703 123
251 447 217
717 766 202
160 229 456
601 646 169
166 575 310
327 657 671
387 555 137
613 700 936
16 303 993
247 258 712
674 703 369
138 418 176
715 768 390
624 697 741
781 790 930
261 572 282
46 396 609
541 720 477
126 241 831
45 168 811
122 586 135
697 782 18
683 690 128
600 683 856
654 673 255
645 747 47
366 776 420
383 413 579
93 438 105
320 566 800
82 172 666
180 612 534
49 190 24
266 368 59
154 188 835
714 769 229
439 617 118
85 411 61
199 348 347
468 568 557
534 706 562
61 161 248
208 503 694
697 751 200
553 679 206
454 555 741
396 667 246
323 662 442
376 488 452
60 406 864
324 448 599
111 237 991
460 732 844
182 333 190
596 761 567
101 784 688
427 567 967
132 159 623
690 744 446
514 731 256
460 526 191
140 792 888
444 573 64
15 203 132
652 660 847
229 773 791
763 764 979
260 687 985
351 534 737
85 302 167
55 170 480
559 735 18
618 624 858
184 638 982
18 760 822
437 772 262
440 703 265
62 777 765
659 739 845
684 716 426
379 670 68
349 609 289
262 497 180
309 664 829
645 763 126
207 229 641
258 671 261
782 786 403
585 650 98
634 674 538
423 557 150
557 697 800
698 721 744
731 787 917
339 704 708
228 401 380
785 788 84
161 531 940
649 790 234
149 343 799
691 781 50
709 761 980
509 639 105
110 311 106
656 693 838
240 782 140
341 674 404
22 465 728
761 785 39
613 710 599
97 405 6
486 583 800
210 568 794
129 307 729
140 350 36
787 788 893
51 402 737
2 69 771
218 646 401
2 561 329
258 398 998
14 426 917
530 706 990
483 545 811
232 717 474
198 704 737
14 472 900
485 719 609
700 764 982
671 766 598
229 511 951
750 776 568
166 217 511
410 441 666
380 436 173
681 733 66
235 395 403
55 634 321
553 584 940
62 119 500
334 435 451
666 681 609
512 677 416
58 714 932
428 648 876
79 498 838
354 463 956
57 417 898
730 741 284
51 214 836
382 470 438
92 596 695
528 717 65
416 445 311
519 655 530
673 760 912
391 542 387
714 747 831
559 592 269
563 724 556
393 679 566
139 334 851
49 718 361
336 539 214
16 610 515
101 233 303
585 639 582
146 215 148
381 640 4
532 667 634
678 739 794
23 468 84
640 747 927
423 572 371
569 787 428
14 446 452
215 371 712
505 727 586
596 680 301
626 671 203
508 774 343
359 782 13
753 756 703
195 389 790
578 758 737
656 790 73
706 779 492
111 128 586
381 662 666
186 521 816
252 642 210
97 401 489
436 718 405
575 658 28
385 628 442
270 334 312
704 773 388
488 746 679
117 363 748
439 680 718
55 299 211
649 708 930
747 785 278
315 482 788
662 755 429
642 722 283
210 292 660
745 778 421
531 600 459
58 584 273
611 743 697
5 688 692
319 321 273
522 577 852
508 782 521
202 629 81
713 784 346
178 773 972
404 738 675
263 595 590
732 755 762
248 478 435
660 755 501
681 787 164
506 644 556
19 717 464
201 656 357
146 488 780
291 542 184
279 481 508
210 502 526
187 542 617
305 699 203
405 675 220
5 245 811
718 727 466
533 698 119
404 777 715
643 758 128
365 739 384
141 723 560
36 392 780
527 540 309
123 724 550
169 482 734
556 702 438
113 537 991
438 609 170
612 751 145
470 483 329
5 527 308
671 678 938
42 596 440
86 627 62
319 409 207
652 725 450
402 539 401
678 745 449
653 695 408
739 744 900
728 743 432
737 774 33
627 654 324
209 221 83
327 609 44
457 716 484
567 750 813
613 701 833
322 641 202
446 474 717
482 656 46
314 740 915
696 697 54
158 287 385
637 758 808
348 397 626
701 723 460
1 788 266
58 158 148
319 498 121
180 692 651
639 689 846
150 484 320
303 486 485
767 780 103
503 717 811
597 741 570
209 323 26
392 707 977
451 601 665
788 792 3
101 431 963
219 600 328
234 676 118
642 762 252
662 772 89
393 524 975
350 428 501
193 351 700
637 790 964
154 695 666
510 676 390
336 581 604
272 385 770
424 450 854
164 728 577
409 699 893
479 512 684
312 620 596
147 623 788
503 564 469
740 788 397
4 89 329
469 591 555
393 577 449
577 587 698
568 709 450
48 569 802
120 268 260
324 614 543
628 640 472
713 746 218
30 683 822
208 785 741
115 746 119
584 715 318
180 476 179
775 779 165
311 714 982
170 215 238
120 139 674
744 777 192
667 770 647
121 199 648
628 760 551
175 651 38
632 786 158
553 758 844
67 610 510
147 661 961
51 131 798
273 606 213
168 563 834
242 715 392
741 783 80
245 505 799
370 663 946
421 758 250
161 601 592
741 791 324
576 680 418
731 750 262
293 780 231
