188 152
751 575 216 430 589 829 803 114 664 143 644 469 972 866 130 473 92 696 590 772 290 39 494 656 728 430 561 587 451 949 575 421 384 20 45 365 496 244 873 711 699 260 884 365 381 434 421 45 591 206 381 985 34 284 989 698 997 513 146 109 813 545 661 193 541 369 218 452 820 351 944 389 148 656 850 380 516 631 504 132 833 127 299 431 742 227 1 538 39 278 963 865 238 382 493 882 424 748 878 254 37 60 444 562 197 604 520 485 328 943 638 521 404 344 316 68 552 295 792 660 68 660 739 331 918 738 650 693 94 378 31 872 422 440 129 443 467 299 573 592 709 611 438 393 673 97 281 953 163 512 927 502 992 226 899 439 470 494 64 550 900 597 71 714 459 749 502 991 90 578 379 898 813 306 925 189 637 91 3 343 391 1 690 884 775 845 668 683
105 179 463
175 186 873
21 171 88
159 174 410
142 149 215
118 168 378
58 103 884
77 129 332
54 66 203
168 188 634
92 100 309
120 133 559
118 168 726
161 168 471
20 63 139
167 182 270
128 185 313
165 182 913
183 188 910
20 167 706
72 181 807
77 102 908
5 29 642
1 116 540
137 174 923
114 162 63
93 171 21
107 167 357
152 176 440
25 87 781
123 160 173
162 164 73
60 136 370
46 66 770
1 70 786
117 188 162
30 114 435
126 157 532
88 151 570
51 95 594
88 165 502
56 143 442
86 87 145
144 148 834
24 61 334
179 182 969
38 87 280
141 145 580
21 183 631
159 187 416
110 123 808
11 32 945
78 144 747
78 148 806
145 163 805
41 188 886
31 159 390
129 162 686
131 150 409
38 78 805
57 177 128
19 176 574
114 156 100
96 182 301
106 186 315
74 110 152
184 185 764
133 186 376
10 139 289
82 154 124
23 80 420
80 124 534
160 179 683
68 131 320
128 137 103
123 148 65
82 96 194
131 173 948
181 182 331
5 176 613
106 128 486
44 62 34
145 162 893
168 186 333
18 118 784
33 131 532
53 69 687
36 136 460
50 173 330
174 182 182
86 126 628
74 111 573
74 159 400
25 178 819
114 176 686
1 34 741
35 139 594
27 159 492
142 162 997
80 163 882
73 187 126
118 183 533
52 59 10
72 145 824
113 134 487
11 87 107
49 54 738
181 187 261
158 166 791
25 168 279
51 130 289
3 119 235
75 100 323
175 186 869
97 178 925
179 188 757
150 169 564
81 114 760
9 69 353
21 50 861
56 138 139
30 62 291
79 136 669
113 155 514
70 147 415
83 121 19
4 183 846
168 182 236
107 113 795
43 162 832
183 185 238
101 175 980
182 185 664
6 153 404
67 89 169
53 157 370
112 129 804
13 44 726
134 162 137
112 177 428
36 68 147
116 172 108
156 173 780
139 150 953
28 182 610
64 120 200
65 137 618
167 172 608
69 179 879
37 53 225
16 70 991
61 117 448
