53 70
25 72 87 55 94 52 42 47 22 85 71 80 34 58 48 58 35 58 84 60 35 94 54 100 49 26 8 12 6 43 40 50 45 18 63 89 93 100 100 25 57 29 38 16 49 34 34 90 75 58 83 25 99
23 50 45
37 45 96
4 48 68
12 38 21
44 47 23
15 34 76
30 46 10
5 42 23
4 14 61
16 21 86
17 29 67
39 49 39
18 50 93
5 50 33
37 47 90
51 53 42
26 39 69
42 49 68
31 42 96
7 33 44
41 47 38
4 35 25
33 45 95
48 51 55
43 46 44
34 42 84
10 26 82
25 46 90
25 44 12
32 43 23
48 53 24
19 25 82
30 51 68
34 52 73
34 42 86
33 50 41
29 36 52
52 53 94
18 38 60
29 31 69
4 49 36
1 34 67
30 51 48
16 26 84
19 25 73
41 46 14
43 51 23
9 34 15
46 47 59
7 44 48
5 17 68
49 53 89
12 38 62
13 15 9
48 50 4
20 41 29
38 44 8
12 43 48
43 45 93
28 34 92
41 48 12
17 21 25
4 53 88
8 42 82
35 46 23
29 37 75
5 39 4
8 14 63
29 42 94
8 35 73
