199 727
653 214 603 455 230 960 857 780 437 981 884 13 827 461 23 46 384 552 539 289 434 622 180 738 442 899 934 332 692 55 788 652 370 526 884 290 721 777 174 425 527 747 510 95 104 748 659 203 268 757 132 82 135 923 952 492 697 212 818 515 254 689 95 920 445 865 154 856 30 384 342 406 233 685 531 887 712 255 248 387 519 694 251 406 615 497 864 511 102 533 35 653 192 10 310 6 311 845 435 23 939 972 251 708 570 25 187 414 409 916 484 210 490 29 798 143 736 266 930 555 272 656 949 343 509 607 688 115 938 885 490 432 331 72 906 115 84 205 383 291 903 75 27 65 481 744 955 226 571 201 306 837 873 176 169 920 821 422 744 651 190 189 180 487 97 153 995 132 461 552 477 76 319 876 372 704 381 204 941 293 434 134 422 894 998 969 515 25 253 609 113 392 296 2 987 17 411 938 980
113 149 302
184 195 438
36 37 444
84 179 172
187 188 750
141 189 843
90 117 311
162 166 948
124 143 300
118 193 462
161 192 983
18 165 170
100 143 438
88 143 139
146 160 836
184 188 157
195 198 390
8 92 255
124 149 606
114 183 867
93 140 476
41 135 611
170 183 505
77 151 484
7 141 564
194 196 162
19 190 437
62 71 326
154 191 812
70 133 99
73 96 305
32 133 853
151 154 48
33 72 7
41 196 355
176 180 595
5 37 453
16 128 121
92 193 429
32 67 294
85 134 408
89 199 582
42 162 663
97 167 405
132 142 224
137 157 732
54 164 568
197 199 431
94 117 235
29 166 905
116 174 927
87 179 902
91 97 267
39 103 112
119 199 584
110 155 53
12 58 924
172 198 278
76 109 861
173 177 877
185 189 140
140 146 313
121 187 666
13 199 344
111 122 524
3 4 676
128 157 126
81 171 861
145 190 591
133 146 674
58 176 457
32 88 939
127 170 20
5 169 962
174 192 719
113 184 31
70 82 692
42 102 125
47 117 741
130 192 707
26 27 389
137 186 633
68 88 476
108 113 823
54 135 747
108 118 915
43 150 147
47 142 818
64 77 602
19 40 166
106 111 495
7 102 358
112 169 508
147 151 191
88 133 956
106 163 807
161 165 698
14 92 317
121 150 958
187 191 232
133 164 768
87 121 626
179 187 11
176 181 345
190 196 26
100 110 509
106 123 763
186 192 964
45 93 893
126 192 718
26 146 364
38 146 742
180 199 579
81 122 79
42 83 330
145 187 578
187 195 188
37 146 25
30 193 196
13 75 757
129 130 205
104 175 406
155 174 879
59 74 4
147 192 827
183 187 685
43 170 187
33 147 27
105 110 984
159 161 153
137 186 302
111 129 707
39 98 949
198 199 617
75 78 70
22 43 396
7 9 196
160 191 564
167 178 984
125 198 563
198 199 51
45 93 984
89 195 44
83 183 762
83 146 923
104 182 83
96 98 90
140 165 936
13 152 908
2 75 577
149 199 519
36 187 405
46 196 839
34 143 397
118 171 444
42 187 711
5 186 143
91 161 434
129 157 469
166 195 98
32 171 994
127 131 709
87 95 77
177 179 598
5 149 198
72 113 257
126 153 478
143 144 582
182 196 852
156 167 828
82 112 302
77 126 832
117 195 83
121 172 820
124 180 197
97 153 24
136 173 384
4 186 918
181 194 217
94 127 19
1 75 608
168 186 445
17 75 956
197 198 527
59 139 479
42 113 324
17 23 576
177 193 140
99 143 485
109 192 574
25 180 26
143 148 991
85 154 807
31 51 267
195 198 203
181 188 795
14 164 127
178 184 398
143 158 597
164 194 948
14 149 831
107 163 232
34 74 20
183 195 136
76 142 107
66 121 296
60 96 749
99 161 527
21 195 75
2 131 451
34 65 449
153 171 864
43 83 699
94 100 660
85 146 941
32 187 323
149 180 447
83 144 531
150 192 525
145 158 136
192 199 836
177 184 843
39 192 525
172 190 963
34 129 589
12 173 743
105 175 573
163 189 890
151 190 465
102 121 651
41 94 612
45 171 408
156 166 876
172 186 42
114 122 991
101 197 284
197 199 779
139 182 470
191 199 178
28 108 233
140 162 875
193 196 342
29 66 553
196 198 388
89 197 8
12 119 81
53 72 499
185 192 427
2 189 957
94 131 722
117 196 906
97 156 735
125 157 454
37 145 435
71 193 731
2 185 623
99 125 889
118 119 432
42 84 862
20 53 58
36 59 30
13 129 23
193 199 884
96 128 20
76 152 886
96 129 337
119 170 115
111 175 554
11 155 930
99 155 355
157 176 7
9 150 624
55 162 570
39 147 243
105 155 36
24 123 102
118 171 178
57 183 918
140 155 173
18 109 473
37 88 191
77 150 147
9 73 227
177 181 541
173 193 644
170 186 764
163 198 591
11 68 99
91 136 853
37 71 87
126 145 2
84 154 236
15 46 348
9 169 146
124 154 809
77 85 304
52 169 382
69 141 887
32 110 86
43 151 638
60 183 23
91 133 661
142 170 925
138 195 889
6 46 281
154 182 253
179 192 778
95 159 832
31 77 333
46 124 909
187 198 726
141 147 371
28 41 38
9 119 541
134 151 851
134 173 817
130 167 578
59 157 361
76 131 679
131 140 217
112 173 1
178 193 684
186 189 742
154 180 769
193 196 958
178 180 565
198 199 731
128 179 883
35 180 306
39 48 28
77 173 812
99 127 899
33 82 482
39 58 938
48 163 67
86 195 350
48 189 270
90 132 621
6 134 989
136 154 963
136 141 870
101 189 59
79 82 870
83 97 515
73 99 419
23 175 156
193 198 839
118 119 197
196 198 610
144 170 282
41 135 684
31 136 565
164 167 536
8 138 999
165 184 847
8 43 99
109 118 891
157 160 665
67 80 371
101 114 950
35 40 455
13 140 545
16 41 803
165 168 242
165 169 135
18 39 736
198 199 96
150 199 788
25 108 996
130 142 902
3 134 876
72 188 872
51 157 271
193 198 670
117 138 505
38 140 163
37 172 506
179 180 681
27 189 405
125 154 571
87 149 900
88 172 168
195 197 320
40 45 882
191 192 214
93 198 683
141 158 983
174 193 83
99 128 570
99 101 980
109 168 157
70 173 104
19 35 15
108 109 194
125 161 251
124 179 933
127 181 286
125 156 181
152 179 328
197 199 550
87 153 693
66 117 834
36 159 934
19 99 233
156 191 187
48 77 736
151 156 205
156 159 153
32 82 721
196 198 487
152 178 747
149 195 746
56 94 99
65 133 55
13 130 75
18 166 170
173 178 740
16 167 562
159 171 122
148 183 637
135 160 127
61 103 728
109 145 883
120 181 865
34 112 25
186 194 636
77 95 80
167 190 746
106 134 830
42 189 989
99 139 36
129 134 113
170 190 362
188 197 568
17 160 663
189 193 854
70 94 825
176 195 104
8 129 868
85 154 249
110 116 904
4 79 263
65 170 539
76 157 787
122 158 198
114 148 749
133 198 386
73 170 960
82 158 344
178 193 224
99 105 968
159 169 213
173 189 603
29 58 824
53 191 731
55 156 258
37 88 171
146 184 130
153 186 811
55 63 500
120 123 92
98 161 206
34 75 478
119 138 98
139 190 994
189 195 130
196 199 499
91 98 511
161 188 249
150 177 180
154 169 352
72 184 470
87 194 296
113 159 977
100 137 808
188 191 736
43 44 1000
115 176 185
131 177 705
129 156 77
184 199 257
134 199 95
126 171 899
30 131 573
47 163 316
39 178 767
125 154 729
175 181 389
141 165 243
88 153 280
184 187 276
15 89 87
182 199 509
118 158 31
136 195 174
137 138 915
188 189 412
36 134 550
175 177 716
13 78 682
96 128 82
192 198 768
112 128 777
165 171 519
44 47 602
91 136 137
134 135 754
174 180 71
21 177 559
92 168 151
169 198 959
103 191 361
18 120 224
70 182 636
56 96 130
48 124 258
177 188 413
159 191 432
152 179 485
18 66 263
91 149 124
111 176 245
179 199 520
24 160 345
134 195 863
153 192 266
132 178 132
2 88 801
143 149 24
144 191 110
101 166 431
72 115 720
145 178 447
41 180 774
46 69 47
17 187 203
89 128 241
67 180 955
78 94 944
112 142 303
12 42 102
141 197 304
147 151 989
93 142 521
41 103 605
13 119 208
147 189 267
104 150 181
128 170 353
65 139 789
142 157 192
28 78 781
137 155 644
118 147 110
72 107 1
55 85 453
110 160 342
55 184 386
145 175 875
140 173 490
35 168 682
186 193 819
89 198 545
72 149 208
186 199 943
164 175 407
91 157 159
28 186 12
34 47 881
157 165 83
164 199 153
125 172 56
144 182 481
169 194 647
191 193 239
118 121 848
27 145 299
172 181 972
180 191 587
182 196 658
93 151 775
174 176 222
15 27 52
52 102 707
194 197 896
50 58 848
194 199 236
173 175 579
22 131 291
163 191 291
170 175 733
9 55 573
2 94 857
29 105 857
116 198 687
110 125 786
127 189 620
99 140 107
131 171 433
64 92 786
155 189 993
146 185 656
11 112 432
36 105 376
125 173 972
116 135 504
88 177 341
112 143 135
14 29 85
95 158 293
24 32 153
26 98 371
33 81 398
37 171 666
119 130 146
183 188 274
5 42 91
82 96 903
101 157 830
5 130 27
79 173 92
41 175 800
108 152 370
42 181 359
157 168 727
28 128 799
78 117 958
170 178 138
179 196 188
115 116 760
93 143 796
165 193 237
80 153 353
59 63 644
28 193 310
38 96 420
24 112 235
59 130 941
85 139 312
71 121 724
159 183 279
172 198 162
196 199 756
22 198 659
84 86 171
126 135 519
70 121 731
88 183 964
106 186 432
70 149 278
2 116 43
187 193 558
23 175 291
100 149 561
135 166 103
80 81 30
33 156 81
156 171 615
6 137 855
38 88 96
195 198 961
192 194 489
192 193 404
39 70 812
49 91 694
41 176 353
188 194 699
77 179 369
27 120 348
76 113 161
102 169 852
196 198 319
190 196 148
172 174 102
72 163 743
43 53 305
196 198 585
29 37 893
88 187 362
192 198 1000
8 187 645
131 143 770
65 191 527
81 167 55
117 160 944
177 185 748
185 197 40
44 122 627
48 131 700
14 198 424
99 182 404
62 103 104
154 196 645
41 186 103
6 68 87
130 198 938
3 54 841
113 131 787
123 186 297
17 171 458
32 91 577
12 167 958
104 181 580
185 195 737
106 147 387
181 193 872
189 193 344
66 134 732
142 188 531
76 119 271
23 167 490
43 56 534
145 161 446
19 43 930
77 156 812
157 188 242
131 167 724
55 95 916
117 164 442
86 147 174
74 173 453
115 174 998
143 199 667
166 180 561
69 111 704
7 126 703
8 40 378
