690 378
288 535 938 100 383 980 502 114 364 543 652 316 544 232 929 813 668 44 899 664 700 36 451 156 671 193 641 513 796 776 615 477 870 308 778 25 916 550 764 62 303 358 68 248 68 305 965 438 733 386 241 802 992 14 246 76 490 83 497 830 67 886 576 274 132 423 267 445 775 302 194 505 151 295 630 18 705 979 272 766 866 486 698 414 698 987 347 43 756 565 948 97 312 191 624 68 553 164 768 824 412 395 472 864 875 29 731 597 891 329 928 238 727 796 693 88 800 17 150 583 52 769 569 198 595 509 703 778 975 850 979 82 518 407 661 598 846 788 74 525 662 91 141 51 645 117 858 769 900 860 381 866 613 352 971 830 739 24 753 50 24 594 26 944 983 302 995 716 82 524 473 370 386 358 181 340 233 764 421 825 759 785 32 906 70 848 146 125 426 878 610 521 959 925 142 899 117 846 90 285 948 793 724 402 687 202 487 331 188 541 343 462 998 1 297 410 643 564 888 808 90 387 84 275 146 888 992 798 306 669 158 859 181 289 310 373 54 482 85 307 469 360 925 888 410 725 730 318 625 319 782 573 268 670 214 208 741 712 943 984 37 155 919 543 931 240 640 639 18 247 153 25 301 952 73 139 581 125 478 767 1 476 399 150 326 926 503 375 954 610 966 127 50 187 635 879 123 48 295 673 822 513 704 22 30 223 656 933 172 1 25 427 161 688 351 509 18 529 443 739 215 174 460 783 956 304 134 939 59 511 767 909 935 137 768 706 799 825 820 631 385 715 618 113 4 555 543 550 627 504 204 507 502 696 537 704 75 292 242 821 830 128 403 278 752 572 296 302 588 959 677 112 107 12 408 829 701 69 681 211 502 830 868 590 396 392 776 461 940 314 682 856 297 329 513 969 88 430 253 227 628 285 765 187 627 296 248 498 2 488 829 497 312 650 485 166 759 682 776 818 523 742 772 310 155 804 388 475 511 411 550 819 412 631 718 279 636 702 678 4 799 286 484 945 364 972 923 52 577 617 112 530 932 811 318 923 182 332 527 525 671 437 599 947 459 245 654 314 638 299 995 993 352 261 142 932 151 775 921 614 779 337 701 283 337 276 409 746 457 533 492 549 399 199 453 212 61 468 144 61 419 106 87 105 468 600 918 725 59 496 427 994 736 871 711 331 894 283 51 365 190 177 896 743 34 71 476 623 234 64 162 129 359 684 250 162 373 849 388 520 987 746 453 469 162 183 135 991 821 695 169 34 205 440 811 787 239 439 5 748 343 701 385 41 830 653 699 87 309 318 972 103 263 87 425 980 772 580 376 618 464 390 728 200 985 329 315 583 398 700 455 325 296 439 654 580 679 911 141 705 745 611 374 792 414 372 167 495 326 561 264 289 832 149 749 278 63 56 157 69 530 50 447 855 33 494 966 321 245 522 148 639 28 349 710 428 628 554 232 818 141 325 13 294 425 85 154 32 822 521 847 740 846 17 738 654 115 720 535 271 843 396 154 617 918 164 562 190 123 561 72 243 380 911 349 194 62 202 724 218 480 683 402 966 812 861 302 19 42 342
194 525 349
580 585 276
165 336 116
378 468 291
70 523 323
629 672 67
554 651 115
162 484 42
250 482 164
462 488 253
679 682 252
194 557 353
279 529 884
14 395 79
106 266 601
192 452 515
443 473 483
15 653 935
454 539 390
51 174 592
284 660 874
345 421 940
201 242 96
8 429 675
145 685 404
143 172 278
444 675 15
126 670 317
350 632 613
290 442 931
207 398 823
21 184 403
500 554 149
406 490 233
227 261 849
571 618 784
682 685 19
148 193 178
234 263 909
307 417 215
203 583 323
497 680 907
513 543 624
506 652 968
154 171 975
652 679 247
52 63 576
650 668 713
113 170 230
397 550 260
491 592 5
356 464 39
185 359 485
14 166 29
396 667 327
236 354 30
380 417 928
663 686 490
47 320 728
391 620 823
488 675 602
65 206 770
236 406 629
584 634 536
641 653 724
526 645 280
384 555 318
412 642 730
161 477 429
628 667 292
276 439 555
123 468 435
625 678 153
119 203 977
486 601 902
544 611 885
146 243 470
60 340 160
507 543 644
166 227 886
246 431 846
104 334 235
351 648 985
390 426 311
188 438 966
319 494 449
128 595 250
689 690 79
332 458 950
18 654 785
371 412 280
668 685 822
571 660 976
132 295 132
622 662 779
598 628 690
89 688 415
386 480 266
631 689 476
353 450 582
304 492 329
455 662 132
350 612 302
179 437 522
442 605 858
19 423 694
100 263 191
667 681 231
568 625 160
628 679 516
376 535 441
335 683 158
68 103 287
501 689 453
272 622 310
645 678 328
100 207 644
601 675 292
381 439 679
410 443 450
569 577 380
678 689 573
544 590 125
550 661 732
408 432 394
657 662 175
280 366 433
543 659 21
98 472 57
661 681 994
89 500 939
296 392 845
141 499 259
128 249 112
547 620 941
589 668 440
111 417 369
220 322 196
424 559 777
131 151 420
615 687 598
147 282 235
478 523 224
428 671 401
663 672 575
233 260 688
223 488 311
516 588 418
664 675 954
637 652 536
228 353 279
511 535 830
669 688 405
447 623 284
91 193 644
22 319 566
1 613 419
680 684 67
268 381 488
65 446 767
420 592 697
203 469 139
642 685 375
628 645 804
519 593 923
468 628 588
596 619 691
223 618 21
210 255 931
132 586 778
530 652 61
256 473 470
363 506 405
373 602 151
310 637 313
595 642 158
331 412 49
673 680 558
326 381 416
42 231 857
681 684 31
427 475 69
332 368 947
439 567 514
607 662 889
66 534 623
521 589 17
248 464 775
608 666 811
612 670 493
489 524 733
62 367 712
117 558 626
363 494 662
654 672 485
8 308 54
242 559 414
584 612 538
631 637 116
607 664 436
198 409 147
491 547 326
12 515 503
557 661 521
129 591 301
292 323 816
663 664 231
541 687 922
437 496 125
466 640 212
18 359 124
539 606 440
328 619 550
595 633 536
582 665 600
146 431 132
638 648 994
426 600 789
365 488 667
197 199 50
252 535 689
98 677 575
185 584 509
70 234 323
464 466 285
270 607 348
215 620 5
1 26 601
658 689 259
425 498 311
667 674 758
603 628 585
419 425 929
204 663 881
108 531 946
366 601 369
2 559 120
311 676 738
431 661 880
358 614 730
644 672 773
397 627 205
344 433 529
223 345 962
21 521 421
627 653 727
419 447 717
625 680 180
94 348 430
268 526 312
516 628 805
203 683 403
599 618 746
219 536 993
75 186 396
522 652 3
57 175 964
299 324 588
207 397 84
562 636 839
510 559 163
654 661 668
614 683 770
39 297 27
64 215 545
221 374 630
285 485 173
328 522 648
259 520 547
368 397 448
451 651 187
550 566 16
158 611 144
631 658 808
553 642 228
40 149 151
269 370 36
140 305 970
600 636 228
292 423 366
586 634 668
483 642 161
409 425 797
248 360 590
232 690 587
207 558 117
171 575 933
285 533 112
295 349 948
275 527 924
247 366 654
353 434 197
507 588 310
205 268 496
666 681 415
459 516 301
143 569 678
137 507 341
535 611 451
64 671 389
609 656 100
82 198 617
127 425 640
492 634 580
659 680 618
9 463 718
364 655 729
367 624 834
16 195 866
151 578 676
648 686 96
51 408 647
622 647 987
49 182 197
517 627 116
471 590 496
603 654 569
408 610 592
606 618 421
440 662 43
257 555 404
130 236 607
313 592 929
604 688 695
192 305 779
73 472 991
423 655 324
381 463 802
654 658 107
497 631 785
306 364 521
133 678 604
196 331 803
238 594 729
513 618 932
483 491 480
157 466 126
230 455 296
458 641 397
353 615 505
617 679 105
268 449 119
422 549 89
570 654 522
517 681 405
625 682 278
321 675 226
66 576 506
288 437 531
638 656 419
285 297 683
615 633 739
618 622 18
298 339 253
677 685 458
682 690 506
224 591 937
249 371 554
274 299 678
14 293 686
107 278 351
639 683 270
607 632 885
327 442 570
483 561 638
386 684 396
447 619 610
525 578 494
106 322 923
18 103 543
107 634 15
401 624 896
634 686 632
474 488 117
159 611 825
10 85 885
27 501 982
394 427 141
