103 787
7 350 510 280 472 31 970 846 901 868 457 497 150 211 205 519 2 389 970 515 975 65 97 496 485 546 514 449 497 52 413 453 172 979 308 557 948 9 901 609 743 754 919 468 821 553 243 47 487 2 381 344 53 941 782 862 175 956 232 648 130 780 639 525 578 723 32 676 390 825 911 446 542 440 109 1000 166 369 133 941 38 461 845 430 253 711 697 225 284 739 427 43 618 925 364 677 83 82 514 232 407 974 720
99 103 2
62 89 426
13 78 711
81 91 987
73 90 143
18 74 637
88 103 386
37 100 167
7 34 539
77 85 922
60 90 671
40 79 832
41 89 664
31 32 558
23 61 263
34 73 233
19 94 575
67 87 601
69 93 875
61 76 902
29 76 60
31 94 782
37 78 896
67 74 647
89 101 773
27 90 518
36 54 964
26 67 321
42 103 711
37 57 514
38 75 623
71 84 307
47 53 47
13 93 538
1 66 457
70 79 235
63 79 505
57 76 472
34 103 469
6 68 896
14 48 908
90 100 90
62 66 556
91 94 570
94 101 271
2 66 988
23 33 614
74 79 278
2 9 707
24 74 130
92 94 161
98 101 385
18 43 535
68 75 595
16 76 449
31 65 382
12 90 754
86 90 251
13 38 874
9 80 427
22 40 128
1 81 243
66 70 590
72 85 125
88 94 183
84 92 132
24 41 790
7 76 166
31 60 974
77 82 130
90 96 832
6 48 947
42 95 343
12 96 277
81 84 110
68 92 429
16 48 619
31 70 319
53 65 17
24 25 556
34 53 374
14 23 656
47 57 877
100 103 684
82 94 345
43 100 598
13 102 244
82 98 854
72 98 440
49 79 738
63 99 76
43 88 678
14 82 402
49 76 235
80 97 95
11 33 823
94 102 716
57 84 466
86 94 573
57 96 846
15 84 279
4 7 306
56 71 763
16 48 317
56 97 863
61 97 184
72 92 8
86 99 217
4 48 753
9 94 210
35 43 7
86 94 329
90 91 718
86 95 176
53 88 310
74 76 353
78 94 547
59 91 283
100 101 554
78 103 396
22 65 83
78 101 701
53 90 11
90 96 536
55 96 778
57 76 277
32 71 908
38 95 35
11 42 620
44 47 859
59 65 388
98 103 180
67 88 952
63 67 284
56 95 241
16 23 151
35 90 303
36 39 627
54 67 541
45 90 450
83 93 27
57 70 984
25 77 327
60 75 226
37 84 673
72 98 788
52 77 435
8 40 372
59 99 533
70 82 682
29 32 313
58 60 910
71 82 766
2 98 72
13 60 168
57 74 348
20 32 429
16 98 460
77 101 43
27 69 368
47 80 421
51 102 290
34 80 996
7 70 28
90 97 515
75 98 816
55 103 91
65 89 897
66 94 560
58 88 287
84 100 876
31 62 36
90 96 788
33 47 839
3 39 39
55 64 25
72 90 938
1 91 189
80 83 430
16 40 200
42 78 117
69 93 582
45 98 325
19 80 826
16 73 926
8 43 321
101 103 716
6 18 472
55 65 288
85 96 953
66 79 140
11 93 406
4 100 197
1 10 223
67 100 655
91 92 777
55 74 418
55 100 610
14 82 827
73 97 332
51 82 583
57 74 739
5 50 928
51 76 803
28 33 168
23 77 64
46 75 667
84 98 947
4 101 62
59 87 321
57 94 525
23 94 167
92 101 218
5 94 674
4 85 53
94 99 182
78 100 628
93 95 490
32 42 642
99 103 823
44 86 704
6 20 644
18 59 226
25 42 960
30 54 492
74 95 737
18 103 684
32 97 494
49 52 944
68 73 791
13 53 686
25 91 263
37 57 968
46 83 46
5 27 369
14 23 294
98 101 672
47 76 471
58 66 588
43 75 687
87 88 228
31 94 205
86 93 654
49 51 241
96 100 739
5 14 596
99 103 471
72 88 852
65 74 90
37 98 561
7 78 194
100 101 146
85 88 596
2 87 927
37 58 75
47 62 319
87 97 529
91 97 48
77 89 832
75 101 782
68 100 708
26 64 677
70 90 978
21 77 169
38 88 646
45 82 715
65 78 230
11 103 483
54 96 183
21 81 255
1 79 391
62 85 490
26 97 798
57 100 190
34 55 926
28 78 45
26 82 730
2 27 905
49 76 577
18 57 575
68 102 467
30 39 983
44 90 454
29 40 53
75 99 683
55 69 684
34 62 435
88 94 652
70 100 19
65 86 223
63 94 567
65 99 914
81 85 983
13 54 293
24 88 920
75 82 947
13 102 149
53 60 790
46 57 125
62 77 13
92 93 348
63 95 185
53 72 479
63 102 746
92 103 484
64 90 623
80 92 739
20 38 150
28 92 89
58 76 436
1 75 849
23 53 886
42 62 499
40 57 345
54 58 584
46 67 103
53 94 972
11 68 983
42 55 225
22 74 296
86 102 491
89 91 671
52 61 241
6 99 56
70 82 441
52 62 389
16 101 864
98 100 463
21 72 930
12 60 473
93 102 970
39 82 957
81 82 383
20 42 674
49 70 805
28 37 115
10 87 372
6 102 852
17 76 767
85 91 934
99 101 267
72 99 472
22 84 241
92 101 35
85 98 794
79 85 923
33 56 381
45 48 663
94 102 179
17 26 692
3 88 153
18 45 902
54 84 798
79 87 781
4 73 131
17 48 182
2 23 350
82 94 192
6 102 955
70 102 232
97 102 67
78 80 681
65 81 753
39 63 803
74 80 408
79 95 903
8 72 954
36 47 189
86 96 52
41 65 402
37 75 51
26 95 488
30 91 392
3 30 605
55 71 176
8 75 846
97 103 261
88 92 122
38 43 852
90 101 391
17 88 264
40 91 48
37 46 168
35 82 345
70 72 127
56 99 182
2 41 491
7 39 246
72 83 729
47 73 398
72 94 480
51 84 594
79 85 538
8 72 667
67 93 555
67 80 572
102 103 945
47 58 171
102 103 636
6 17 590
54 89 495
85 87 631
47 84 954
12 32 432
65 78 917
44 86 797
102 103 778
15 29 966
56 93 679
91 97 326
17 41 470
10 34 993
98 102 866
60 91 811
83 96 792
101 102 618
64 84 529
57 68 717
91 98 832
33 69 72
67 102 187
33 51 216
11 19 702
63 97 304
9 85 289
49 70 565
15 95 304
53 102 453
28 100 117
11 29 475
95 99 229
9 95 903
101 103 999
4 91 643
56 93 713
102 103 758
19 101 297
65 80 611
6 18 133
72 85 786
2 12 494
69 93 389
52 62 384
58 91 368
88 91 612
85 99 368
40 41 410
71 78 340
52 63 421
74 96 50
83 90 943
19 26 876
26 66 154
61 90 98
10 26 491
11 86 736
2 97 493
66 81 285
46 100 783
77 101 198
27 43 903
22 34 567
62 81 333
69 82 659
59 89 711
11 25 169
9 10 539
49 76 494
88 92 743
76 96 156
52 81 392
54 79 274
35 55 893
35 43 219
36 73 988
58 86 159
89 91 598
85 100 383
13 100 909
33 50 828
45 53 485
45 76 242
5 93 58
65 72 714
42 54 25
94 95 11
52 55 660
76 79 193
13 68 725
90 91 630
10 96 788
78 87 685
79 85 581
11 19 614
70 80 400
47 96 54
4 69 685
16 76 982
63 92 122
61 79 215
69 79 705
28 68 307
21 26 259
70 102 713
47 88 259
101 102 660
43 66 927
23 41 402
67 81 756
13 21 391
30 42 409
54 61 345
50 73 367
13 65 603
94 97 584
29 94 879
25 43 410
57 64 365
42 63 137
97 98 638
66 71 510
101 103 586
49 67 846
88 101 322
65 77 584
98 99 992
67 80 865
9 36 606
49 98 243
16 62 778
30 51 296
80 100 251
51 76 878
60 69 243
68 80 718
46 56 147
76 85 726
62 81 719
29 98 249
56 79 267
57 89 889
32 74 377
10 47 72
22 94 362
92 95 984
64 87 653
89 91 735
10 62 677
40 74 748
7 94 163
41 92 149
35 50 117
44 91 119
80 103 352
101 103 116
70 103 700
17 42 554
89 91 748
94 95 829
90 94 316
81 93 945
27 51 293
69 93 733
18 71 592
90 103 29
23 50 834
102 103 310
76 95 370
101 102 102
81 95 426
65 87 302
33 79 708
53 61 702
11 93 673
11 71 698
41 70 976
65 71 304
60 85 315
61 65 180
91 98 565
65 73 588
87 101 256
93 103 169
67 80 964
48 98 315
31 50 821
45 58 75
28 93 969
82 88 804
56 78 458
85 86 516
67 87 897
71 87 47
17 60 687
41 93 897
90 94 387
16 20 727
66 87 321
95 103 644
7 67 470
96 100 811
73 76 690
45 82 151
8 35 605
1 2 580
59 77 903
71 94 391
94 101 550
31 33 877
100 102 1000
77 84 203
22 46 630
77 103 371
24 89 351
78 101 110
89 100 675
25 71 236
15 77 661
15 96 757
46 98 728
68 86 882
18 74 792
57 92 888
27 57 980
91 100 441
8 19 25
71 97 42
102 103 44
101 103 585
39 69 945
14 60 315
59 98 149
55 60 247
86 87 659
66 83 926
1 58 944
40 83 179
46 50 181
20 62 515
100 102 139
22 84 127
27 91 229
84 96 931
88 102 460
13 34 410
79 86 817
99 102 356
38 65 578
33 58 58
100 102 439
88 98 876
17 49 664
101 102 11
71 79 739
65 69 102
87 91 659
26 50 835
28 60 48
83 96 966
17 49 97
93 99 66
23 86 867
88 96 724
11 15 172
29 34 440
72 76 198
33 69 137
77 96 521
77 93 244
101 103 57
54 82 405
32 35 140
66 99 116
10 54 798
34 98 888
46 90 398
43 59 401
28 83 859
50 52 486
2 34 429
95 101 887
34 93 202
24 75 921
12 20 903
6 67 120
12 17 93
30 35 561
17 84 341
96 103 528
90 100 642
21 40 66
61 95 504
46 98 629
71 74 406
68 99 860
32 70 825
85 87 214
96 98 852
16 17 302
24 75 851
64 92 230
11 12 192
76 91 511
61 84 462
70 75 98
59 83 286
38 64 528
12 62 262
80 97 223
29 61 872
41 46 354
72 89 741
85 87 219
79 90 267
38 98 955
47 62 935
6 51 423
41 68 917
3 11 517
71 87 888
34 66 998
82 84 920
50 103 967
68 75 246
42 53 648
5 99 293
48 90 878
5 10 984
21 76 3
33 87 444
63 74 549
3 82 399
45 72 813
18 59 524
54 95 233
85 90 106
76 101 355
91 99 301
72 95 967
53 77 966
3 55 410
74 87 609
90 101 841
78 81 165
49 70 667
11 59 832
22 32 503
31 62 243
100 101 806
9 52 445
98 99 45
25 70 896
4 97 771
56 87 533
86 89 132
102 103 527
89 92 768
87 93 5
59 96 287
85 95 229
39 45 905
40 71 451
37 84 41
92 95 784
24 58 660
17 59 929
1 43 308
87 98 154
83 87 131
56 63 709
96 97 392
63 83 668
89 92 761
46 80 679
84 88 41
8 13 336
80 96 370
52 54 490
76 93 158
52 66 664
29 84 968
16 97 823
59 98 983
66 79 147
2 88 74
26 42 728
71 74 105
