608 854
642 143 222 831 386 723 154 360 461 624 25 496 227 269 346 360 618 990 309 630 774 123 995 737 701 300 737 676 599 27 826 802 475 651 635 827 165 428 900 96 369 374 275 117 968 321 825 887 543 195 117 168 769 771 122 997 618 903 587 556 955 548 204 730 524 384 325 618 720 962 767 78 14 788 527 594 994 322 129 525 149 188 160 154 882 990 414 343 347 918 581 572 478 452 10 461 792 245 268 135 427 497 931 903 721 746 694 660 231 275 100 727 551 514 747 574 353 132 385 104 577 438 372 200 494 27 55 264 741 929 497 371 672 636 758 651 540 419 434 476 35 660 776 501 883 598 790 897 895 13 719 401 757 635 684 596 362 510 534 649 60 304 21 505 412 171 601 740 252 66 262 926 401 684 183 798 42 425 520 800 363 744 605 695 730 74 98 275 198 415 756 429 310 703 376 19 433 172 972 572 253 706 763 856 290 36 82 484 471 474 483 622 960 501 290 529 655 648 186 439 195 243 647 161 679 187 90 757 463 55 845 980 284 860 208 39 622 107 853 110 433 952 775 266 351 106 698 527 45 231 45 94 121 668 175 581 637 588 24 369 278 790 592 424 403 875 345 788 624 570 710 193 797 239 833 457 687 635 11 323 218 723 894 497 215 766 810 176 416 103 75 547 42 894 929 290 142 359 358 126 837 788 320 973 845 20 284 935 84 50 287 703 496 308 28 372 639 969 813 999 158 68 911 913 845 232 314 343 993 130 743 404 865 58 542 104 32 773 471 157 150 128 774 532 160 153 378 125 873 176 557 434 212 830 732 620 980 313 704 592 931 830 941 865 738 147 437 212 445 997 523 590 411 547 40 559 906 230 132 758 230 514 874 197 734 652 646 805 608 314 28 154 576 889 871 228 490 312 512 686 789 956 168 378 809 791 189 623 829 248 896 967 520 576 560 856 6 237 203 620 484 946 191 768 825 54 71 875 409 580 991 3 844 34 588 595 847 492 147 546 3 537 198 96 281 490 77 972 705 840 116 903 437 896 896 314 77 883 16 15 851 958 576 574 570 721 812 771 437 535 360 473 795 947 576 387 449 65 881 720 433 579 774 634 671 945 439 79 27 33 938 745 272 48 863 321 681 176 520 872 421 472 719 528 178 928 641 291 323 722 518 374 18 166 640 955 687 574 346 652 60 469 947 969 971 389 317 609 520 181 786 810 142 483 605 953 374 875 750 821 586 897 658 670 220 411 946 978 356 483 62 823 219 22 123 882 401 316 282 955 144 249 782 162 858 10 630 703 475 104 720 867 285 122 311 414 881 866 797 407 360 570 354 354 123 78 305 102 298 197 43 472 497 690 918 30 615 34 735 876 898 75 325 228 290 287 925 893
76 107 238
307 315 826
492 601 577
3 514 116
69 126 128
25 592 486
573 575 872
336 492 970
393 588 7
176 512 11
113 118 473
166 570 757
442 481 144
109 594 369
527 536 342
4 24 598
246 346 440
306 386 29
385 486 781
398 468 385
13 64 381
292 338 272
171 429 386
131 544 127
586 594 574
72 217 448
57 114 234
589 600 985
138 344 505
557 570 98
456 477 144
376 541 816
585 601 666
122 236 253
182 575 818
82 203 217
402 412 360
363 369 251
290 488 926
326 433 828
191 596 399
542 602 305
400 421 437
111 553 639
507 605 54
526 601 998
246 554 291
77 312 981
559 588 864
132 494 943
335 364 398
300 347 80
192 373 725
417 526 49
443 445 939
95 513 859
112 318 96
121 467 545
85 274 756
332 377 365
537 578 722
592 595 279
509 561 264
229 256 777
385 592 88
451 560 555
209 293 527
219 343 203
257 334 889
297 346 995
509 585 685
362 483 739
128 395 581
548 553 549
21 595 852
512 541 844
313 491 410
431 477 249
508 592 624
522 578 109
209 564 549
16 522 819
253 274 44
499 571 594
212 339 265
204 560 647
371 440 304
344 506 156
183 343 765
289 586 320
433 575 793
242 513 699
152 365 608
9 563 259
423 585 898
371 436 831
276 595 373
553 582 447
470 586 611
383 504 47
583 593 439
391 592 512
312 331 189
559 581 931
347 407 795
239 376 47
86 337 637
116 607 657
186 272 957
592 605 571
524 525 977
509 546 521
162 323 576
452 457 119
574 579 662
117 431 941
96 205 447
229 441 107
54 326 872
408 497 939
74 380 412
335 428 61
518 526 686
349 367 806
503 592 224
197 559 901
86 565 268
467 542 213
160 506 937
156 158 855
355 468 48
84 560 939
407 530 939
206 249 153
134 482 353
271 318 811
244 366 273
546 568 24
153 328 370
359 439 859
500 568 256
1 63 596
46 505 799
230 556 887
428 429 623
142 461 649
97 289 803
481 604 196
262 288 440
30 501 218
411 415 320
278 423 997
459 516 182
308 360 930
366 560 521
468 570 773
484 494 327
383 485 900
155 190 400
50 76 564
377 494 519
518 542 407
179 381 436
423 606 996
263 303 92
6 457 844
128 147 717
582 585 957
397 411 586
264 498 18
194 309 602
376 571 637
601 602 115
375 589 90
17 240 538
282 361 552
525 544 233
425 502 574
165 553 741
436 570 902
252 514 748
389 435 247
277 386 302
59 248 207
182 450 150
510 545 875
55 204 402
81 345 407
6 512 332
30 139 638
158 584 755
167 478 354
479 538 532
81 599 334
337 485 955
410 594 331
504 535 814
20 555 938
396 552 96
547 578 48
9 76 533
243 255 789
506 579 294
571 573 77
236 407 427
335 486 649
360 419 80
540 590 906
340 454 292
193 439 124
485 608 727
40 155 886
225 458 820
182 463 512
82 336 527
322 573 387
124 588 790
323 341 400
301 521 916
124 343 911
427 596 804
74 201 644
513 563 765
158 513 343
423 565 393
90 360 15
308 579 222
512 551 764
315 382 29
122 176 186
396 401 605
490 503 630
558 604 217
382 560 791
586 608 388
544 582 826
183 199 8
543 588 691
219 571 191
64 230 730
419 453 68
576 605 841
339 489 736
362 517 253
34 111 468
306 336 23
482 493 340
321 590 387
457 502 60
422 592 460
536 608 144
172 177 646
512 601 784
315 581 685
377 593 732
440 592 280
161 168 591
447 498 453
496 556 390
217 332 904
385 571 473
33 129 255
64 563 582
162 576 829
223 306 728
455 507 824
375 378 941
259 380 168
419 520 491
356 466 450
426 601 302
567 570 982
539 587 617
187 484 91
16 154 664
376 553 450
182 218 883
272 498 831
218 599 283
237 248 947
464 465 866
366 470 695
305 569 190
447 547 203
352 393 484
442 538 283
165 295 719
117 464 834
471 577 804
173 601 111
48 301 222
24 502 869
427 532 86
340 462 4
294 561 193
304 447 828
100 316 720
550 599 63
257 487 776
156 319 251
468 567 875
261 332 132
251 466 105
369 441 907
277 406 348
110 161 877
506 575 413
300 537 153
12 139 178
44 220 901
458 542 80
558 589 249
62 103 558
403 608 373
421 590 669
496 599 619
347 546 303
136 225 910
124 521 644
189 471 988
509 595 533
601 604 126
465 559 329
576 580 744
29 53 444
153 465 973
375 503 623
541 562 958
574 604 242
108 265 395
417 550 618
377 602 329
69 560 559
387 608 506
579 582 507
523 559 879
23 442 874
425 435 57
538 606 109
137 481 161
368 387 527
409 533 914
162 505 121
275 448 312
376 456 957
6 329 191
55 581 223
329 582 423
357 498 831
155 232 673
190 209 973
84 385 922
14 435 840
405 407 786
570 605 549
153 295 171
132 349 86
51 239 242
370 564 496
398 536 990
389 584 734
206 564 326
39 313 41
267 502 663
158 160 608
584 605 293
75 206 823
498 593 419
514 547 327
375 396 242
357 367 531
570 572 15
158 169 877
438 461 861
94 301 688
79 358 43
41 292 109
216 545 45
576 589 312
143 410 923
54 88 905
287 301 538
116 411 138
437 606 911
10 291 550
117 559 812
174 223 937
48 145 69
92 139 662
603 605 601
555 563 800
197 520 304
220 566 105
318 566 966
305 538 765
275 351 389
61 305 145
493 602 872
12 49 429
486 564 524
2 428 204
228 590 251
476 484 570
426 595 310
516 545 219
96 524 579
86 172 644
119 562 318
510 563 537
3 247 669
133 388 681
158 582 291
551 607 506
418 537 725
497 519 916
235 362 472
497 581 616
321 595 944
90 517 167
293 535 848
412 428 959
395 499 827
595 596 252
442 471 725
529 563 836
50 525 328
20 222 454
388 397 300
16 163 460
452 536 590
161 475 585
45 82 4
186 536 3
382 476 769
471 580 794
84 510 358
524 536 473
496 510 646
575 593 643
243 474 33
584 595 792
502 550 905
239 467 662
444 553 909
34 119 877
305 310 507
316 317 178
237 477 766
239 302 737
157 163 779
490 590 224
79 310 706
251 372 118
442 493 697
201 582 123
181 311 894
54 138 229
283 565 285
531 605 653
497 538 390
141 552 458
17 78 144
59 180 883
593 597 256
317 463 303
360 375 92
179 554 790
373 470 538
559 593 775
322 428 505
219 382 300
162 393 724
460 512 679
86 413 98
307 523 842
605 606 358
411 601 233
19 299 413
527 573 275
315 584 572
465 466 719
481 500 511
222 535 89
150 365 965
203 519 648
104 365 875
255 513 765
197 348 566
367 378 443
516 552 595
500 583 689
329 464 691
310 499 241
463 497 678
26 500 878
509 527 778
445 467 763
412 434 650
42 228 868
373 382 61
513 556 666
283 463 271
426 509 480
15 260 371
514 553 579
406 412 743
122 481 960
582 589 821
559 601 283
466 577 836
92 596 622
244 512 905
188 547 679
307 584 165
337 576 316
12 516 98
447 585 987
516 539 985
486 544 408
507 575 978
111 396 709
548 556 635
88 474 447
404 563 783
251 436 338
591 604 759
515 586 474
482 543 309
48 266 174
93 245 331
76 136 799
358 597 937
284 528 219
8 181 368
417 567 10
589 606 113
106 160 733
202 426 294
303 567 950
501 589 255
430 452 217
589 600 311
345 500 437
435 560 186
422 539 999
81 486 629
269 434 994
62 193 242
154 597 916
50 77 818
102 123 319
262 278 466
22 173 947
535 603 582
376 584 94
433 580 533
376 576 41
595 603 904
299 477 160
106 523 963
329 573 762
239 444 957
266 566 71
552 586 791
134 505 753
453 461 687
36 538 842
579 592 272
16 355 706
17 365 31
589 592 489
318 406 213
431 453 147
287 453 942
582 591 802
544 547 813
333 607 217
171 290 380
463 550 900
512 543 750
574 606 457
355 494 67
117 168 677
598 608 346
334 461 488
121 270 778
93 425 133
435 479 141
30 177 859
285 586 592
250 454 389
554 603 395
526 556 242
394 541 531
121 141 616
355 478 625
6 561 422
48 148 176
603 608 729
433 536 213
25 121 905
599 603 316
193 245 626
504 559 275
232 477 864
566 600 241
9 200 275
508 590 56
215 573 912
483 526 987
109 413 938
369 454 333
323 366 618
578 591 107
474 593 877
505 543 360
309 569 153
137 374 4
257 439 577
192 587 804
169 573 104
510 547 723
516 608 93
519 592 863
301 450 573
254 602 608
33 77 832
20 244 664
383 521 536
62 262 265
599 601 179
565 595 378
140 537 135
473 524 196
284 496 673
506 536 482
518 555 457
455 496 302
75 84 700
321 338 898
73 158 821
195 479 35
403 581 649
563 575 162
436 575 230
115 587 240
183 427 758
513 548 729
381 407 714
82 322 367
421 488 52
192 320 848
410 555 946
277 515 597
74 130 780
576 586 751
366 452 533
286 445 173
228 379 12
463 468 232
485 533 923
205 252 193
262 331 523
159 442 933
540 595 420
156 327 891
311 408 565
68 422 368
40 59 529
368 521 363
556 594 170
12 499 297
267 343 994
426 484 699
327 452 509
467 569 555
180 189 412
33 574 705
102 524 162
167 437 350
183 523 643
368 444 323
149 219 191
218 238 120
7 450 838
264 450 295
169 585 305
35 312 366
307 345 679
32 337 273
119 489 732
490 550 853
504 586 432
522 554 510
304 459 452
468 602 331
429 508 778
318 395 253
471 603 383
514 582 798
541 585 367
322 343 50
73 244 450
36 68 497
72 311 496
62 324 661
216 497 967
77 569 722
318 557 377
288 341 775
103 403 139
303 566 455
262 496 232
568 579 115
273 520 514
402 434 372
494 556 54
101 564 615
606 608 783
411 482 622
70 226 490
118 447 948
528 583 766
179 583 882
255 296 656
217 458 255
312 447 301
374 512 865
296 326 750
224 290 249
46 63 31
399 522 621
226 271 472
533 579 941
405 453 605
164 382 522
493 503 1000
477 530 508
297 577 790
96 142 302
247 367 924
410 416 585
358 515 565
356 538 424
513 581 486
102 240 763
415 432 262
581 588 723
519 528 424
51 501 470
421 581 853
380 607 871
304 468 677
179 214 846
283 314 37
252 404 342
246 376 831
237 273 509
512 555 218
570 591 68
408 557 6
396 586 771
379 403 887
188 350 794
61 110 114
365 428 975
316 404 808
77 118 814
429 456 236
464 474 961
192 536 886
114 258 463
47 440 708
257 591 746
521 528 866
430 526 163
33 175 867
26 268 290
387 567 396
420 500 446
53 518 595
595 602 845
110 232 126
64 149 242
416 545 798
511 575 631
263 496 822
409 520 426
587 600 683
208 578 80
59 602 901
115 274 683
285 509 263
341 490 818
273 553 873
481 568 811
176 317 704
287 457 791
172 369 115
34 346 29
32 310 450
268 534 414
272 454 385
161 364 582
163 484 322
147 287 726
405 516 864
545 586 560
93 177 635
49 249 354
336 449 1000
37 45 966
445 579 41
33 114 962
200 449 131
258 297 349
483 519 743
563 602 912
490 559 289
81 530 107
568 583 586
39 432 921
426 559 582
456 489 289
502 601 221
478 556 428
233 235 559
43 233 36
342 415 883
371 564 373
214 281 550
489 587 752
135 504 89
426 489 548
46 402 265
356 376 590
329 465 890
191 419 484
273 276 655
194 532 991
494 591 860
597 600 277
286 463 992
328 340 438
90 492 530
125 330 56
388 563 836
178 424 920
436 548 944
457 510 2
392 580 741
305 546 218
484 502 121
137 595 774
