239 2826
440605155 656112435 970889789 951015651 795228500 98683146 369841746 107927479 810933661 165165137 27097913 244509751 630950526 19331888 923077682 936169288 778886645 164608339 953336103 909645140 145019962 927376707 945092543 918380327 358027951 267016539 952532185 518628731 577339506 201449 403608489 954059002 361852110 438613291 308221439 215333074 63945487 723363018 838288681 517464898 870220390 683212207 85340544 91489460 372713820 905064702 529316450 320493347 425051492 695933969 557425650 685100070 84290747 671183885 587522917 272206107 314763319 416494877 270556702 949397236 39897873 881460256 500623233 541474044 699792543 795841323 652394857 679891460 920676679 819990800 94857214 363838583 797097379 338226348 662898808 336201298 316196977 868344596 522020410 745505626 259927857 247665673 132658214 973625011 999860516 709370008 414875901 136531115 405786473 385964122 115738003 930419139 785571364 880281689 128804945 38997495 361811223 440565214 105683160 698698679 219084033 530420388 803277243 730677266 582510466 628382793 841187772 902077270 2103995 295569742 767226428 59709162 107140193 138193778 378244504 887650069 136196032 235710888 206154918 959653418 376255295 510273377 925205813 570556875 791924268 426571859 4844069 227442112 137933770 429604910 420456699 465922453 956561551 980651642 608869584 43384974 937819552 351904570 43265420 388376308 34019297 177712495 808847306 826474353 378144590 323018056 957203877 179421009 416001331 766269308 521697851 831843664 140436514 795026203 68232705 23298943 658368192 359982352 886623277 202236667 986966150 904554394 927157310 668854342 613527780 780663671 456690236 634156218 438419520 588948822 556762167 390992933 29020525 967285696 787465404 553547996 134647442 74779340 203861273 779657542 570989944 997631771 726099892 90418776 725363939 351584936 942789208 202505707 52810690 91834800 411814618 451644037 748097465 911499214 390871586 233492651 17179344 33567330 198872928 528841277 298898184 323690771 966881543 269008718 62115789 705466087 523354125 255828976 594349336 993721431 504201483 827158281 89188630 127496708 991529620 663525460 444801153 865595981 465695518 989809457 13774746 462758934 178208063 151635384 779268655 835729765 613761745 198554722 821412591 472998731 180791502 179756875 835128741 581130704 235557593 123603152 138322059 775704289 358005141
162 229 431945374
15 48 882262663
148 231 315310176
76 162 667078408
85 165 945994030
230 231 601127472
199 220 96563321
36 212 52224240
199 223 306629360
130 207 465350327
69 213 65984754
82 135 496020171
80 88 458775634
231 236 349158445
2 10 745429976
125 191 488954397
203 207 93368441
18 64 544474326
143 189 392449788
81 119 290957736
219 223 84250416
80 190 123124083
215 234 424882644
77 230 927405505
96 176 18256830
107 148 578590123
99 115 47294366
117 165 285840568
42 125 482258983
233 239 750096213
43 116 519500043
45 99 655750856
92 213 358258739
196 208 103815598
25 100 769314884
152 217 945804957
84 142 170691802
20 197 767409734
37 198 31864477
8 76 658975879
188 194 190579769
27 173 311261297
159 175 251580709
229 233 901962429
71 201 190294594
217 225 258339234
16 153 866019815
136 191 150624902
193 216 390673675
125 150 920491644
203 221 791013931
143 173 556840982
220 235 322288835
130 145 910627375
37 192 548839749
150 186 155620635
180 214 736805513
177 188 733594587
158 213 885332142
81 140 795406879
42 180 122648428
9 62 286902771
165 204 658517630
19 101 808974305
92 223 54673250
164 165 634710069
195 235 413042632
181 182 436195915
114 147 352571936
83 162 70239272
236 239 200805291
148 176 450455202
209 233 242715565
10 184 736871554
79 209 663355098
32 170 72729679
80 96 286682768
15 218 324145562
28 173 459572646
42 100 755826713
171 192 810317235
143 238 976882246
116 134 884083471
157 232 142885379
24 51 348965905
151 199 648725728
106 124 48708069
64 125 174533058
101 215 587221081
19 208 942816222
206 228 444941416
33 160 80490793
120 198 651927166
124 207 768603171
2 132 585574198
183 194 897382636
226 229 752355234
211 228 539142292
125 167 913659469
19 162 796963156
4 53 5948211
93 237 885593446
200 239 466267010
68 223 382697826
183 239 152931867
61 107 368815893
28 163 714570961
163 184 625459983
220 231 722024556
231 235 470248441
111 216 404209734
195 221 482953098
53 214 467064198
62 91 211575579
77 93 616440177
206 228 801239485
152 213 728984430
68 198 25982134
136 212 869697015
119 166 194074269
111 209 17427992
92 115 599930907
117 136 925524288
96 176 283999523
166 180 999151199
202 212 923678140
156 215 387876081
34 205 771406622
106 198 906715654
150 217 845268131
60 175 127073778
83 113 503260646
99 211 749083951
183 228 701167515
196 215 839822622
173 217 499629991
208 233 588086946
225 230 852048424
136 222 143413952
78 167 343157012
166 173 438006578
226 233 238669318
27 100 826879163
44 186 589886322
166 223 25154119
39 186 1799484
221 231 292825707
80 228 907610029
203 231 487529864
229 232 255433656
205 234 389292588
91 207 666919424
118 162 864977914
26 132 534643009
210 239 999836158
27 122 55308161
208 224 600496716
56 135 585589376
230 237 195438523
216 235 135960801
107 220 352637291
160 188 265867746
171 209 239836748
112 139 911510314
143 158 617790194
76 182 378534223
33 151 482861330
29 164 41605582
100 188 216711962
41 208 85314035
95 193 57499621
186 191 512377147
86 138 621397164
103 184 97050658
44 111 349075867
127 142 81466761
114 236 696498592
107 223 470089842
62 82 782870293
143 158 735938332
11 130 781352304
13 121 751039650
229 231 401016817
4 71 124642795
216 218 278689473
189 196 308621348
133 205 982857569
189 207 813220898
38 189 203291456
29 64 837672370
38 47 510175040
89 137 524269617
80 232 157846622
209 234 478122225
191 204 585421587
13 109 970299434
158 173 150987019
190 211 469942343
206 214 137701376
223 236 925832564
177 182 692548600
82 165 839488145
189 230 837543453
207 216 797649722
154 175 947514565
175 217 159645922
146 187 329840570
91 111 773188382
36 154 170652525
184 234 71433227
94 108 342134961
127 165 462907912
178 201 938039375
75 128 599878958
10 50 974530222
39 68 601746539
42 127 556525353
50 171 407648500
157 221 683887077
100 137 821739077
151 232 528259820
206 223 953692409
54 190 315138325
161 172 96100190
222 239 311332304
230 237 850680385
158 225 860566203
221 230 162346005
112 115 850394571
26 222 395986296
14 174 510193849
30 168 372525762
29 57 787383643
212 218 195954111
198 214 57748038
236 238 533605343
149 206 535190878
112 227 952476884
146 153 495798022
196 216 512892576
1 96 834375353
177 237 944011884
142 164 448073593
1 93 31775580
209 221 221069239
214 230 970087570
214 231 230368106
65 172 328165555
81 96 523012209
232 234 567634082
21 200 858944189
69 138 968708919
80 90 357563443
142 151 659051549
150 203 864254194
12 164 137871959
76 104 466852050
130 206 933155684
27 91 829230420
11 203 393850421
103 210 208254786
230 238 753938525
51 70 247622961
222 230 138985682
15 146 45774798
136 215 76821234
210 211 243888194
132 149 661853885
15 41 625754128
226 228 707578228
69 110 368595761
224 229 819008804
208 225 514647249
109 153 562049726
13 37 455797140
97 206 53531363
22 150 107040111
176 187 849492392
179 182 896094371
167 200 904085563
76 205 822099400
67 213 11120533
54 156 716220808
78 222 846740188
209 230 457624436
189 239 657153908
175 194 135378376
218 229 890785205
68 155 638252605
209 216 230276680
119 213 152318903
7 123 936515042
184 236 686136493
65 208 845359162
215 216 841966002
57 97 764020145
145 204 905870650
33 216 86399181
215 239 277209768
151 208 763339648
228 231 97867268
48 129 891020818
167 175 976035652
80 96 217591968
183 187 932897036
113 138 552499053
193 230 527601474
67 166 727048141
141 225 875236634
194 218 548136665
162 230 796250035
184 185 123308738
170 183 992296149
1 219 340675563
46 89 664309993
222 237 122908777
197 211 57347906
232 238 402552725
127 139 447597461
230 233 804506104
55 143 94577369
121 125 722237733
91 198 391036502
220 226 571409802
24 182 104476514
35 117 592305035
122 202 93055628
70 96 643010556
22 156 589675619
219 236 135288956
46 60 24523374
85 122 760251140
98 202 736355811
178 235 699990408
198 203 683200989
91 191 232625037
129 161 143267820
222 233 495397710
169 192 304358434
132 236 416221704
131 176 422862018
2 225 885691730
124 197 199095694
197 230 419928233
209 217 991665724
228 237 544416786
113 222 662622898
135 207 24253586
216 239 433617260
102 159 464487918
134 156 656525440
51 213 793256947
40 41 210575460
96 221 701001521
73 162 616157864
48 188 293551965
162 172 439454350
179 191 228277016
198 212 371382422
40 165 547933733
65 108 34917961
149 180 328789326
176 234 169016300
69 230 62133226
38 76 553034278
153 164 941319349
76 187 677901546
106 184 507363649
133 207 880619467
238 239 43378094
105 141 720290966
180 218 621504514
98 122 185529176
121 186 882533832
218 224 134558829
27 137 271555965
30 69 331631750
74 114 317139545
16 167 623854339
98 226 249536272
47 153 879399096
63 118 552463830
224 228 427936788
237 238 82413431
132 192 969984361
144 167 791245135
234 236 989098543
50 87 68423807
191 210 944674377
167 210 493196809
122 158 960677597
95 186 773730623
116 170 386605567
98 117 865485927
68 211 12782397
99 227 919320922
34 80 244874586
111 163 241746060
212 232 650390714
206 220 487919881
37 121 812340485
102 232 729893937
84 125 626654517
98 214 931243857
48 179 179113254
229 236 708404163
212 223 60142808
15 128 118834400
123 181 196838162
162 165 489370757
216 221 793800266
145 238 261735539
121 208 24510463
233 237 118112974
232 239 767259823
10 157 179487005
107 201 996013813
209 219 291371892
125 127 221812144
1 15 938617372
44 220 955869071
229 239 506957826
48 148 163947777
130 232 616916240
12 26 688756981
135 156 14911183
92 141 752704898
161 169 324574243
194 226 878440253
28 144 679291738
36 133 22973485
106 162 355584710
114 169 198719290
219 232 759547879
168 189 273198650
59 230 891670098
92 134 220826543
229 230 555861471
171 173 91722144
230 237 179044549
63 72 725275108
43 134 780088886
111 216 980851805
127 185 231115301
70 128 403487757
153 159 972065980
183 184 149322705
147 215 613624759
112 134 33187828
152 211 437755354
23 223 457428927
43 88 442484132
21 118 987836999
131 138 142560773
137 150 872992116
139 203 13050968
87 234 460286831
100 137 250774069
131 156 303156518
76 105 901762512
65 100 150279393
55 68 931433702
222 238 338961017
60 213 600962769
238 239 955406922
142 170 15839783
205 229 265916308
157 206 306073453
88 134 777028797
63 78 68687007
151 159 330297467
37 99 176683837
118 235 400049886
168 176 676882580
104 150 24237998
62 211 420062066
169 176 931246401
54 66 739309358
38 227 373353112
206 237 407193173
232 233 100888677
1 181 446148619
94 182 857560897
187 220 887313029
186 237 843906461
84 153 747463524
143 235 161666889
156 226 299726406
1 66 674019253
155 207 110325801
182 205 406360842
230 238 146523310
135 157 849287226
217 226 996203652
115 139 576963065
101 219 703927844
159 224 909503560
203 235 775677041
147 160 588014065
113 187 842214572
52 206 164089178
121 233 532809780
214 235 833217946
233 237 430906449
236 238 3869003
168 182 346072328
42 159 861909375
126 211 109866154
53 193 257108034
173 217 104023274
155 224 421961785
61 143 656502410
13 151 700207150
30 172 440147341
55 118 84361843
111 138 847994571
150 205 339192315
156 198 521870375
152 238 768469815
161 182 77388048
182 209 345578191
131 133 590764057
195 229 760383230
45 234 955311886
105 148 67700694
133 192 643443038
110 136 911469921
122 198 851615425
97 140 226696488
187 194 956855732
43 171 762558090
165 203 296871549
150 235 321970685
57 72 881673991
119 184 834695495
168 193 80440934
110 146 787927904
33 184 103234382
164 214 176117407
178 234 294424051
225 231 596570506
136 153 327379050
1 105 65499945
107 218 366437045
169 197 652832212
218 221 690814157
196 217 882748138
60 107 128047189
171 184 255698355
79 113 962039075
178 202 614273904
152 212 357618739
7 63 352881009
158 214 248920381
233 238 87074967
36 147 181715321
230 233 122607774
165 214 463561371
53 70 847005044
207 236 907529223
131 177 10658918
183 185 4279107
53 115 841086584
61 68 702738598
35 66 403198106
206 210 341260609
89 121 835484998
36 201 363125101
116 237 923204109
130 187 664907528
158 187 292077200
2 185 730610813
210 226 227544401
78 109 618706280
60 91 297821368
45 232 880654145
156 237 73786255
190 227 880372413
28 173 106874679
198 228 806599628
151 159 658461083
114 214 770727097
211 233 550660225
182 197 539254165
80 235 883885488
41 141 99344572
4 185 316129793
117 185 859773927
90 222 673195381
104 228 969386333
61 216 576257567
8 131 535075790
90 193 943917375
83 137 686580486
16 33 262040238
130 135 705302450
107 114 61818860
188 211 574016302
192 231 139541831
142 226 686843352
5 104 376089348
8 194 512585815
38 176 301635967
151 235 845067909
98 210 837082465
81 89 183463758
196 202 774726300
194 231 832208008
151 233 346708693
237 239 969932522
108 187 43827055
237 239 980510996
235 239 93123577
182 200 467161864
37 130 987674437
54 148 87925120
111 195 352691449
138 227 870017557
82 226 838565792
3 135 37569484
166 199 808666934
207 232 257371182
125 182 398751298
142 207 458238778
193 217 764531484
207 232 111679970
172 216 183182097
216 224 132723392
86 143 505646035
74 187 958412980
150 187 760384984
91 181 441041813
110 177 432228561
116 223 506912772
47 68 988944030
10 147 769840236
237 238 895081316
117 137 838000379
62 148 842607471
189 218 555195798
113 142 914771525
215 231 903290250
101 235 591494680
64 207 154653456
70 81 485462574
103 121 918198849
75 164 949394653
4 148 795051940
69 190 349634813
107 153 543305174
168 226 79773009
146 188 906837290
237 238 539652444
127 220 576130665
5 143 834121478
106 131 800229208
4 148 201793847
22 84 440999293
180 220 673133997
164 219 466405696
183 193 303829202
110 187 165473803
51 111 372800298
138 234 814258829
86 108 559791078
6 153 867348441
131 200 117943523
101 179 617546892
232 234 558012412
168 198 820223261
33 54 136931492
98 177 49701621
209 237 881314917
195 227 789639055
166 234 984267852
135 163 224839721
70 132 74138409
26 163 95131916
40 107 462302631
87 180 456448971
103 154 55307609
169 175 75973572
125 188 198093538
151 154 428573540
221 228 979790827
36 216 164874826
11 70 933277613
76 238 743460520
217 237 54380368
6 181 852807579
155 236 7563517
30 106 965798169
71 106 451922546
100 126 101182625
133 218 545595818
5 205 952558615
66 80 473131901
170 184 834047457
198 219 393926701
158 196 132599638
128 130 119005922
111 218 907976309
142 179 921322328
161 212 898013936
79 166 796914540
7 46 595562492
126 157 692790024
114 193 611061702
6 18 91987626
26 143 441055366
50 208 234538018
236 237 438965520
81 176 263959349
204 237 354016716
203 234 877430523
207 213 402099030
46 200 955607960
53 190 966111266
31 216 778909772
113 157 915475958
161 231 356471901
173 194 823558473
101 128 7426530
53 124 356364922
206 234 88536286
159 232 957457950
58 200 166779749
53 172 620889560
216 217 646391065
76 193 762599660
16 208 54540415
211 227 807219653
7 78 436409038
201 228 762491446
230 239 809173361
154 174 99391562
194 203 849873874
90 133 427173434
225 226 229814503
183 218 506337216
97 120 987060110
199 228 394457859
220 231 601580196
168 209 505554545
8 193 950303707
172 210 270720667
28 40 808603434
109 239 422336428
32 69 342345253
29 46 278200908
68 105 97841551
4 97 476156399
172 209 4681684
13 150 173986344
166 223 428303146
104 216 185936602
51 148 161642464
162 201 449086914
181 221 515071008
221 228 446582727
188 214 620141413
101 200 522008344
220 231 575916346
27 66 296397154
22 124 961164971
220 235 485615967
53 81 946929506
178 217 418215733
214 223 765654861
131 160 991015282
21 84 172982494
120 211 918572686
18 53 105318122
229 230 186872125
197 211 282309527
122 141 507631549
124 161 68553636
169 223 906477458
222 236 516903903
21 61 444028404
51 78 72812050
17 96 764585205
195 216 705982064
119 155 163373107
52 65 809964795
232 239 688205116
39 127 627370029
77 145 411020779
15 168 86706388
14 128 785657092
81 122 253337516
93 126 690362339
213 230 193902889
27 105 40953100
4 112 467513099
238 239 610311455
142 177 35266390
83 110 289280975
220 231 71543291
3 23 423954323
88 205 411621582
195 219 225657613
191 234 740782924
183 226 930284329
133 168 598848402
119 152 849742275
88 162 687280577
39 42 229962897
183 239 14742347
137 146 557373058
203 238 388640418
177 237 145294867
54 61 835978250
172 204 744086219
171 237 998984217
106 211 154317898
122 170 185849938
146 202 275723996
184 228 884031422
194 211 647195696
212 234 808758927
152 176 473837690
156 179 442079213
6 139 966706517
22 190 566676869
39 50 625221102
74 147 608603653
70 228 911322372
35 167 853816467
102 148 297590413
78 196 24929880
48 203 786693943
34 88 209013388
173 200 161680090
105 174 32855502
229 236 616656527
92 121 384070593
107 187 14552173
146 215 243541114
229 236 700284313
14 115 40366500
150 209 457330653
174 209 54435229
16 238 463229805
102 158 422551863
121 180 1288175
63 70 742942474
100 140 228438526
147 216 809733465
44 157 238638043
114 186 140849886
218 222 667753487
218 235 470816099
126 164 830426865
171 199 987365910
61 106 557090346
169 233 788468012
208 220 859678446
19 146 645840481
166 213 335600998
235 239 210129387
198 203 964593648
54 160 416820143
126 147 112265855
96 101 563537162
132 202 483133647
41 147 33295244
106 165 216346284
136 175 952468629
78 179 891212388
83 175 558955310
52 55 712492276
63 132 103826318
93 195 9179455
191 225 102457397
40 79 412572717
61 114 987997516
23 57 931528510
90 151 968511424
172 227 596272970
31 153 934827010
165 210 685154288
68 155 21143705
157 206 573746451
92 123 516403634
2 111 987538797
73 204 98963230
36 93 818268772
132 192 122682900
120 178 595073717
69 90 481260602
125 210 501739484
31 34 121777750
143 188 463595766
96 153 121927313
31 127 944950972
218 224 820444903
143 212 188516390
219 223 596285432
146 220 227963842
63 83 37533284
119 216 950160482
39 233 225938098
10 165 106841440
140 235 72016535
211 233 815205760
38 55 93915594
140 196 10012786
141 152 764223476
80 224 74453261
84 227 6888383
78 186 892271560
132 155 31879766
220 233 318856761
75 81 498394834
208 225 409962677
107 192 412979069
193 206 99215814
137 233 484378480
213 232 257413667
237 239 855984731
124 146 163409717
65 239 688906212
89 183 336218245
122 212 111560762
162 196 56185866
40 136 409058284
6 64 150521114
151 195 209135896
159 235 13112796
232 234 24694884
37 165 869569880
79 231 937751098
3 22 335114651
215 221 216253021
126 220 328537158
160 175 24109369
89 193 981319920
231 232 271915480
80 111 587801662
117 218 540690574
129 144 798568267
87 131 488066555
131 186 282934877
31 196 407501481
34 210 709349888
169 178 721799573
109 171 886613148
29 85 68957489
23 102 307604331
138 223 802854211
113 238 369297125
197 201 26115330
144 186 926710306
50 162 917566794
235 238 620514135
170 172 382854219
235 238 781941165
237 238 338577499
175 193 186194460
220 221 697595361
76 177 802395189
153 218 268888050
110 205 598065015
63 193 188766044
12 82 104266471
62 106 190532868
143 153 634180315
160 180 625709703
220 229 584823710
17 66 790129212
238 239 702842132
46 144 64929542
26 218 532197823
193 226 77756635
71 202 74856011
236 239 360196325
6 219 115360668
137 146 470563078
168 227 363198827
57 91 218829423
179 226 604830339
31 129 169925101
166 203 218121327
224 225 203320719
117 227 658529275
152 193 798243
233 239 879063564
198 234 389985555
5 100 584544281
112 222 900561046
114 148 169242209
108 221 344810478
145 205 532241442
111 170 808571694
36 59 575454650
90 106 318903193
155 188 836573515
2 98 704014367
129 205 351475974
154 205 416168396
220 234 295178124
173 181 178091325
64 166 452975229
11 75 948552333
96 180 165657482
66 86 462933564
142 161 851562010
31 177 840585580
105 203 886125360
42 215 285159231
210 227 409688970
138 235 369313186
237 238 729063556
78 99 678144509
226 235 32348860
132 194 182272373
6 136 561327531
6 63 775358564
179 219 644986208
95 239 118864780
147 200 138716945
147 199 433630682
62 176 516737480
92 113 514140019
165 212 326887493
142 233 238007443
138 185 864047136
218 228 829475050
215 239 774307506
46 100 122056459
145 154 651668914
64 110 863095934
26 200 342934159
210 232 346152723
154 170 585073023
80 132 244859542
106 228 143761995
35 84 530412139
54 230 115244697
5 223 380438815
35 214 929758984
228 229 415743174
91 134 510426775
151 186 400947140
39 225 14700586
231 238 601394772
61 192 350969399
50 83 3653978
178 226 900599574
169 181 830840474
132 196 10820264
67 79 220999649
223 236 657332025
27 97 132384928
8 153 760715814
183 190 517796876
193 222 174457909
198 226 261972449
209 233 291094892
37 130 948287530
193 232 978807133
143 163 535992774
106 165 987933683
12 160 849995996
217 219 188383373
183 208 314383097
172 210 351987868
90 153 928789902
234 237 418395546
7 43 596293445
226 227 980891159
186 224 514075954
215 231 980048394
102 109 113680471
227 228 21458948
120 149 778132147
167 191 599786191
47 175 709956477
4 133 147021068
94 107 598952744
51 72 467381218
76 78 220070863
169 179 787877813
99 114 629646560
9 183 80477865
207 221 678847048
146 231 525810901
184 215 275285337
40 196 735901293
61 123 804053159
214 236 448587262
30 164 310828460
125 232 402407368
139 150 200374247
161 165 362226800
58 62 303095703
132 216 141985600
95 103 403329722
52 193 277814934
88 109 723364795
129 131 889986980
160 188 987310668
167 186 960647565
92 129 167337006
164 198 833524092
33 214 474935228
25 87 358479605
65 95 680331532
175 231 256378120
99 156 971961783
117 191 147142222
81 88 454099652
185 200 485956767
11 147 627997669
49 200 157026179
190 192 699582551
139 143 119349539
215 222 956903852
100 120 768752804
104 106 383876456
169 228 681865100
105 121 967874245
64 138 48478971
144 236 29398640
69 165 640378005
20 110 660065429
35 58 171918487
233 237 620439155
168 188 273809062
37 97 791730710
36 176 307711166
177 223 506235966
169 191 737720490
175 206 383698432
209 227 905880915
139 205 825824748
18 151 288064258
170 175 391763851
43 176 359100743
21 169 540513830
230 235 835794715
146 172 969627276
184 213 302704363
205 230 979779226
25 198 914420697
135 148 845682796
109 112 180016995
117 189 719596920
61 150 625315838
158 184 185630034
7 41 400097977
128 143 742488058
101 191 164462077
13 116 548092802
77 168 117403132
139 218 135777456
47 116 687658931
220 225 535559967
54 162 334425484
155 223 836707655
13 20 584030797
171 207 653727499
160 163 517258780
226 235 936384317
20 215 282357372
182 203 998714508
53 173 400207449
205 217 937109300
39 79 676265982
164 186 40624271
166 210 144281856
115 191 831178800
143 145 856367693
149 216 689181046
182 204 825354217
223 229 253991432
94 236 811503925
229 233 693926884
100 126 909203906
205 222 758765396
124 208 232385590
24 152 776666285
117 181 905026784
192 209 719147532
175 210 536121961
26 220 272507602
210 227 176158182
179 217 126329209
133 231 895848592
205 223 88936308
131 186 173657059
18 238 923257648
176 224 551090317
210 223 316954678
73 212 419689763
169 194 870241648
209 231 930624333
121 224 778222276
144 201 114478
196 218 698945454
85 140 810760355
96 102 83393328
157 231 350874181
194 236 607172395
199 226 517864405
168 239 662310055
57 153 758836066
9 223 672089688
195 237 239368521
191 239 691640532
46 52 955732219
76 133 146309301
230 235 772355873
180 205 791953183
197 233 551668406
95 223 173713610
151 185 70466924
59 198 908457002
168 181 481738944
57 168 554889383
108 115 887641457
162 212 351291358
117 214 683545879
20 56 90147994
205 222 583743615
2 78 427780144
5 171 141786463
10 182 510791735
158 180 972763823
53 212 446904668
186 224 723628233
48 65 83675426
131 163 823922155
6 117 429194065
150 215 737035583
38 117 151698814
137 155 634007437
229 239 121598349
25 182 9652737
125 229 956083689
150 170 482294981
66 219 315415537
115 192 165622839
84 133 539957228
38 238 166168712
106 108 980989872
86 105 845322220
120 121 259223961
149 233 520326424
201 214 430406485
110 179 340015307
126 129 765051486
42 65 407415738
193 232 563852331
180 205 325768417
86 164 61246946
69 153 564460252
46 231 148095002
205 207 76002732
92 122 3425092
217 230 712839885
122 156 687364691
217 230 891831789
106 142 190577979
183 212 99416616
64 165 751709206
141 170 97612855
235 237 186029572
121 205 246523400
54 84 967058852
104 233 696099010
202 226 381953513
73 82 111235727
92 149 184122018
163 169 180109914
21 51 658545747
195 217 308100524
122 131 96540782
162 202 16400761
63 161 580348052
184 192 407655830
45 200 500698232
6 44 918181659
89 192 628795371
179 208 441308152
40 163 256606442
46 47 637168618
31 162 382641003
167 180 141056815
47 70 380022875
93 133 689406338
137 168 293776768
191 227 26732777
65 193 57348705
22 66 533106302
212 231 550813735
17 141 922990641
209 214 974025803
164 196 994979507
137 184 281514910
148 218 130745989
71 111 711173857
160 212 388728592
38 111 177491387
43 68 853087290
225 232 556479465
13 69 435937372
71 144 991222545
9 239 590730915
11 193 983484136
79 168 407288427
205 231 809994919
122 130 718192190
217 218 411826501
229 232 263983971
124 223 784441110
138 175 433898263
37 220 36899792
185 236 823975784
27 177 196043220
119 213 552252306
147 185 617684633
51 132 281529695
85 103 941835670
12 207 242609840
141 160 703957693
32 186 695131856
46 79 276847939
80 186 120591973
44 121 563372951
215 238 686161289
137 218 914617008
128 167 372503897
80 127 169883423
90 196 290100767
199 224 978406141
56 231 82622609
232 235 256054546
150 210 542587925
78 119 355758455
141 150 245617342
34 92 990947401
161 200 209971824
2 224 374107746
118 216 918576150
207 232 78390840
139 174 678949687
106 134 929894760
96 206 455493973
158 238 42516957
216 218 513421201
79 221 241296334
123 198 453436981
17 184 821179403
200 216 650494731
54 77 466675974
139 184 42834839
138 190 942648227
48 57 777564299
119 120 784800331
60 108 931229690
102 206 163180606
230 232 923825899
8 100 427964015
71 149 566712585
77 218 683430895
140 151 519383316
21 115 875984152
163 189 923854050
204 213 746228497
92 195 920908736
94 113 160743254
48 105 372822755
193 227 220450132
142 193 532145141
212 221 640890047
146 235 720527522
191 212 112347265
222 227 44555706
101 173 938622084
127 156 528451636
123 130 97275006
64 69 629002916
195 206 299658624
158 196 498731991
9 193 403713633
38 57 961434006
137 228 176905461
219 233 911127433
186 191 723328604
41 122 878347600
175 225 773872891
33 113 901254425
97 146 676627748
104 212 709647863
138 210 608263705
222 223 420594239
87 97 604129999
43 225 213889588
34 143 218906969
90 121 383294219
117 140 864599264
45 219 842390804
225 226 817430763
192 217 597924808
120 121 258425701
103 214 235260075
164 174 638021319
208 236 244207272
118 188 331788808
63 65 50621532
93 115 171325064
94 151 897395242
86 186 539125734
121 148 975201047
106 180 981811964
196 226 269179018
129 217 175274647
67 138 157102039
175 197 192448870
67 73 379583973
42 91 178914525
177 225 909382566
207 238 658793846
225 228 665889713
237 238 683234137
34 225 524431959
11 173 871229966
69 143 329450786
225 237 533417507
93 190 355306248
31 224 726443596
208 219 265110569
216 228 821686713
237 238 436952321
120 212 290870275
105 167 790619304
141 178 45730127
187 225 246368724
153 238 154728357
37 161 894019428
10 32 632288285
33 94 275378060
72 210 989890333
81 190 379056681
225 234 100236012
68 90 454178257
129 233 239155502
85 135 643345911
56 102 385349378
39 174 710869814
188 195 40279115
22 77 659190604
228 229 545324293
129 174 483826838
117 215 677563594
224 232 247924159
150 182 73089753
121 204 907906625
222 234 428844308
223 231 80639944
138 198 243247768
17 163 676329398
70 229 528211155
84 180 845336240
160 184 64665387
128 173 389493941
95 202 419227254
130 146 243068244
84 110 160560015
22 78 905587459
177 208 864617171
164 223 904265416
202 232 437505166
40 143 72725797
183 211 244922597
49 223 324924821
98 204 190042609
155 206 373334108
205 236 948098289
218 220 635649435
11 73 190486529
221 232 642330869
43 125 669028093
156 233 735658008
34 137 605682467
219 238 803626920
191 200 218414161
67 237 565024569
112 194 747290164
197 236 644841069
169 180 551880999
40 181 120352686
82 118 591078851
204 230 79229933
31 192 377565491
38 122 299506766
123 180 981307390
203 209 705328802
235 237 10116395
217 219 779377196
228 239 863287962
230 237 941488071
47 239 196058507
160 203 834141970
178 224 457659197
117 202 433277239
187 208 268327824
121 210 479058976
10 167 674641557
195 236 134360318
94 149 613858709
110 166 444932849
168 173 674596007
129 234 12998538
133 159 358451499
166 167 313275348
41 53 481098958
64 176 22244161
154 212 200442836
17 112 898906503
88 94 757072983
83 115 716130087
81 105 681510659
66 90 97716901
200 223 877250192
187 233 112706351
183 201 895444007
18 64 616167171
141 201 505785293
211 235 79013699
208 209 208124961
83 101 1417334
76 86 497862304
143 160 526648540
198 227 582830295
233 239 887387214
28 150 988811068
35 111 93416399
28 41 181998197
12 22 61970676
149 163 994967414
126 235 530473287
159 160 8332153
49 73 279796129
122 149 540737052
61 179 747496143
122 229 923638278
154 156 939856925
4 69 819136575
2 99 771509630
90 108 832501808
164 215 728772987
165 210 648692608
237 239 646348627
139 234 470425654
149 164 363567214
17 158 471800179
9 58 259480634
3 30 567715400
196 233 357040783
82 229 533548464
180 216 991469117
89 101 8443458
109 232 774144556
162 187 29488632
20 22 472689340
70 155 181347259
139 181 714304542
205 220 206430967
72 168 900721072
153 219 283738411
97 203 846715821
163 190 703676222
118 223 726694219
75 90 519550812
64 137 352260244
1 215 821967407
23 25 344591529
198 223 365302261
231 238 461876661
36 151 516747670
92 225 742867675
17 68 421336284
3 104 223839169
66 160 473200564
155 202 729094995
21 219 326253213
111 236 937470434
27 61 93829549
228 238 453519201
189 218 22162335
65 143 814551863
203 238 27150377
195 227 300028571
132 160 592953215
191 213 856164612
146 229 295835029
223 231 783394233
226 233 402846876
84 171 530081138
174 205 740699590
215 220 596470172
140 223 736874828
121 131 917420619
131 234 756376968
133 178 302565064
142 184 927335680
137 200 438211847
43 80 769701308
71 77 555779590
113 140 256228453
85 90 587028887
77 238 328561080
168 198 632822613
115 193 558035041
6 109 75453931
113 171 84382
95 207 183012763
159 201 13038822
174 238 230312927
12 51 82793221
92 219 44769537
10 64 953471381
58 183 917433661
190 233 408039883
153 213 363105514
222 235 723917790
58 234 145979936
61 175 480955975
29 58 633016812
103 215 194047081
226 231 978953582
193 205 76444545
17 23 194229900
37 96 81242553
48 146 50397586
178 190 771386220
46 139 42118938
214 229 574925747
85 231 80784628
221 230 296462444
170 239 220929604
178 183 300650044
143 186 840135825
202 212 844758858
88 202 818121991
220 230 986382744
183 230 605692170
49 50 365934475
55 174 665794138
140 211 15587615
149 224 998248363
34 99 984519358
94 136 865578909
230 236 552112163
223 237 380147722
193 206 819744368
208 209 576644815
188 215 620914589
125 179 312961520
73 143 922194709
102 155 567005935
237 239 198673486
85 142 561260780
37 75 723719078
4 57 814776907
53 79 704399282
229 238 474009470
17 135 440310886
187 213 864641175
94 98 892737626
125 134 715579862
105 149 46466037
79 177 518304600
111 239 586447576
94 103 866806668
33 159 320761878
130 196 502482287
196 224 923286374
146 210 165520290
127 162 68554853
145 226 327279470
220 223 212328828
5 146 600122112
195 231 591982583
194 233 832092026
213 234 952594956
101 206 92745702
32 231 275987837
149 227 932501985
12 23 995634832
28 180 263030853
195 199 730857515
153 168 745843882
189 223 735964314
107 140 462051048
93 148 303502756
41 128 790421770
38 220 778091942
197 206 58058750
80 161 872949778
132 135 318524041
117 128 918430466
42 56 444574190
37 221 664799260
111 178 515476861
30 221 602489149
13 78 423824444
177 203 862249383
57 179 257634756
156 218 866663654
166 231 461516955
185 218 836419860
156 200 118974316
222 224 84305542
172 202 621469243
163 203 423394491
136 193 41016324
48 100 59763138
113 165 693475755
95 133 481087157
86 216 62456384
219 226 643503845
195 223 409870319
222 226 406514122
96 145 892012246
227 231 357181816
137 190 447809837
13 217 568293464
88 125 53184217
168 177 791457311
1 197 496139185
24 161 869394553
34 52 414934937
69 186 4857544
196 231 862102739
238 239 704746545
123 150 124074168
59 154 546484834
186 201 13639061
49 133 325856531
3 118 461977145
40 132 368246316
15 22 297338371
38 91 626828632
155 213 625309408
45 82 105666425
35 63 303983823
181 239 586692089
211 218 471496683
106 163 829619706
165 175 232120015
17 158 497267286
16 62 874711436
9 211 52784782
48 170 560326615
77 132 535697185
67 96 4857485
39 194 990200663
216 223 860466243
171 232 603596040
25 181 393130160
117 220 863469643
165 172 896387224
36 42 644006220
47 159 997166254
72 179 122314152
163 181 600611205
101 199 901178716
150 218 321323052
226 230 149913922
73 187 31960785
75 118 645903104
138 141 135045201
212 213 186738338
158 185 254067967
170 196 121554404
117 149 67250172
28 167 800226330
71 107 673493723
111 117 368771043
65 73 59922230
58 196 551902475
235 237 930061850
93 114 85534462
60 132 565628147
29 55 812498308
80 140 580562426
84 188 118131551
145 179 804358994
234 238 744632543
191 223 64859124
188 229 95307937
143 234 246102819
205 222 249957028
136 190 803243845
19 176 79662316
48 98 531372509
220 232 370959956
1 71 445574334
146 186 128838662
179 202 416193140
27 192 407908480
104 225 778068734
85 167 977856849
170 223 986566069
103 202 139123763
207 220 992519546
40 70 542861404
226 227 431092002
69 231 352207537
193 206 844512260
108 229 930264063
123 141 761217044
134 224 501287714
93 190 412766065
25 86 328006617
144 229 459567168
45 69 956798675
47 215 192531072
96 161 844463021
105 207 948831725
45 94 76696031
160 163 555301374
214 219 596245418
31 158 443153072
64 89 832372088
36 162 370416654
96 120 836266419
64 126 209465466
108 186 876923590
120 136 584048420
29 39 995268198
87 134 751477879
232 237 606191271
131 207 866962678
163 221 83351762
221 222 517657944
121 193 833147102
213 228 923949156
145 226 281517325
88 98 545975885
225 239 17350068
194 234 530446050
27 126 449930502
170 235 524091714
229 233 725006211
47 80 599403245
180 219 127710673
87 89 892858307
8 238 695286154
95 105 339594261
21 178 710782398
236 238 3089318
92 163 618853398
35 231 281627074
138 167 197276137
152 169 523369916
109 162 349291281
119 159 542355732
231 235 919472067
83 125 425716919
11 211 35927478
208 216 930832366
230 233 424806539
107 174 8840628
132 194 850991512
128 205 915502521
124 188 430266720
49 130 914336375
52 215 735112246
236 239 885992926
218 230 426875863
152 215 739484958
4 51 959535360
189 217 244852231
10 235 115626345
229 239 566349678
180 187 763100270
221 234 432197580
72 146 743873214
178 238 640277736
188 230 428286751
72 188 414161630
191 201 78009885
207 227 570820782
222 227 441791846
31 221 776608035
140 230 648633960
74 165 84053286
47 163 62833795
152 189 833398332
122 233 715936344
3 52 887765857
91 101 766718872
79 172 754468881
190 200 628626774
48 103 339432975
173 206 306812335
234 235 206979986
188 192 340069211
111 203 676005946
79 88 501744952
95 224 40328696
74 239 998866513
210 235 641641656
206 234 565515053
8 217 640137251
36 84 656426050
58 187 317242761
72 178 516838193
29 158 864530334
62 136 837304508
174 223 697296234
68 179 955365097
209 236 1487485
180 185 157202654
155 201 157229635
193 238 616326008
197 216 210625913
63 161 134662462
55 220 547583325
72 218 407558879
88 95 111142350
191 201 57346470
26 199 503624087
165 218 661223292
186 211 601242860
135 202 700526792
140 165 468870933
207 213 917424004
197 218 231367361
44 170 595499341
194 204 480065954
54 238 522950842
98 173 209083700
122 233 415586288
16 102 883622948
104 218 147436204
55 207 538858939
144 207 241852137
188 222 819990995
29 195 456462463
212 235 991564514
72 123 661812360
174 239 36972420
130 175 578251461
142 153 757154138
27 97 811329565
40 141 255090637
227 239 225697939
50 212 552240624
164 182 453764941
126 196 44608628
35 40 846439629
220 223 603698546
145 215 966559380
56 213 67386418
79 168 97713978
30 198 508430555
46 130 253860176
197 199 593044739
50 221 395718936
225 230 728531927
216 218 337509192
10 162 231192505
62 239 741951506
121 227 58155515
130 134 522429931
20 67 379700806
196 208 717618185
52 61 605620504
173 180 709681210
88 218 974395979
44 150 254210796
71 228 834146536
135 168 62840972
14 207 41049379
29 216 943426303
116 225 923981514
40 206 710682457
159 193 439101127
156 211 459765715
162 212 358491251
149 237 203883484
213 222 376299719
106 201 543473731
45 60 432733157
69 213 351160417
121 219 285707628
139 193 538064184
166 237 661595268
192 236 75495546
219 238 501375831
58 202 156486796
204 235 799691710
185 194 895027228
139 170 515999980
178 216 957661730
15 160 953471712
167 211 2165323
7 71 866895092
184 200 429005410
148 165 426681026
121 220 654636812
215 219 30535404
23 158 653020867
9 83 593187574
95 120 83631777
138 202 828970595
109 171 528601043
140 170 668337925
5 197 977747103
217 219 55829038
53 209 290694137
101 149 496270965
185 224 413448178
221 223 974493077
53 78 979191716
164 227 154844756
223 229 172410187
174 224 477122560
150 221 387622846
169 209 896237934
152 172 180657668
128 214 676857458
12 222 199291092
169 225 833252195
190 199 932283889
204 205 990106146
214 230 922491143
30 201 147081962
197 223 159171434
48 216 880857562
233 238 807382315
102 106 514856292
198 224 93327319
76 119 297391933
68 201 857222786
177 213 51803444
189 201 419396157
182 225 546992180
45 57 935730692
33 192 554511757
16 113 228711194
129 217 556314964
28 101 718326996
169 180 468700646
182 193 289222458
87 208 104845132
128 168 787220246
99 103 798762190
84 151 641041791
161 234 292290424
51 98 910714182
65 176 81736958
163 179 762627495
236 238 335184297
110 118 977923490
170 187 116619950
67 140 960047437
88 176 206532477
1 50 839272049
162 177 353535855
175 193 6052629
46 121 658673624
230 232 468829677
98 208 143961282
76 155 204432472
59 116 673806919
163 205 414366880
194 223 312195487
56 182 242917419
54 111 593264944
117 161 895122148
183 218 398252911
108 205 652805395
229 233 383473786
95 230 377114426
51 175 963388066
164 234 385919181
13 25 108251461
118 157 736168769
204 205 139681483
229 239 169377693
107 109 799606990
182 220 191228738
159 207 787067507
157 169 308025555
16 217 264055242
222 229 287413662
83 171 529664062
21 146 342039100
128 175 928182542
9 209 863614137
228 231 606254257
234 236 306172976
223 230 161408304
61 197 551162868
155 205 495388637
189 194 15566817
60 105 76838226
227 236 335295362
1 86 680811367
31 89 811755398
125 190 822651865
37 144 171194831
128 239 373251588
6 239 462577181
120 220 78248336
52 218 841958566
141 148 317514391
228 237 53980482
137 155 126112096
31 87 336507642
5 55 994081750
157 215 380463012
63 184 388009025
32 105 908596580
18 108 517633027
153 171 952111694
25 144 259939760
206 226 725556123
123 193 917227668
230 239 35691184
97 221 141037903
130 228 819013257
168 173 486703206
32 127 450234520
55 109 781130872
226 236 440988535
126 181 261023211
81 226 376712920
137 204 970189004
231 235 849852794
94 179 381924444
32 211 195460897
178 203 493311439
171 214 551966191
92 102 683955056
36 148 637668612
63 222 356981411
208 234 688558747
55 138 916390467
14 74 981827623
161 226 658510739
146 221 830985597
80 228 631647368
191 202 199170225
49 181 774691995
70 201 268028478
169 237 341729927
227 233 107718883
206 227 871529124
25 83 561558478
136 179 341872875
203 211 338184063
117 172 972868073
231 239 268314884
110 147 122998968
157 216 222967659
212 226 596570955
157 229 89259463
69 212 109851062
170 216 855618983
150 183 952621674
230 234 720863538
145 202 247916627
235 238 587818027
110 235 61283955
98 102 422342776
192 232 328731522
194 231 311662150
27 69 59287152
213 231 529259769
223 231 502603838
155 193 545687153
87 98 312182344
166 205 728021554
71 108 438818410
88 204 459848384
69 80 178996386
101 233 899180666
125 164 561200331
167 231 4180493
115 177 581763107
235 236 536373517
164 212 418077594
54 196 184482185
37 69 173790222
9 143 648302793
228 236 979996291
75 180 771468119
71 107 582697649
166 200 827101818
118 235 204144840
170 173 508318563
86 198 453095588
219 233 453441045
227 239 113096133
7 166 8713535
28 112 126098754
238 239 329459002
104 189 190185472
222 230 322523746
109 204 653497831
138 161 899582432
96 151 4864707
136 208 293549248
44 144 372236187
89 107 57953034
28 42 443548308
220 227 234972719
108 123 565113884
83 110 644711554
79 214 808562037
50 218 5174374
149 233 121194526
72 206 854693312
216 220 83158657
142 175 913759706
16 198 366854996
190 217 842283316
73 136 176330960
16 111 73805109
93 101 979936120
221 235 145223876
188 220 548560189
127 195 500594778
14 72 326091462
69 195 968014625
218 234 919778885
149 210 208702842
204 220 193465971
181 221 947349168
14 40 545668880
144 208 287852191
177 187 447233504
39 196 636925810
178 236 221938716
164 194 509154955
27 129 746395520
141 212 707749117
108 179 889850883
47 54 85229786
200 231 521724067
54 78 926618562
198 207 745548175
231 232 568059595
27 120 748903830
143 202 843588250
88 202 646411320
93 229 114142196
133 197 539858714
151 225 459991854
217 226 681311021
77 212 33205069
219 225 516808228
20 126 555554609
145 193 861854141
11 207 570117425
47 159 875746547
149 161 17846532
109 167 932244585
105 201 630843515
37 201 878243963
53 83 239680417
37 174 168772983
208 211 497896215
49 184 528580259
199 234 527862695
117 118 919245849
9 198 494084028
176 215 703060781
36 122 494440259
10 22 252809891
181 202 584599846
215 225 196161184
152 200 816008082
186 234 468712960
69 107 466418093
141 143 937912277
110 159 413132214
115 128 19154081
184 239 481081937
1 108 593595090
126 183 850595882
120 163 447287726
85 205 574192781
100 108 106003562
159 162 311142099
193 203 480010392
1 33 881993036
214 232 686254426
167 238 157048859
192 208 94963032
227 232 727854005
196 221 25738217
91 169 548415717
21 231 969452566
48 219 599757806
35 227 352467530
60 115 451994102
136 160 497374518
167 231 238730127
84 147 615683652
146 189 683483945
30 116 259544978
86 139 605088101
185 218 16526027
114 209 137815084
69 224 333678518
88 184 318788684
145 177 401699823
68 185 767937464
66 123 44085677
171 230 817012664
113 199 31195244
232 236 828025848
6 52 722145213
213 221 920324337
197 199 634560351
229 236 294120218
96 191 520255069
4 36 137162318
59 174 627629660
117 126 409083437
210 230 194736752
63 78 379726096
8 67 755504077
90 184 593094315
154 196 747554400
77 192 585101228
228 239 751741744
202 215 822474082
149 222 947244780
144 233 285423049
193 224 429152996
237 239 105859659
237 239 277049841
31 73 775568119
94 207 455566281
160 229 660268047
219 220 217640641
69 136 753204167
140 224 64986043
180 186 667310886
111 146 204900864
109 201 109127748
234 236 447584163
94 152 529858091
79 209 398225451
176 233 124627719
41 222 734160873
10 128 405923723
212 234 329851356
186 195 132351919
88 199 452042261
87 194 900362637
140 159 935719876
24 167 642583579
160 232 749341511
129 140 215381655
233 234 357073585
105 172 585944651
98 221 140023748
105 213 38797758
61 222 130196451
50 62 862545270
179 194 312285582
135 207 346011145
58 75 44082136
236 237 124918025
94 188 218984141
137 194 226388260
113 116 326454316
121 229 842024913
197 204 565804483
137 145 536813618
207 238 395373647
177 226 964059982
217 227 35021773
176 190 523188045
204 210 492103913
171 190 787449220
183 238 805007936
225 229 48083628
77 113 933941892
85 120 403992995
142 173 79830535
201 236 36600085
83 192 17442225
25 187 119223145
141 164 49026447
195 197 423601695
169 178 468265987
166 222 666774780
15 224 746786718
30 237 390997375
36 218 85857796
112 139 985301980
34 169 749200305
178 201 82044985
35 156 969931437
179 192 10135524
77 236 10249309
71 224 471958810
102 208 415630150
46 192 793342304
203 230 910831095
82 217 278917583
158 175 507358177
93 121 525486855
237 238 319836336
141 212 599985972
117 145 450473167
50 111 218639679
179 183 566552336
37 94 24742841
198 235 211594624
24 196 46450070
96 172 277361490
44 168 181473142
144 193 563783872
185 238 501229087
149 220 215757553
100 204 710031921
66 157 219335095
121 161 662469985
220 229 100363863
217 227 71220090
234 236 714830009
42 98 445276268
84 129 614530812
85 217 160931099
37 51 448019461
144 192 17816550
34 55 647848929
210 236 953626272
105 210 681893747
167 191 1242427
140 158 931821832
37 126 79158608
168 175 651039074
82 127 378827187
106 154 3462662
197 211 797366909
184 222 277445017
18 104 525742058
146 156 942848257
74 140 388298035
133 155 383940964
133 202 55357150
58 108 299046011
114 142 872464075
9 29 761370725
81 110 951436974
145 209 495763437
121 157 647228271
177 203 317124807
208 212 773526301
89 102 15738561
61 202 316747883
92 173 321801985
29 197 829582169
111 141 45413511
203 221 794640849
55 103 632408672
73 216 444511426
128 228 573679544
72 227 510384657
63 173 18930333
100 136 768970637
189 227 257093315
38 151 152515077
80 204 644631653
6 98 715385953
95 198 6066856
160 197 262774212
54 205 976943284
186 218 387836538
165 235 444138385
196 209 645522702
2 118 822730186
232 235 954083260
53 94 232704428
31 121 902173503
173 221 418014723
6 214 205198486
221 236 405137237
179 185 956240176
206 231 249475354
119 162 248586814
184 189 473374906
49 100 718101265
139 188 752720414
134 209 247024248
103 121 282486917
90 158 966119003
103 239 357057855
59 149 577596075
198 230 392791112
137 146 894242772
168 169 774777571
42 50 729714256
117 238 282985597
171 180 466058864
131 230 646206662
177 189 114602652
152 159 716731607
48 217 980116530
81 169 610730674
132 140 602418606
94 226 640692671
221 231 95558685
9 64 463796532
27 78 431421307
94 188 633150107
110 154 362697515
216 226 258397135
17 26 808719494
140 228 39526511
90 117 73785806
121 226 821980156
85 193 368820149
163 202 419981663
95 163 435650474
6 193 300709953
35 180 593450795
145 216 97318171
118 191 902772484
146 170 323314710
231 232 519969188
27 153 372514798
229 236 500888338
185 233 269225111
62 237 562691797
110 139 148391204
5 239 304142491
141 239 602686985
18 116 865599624
91 193 405697585
62 145 299959577
34 202 310287130
158 199 46118600
155 212 279830298
83 122 762030592
124 225 152110594
95 233 151886188
137 152 471655031
36 188 102077600
131 141 697624980
225 235 567866452
147 228 633101600
87 224 630226
44 214 113343589
19 204 329108650
3 204 42693734
213 217 79413461
189 197 190627463
76 223 869446925
105 237 501747854
42 162 251115595
26 237 528699028
61 232 338370709
15 188 601142247
230 231 130840144
88 145 77347403
68 164 364611352
144 170 673574248
8 176 177869889
27 72 497346231
141 182 875332482
200 239 728999258
226 231 343487357
176 191 701887009
191 192 608050588
37 39 300725476
141 200 689950907
101 178 800984144
135 234 350978419
137 158 112985994
193 220 124010527
20 176 633057946
151 174 449023884
200 224 133111702
180 227 647311588
27 164 873190955
123 216 170466423
61 104 981703106
221 231 762940893
145 210 468297470
122 176 386487509
68 136 254747710
159 192 513983028
48 130 512671537
196 230 329108134
151 199 65320772
111 161 136484235
139 219 285329840
195 231 408979857
224 233 932006995
20 146 644511142
204 213 325014864
160 200 241512552
66 126 469549100
204 224 528138678
154 158 896999678
9 203 320365766
147 185 529694215
15 233 772796826
165 176 138581948
100 184 552292410
64 93 372825139
173 201 433532668
34 211 985957958
216 225 801123811
162 212 467715832
187 206 363160662
65 81 146403644
180 193 738227182
113 117 505749075
60 208 373860952
11 28 40318251
37 75 792868280
236 237 503631981
45 157 335839619
115 126 993985863
9 13 417751415
66 94 983344464
77 107 341137284
141 142 528538122
110 224 287041132
197 236 358809587
155 161 645723797
211 239 767476370
25 199 916799265
137 176 200837990
164 182 308099188
175 195 399740207
49 218 147921032
3 17 654172229
162 195 344711207
112 157 356962066
161 183 227630767
134 181 153678365
5 180 939734776
10 90 706090399
203 234 532383711
140 224 984301092
76 218 432997637
233 238 800796912
104 199 87996454
24 177 607434281
173 210 681584247
179 181 759393548
96 203 492347023
71 188 198099664
61 171 524994169
174 226 970636407
215 224 365233137
89 97 137620476
53 79 186223839
179 182 561876943
217 235 606759313
150 175 195167542
151 180 725979785
220 239 552847007
5 174 520887447
219 236 188477646
32 58 902961230
9 58 731534611
192 194 333298447
91 144 327839507
86 238 263152008
39 40 734631428
133 134 673547734
60 176 940404253
48 185 330300231
178 179 586724134
29 234 503357692
235 236 970126543
195 205 756067023
172 173 576927269
27 131 860786242
17 224 664845111
88 223 3750707
236 237 160590442
237 238 556424957
210 218 260610229
186 214 697316115
79 126 234711725
31 198 210746849
161 172 389992606
221 236 877206748
206 229 52402983
230 239 897918351
32 195 296281784
124 125 110601909
62 105 969478374
50 154 964142611
111 120 624773324
229 238 921378139
16 179 467176967
38 187 669106246
189 227 136360475
21 206 269304418
230 235 747092341
215 219 916644656
156 217 762956951
232 237 643968095
38 176 214696932
141 191 105459059
216 229 324389218
178 230 597175359
172 217 667193956
136 137 569612928
131 184 326587178
72 118 917424407
94 98 337908250
22 82 17588460
194 196 267559592
31 49 351307055
31 199 419246256
204 217 960595342
227 228 141939879
47 70 703812790
29 220 622369640
96 191 21707033
190 229 278986451
186 232 53059395
100 170 28227433
12 81 188882045
104 112 814079288
152 166 994008645
60 63 171826839
60 76 331209698
34 74 703548447
18 178 457084243
166 186 678198428
78 221 938768399
33 94 414554640
45 110 791002217
203 218 104064900
44 115 358306464
55 113 405513165
123 148 636349679
75 182 584819303
96 119 455190943
78 179 578826726
55 162 56415521
136 145 566282173
53 169 962627367
61 91 410812905
63 190 809670585
65 136 580500293
65 150 946840221
20 149 249676711
57 228 189052652
138 139 498386537
110 239 913295226
237 239 125644492
178 198 333763254
20 85 712284609
143 213 81801289
200 239 946429032
84 204 709213155
106 197 327496438
65 197 316458951
22 110 427973961
140 231 598112999
238 239 61890914
194 205 925916636
204 226 631121766
190 206 183337506
121 172 978189439
12 89 503617644
30 217 993894768
189 205 682573768
117 216 482668889
6 87 638036731
149 219 266619727
108 203 132244705
131 152 611879084
115 238 923495733
155 188 120137280
10 194 27909830
168 203 200680437
209 220 237589385
154 207 538995302
102 191 284203638
213 215 712634410
68 151 656081300
38 221 108875267
3 182 528974435
122 132 695401604
110 171 784737360
170 211 308822698
15 224 186303275
6 219 446093428
119 202 488208143
200 216 212319662
229 236 737924358
71 223 7806787
165 211 474851249
161 189 508784870
170 188 412313522
57 194 479030612
4 78 448070525
26 219 364062170
97 103 864912548
74 89 66887405
189 227 802824330
236 239 190822522
189 207 578700671
105 122 111215223
108 188 809588081
57 237 818682365
85 92 25554798
220 234 884184058
181 212 656429951
28 146 121707597
159 173 526933029
119 125 176331472
