19 84
52 18 63 23 84 22 82 19 67 95 39 52 26 81 85 10 26 82 70
8 14 26
4 16 87
3 13 30
15 19 53
6 13 55
9 17 40
6 15 24
15 19 34
16 19 26
16 18 82
13 16 88
11 12 80
4 9 51
14 18 2
13 16 60
2 7 46
17 19 38
14 18 93
14 18 21
7 15 66
6 13 41
12 13 72
9 14 70
1 5 61
8 13 72
12 18 37
11 14 26
2 4 73
12 13 36
18 19 3
17 19 44
13 14 100
8 9 26
17 19 57
13 15 25
2 16 59
7 10 48
14 19 86
15 19 38
15 16 40
3 18 21
9 18 93
3 16 63
16 19 30
16 18 54
7 16 77
17 19 56
9 13 73
12 14 53
8 9 34
5 8 14
11 15 62
9 10 5
9 10 62
11 18 64
16 18 35
17 19 46
10 19 94
9 10 24
6 16 21
4 16 83
15 17 31
16 19 42
18 19 73
3 5 11
6 12 63
16 18 68
15 19 96
9 11 14
9 14 77
17 18 87
1 17 56
14 17 89
13 16 65
2 8 74
4 9 38
14 15 78
14 18 84
10 19 68
10 14 96
11 16 77
2 16 23
9 18 27
7 8 24
