254 400
598 360 368 852 863 452 156 935 449 841 104 935 881 244 229 322 694 241 695 150 311 188 329 636 861 749 145 36 408 314 603 694 325 407 317 942 513 467 64 599 579 52 157 174 662 860 180 946 598 678 424 400 973 417 430 327 764 537 825 27 609 234 431 383 305 858 353 72 743 54 658 877 625 574 387 895 319 180 419 356 691 163 910 904 722 258 833 890 226 844 433 491 810 844 232 711 62 720 297 573 661 458 235 298 760 44 962 259 134 393 355 498 309 179 280 371 125 793 996 985 845 576 615 136 961 792 407 494 573 350 330 456 426 220 810 755 971 368 860 612 874 470 497 657 684 186 586 539 447 283 158 281 334 472 851 714 387 308 384 489 613 225 633 829 117 520 422 397 165 235 494 4 372 683 922 472 517 597 715 233 98 222 65 241 100 852 664 925 376 186 595 579 21 927 644 503 994 665 933 868 113 276 117 210 983 293 526 819 64 994 551 539 222 868 748 575 263 288 608 705 804 599 967 134 664 387 835 228 858 191 603 911 222 673 111 507 153 254 40 674 280 463 98 449 618 822 454 792 459 381 423 671 399 48
250 252 194
209 214 396
153 196 684
1 201 192
122 250 600
48 173 680
8 37 673
84 107 679
53 181 853
106 200 329
142 157 986
54 184 187
54 182 758
197 212 390
17 224 980
36 137 168
96 127 412
74 200 903
75 158 543
213 225 320
180 230 402
47 183 942
178 240 875
160 212 160
194 237 323
97 164 864
55 92 59
19 189 557
43 156 806
13 165 509
69 221 657
250 253 417
166 222 167
148 242 367
98 146 302
49 248 785
84 178 883
161 212 812
136 205 106
156 241 195
148 227 675
13 192 272
226 243 751
225 234 241
174 230 109
32 228 462
246 250 487
73 83 827
67 207 453
16 207 902
51 80 919
177 198 513
139 192 20
153 231 214
188 225 48
2 124 314
79 219 407
195 203 299
29 191 153
253 254 862
228 248 286
45 212 956
162 212 210
111 156 755
144 163 787
39 150 697
196 253 578
158 242 260
199 232 79
10 12 212
219 252 39
9 56 222
98 202 686
217 226 281
111 233 184
193 199 685
146 173 265
193 221 850
7 146 285
99 161 207
26 105 599
88 249 196
251 254 685
66 100 507
49 57 778
233 251 122
160 172 975
232 240 348
23 105 103
203 228 464
63 79 736
6 222 803
37 40 250
50 181 476
206 225 230
74 164 989
58 144 375
225 252 401
73 82 857
104 107 866
11 39 567
50 107 45
189 199 138
251 252 820
37 85 479
73 239 149
3 165 333
229 245 627
206 214 129
46 205 975
124 209 916
128 242 811
97 222 778
114 149 946
28 247 631
234 238 984
38 195 268
51 190 924
145 179 418
223 249 142
217 226 224
38 106 562
182 231 167
148 182 798
132 238 709
162 239 685
39 194 832
126 250 428
173 241 397
36 103 725
28 229 789
153 250 403
191 248 497
83 227 136
183 240 1
105 139 408
216 223 363
109 218 11
162 251 581
9 227 910
34 236 271
148 157 901
142 157 32
29 31 480
160 186 631
239 246 443
192 238 920
86 214 328
236 237 440
110 191 393
131 158 147
27 103 428
75 169 155
141 243 545
226 229 448
165 189 542
98 179 673
118 197 794
206 232 545
117 210 148
105 179 472
56 150 667
3 235 110
204 250 431
199 218 78
198 241 899
107 157 359
229 231 962
159 194 95
35 249 560
31 149 91
146 214 36
124 147 417
2 11 52
93 153 462
65 186 805
101 214 186
64 175 970
127 161 190
137 196 809
197 206 566
109 203 79
180 206 700
37 42 107
73 106 925
15 68 962
61 175 966
27 35 991
66 129 606
147 225 290
248 249 990
57 210 553
169 179 309
234 242 147
217 218 657
250 253 831
191 252 936
110 171 913
139 238 226
10 213 851
64 139 343
110 253 981
43 223 907
43 199 740
173 220 441
60 150 764
75 227 299
211 250 503
125 147 469
156 253 507
70 144 874
62 207 366
135 250 968
231 253 617
220 235 80
233 252 290
42 121 492
224 231 164
206 247 504
19 125 340
138 207 69
4 53 405
245 250 183
89 250 782
182 215 490
161 205 434
234 244 449
249 253 464
183 185 939
65 203 81
143 221 527
159 236 902
171 205 731
211 220 299
234 239 937
212 231 692
139 181 99
6 145 186
164 236 530
85 179 272
192 249 791
225 251 170
85 135 329
203 238 491
21 67 137
73 183 146
39 51 109
154 164 860
173 213 232
118 176 104
107 202 93
196 234 77
144 225 180
156 188 655
155 167 767
23 247 879
106 127 238
73 201 455
211 222 198
19 20 669
235 243 488
215 224 404
117 208 845
226 246 350
225 236 352
27 107 702
88 130 568
98 179 325
67 99 218
121 248 418
168 238 355
198 222 143
200 221 459
142 225 810
229 235 941
110 210 523
201 244 367
11 89 61
177 228 522
146 202 257
123 191 816
244 246 260
213 253 777
206 243 576
52 120 623
89 209 631
78 217 901
146 173 8
46 169 179
121 206 456
241 244 314
239 243 934
147 187 687
45 138 625
36 75 38
97 241 150
155 227 258
9 49 684
80 179 710
234 254 274
105 198 972
83 206 394
250 254 7
201 209 248
96 119 527
6 25 71
223 231 354
49 203 734
156 180 191
116 169 741
183 228 87
11 39 343
22 137 744
108 217 484
191 216 546
77 104 350
102 199 704
144 242 203
7 252 533
20 186 266
134 205 207
211 236 88
246 249 994
41 196 339
67 126 452
28 130 140
148 184 671
48 128 963
89 207 216
122 197 860
182 188 545
237 246 795
103 144 789
11 115 289
57 237 726
35 65 516
196 235 343
139 143 49
183 194 765
227 229 171
145 186 382
186 245 397
94 132 532
113 191 738
130 139 914
22 157 398
2 236 873
243 251 209
16 175 808
120 164 227
80 200 909
118 219 617
87 138 93
56 100 568
212 241 872
181 213 630
252 254 976
90 249 110
118 203 850
96 183 33
66 78 48
48 162 126
1 28 282
163 254 23
176 198 753
171 191 24
185 196 109
197 209 270
36 68 605
153 187 774
128 130 180
189 213 771
211 251 856
199 235 826
65 110 246
50 230 548
225 254 341
72 120 289
111 225 548
72 98 781
19 173 694
138 177 961
172 177 214
181 245 314
150 235 242
103 225 957
32 100 640
91 235 984
225 239 126
125 190 751
95 215 109
109 142 674
66 180 91
34 157 780
212 253 482
128 237 760
71 138 718
246 250 581
95 212 951
98 145 829
