100 707
151 382 382 284 553 120 184 797 991 278 563 139 905 981 624 108 592 343 97 940 841 751 111 140 195 554 41 444 519 371 546 483 675 845 662 635 632 59 609 825 398 209 599 349 878 82 282 653 946 941 847 445 198 942 870 536 359 593 525 690 309 89 185 341 387 547 7 711 212 674 489 659 389 644 6 924 457 778 201 419 246 295 440 415 425 928 868 263 4 167 168 749 218 193 867 111 168 830 986 830
41 43 779
61 74 685
48 90 749
30 78 973
1 31 36
83 100 12
20 89 153
86 95 516
15 23 157
60 67 14
93 97 224
29 94 492
87 98 415
89 96 684
68 81 523
51 86 490
13 95 776
24 35 89
66 98 111
98 99 371
68 77 543
97 99 54
65 84 809
40 58 166
90 91 990
77 93 755
10 75 725
7 8 431
10 98 585
57 72 878
42 48 915
10 26 584
35 46 781
71 87 143
6 56 23
69 81 651
15 66 229
65 67 395
8 19 458
7 46 378
94 95 379
21 80 248
14 46 79
80 99 55
40 65 255
98 100 170
80 86 233
95 99 443
63 95 366
14 49 298
73 92 544
56 86 157
27 28 681
26 37 950
61 64 912
1 47 555
31 83 863
51 82 370
24 60 345
87 95 759
7 42 607
45 68 959
67 89 686
77 94 269
46 98 401
79 87 997
6 58 936
27 98 745
11 53 857
29 61 824
70 88 373
1 52 86
66 88 490
16 49 988
9 64 644
86 88 678
90 99 186
93 99 666
24 46 776
55 79 316
30 48 167
5 43 32
97 100 806
36 95 547
30 68 38
13 74 717
6 16 210
24 58 523
27 65 130
51 66 652
55 57 523
45 96 121
96 99 663
79 89 757
76 78 450
81 88 599
77 82 473
47 81 734
26 42 23
95 96 325
63 64 306
17 34 392
67 82 537
38 64 881
53 97 899
16 20 100
53 91 9
26 48 121
7 29 573
55 80 534
10 84 306
71 81 20
7 72 230
47 55 828
1 87 739
92 98 940
8 24 835
71 96 996
47 76 841
52 72 97
64 96 28
9 70 216
98 100 143
61 94 637
25 66 269
28 31 461
54 99 841
87 90 146
68 71 480
40 45 812
48 84 379
22 99 439
60 78 574
29 59 624
13 41 777
77 83 466
3 12 803
99 100 500
45 56 68
43 69 742
10 61 696
93 96 890
3 25 279
6 25 572
56 97 835
54 70 679
60 82 825
66 76 315
76 98 493
36 90 976
15 42 241
76 98 995
15 42 57
11 70 541
19 64 203
29 31 332
47 55 531
4 98 141
70 73 783
47 87 860
62 66 682
7 20 764
7 17 439
91 95 139
54 81 153
47 70 514
90 93 886
91 92 507
2 21 459
48 54 490
27 36 953
54 97 854
55 77 264
59 97 588
3 36 696
91 96 938
37 42 56
51 72 538
80 88 122
38 45 936
98 100 424
81 83 695
22 39 758
29 51 275
7 60 344
87 95 827
79 97 827
56 100 429
82 85 980
73 97 195
28 30 663
15 100 392
95 97 240
15 23 534
48 99 685
22 56 80
83 95 709
22 74 939
89 91 258
10 75 742
7 84 247
39 49 368
17 24 539
1 97 657
43 93 459
63 89 645
90 95 92
35 47 282
52 73 287
45 98 593
76 85 289
35 79 190
8 78 117
46 65 564
53 61 209
76 99 655
49 91 495
97 98 201
72 97 829
94 97 450
24 38 845
45 91 401
12 83 608
31 89 835
82 95 265
40 60 661
73 77 762
18 76 105
55 95 808
97 98 650
26 75 367
86 99 419
78 98 102
73 95 653
80 88 308
25 32 745
37 40 414
26 42 385
52 91 849
72 76 873
7 76 294
3 49 708
13 50 155
76 100 538
14 62 135
24 41 899
69 88 880
90 98 834
41 55 399
4 68 639
92 93 337
18 40 3
35 56 724
19 28 725
71 92 754
5 22 394
1 95 170
34 35 219
5 42 359
45 51 699
48 50 105
19 34 516
63 90 921
17 41 244
9 67 203
92 97 812
29 87 491
13 19 510
99 100 461
91 96 377
99 100 871
72 86 67
12 29 296
6 78 902
96 100 392
91 92 310
61 63 716
19 40 393
10 33 667
4 92 261
72 90 176
17 25 753
9 53 976
73 92 131
56 73 738
23 41 928
67 71 919
7 70 490
20 71 879
59 92 691
93 100 499
34 86 371
30 54 380
40 42 483
87 96 216
96 97 239
73 89 601
87 91 977
48 92 299
48 80 336
78 84 962
45 74 744
27 80 597
31 76 302
16 74 814
15 62 632
91 94 183
70 71 134
81 86 580
74 81 427
51 73 49
99 100 168
8 37 642
11 24 213
39 77 893
81 82 782
68 94 112
35 68 114
28 88 171
29 71 88
91 99 528
28 76 13
7 22 783
16 81 151
47 48 961
51 77 820
54 81 996
35 43 64
14 31 723
92 93 998
32 48 184
94 100 933
66 72 578
83 85 857
37 49 129
59 61 743
38 93 612
27 85 475
81 92 942
94 99 428
90 100 817
34 89 73
82 100 528
18 87 659
49 94 35
33 59 198
35 62 188
85 94 238
97 100 338
44 52 475
97 98 66
21 98 125
25 72 645
26 38 878
17 21 509
5 39 403
1 34 670
40 62 86
38 59 598
90 98 218
53 95 799
47 59 360
24 35 592
7 26 888
92 100 6
7 81 722
29 90 987
27 84 6
61 88 605
1 53 474
24 81 838
14 83 331
28 47 737
89 100 27
2 7 274
61 71 690
29 54 626
66 96 734
18 29 804
29 66 530
34 52 135
17 30 146
14 35 604
62 99 702
23 96 256
61 67 150
69 75 277
1 2 659
27 29 224
37 93 153
9 53 628
73 92 412
80 98 715
60 86 229
58 97 792
36 65 948
44 69 498
70 71 353
96 100 207
64 82 348
96 97 64
2 73 514
79 89 672
10 17 53
38 92 547
75 93 359
65 82 423
20 53 790
31 41 282
75 85 474
67 76 43
16 18 207
34 44 450
37 76 741
87 96 305
92 95 163
70 88 579
37 61 697
61 98 127
83 84 373
25 95 878
16 96 51
80 99 21
1 70 259
73 82 849
74 86 400
11 88 370
11 38 180
36 59 630
49 54 570
79 89 835
70 81 591
13 71 963
62 76 61
8 97 989
36 86 731
81 92 354
85 100 790
5 24 224
63 96 389
18 40 394
88 92 806
41 47 852
89 98 94
47 49 300
76 96 32
6 26 144
57 68 326
38 40 467
4 97 828
60 78 824
64 73 403
67 86 645
10 59 820
21 62 954
7 74 545
75 87 94
7 64 283
24 100 754
54 64 115
22 63 912
18 22 840
32 92 88
4 99 38
48 61 670
83 95 571
89 90 671
14 63 953
84 93 316
94 99 866
32 37 639
74 87 797
61 80 430
14 69 486
43 83 868
1 4 629
38 97 374
58 85 898
76 89 58
69 87 150
78 96 882
53 72 977
54 67 535
6 95 815
87 100 635
93 97 121
87 90 328
74 85 305
81 86 22
10 94 774
55 75 499
5 64 222
35 93 237
44 82 612
94 95 89
48 82 569
82 98 93
36 53 867
63 76 480
2 72 17
10 46 944
2 66 161
52 98 319
53 69 360
64 69 40
73 89 105
53 79 534
45 46 130
53 81 241
37 87 458
52 92 525
68 92 811
31 49 193
96 100 35
4 81 802
89 94 96
61 76 80
13 43 850
88 91 1
86 96 119
48 82 700
88 97 171
27 80 897
62 65 798
45 55 785
60 92 60
13 81 633
88 99 872
22 48 12
84 93 467
73 91 749
50 83 64
73 91 976
27 56 476
61 87 54
14 29 443
59 76 201
33 35 829
62 90 51
58 89 203
19 20 606
81 100 174
87 98 125
39 89 749
99 100 750
58 68 316
45 52 792
55 90 815
74 80 303
48 83 712
55 90 402
74 99 676
33 56 510
19 95 263
89 91 38
96 97 10
97 98 432
95 99 630
92 96 176
76 98 911
97 99 879
54 62 766
64 67 606
7 28 455
81 84 80
20 37 329
60 86 556
25 37 784
4 95 988
3 9 914
95 100 793
63 73 355
57 73 358
4 16 988
19 52 557
84 98 758
86 96 48
17 24 364
54 59 118
68 89 146
33 71 411
72 92 673
13 92 438
73 92 635
17 94 686
35 62 415
27 35 49
55 70 455
34 66 369
82 99 666
2 47 240
35 57 501
16 74 616
42 71 642
16 93 98
57 87 964
71 82 176
51 65 575
74 89 517
41 54 334
39 98 609
83 90 611
65 99 561
58 92 958
11 97 92
75 81 342
94 100 941
40 56 557
20 56 825
1 92 633
25 53 854
78 100 36
3 91 870
33 38 444
91 98 521
12 37 531
96 98 84
77 78 57
55 93 844
44 91 48
97 99 300
60 64 51
85 90 52
4 36 395
73 79 13
4 8 168
25 73 905
16 96 515
35 70 613
82 90 908
17 35 499
98 100 183
40 78 507
67 98 259
14 15 561
31 81 971
84 99 734
24 64 362
43 45 592
94 98 234
18 38 877
84 94 309
81 91 882
6 17 161
65 72 417
16 65 746
54 94 383
89 96 684
14 62 215
26 50 147
84 92 330
89 92 341
1 66 152
99 100 94
93 98 976
65 87 136
94 99 912
83 85 721
76 83 511
10 12 278
1 98 271
81 90 188
38 80 299
26 57 764
76 83 453
94 96 304
34 64 601
10 93 734
65 78 437
93 96 967
85 92 681
66 98 628
87 91 115
72 90 293
22 71 99
16 89 900
69 86 796
92 95 216
69 93 905
90 92 97
65 78 446
49 71 202
8 69 804
92 97 834
2 55 75
48 86 429
98 100 396
63 100 782
92 100 846
28 32 524
34 64 920
92 98 891
32 95 359
46 68 812
39 85 309
10 46 166
17 68 949
65 94 346
9 91 586
35 67 349
92 96 136
12 66 723
3 80 195
48 97 44
75 99 815
10 79 801
46 85 633
