827 86
80 139 355 854 19 754 584 202 309 765 695 758 247 823 197 606 696 133 747 578 586 913 932 355 579 718 113 468 65 552 487 349 765 139 685 497 348 700 484 990 865 214 12 143 436 362 509 486 239 511 992 46 365 985 272 312 589 921 388 682 553 93 589 535 377 157 307 40 607 467 861 718 573 851 488 128 909 86 605 151 728 488 923 481 678 889 144 278 503 224 180 738 884 545 762 293 807 578 463 3 98 814 597 189 913 143 560 112 871 934 826 639 983 113 807 505 373 214 964 653 338 805 645 459 827 707 320 60 213 407 273 923 945 52 652 943 163 403 675 608 874 236 931 918 124 612 422 21 391 696 974 796 463 79 694 80 493 755 612 608 353 413 170 351 61 154 96 920 416 722 838 971 675 683 157 826 376 127 583 277 569 500 953 965 196 376 422 961 356 462 659 707 530 630 149 960 165 695 559 25 1 201 546 480 415 224 332 316 825 627 412 723 515 221 527 817 527 19 273 296 853 248 206 876 582 507 49 314 476 930 8 698 256 672 235 423 985 637 382 768 568 242 656 948 226 849 934 230 900 384 10 960 603 21 776 396 766 893 789 723 90 208 775 214 444 614 537 712 967 385 318 758 112 63 956 360 721 726 486 674 629 945 354 868 897 342 171 453 474 621 880 17 401 57 725 444 445 37 926 688 202 187 645 306 309 748 140 807 10 375 578 65 652 143 188 535 789 175 664 37 621 920 970 163 721 262 691 789 467 329 52 362 283 542 264 55 231 518 163 744 72 826 946 667 393 463 221 578 842 582 31 3 223 507 670 749 111 820 719 944 358 114 430 523 640 920 644 23 630 222 858 85 755 177 184 70 110 534 992 222 283 103 95 827 73 858 314 731 534 565 244 560 869 478 355 80 512 483 832 144 179 223 276 346 841 643 622 160 399 935 734 670 851 446 819 189 13 423 816 42 833 326 592 490 836 358 302 204 781 606 974 347 610 862 801 228 34 172 469 344 155 601 800 574 108 997 251 198 757 233 770 196 2 292 477 688 668 441 439 88 837 573 312 792 61 759 103 426 593 415 34 715 665 578 950 173 694 783 881 402 987 876 664 167 233 627 614 802 756 486 624 61 454 692 938 459 204 859 180 183 389 940 163 856 424 776 80 638 197 102 760 985 923 302 914 646 102 805 812 608 268 797 885 328 18 704 10 663 869 40 22 398 33 437 131 852 220 233 919 956 921 101 935 435 53 560 360 760 947 918 86 945 212 940 471 982 659 962 656 751 564 250 886 964 674 850 207 9 295 592 129 285 2 957 120 890 274 978 14 669 455 470 774 103 690 268 463 645 514 617 272 740 816 152 713 70 333 279 152 715 16 54 643 490 328 774 740 959 715 237 43 186 492 732 624 487 762 381 724 142 721 260 323 219 574 642 789 985 29 19 556 819 744 457 590 621 701 975 124 972 573 242 912 394 809 635 666 980 654 525 669 445 672 701 156 521 462 769 814 398 815 885 244 131 762 371 878 529 40 809 3 686 110 555 885 619 241 232 3 925 648 201 871 600 563 942 646 963 651 600 150 312 896 496 956 750 715 706 624 342 992 870 752 874 141 515 482 720 927 720 578 776 523 985 431 676 71 993 819 389 368 40 387 115 144 835 812 986 340 400 306 204 51 764 969 720 971 12 274 174 518 927 509 408 755 850 251 988 238 686 708 935 2 972 716 347 955 403 566 225 180 430 745 629 378 109 217 820 198 761 4 33 138 940 42 153 265 887 665 118 852 44 752 341 642 906 810 421 410 719 816 411 487 731 922 638 65 501 68 763 28 372 579 411 609 937 38 537 521 977 845 218 66 853 921 561 444 860 579 398 633 489 431 447 941 430 768
810 824 532
628 663 581
685 795 680
785 801 526
761 765 439
512 605 921
376 743 474
260 459 398
802 805 661
674 737 815
24 756 808
660 673 884
217 500 255
88 586 605
714 780 895
641 694 362
79 112 248
348 767 111
434 687 327
87 275 913
598 681 522
481 515 924
162 313 629
86 481 538
514 706 801
618 744 953
688 765 646
375 518 115
67 578 739
606 690 780
294 612 298
571 669 502
387 525 302
238 661 708
782 815 216
414 426 126
818 825 511
132 361 822
107 445 982
173 253 840
139 709 208
649 702 674
225 478 337
214 364 165
427 537 991
742 757 742
152 224 240
773 799 748
234 528 281
398 816 358
735 775 798
778 801 394
804 817 927
154 580 982
739 826 161
239 605 592
270 621 288
295 471 479
645 802 505
27 228 300
412 654 269
747 800 175
365 452 592
295 331 458
709 723 523
465 668 757
207 284 144
466 607 610
446 761 217
289 646 91
231 234 934
111 709 219
580 798 735
569 714 425
710 817 23
383 452 989
709 782 545
129 699 941
642 741 27
637 658 430
319 363 230
483 536 583
191 707 293
287 416 589
389 680 805
347 625 153
