50 98
78 60 9 34 14 35 70 44 85 9 23 76 98 48 37 54 12 4 93 15 30 65 38 38 71 97 94 29 49 60 23 26 63 79 74 48 44 85 79 68 33 21 15 71 22 46 73 93 21 25
25 39 76
5 42 35
29 36 7
44 47 15
46 47 90
15 18 95
39 48 15
10 18 26
31 48 77
1 27 10
17 49 20
41 48 78
24 40 91
42 44 80
4 26 74
17 34 63
23 47 100
11 40 21
47 50 91
29 50 6
24 36 64
48 49 74
36 49 65
16 43 96
7 50 15
7 41 51
18 47 16
8 30 92
23 38 39
49 50 61
19 43 12
37 45 53
47 50 15
12 46 23
38 45 26
6 50 93
3 21 74
19 20 68
34 43 90
28 45 6
26 28 34
47 50 23
10 40 50
19 42 52
12 33 71
30 39 71
21 25 4
3 18 55
4 8 91
15 44 98
11 37 56
10 36 81
28 35 19
17 27 18
16 36 58
22 45 9
20 34 60
11 25 38
4 40 22
47 50 33
17 36 31
13 44 26
37 43 3
17 25 40
16 41 28
28 48 81
26 27 25
15 26 9
8 23 14
44 49 1
29 49 63
43 47 71
5 16 88
32 33 98
12 28 26
31 38 45
26 35 49
12 41 76
35 43 46
37 46 100
20 31 95
14 15 35
1 41 74
44 45 47
26 34 17
3 39 44
24 40 5
45 47 17
46 50 95
41 46 74
23 31 4
40 50 22
14 37 64
8 48 6
42 46 15
6 21 5
6 49 82
18 27 66
