965 456
47 826 938 882 706 284 148 352 722 238 530 499 375 104 69 847 950 902 746 819 907 863 855 281 779 813 523 902 700 202 749 834 981 994 772 592 627 721 542 125 156 76 420 395 642 563 839 131 800 695 355 549 285 499 976 153 105 644 608 480 200 811 993 453 113 718 704 325 337 148 622 124 103 16 91 610 592 603 861 485 527 617 220 403 272 652 576 686 598 595 38 742 450 875 53 80 408 77 901 671 992 925 102 847 654 778 478 629 77 265 381 737 175 589 525 960 941 577 399 952 693 350 619 290 744 72 765 298 172 401 321 11 447 74 950 543 150 845 440 268 669 110 307 551 601 314 83 807 677 298 604 659 365 301 569 496 688 448 838 968 791 140 5 683 362 874 764 110 278 973 43 837 449 501 154 988 798 295 973 107 552 158 392 20 972 153 768 826 200 606 461 37 845 610 197 839 69 61 967 835 173 504 360 374 853 323 161 473 472 561 838 737 897 298 749 675 153 160 594 121 45 186 330 721 981 48 819 262 377 860 346 186 212 945 743 684 956 260 702 875 310 259 78 556 556 796 307 467 358 850 528 285 34 33 18 22 672 928 665 282 455 970 565 856 44 524 542 905 200 232 116 479 581 273 971 607 111 219 150 483 352 396 732 250 673 511 825 281 693 343 59 319 304 237 989 658 310 234 479 954 811 251 496 416 187 375 894 555 379 386 955 369 9 428 44 631 51 624 878 264 7 273 549 481 509 595 628 98 880 515 219 343 655 144 650 51 499 704 805 519 7 659 815 270 103 60 779 785 544 470 443 517 899 742 734 306 409 332 577 11 472 440 21 938 723 879 270 966 717 606 778 441 332 245 337 941 669 899 242 845 701 497 583 805 968 827 220 6 417 643 297 469 798 993 746 978 233 422 807 295 876 614 254 521 42 481 584 637 914 131 528 585 375 265 220 806 60 651 312 918 605 120 60 224 438 64 819 634 781 954 493 706 349 320 232 44 411 338 400 104 321 156 753 851 966 704 8 467 733 233 135 742 367 352 129 759 914 97 385 242 983 802 460 390 404 179 961 844 803 916 879 907 813 383 572 230 379 180 373 16 354 551 723 591 689 995 379 737 625 655 614 591 148 534 120 952 194 426 580 195 830 213 396 222 58 566 874 151 686 657 725 688 432 71 507 733 631 981 714 639 932 2 457 866 777 298 284 3 887 245 956 971 947 865 894 387 131 376 803 661 676 71 299 361 892 393 462 243 660 738 186 910 406 59 626 640 129 619 47 222 648 9 147 417 87 466 685 982 959 59 597 368 47 662 511 476 168 191 20 629 917 413 962 28 175 652 683 908 491 577 251 509 727 29 724 909 765 487 199 572 24 975 42 387 604 278 360 679 963 561 836 569 748 365 935 619 612 231 824 899 639 408 893 228 381 467 925 951 181 660 615 110 146 838 91 609 991 526 273 750 892 770 916 768 384 4 308 10 16 144 634 330 533 996 893 957 221 273 794 481 213 482 784 137 331 783 504 313 29 108 317 298 160 850 568 498 703 791 805 735 490 479 760 448 738 428 410 529 132 476 480 65 635 582 253 853 686 800 60 190 131 802 510 832 795 881 653 500 262 495 939 35 921 382 747 866 343 517 979 818 274 629 27 80 88 45 212 485 167 406 817 766 819 539 160 839 466 637 758 601 612 997 207 908 415 162 964 735 689 553 649 765 573 555 591 868 715 461 857 753 344 384 567 900 680 295 571 906 927 202 247 905 153 592 110 835 387 972 550 596 304 620 432 971 933 115 12 420 309 330 271 222 759 938 903 891 392 101 133 142 252 166 967 314 409 343 519 893 9 937 946 385 256 999 229 948 836 628 190 703 706 163 845 2 658 226 246 659 803 323 388 367 698 36 461 833 804 81 97 797 807 933 451 568 92 143 360 464 605 931 338 290 20 479 366 814 903 741 948 913 691 438 987 952 832 528 186 642 825 466 275 579 13 261 720 839 608 927 335 101 33 242 66 265 939 456 555 263 243 200 302 237 175 543 482 415 131 989 125 781 257 578 727 769 332 933 830 629 400 851 74 459 37 994 590 217 393 769 436 583 762 336 31 98 733 486 150 657 619 715 97 449 787 794 896 930 873 238 896 487 535 30 167 382 370 514 255 662 533 275 268 143 330 144 221 95 718 834 609 963 950 130 916 431 559
433 494 982
201 234 762
657 781 179
661 814 878
602 609 135
368 468 784
253 648 180
549 918 368
353 526 704
287 914 386
440 872 355
853 867 156
748 961 299
329 547 592
337 439 274
381 844 701
809 933 893
339 945 22
457 943 149
707 840 936
372 812 543
808 914 810
660 761 503
201 756 261
247 793 150
906 914 522
880 930 645
197 561 165
461 953 800
540 784 453
491 843 336
592 844 121
612 890 641
131 421 751
151 649 188
833 910 2
253 655 667
954 964 723
80 470 582
6 649 713
875 920 981
676 876 714
806 958 858
731 951 263
819 844 913
567 873 986
701 843 367
711 900 943
394 919 451
91 650 93
901 949 510
815 888 754
225 949 362
248 876 911
494 543 842
650 958 492
682 780 918
162 251 372
677 750 545
513 625 608
289 956 73
516 900 613
312 919 831
637 679 732
510 719 502
957 960 859
684 791 471
768 834 963
688 765 546
730 934 408
716 807 994
554 666 79
888 917 466
90 309 296
448 723 827
815 830 786
490 827 293
855 913 697
199 273 569
160 914 140
388 822 403
619 696 559
446 617 158
650 705 898
367 748 824
124 641 1000
777 900 862
437 703 257
279 618 619
597 601 427
108 916 591
902 939 772
858 887 403
418 486 952
32 151 525
676 897 249
840 888 30
484 560 608
628 670 510
614 698 194
228 402 426
441 531 750
552 894 857
962 964 814
133 891 265
926 927 720
337 895 158
90 920 359
160 648 13
322 932 671
726 865 559
58 707 422
66 192 934
102 216 922
179 498 424
38 550 830
147 923 145
116 223 581
561 822 170
76 296 924
604 937 856
159 308 931
923 936 722
62 426 721
169 279 530
313 389 673
692 731 37
122 741 238
182 640 334
406 949 331
399 764 745
438 780 795
215 704 293
168 611 252
441 483 653
499 710 149
280 697 909
101 852 590
605 956 62
82 145 868
221 421 465
767 824 970
916 950 989
8 342 294
184 633 314
143 388 927
368 849 915
204 388 140
391 725 385
839 930 95
625 795 707
229 573 369
544 609 378
907 958 863
577 585 524
852 860 952
393 908 946
808 836 358
171 849 378
254 836 680
534 766 584
572 689 296
18 402 383
423 577 632
221 359 382
676 723 671
689 911 907
913 956 172
291 863 328
115 673 225
228 333 718
842 870 857
764 806 671
595 641 555
797 914 251
850 931 801
304 845 490
64 286 161
778 951 160
321 958 624
772 896 97
157 159 97
266 782 193
345 396 582
415 543 153
473 825 341
471 691 385
226 549 457
211 766 540
211 440 197
57 830 461
115 962 290
654 905 74
777 919 736
661 708 248
806 858 258
136 516 939
707 859 684
575 578 286
246 753 464
192 239 337
929 961 175
564 675 589
28 867 261
719 965 892
441 573 646
675 801 486
839 885 339
865 927 184
328 423 168
9 322 305
232 474 315
280 320 382
648 713 2
687 895 393
137 260 817
780 840 516
447 876 610
524 852 603
224 499 893
244 787 923
85 417 512
665 790 324
439 686 315
40 837 674
896 906 86
355 924 716
206 276 828
882 927 437
9 793 544
268 404 526
594 780 655
454 547 474
239 658 721
538 782 308
371 406 268
961 965 612
956 960 170
260 671 845
578 963 122
873 932 688
136 570 980
120 949 353
56 907 50
929 955 590
163 209 566
802 906 983
419 867 7
351 778 566
409 849 51
60 741 925
809 959 881
485 641 997
757 862 326
463 709 427
590 905 882
206 657 734
423 849 95
628 927 453
215 438 857
693 924 547
668 923 125
473 539 396
926 929 811
540 645 558
649 894 793
618 651 857
24 382 134
198 515 369
882 896 468
86 626 491
753 939 212
538 715 444
889 908 727
112 645 391
485 950 312
498 846 575
242 566 801
313 386 971
335 408 757
703 707 470
248 753 327
170 335 276
844 920 996
600 943 999
875 912 757
108 853 105
444 645 674
445 798 369
226 916 603
87 623 563
431 638 160
845 871 403
755 916 152
314 454 72
695 773 149
702 947 106
295 525 168
479 666 258
678 871 317
61 627 93
553 625 913
649 710 325
328 760 70
753 907 775
105 209 496
652 861 802
502 713 910
362 676 815
216 818 851
41 871 231
340 678 564
232 273 834
924 925 462
518 635 624
871 885 699
883 884 155
619 791 105
903 914 478
601 647 377
349 824 220
77 450 529
734 746 633
632 806 700
157 647 435
292 804 399
677 799 246
611 955 914
312 695 97
119 416 155
683 792 501
937 943 850
295 810 779
287 706 6
531 845 916
847 958 18
897 951 99
379 661 399
422 575 637
324 536 745
335 955 159
149 570 786
601 914 127
50 143 169
512 825 188
229 865 995
535 698 205
72 678 716
910 914 615
568 601 182
630 795 459
169 887 711
726 824 952
376 525 93
869 924 510
226 615 497
961 964 645
629 897 414
373 508 69
160 359 533
81 936 176
677 811 840
115 720 638
359 399 82
120 177 354
714 928 558
925 936 275
964 965 781
323 424 155
253 948 509
473 943 665
118 620 678
294 482 155
884 898 612
626 757 903
608 754 369
363 757 802
392 666 136
104 488 942
837 902 117
573 828 548
367 901 452
878 958 117
533 907 339
183 627 225
78 430 590
288 527 695
560 598 936
870 876 645
855 859 93
533 932 118
941 945 102
167 535 748
783 809 640
400 901 950
18 120 420
528 575 493
562 828 719
303 821 46
79 676 66
894 905 748
831 861 151
468 472 374
322 637 563
686 857 235
245 921 268
144 590 703
648 819 146
758 871 247
460 910 563
320 772 966
477 743 821
337 740 516
545 731 281
315 379 641
282 377 764
938 959 990
686 954 730
306 484 511
66 234 621
437 573 522
506 728 50
621 746 26
818 821 740
456 458 193
245 744 47
127 600 906
411 720 761
441 552 175
228 494 356
645 807 422
802 896 921
6 84 995
624 674 400
616 813 629
727 750 712
188 724 302
415 668 722
6 222 803
135 315 684
158 944 906
477 731 158
321 677 276
561 725 849
521 523 378
144 869 262
756 869 410
321 800 831
911 916 929
6 456 615
458 612 747
790 797 322
505 634 592
377 883 879
764 818 814
317 366 51
