913 892
114 228 82 980 73 707 631 869 67 473 459 232 253 593 319 393 289 749 748 478 159 898 471 992 940 118 421 194 379 771 820 458 604 945 261 417 187 433 935 561 572 307 379 547 109 193 484 132 806 220 140 353 976 810 578 503 514 101 632 291 901 372 535 14 169 652 833 417 227 528 427 501 922 938 700 736 58 536 148 694 411 951 121 64 348 918 916 921 87 464 620 319 549 64 793 619 726 735 790 807 134 573 580 933 380 487 969 205 444 302 17 326 340 981 950 604 928 165 318 373 921 814 163 408 826 692 977 265 142 556 8 233 285 614 361 937 336 45 582 772 611 96 597 390 376 883 765 163 857 911 694 298 114 823 610 280 659 634 841 752 678 319 509 866 878 520 191 160 181 172 710 733 473 525 596 324 477 778 872 882 423 683 760 228 49 685 112 819 843 135 952 651 282 212 96 747 565 126 981 426 188 927 1 510 117 214 756 559 303 514 895 951 680 68 917 165 810 27 560 421 722 682 354 813 429 832 844 734 139 838 162 1 40 77 311 839 680 574 321 254 601 532 237 366 47 233 869 716 382 954 537 345 44 311 909 307 1 922 294 177 825 713 345 99 640 267 757 446 764 616 873 556 535 627 314 871 499 298 533 562 840 603 337 74 654 505 726 913 733 143 45 591 420 637 981 17 368 990 585 1 50 754 163 112 17 725 38 721 529 19 709 679 956 263 367 28 225 418 591 334 685 804 717 391 707 851 833 851 698 982 524 993 191 76 961 659 697 90 796 432 340 802 673 295 122 788 399 599 416 208 622 155 514 941 389 955 892 621 989 576 140 388 77 720 541 457 4 522 473 624 81 836 912 495 106 656 340 455 560 400 435 849 91 23 779 817 534 31 107 17 712 274 763 858 832 368 636 350 181 494 485 514 836 255 1 839 189 838 549 405 251 114 327 448 726 14 781 384 294 674 363 945 652 824 174 509 189 474 788 710 754 669 552 581 223 808 254 500 812 314 76 71 981 789 940 654 13 222 448 387 979 530 49 76 227 555 3 188 669 430 149 873 258 493 726 767 167 507 348 813 696 957 743 981 666 15 204 884 813 875 628 216 482 973 143 965 997 101 29 502 231 260 47 848 885 91 502 615 358 974 232 288 698 269 411 252 716 112 88 48 333 474 287 287 354 294 141 574 233 719 850 531 848 428 160 158 330 612 710 855 193 675 272 755 755 427 533 958 187 338 298 165 163 613 570 312 906 319 445 47 709 189 192 383 224 297 610 141 929 411 540 607 352 619 98 336 833 303 565 206 685 615 325 667 225 423 68 20 97 528 369 675 86 4 158 876 428 671 110 886 350 83 315 898 164 431 87 874 91 799 411 1 372 459 64 749 201 337 592 320 873 364 175 368 309 268 405 572 205 833 464 432 412 409 791 94 103 553 883 560 608 352 944 547 722 694 117 221 305 719 147 978 345 727 454 352 120 370 883 629 664 625 741 195 15 895 122 544 112 289 268 119 625 269 418 890 597 285 548 91 714 869 899 210 116 474 1000 289 723 950 352 963 900 995 838 50 233 37 591 556 172 585 736 605 627 220 263 699 355 386 571 688 221 44 45 941 696 715 66 492 854 853 162 755 12 964 44 613 965 832 48 697 662 625 924 349 187 174 335 829 706 68 725 390 668 660 91 868 711 42 538 602 363 722 432 27 895 121 255 332 440 144 495 238 607 114 60 915 119 870 252 38 337 248 950 176 700 784 526 800 485 49 289 559 271 421 282 652 210 341 962 313 22 533 139 82 648 216 19 936 57 738 615 85 971 121 172 955 239 966 211 976 648 56 396 652 325 422 790 823 603 666 146 546 69 164 777 125 723 679 2 276 948 49 283 711 434 573 139 75 649 571 999 462 282 1000 912 496 142 940 53 952 630 922 19 259 972 161 730 624 71 496 530 941 381 85 87 440 209 63 626 762 995 442 30 244 80 433 956 340 858 714 317 36 682 228 439 39 897 569 219 706 790 4 133 827 699 675 926 430 779 134 982 518 80 444 211 939 161 237 43 447 445 696 605 540 914 876 612 895 803 677 914
740 883 431
295 581 660
892 907 184
361 745 598
457 902 784
906 912 90
36 109 671
394 668 232
491 847 365
348 578 500
434 555 148
453 795 991
765 885 782
158 256 222
677 717 291
347 728 618
743 851 337
248 724 683
496 757 614
906 913 45
4 756 257
324 600 980
82 521 550
897 913 858
809 910 883
672 895 100
163 879 234
899 903 373
287 389 732
476 566 889
31 465 226
40 340 762
66 426 26
848 908 887
806 832 381
790 804 816
5 294 529
694 699 760
722 838 638
47 815 754
336 865 867
41 807 571
662 910 863
80 347 773
446 796 834
263 667 153
433 634 10
805 894 685
118 793 715
871 883 974
363 671 127
287 514 517
503 530 844
185 523 800
718 813 819
798 850 121
239 526 338
474 602 171
822 898 132
899 904 670
735 831 201
454 779 298
581 879 859
622 638 365
367 728 360
898 910 55
142 341 20
622 802 234
552 654 420
76 675 253
805 839 668
443 870 355
826 852 532
897 913 792
145 539 617
712 874 64
697 899 76
18 506 801
467 562 422
387 662 909
372 639 807
506 573 546
667 827 224
647 745 476
734 783 86
692 886 58
900 906 253
567 699 899
47 645 595
246 342 890
740 872 329
123 443 563
524 839 726
648 729 577
222 572 415
256 718 389
505 812 884
378 420 301
148 444 25
771 820 41
75 381 540
213 898 793
157 326 572
315 631 875
856 909 945
214 562 621
429 720 235
520 691 692
801 911 515
530 784 37
698 701 836
414 819 402
592 711 372
512 531 159
600 889 931
822 837 762
859 904 162
847 865 167
907 910 208
721 883 727
717 752 272
75 581 175
655 843 548
254 336 48
119 846 755
422 845 518
856 886 52
330 823 260
354 681 549
678 720 532
252 594 352
749 839 817
118 359 636
177 682 625
875 904 450
598 846 811
778 898 269
857 865 723
112 119 890
610 780 165
165 844 413
60 769 989
217 389 876
556 857 261
574 877 155
777 835 944
574 784 741
240 401 974
709 766 461
859 869 787
244 627 979
211 825 100
487 577 632
817 904 734
236 636 296
501 755 621
204 798 188
357 909 737
474 728 451
595 675 709
94 175 843
48 804 452
488 693 935
689 883 771
24 278 43
39 307 236
386 751 410
889 913 163
370 397 491
872 896 507
290 849 622
864 903 605
495 856 421
609 748 378
235 646 413
898 907 265
242 576 237
362 661 43
699 826 581
840 862 528
273 666 191
154 675 725
257 649 694
46 231 884
716 906 172
604 743 662
835 868 969
644 817 615
165 213 580
591 731 616
905 909 673
833 860 636
322 870 2
219 284 491
195 321 373
901 910 54
100 339 208
353 895 559
618 763 613
123 518 246
223 546 215
666 701 604
558 843 801
831 874 128
97 151 596
314 494 120
613 710 994
301 771 667
666 673 669
541 630 973
184 644 797
752 875 315
102 317 965
270 457 187
516 522 806
196 885 193
47 871 891
33 885 827
196 360 237
753 886 546
80 231 894
902 907 774
786 851 571
302 566 237
853 905 741
342 676 19
602 603 778
588 722 304
653 671 428
561 648 787
15 25 296
753 896 658
143 232 889
269 810 945
138 806 223
890 903 213
748 853 147
683 704 418
272 474 318
342 826 702
214 446 941
126 192 883
831 864 609
871 894 128
419 712 560
611 750 114
441 613 210
302 360 679
900 906 309
696 784 220
818 906 699
698 772 724
265 869 442
564 650 686
95 696 446
314 817 623
729 747 351
38 413 82
748 760 554
105 862 152
183 403 722
871 889 470
47 411 658
644 719 44
94 135 362
187 644 260
44 91 223
680 789 516
219 564 517
730 803 205
911 913 389
677 806 915
617 746 163
867 896 955
263 574 648
402 645 83
889 902 422
385 552 64
497 802 811
374 501 610
210 529 121
269 414 153
261 557 179
254 453 198
511 554 898
400 754 456
768 844 848
693 742 520
296 382 67
773 820 745
189 681 955
298 907 958
171 243 886
31 610 492
435 672 464
437 774 135
815 890 80
541 606 790
12 152 601
21 717 515
550 615 825
568 797 754
629 676 819
898 899 396
541 575 729
81 690 923
844 854 165
415 450 944
193 667 953
138 477 903
122 787 987
258 281 149
215 847 408
912 913 174
576 587 475
284 363 507
668 857 156
96 566 585
435 635 917
826 893 959
93 458 468
834 878 918
505 861 142
4 456 784
416 837 764
702 768 615
688 766 22
210 422 193
551 886 14
718 886 763
154 649 841
83 679 115
329 807 642
109 315 366
741 777 714
814 872 452
472 667 877
763 904 151
689 905 203
537 621 250
5 363 320
296 732 846
239 320 127
504 853 465
670 832 71
193 307 821
855 861 883
895 899 94
25 207 393
480 631 437
236 440 944
804 828 625
818 850 386
191 354 574
387 597 645
202 693 101
790 849 284
666 851 322
510 776 188
115 268 751
399 615 826
556 803 229
432 447 747
346 705 568
904 910 651
405 838 564
505 669 292
453 849 671
805 838 916
775 837 382
501 592 462
588 779 754
441 494 57
670 732 886
423 622 337
383 615 365
144 277 399
55 281 867
912 913 828
669 779 856
774 847 875
528 717 41
907 912 593
613 719 545
70 667 587
417 562 948
41 808 183
321 774 585
637 652 547
221 697 93
792 804 305
221 630 782
18 657 392
800 836 79
734 900 751
388 730 206
152 534 309
161 502 789
514 814 325
615 831 634
814 894 997
2 11 319
525 623 126
142 442 761
64 438 285
779 820 17
673 849 337
137 511 995
353 491 291
182 415 911
409 422 491
5 716 935
224 757 818
638 640 470
59 298 924
142 638 509
330 515 725
286 294 336
227 282 735
665 807 887
909 912 354
396 676 508
743 907 328
632 635 414
319 778 818
306 791 362
771 880 944
136 840 167
134 258 195
391 479 565
863 912 678
329 465 625
606 676 475
650 887 314
362 831 119
581 797 14
759 904 573
126 745 335
347 709 130
135 610 138
590 794 10
406 430 918
680 777 255
658 709 345
196 215 165
895 897 663
56 782 991
562 695 639
273 431 542
424 545 519
447 866 26
327 443 881
677 774 299
84 805 243
449 899 185
300 839 966
139 343 506
175 271 500
877 885 762
149 715 493
1 473 271
81 561 334
664 844 750
61 216 733
746 866 68
13 827 795
199 240 256
419 547 954
127 420 985
265 804 102
905 910 711
540 751 665
287 468 469
746 776 536
756 835 819
59 119 380
526 626 753
702 815 446
683 745 788
254 680 348
747 851 947
373 574 168
871 886 599
104 135 227
155 265 550
108 896 589
884 892 97
188 870 821
284 894 374
50 430 361
469 742 483
297 759 335
468 534 532
380 886 491
501 851 948
295 889 853
861 870 229
749 788 827
346 812 991
521 568 77
654 825 871
225 730 964
28 668 454
137 356 579
224 552 538
513 867 224
264 656 145
2 528 322
619 842 747
879 905 640
84 205 43
548 617 381
236 416 983
833 903 832
252 791 251
541 605 996
127 387 796
441 742 923
765 900 316
301 716 288
461 776 147
227 432 925
837 847 84
495 621 684
417 617 65
839 876 886
209 845 123
794 847 717
694 825 961
679 689 466
441 867 670
880 883 732
371 760 279
484 895 813
763 913 904
668 837 99
80 151 425
800 870 57
366 572 74
582 778 632
295 613 432
537 865 434
306 858 133
61 811 212
20 105 483
98 181 410
705 903 229
668 687 3
125 568 683
667 876 525
218 694 579
720 733 672
92 375 385
373 681 923
649 847 761
520 606 3
763 895 209
548 583 417
901 910 364
361 781 492
499 557 638
34 316 817
592 708 232
161 820 572
167 373 321
148 623 392
547 567 58
651 677 482
123 217 692
733 865 761
899 901 492
408 692 409
773 909 737
38 650 699
799 872 918
48 892 827
781 846 704
698 864 437
163 349 34
278 711 76
796 804 42
452 700 985
331 341 483
505 741 811
356 586 571
820 871 837
854 859 314
255 557 561
731 841 409
210 232 354
728 897 572
535 652 626
1 769 681
904 912 931
348 698 16
470 674 771
74 161 899
258 801 249
770 830 569
832 842 123
686 799 810
35 878 439
687 691 918
677 737 646
74 406 57
470 570 47
737 906 689
131 350 783
30 759 665
523 838 903
136 870 31
550 708 806
99 566 721
540 845 682
612 686 211
30 128 732
195 355 676
548 822 669
74 239 147
56 243 919
327 848 716
629 856 814
63 498 514
319 910 906
521 777 748
593 883 54
192 682 714
243 593 672
708 736 210
236 543 604
633 643 976
771 894 954
178 538 859
297 411 894
494 661 475
808 832 770
717 751 885
381 714 658
176 698 784
128 887 66
335 593 549
478 556 882
578 649 90
713 889 384
200 417 651
97 819 539
830 850 18
592 913 388
300 778 385
429 842 923
428 827 718
70 604 910
459 610 567
697 866 227
44 348 247
362 899 401
521 671 247
81 86 361
521 895 284
245 895 691
534 866 827
421 639 358
323 858 725
649 723 901
716 807 918
502 674 318
640 853 176
383 794 707
409 684 725
36 235 364
108 468 159
187 515 884
373 632 554
231 689 628
373 781 888
738 879 696
746 802 513
204 685 478
289 620 195
445 841 710
853 857 213
766 876 746
880 893 150
106 438 655
435 784 477
550 828 76
288 445 989
271 542 472
539 551 428
776 880 756
877 887 81
692 799 771
446 897 987
853 896 670
677 703 382
284 683 355
282 642 255
678 841 624
814 868 326
234 507 421
612 735 405
877 892 31
328 587 640
781 904 722
127 591 443
725 888 56
237 664 279
24 241 194
207 771 986
570 839 350
12 343 268
455 492 547
241 299 959
339 869 907
680 810 575
453 556 759
4 789 731
89 506 275
902 903 610
420 459 207
718 888 959
419 516 892
734 829 994
796 834 824
192 855 15
771 814 635
143 559 284
327 460 838
181 712 602
539 695 591
590 656 301
581 776 537
753 870 435
693 777 153
809 890 760
401 512 610
912 913 571
601 731 38
363 436 405
30 306 765
484 590 372
215 864 350
532 845 154
711 748 519
29 833 482
735 758 11
430 651 334
526 579 730
793 835 422
731 812 644
598 708 974
857 861 722
671 799 455
397 849 207
577 609 805
352 701 410
470 561 880
752 778 91
368 564 985
654 774 98
43 793 13
286 327 100
313 527 19
402 513 372
501 543 246
386 532 725
140 394 783
851 898 75
187 430 330
318 476 161
22 125 629
751 768 952
513 717 607
8 498 730
900 902 714
622 697 511
120 495 849
678 683 181
416 497 748
542 840 773
709 878 694
557 894 702
854 896 929
359 595 916
755 758 920
199 328 218
450 624 806
474 621 615
560 636 77
517 784 887
790 799 715
86 783 108
267 510 544
635 687 84
409 672 671
639 800 993
809 870 790
309 746 746
862 892 61
273 310 668
258 534 177
382 757 54
385 690 764
405 739 827
102 872 638
169 903 336
809 902 127
139 565 74
461 694 526
175 363 364
785 855 716
102 603 943
771 854 292
442 702 149
766 856 499
469 732 582
749 772 44
706 857 738
837 870 849
722 754 505
266 902 785
606 738 451
690 782 349
69 830 237
178 444 735
218 251 21
824 839 103
726 858 489
187 381 939
136 582 576
168 633 172
558 612 565
555 724 880
472 644 128
182 313 935
478 491 98
82 396 154
771 849 180
897 910 209
817 842 314
704 759 751
899 904 312
870 886 469
167 316 857
687 813 445
235 747 539
526 601 999
553 581 218
611 796 255
678 689 846
845 865 446
510 685 988
335 665 475
179 289 300
164 523 54
367 432 104
271 847 929
799 877 752
122 387 384
735 773 505
119 529 41
520 726 599
737 771 777
536 868 915
27 768 193
474 552 388
383 574 568
138 348 984
231 894 72
683 906 491
94 137 303
348 519 260
330 534 302
402 844 417
236 897 44
282 486 496
53 824 205
157 610 832
116 172 93
83 363 542
504 555 477
273 599 579
462 639 433
124 776 559
144 739 122
255 849 780
706 902 240
830 879 490
324 697 101
330 775 131
290 824 841
312 837 92
