6 85
99 39 77 69 74 46
4 6 16
3 4 90
3 6 80
2 6 10
4 6 67
4 6 9
1 5 5
5 6 98
5 6 66
2 4 26
5 6 27
1 4 74
3 5 32
4 5 17
4 5 34
3 6 99
3 5 45
4 5 76
4 5 43
4 6 5
4 6 7
5 6 52
4 6 21
5 6 39
3 6 53
3 4 81
3 4 95
4 6 39
5 6 42
1 4 14
1 2 76
5 6 40
2 5 48
2 3 30
2 5 34
5 6 10
5 6 33
1 2 32
5 6 54
3 6 41
4 6 8
5 6 52
3 5 83
5 6 59
4 6 84
5 6 7
1 3 85
1 5 12
4 5 14
4 6 59
2 6 45
1 5 17
1 3 94
5 6 33
5 6 53
5 6 41
3 6 98
5 6 77
2 4 73
4 5 87
5 6 86
1 4 6
4 5 9
5 6 26
5 6 100
1 3 20
2 3 1
2 5 44
3 6 84
3 6 39
2 6 18
4 5 92
4 5 46
3 4 51
1 4 60
1 2 20
5 6 66
2 5 26
4 5 88
3 4 10
4 5 80
5 6 40
4 5 83
2 3 84
5 6 10
