238 241
912 828 691 833 196 730 111 858 483 255 428 556 890 183 879 205 530 536 610 559 42 65 533 669 543 19 196 265 912 732 927 137 701 23 515 858 828 140 395 941 930 487 498 269 391 595 204 53 635 370 532 356 275 760 923 741 736 654 427 159 820 213 296 884 874 128 621 251 520 878 152 253 996 675 935 525 99 523 856 317 39 541 405 145 681 327 589 257 694 301 383 407 522 205 826 839 768 253 309 730 171 2 520 947 607 204 29 430 1000 566 162 64 284 14 849 544 91 513 256 586 413 227 290 828 934 352 479 387 5 352 370 3 582 900 413 951 59 340 808 912 585 671 942 529 187 409 484 502 266 748 70 797 347 104 105 113 797 514 198 609 902 336 425 700 173 754 581 649 705 924 549 201 930 550 843 249 677 668 231 597 271 26 962 62 55 494 103 165 244 881 907 244 967 751 211 929 519 638 808 531 231 417 457 296 8 175 234 98 913 831 529 15 463 446 621 440 485 139 791 716 114 507 829 546 327 805 437 190 582 266 217 390 297 510 572 709 891 230
223 237 100
190 222 142
228 233 691
183 215 917
230 232 676
180 190 479
61 153 160
165 209 597
62 180 127
49 166 302
147 174 985
20 189 569
207 211 824
124 168 11
71 210 373
210 230 328
15 72 225
57 122 821
73 168 655
50 106 874
215 238 121
195 233 178
36 73 663
20 46 479
193 200 246
1 94 101
83 164 921
23 226 290
138 158 791
127 140 576
66 130 766
197 221 93
121 171 825
12 114 290
115 152 63
61 173 652
96 235 668
123 213 413
79 119 779
56 92 482
57 118 618
151 216 730
131 210 233
134 166 705
212 235 856
222 224 537
216 224 910
30 38 732
197 211 714
24 126 97
208 229 495
40 49 664
41 148 122
141 173 706
216 232 311
173 200 29
73 200 440
137 226 815
141 187 839
60 183 623
103 136 766
104 133 568
109 198 157
29 159 986
117 178 848
120 138 787
141 155 548
7 181 713
210 211 309
87 121 845
232 236 249
112 184 116
1 48 598
41 186 471
88 180 327
55 95 248
49 144 594
80 159 700
99 215 920
109 173 653
159 211 157
121 179 820
6 65 173
23 208 838
29 62 731
59 180 58
185 217 211
234 238 1000
117 206 767
84 148 987
108 130 162
127 138 894
130 205 916
29 208 155
95 109 394
35 159 369
122 177 841
179 217 329
177 213 203
96 137 463
117 181 939
58 98 163
196 230 893
152 236 874
73 223 439
174 197 980
60 65 812
170 234 417
14 45 717
234 236 714
39 63 891
86 180 820
56 76 736
93 129 645
237 238 430
208 225 649
47 122 644
140 213 185
110 163 521
27 195 382
199 237 243
161 234 605
149 188 908
44 171 880
64 205 376
166 209 176
64 167 536
132 147 747
141 204 921
182 198 214
40 86 1000
78 98 310
69 167 912
236 237 697
20 55 225
40 132 682
132 153 432
202 230 368
56 122 193
168 194 674
49 107 916
13 58 134
9 178 71
176 191 455
143 185 648
52 231 356
178 188 326
139 146 226
224 238 552
187 222 753
92 237 546
109 163 885
110 127 668
228 233 105
90 179 522
141 232 291
193 213 718
194 236 170
121 189 113
154 172 516
155 202 657
120 163 564
51 131 20
124 221 367
74 202 373
137 200 600
80 155 527
76 121 553
230 236 511
170 210 323
109 121 821
152 238 461
97 135 452
79 121 886
177 196 427
25 88 829
124 174 87
22 113 135
129 168 724
82 183 458
191 199 462
111 128 346
149 164 676
103 232 26
109 238 974
19 82 647
79 167 280
121 154 465
22 226 304
13 112 653
164 223 191
29 76 312
191 214 952
38 141 145
114 123 809
97 207 105
17 237 710
50 189 843
118 232 237
230 232 917
109 171 246
132 206 43
146 215 568
6 21 809
225 236 118
44 210 981
62 104 250
81 86 324
202 228 857
13 91 464
7 236 15
8 136 670
210 230 925
131 236 747
59 233 548
116 224 772
111 224 593
185 205 637
153 171 237
128 228 480
126 231 121
125 185 410
24 157 499
84 116 184
131 237 596
117 155 581
39 106 913
138 150 289
1 100 503
110 116 393
17 160 222
181 202 722
73 90 869
167 233 639
56 57 628
61 162 76
39 178 926
55 95 545
123 140 818
11 107 949
209 220 629
