27 63
44 25 23 43 12 12 90 8 78 64 100 92 71 51 7 97 43 96 31 93 50 75 96 18 85 25 57
26 27 63
18 19 43
9 10 39
8 10 34
25 26 81
1 26 82
20 24 92
2 8 89
24 25 91
1 13 80
17 24 33
17 21 48
26 27 43
24 27 85
14 17 26
22 27 62
4 21 78
15 22 23
24 26 44
24 26 81
25 26 26
12 20 12
1 25 88
13 23 15
12 14 89
12 13 92
5 15 87
15 16 39
22 27 62
22 27 2
1 7 28
13 14 11
20 24 63
24 27 53
19 23 55
1 6 73
23 26 31
2 3 20
17 22 48
9 13 76
3 22 39
5 13 100
12 18 63
13 18 26
1 24 35
13 18 89
15 25 37
14 16 10
13 26 72
5 19 60
17 20 98
12 21 27
5 25 33
23 26 3
9 24 9
2 11 37
2 17 91
11 27 5
15 16 83
22 24 49
5 26 27
16 17 56
13 22 30
