438 84
958 576 385 977 288 763 661 689 465 93 432 469 528 884 840 193 260 426 507 579 504 134 91 860 618 68 636 369 200 671 759 274 310 977 268 190 994 752 812 912 546 617 645 889 504 214 998 850 410 710 590 368 764 746 721 587 9 556 146 704 200 410 605 649 92 194 859 490 836 615 781 477 442 530 335 658 98 133 871 761 766 1 80 150 774 333 533 169 285 736 95 540 825 812 161 65 128 218 7 712 938 245 123 884 768 69 552 195 431 835 261 903 433 399 520 556 767 611 220 389 756 287 195 592 106 633 826 746 272 529 155 388 247 696 44 142 788 260 59 700 152 319 51 876 472 34 916 985 572 449 923 300 474 768 607 517 926 646 555 526 942 396 942 156 263 401 271 824 654 774 800 498 129 211 110 546 806 246 778 888 820 984 687 889 819 485 670 631 362 192 671 559 560 110 102 481 653 448 774 816 632 533 614 247 851 342 589 166 850 771 547 259 328 245 766 833 367 794 837 705 43 255 564 599 154 780 13 779 593 370 421 628 755 850 929 465 932 662 455 904 331 229 560 28 563 171 160 543 316 263 856 358 922 261 577 519 544 147 844 662 671 220 535 13 585 722 871 149 40 679 65 718 674 387 628 815 630 741 518 712 382 793 159 991 79 419 88 15 544 447 757 549 189 333 348 585 597 706 858 553 276 675 640 241 871 685 666 714 810 62 635 176 338 850 181 983 990 516 13 969 142 536 169 356 388 188 353 161 68 123 47 456 638 464 727 88 344 966 72 294 29 506 352 283 774 142 767 112 871 246 458 993 436 18 624 91 30 889 12 865 849 532 445 697 330 422 43 628 96 833 279 901 573 911 578 775 318 990 204 232 294 761 498 50 266 480 630 101 228 329 867 155 803 325 23 385 758 937 164 51 369 653 903 780 765 671 595 110 116 444 771 723 862 604 460 740 651 792 573 818 368 819 387 895 892 663 396 602 446 496 370 882 711 370 627 158 714 63
76 293 432
22 352 519
135 376 622
370 429 6
316 364 129
161 314 244
68 291 643
271 325 748
415 418 927
198 288 445
96 239 1
276 350 478
277 334 324
265 376 3
109 302 827
28 43 68
258 423 122
435 436 678
55 354 98
337 392 949
332 338 634
163 299 562
236 425 526
350 358 593
436 438 944
149 160 678
83 376 433
160 204 555
230 293 460
379 387 388
271 410 783
201 309 230
92 132 611
182 235 876
353 422 229
261 357 904
102 171 224
120 425 186
402 420 569
400 404 614
213 288 632
69 264 655
55 203 184
246 360 981
233 310 742
95 115 455
118 414 769
188 419 773
372 435 122
236 362 621
334 362 500
55 270 307
408 418 780
408 429 142
33 118 10
348 430 801
145 271 149
100 192 675
48 391 527
337 438 423
50 130 793
186 281 893
103 390 834
386 412 927
330 417 279
355 432 718
190 430 746
269 435 1000
217 408 934
139 189 706
176 382 933
131 376 815
248 354 197
247 322 414
37 370 690
196 229 68
76 196 166
29 288 906
349 398 232
43 259 152
297 393 205
367 378 765
170 400 71
143 422 804
