736 812
368 938 907 54 493 197 782 770 813 896 329 480 1 665 749 43 867 453 120 114 693 477 846 900 458 324 879 432 453 105 276 725 573 16 403 265 291 358 769 174 214 950 281 803 753 679 58 936 647 296 795 783 210 849 319 917 31 547 575 750 876 825 411 677 891 277 271 510 461 387 386 51 75 39 752 626 560 908 544 723 995 305 254 719 737 732 645 66 748 107 417 429 247 79 72 260 898 858 473 170 672 221 617 748 337 908 30 40 245 885 849 877 247 167 977 107 908 533 409 944 111 523 620 510 914 202 942 307 995 673 249 711 994 127 831 198 923 376 531 634 764 518 586 122 58 154 752 548 12 409 516 322 255 766 650 298 616 235 564 586 921 543 237 328 511 899 47 255 503 659 729 724 849 211 900 743 629 792 61 793 504 966 398 153 134 645 443 379 207 297 342 631 539 41 799 426 797 196 4 465 580 796 592 808 301 765 780 912 358 25 424 959 302 958 201 997 789 615 159 779 763 159 341 176 638 121 599 322 36 880 762 889 352 98 118 90 431 607 208 893 428 330 861 334 804 698 839 933 543 111 675 646 416 840 312 293 973 403 745 928 393 925 28 464 133 254 798 560 311 308 550 134 260 768 320 886 945 826 816 930 698 45 734 273 360 581 39 716 967 828 596 884 671 251 594 830 153 389 348 825 279 364 66 154 725 132 370 234 694 338 477 217 644 894 30 661 116 607 784 523 852 659 471 665 261 606 365 937 542 221 591 562 496 751 343 733 919 12 418 590 137 548 46 676 419 179 332 324 56 507 493 678 19 65 614 762 565 252 266 585 480 155 435 610 503 111 896 23 209 105 917 108 867 257 615 221 804 228 358 230 144 619 756 669 532 361 374 283 40 957 762 357 918 783 601 480 782 688 494 505 707 645 598 678 986 377 829 825 61 52 307 154 462 859 660 862 966 404 288 736 726 183 839 396 327 778 856 786 624 906 689 840 334 500 251 818 582 184 378 996 245 612 484 223 447 428 664 838 941 804 846 501 808 373 184 397 320 478 115 828 19 106 848 937 988 296 8 87 663 683 980 55 136 852 442 310 461 558 964 19 713 774 981 732 736 643 202 500 760 338 31 328 943 562 6 369 596 170 219 97 98 897 341 374 330 711 550 275 180 548 932 572 335 318 300 488 263 922 735 521 149 736 780 589 214 439 564 643 612 444 447 255 588 673 669 382 242 129 31 913 623 617 897 935 210 535 827 874 813 601 705 204 203 72 885 632 45 683 826 239 137 580 791 212 929 829 300 515 84 981 864 744 569 426 323 377 765 964 733 315 361 838 833 186 713 198 183 111 41 231 171 273 389 155 902 840 367 986 655 333 825 43 364 517 732 516 931 342 514 1000 143 661 856 293 853 62 258 602 708 642 69 664 664 124 547 446 987 341 873 591 841 110 944 769 149 856 374 331 263 208 995 766 137 780 183 471 327 974 875 916 55 449 2 302 498 110 48 985 698 172 933 499 386 111 143 330 846 54 634 968 60 733 784 718 635 798 946 451 601 952 825 821 420 227 909 931 831 476 847 956 757 111 948 639 194 438 620 359 73 68 387 14 717 86 86 296 535 592 934 741 731 34 372 809 762 275 111 754 213 921 412 303 249 452 502 798 631 856 565 702 487 977 896 797 899 945
665 692 40
210 320 556
203 550 898
280 316 7
484 537 470
349 376 921
547 602 135
481 563 433
239 338 942
717 731 216
690 719 306
615 663 2
16 428 94
547 564 889
389 529 578
353 592 982
85 402 626
205 475 509
163 385 246
542 723 660
174 585 241
266 452 266
262 577 886
629 707 702
484 638 369
535 659 736
319 681 456
67 654 367
520 570 33
544 660 508
579 653 784
456 613 539
282 301 795
437 442 821
216 551 130
197 688 979
573 622 40
227 290 442
378 653 927
387 686 91
671 721 865
25 146 1
494 517 402
455 705 974
99 420 393
146 719 174
342 697 834
528 681 495
22 637 23
338 409 648
10 144 953
290 396 815
420 582 301
327 514 249
419 577 848
262 668 951
190 625 761
146 345 643
5 534 640
377 577 963
181 728 740
580 720 971
402 588 787
120 236 995
494 618 351
324 589 406
590 687 980
7 83 493
264 727 426
408 619 579
625 697 962
198 621 50
409 682 169
330 725 200
139 642 897
4 449 415
662 732 244
629 684 114
290 620 794
440 495 232
275 432 505
224 565 885
105 727 896
123 184 439
288 481 681
169 276 54
461 561 765
696 722 283
653 675 183
258 628 804
101 700 636
455 636 703
18 311 62
267 618 896
270 589 638
103 202 709
404 698 236
27 679 351
534 612 810
224 552 864
693 720 99
603 626 918
507 653 290
58 61 403
521 641 796
552 564 987
475 556 473
76 677 591
309 693 368
26 425 217
419 687 777
615 705 325
281 667 464
462 489 392
165 557 92
367 385 760
273 694 68
698 709 311
311 441 576
660 735 855
540 640 60
298 557 942
651 735 748
399 656 665
75 143 762
255 259 450
118 391 645
636 671 350
151 459 46
653 674 163
734 735 789
389 404 923
338 552 974
264 642 189
427 700 76
44 657 710
452 492 432
415 558 757
578 661 50
88 551 462
145 718 375
479 510 367
360 533 716
141 598 622
191 402 825
353 473 753
526 590 902
262 268 799
720 732 895
692 712 82
310 499 829
343 374 808
563 637 226
268 369 674
104 709 551
651 691 763
310 450 989
504 544 421
546 616 702
230 582 69
172 473 361
392 626 208
272 275 563
301 354 37
655 659 15
571 685 237
614 702 449
388 663 656
628 642 439
567 716 586
86 606 702
689 696 221
244 372 695
325 641 696
38 675 476
442 535 437
690 708 397
734 736 498
662 672 781
274 613 13
633 718 335
110 151 911
627 644 623
206 665 42
333 702 840
4 260 610
444 559 288
292 681 172
257 429 382
192 639 288
503 553 93
40 492 523
702 707 248
344 389 513
664 668 714
243 291 193
234 308 985
179 233 895
60 316 439
226 329 61
443 456 118
458 487 393
84 417 394
335 413 239
345 589 978
13 243 152
511 733 638
538 595 378
317 570 247
361 384 494
280 394 741
664 717 749
480 519 869
200 420 367
50 684 566
679 682 186
259 528 510
637 735 486
10 424 773
699 729 636
127 211 375
204 731 51
647 673 542
464 675 133
430 634 603
509 588 144
231 622 460
452 647 13
318 550 992
190 398 691
679 736 777
464 468 873
636 734 400
662 664 629
458 681 763
61 439 146
400 548 656
549 718 106
593 683 772
659 676 497
613 654 687
490 573 469
692 694 574
14 411 472
527 699 57
51 91 872
609 715 353
432 522 437
380 384 807
424 704 146
475 476 992
512 688 276
148 463 335
509 656 120
731 733 539
25 349 230
246 534 25
217 387 477
184 635 36
77 730 584
509 664 604
276 551 12
53 212 897
561 598 575
413 598 674
37 527 452
206 441 945
205 685 520
95 237 419
95 422 709
372 717 677
705 721 467
337 426 989
264 475 176
261 283 589
46 488 671
111 728 866
72 527 653
30 639 694
378 733 501
214 586 105
253 411 745
435 609 841
80 437 29
578 686 617
135 648 326
41 157 352
356 478 125
291 733 210
650 694 23
107 631 965
249 415 34
516 530 591
354 469 752
89 269 863
69 337 302
203 515 422
530 589 379
75 313 133
217 588 523
370 690 431
345 723 443
533 712 373
150 259 576
107 649 799
12 546 9
360 446 496
638 709 860
581 734 607
459 653 743
177 661 832
14 721 839
442 721 433
408 520 328
696 699 994
209 236 524
572 636 674
84 467 949
471 507 976
562 730 808
630 645 383
203 211 414
13 439 661
39 267 603
100 619 274
618 689 97
429 694 448
140 179 783
458 465 878
342 514 216
350 596 391
1 490 71
424 469 191
426 607 477
141 544 149
522 571 947
273 577 56
570 654 843
20 678 870
503 622 475
561 695 260
105 677 537
577 678 992
106 701 57
608 644 920
176 459 520
179 351 439
365 539 972
695 719 14
342 571 745
545 715 385
303 443 183
490 657 289
506 644 677
198 604 11
534 718 352
634 727 560
180 350 797
258 541 182
554 673 131
298 412 428
504 525 601
483 603 453
162 557 519
669 721 169
551 630 72
628 652 427
503 557 4
611 620 921
267 271 129
698 736 237
311 557 362
197 496 665
215 353 876
30 581 706
107 365 383
613 722 202
520 616 971
196 607 513
644 675 308
444 514 603
172 583 867
443 694 697
413 704 289
356 376 263
423 652 180
196 484 834
318 325 431
513 709 467
498 711 524
680 682 733
356 450 391
593 721 554
497 666 507
522 547 849
104 601 97
400 439 273
572 623 496
390 404 425
39 560 946
558 619 368
204 384 59
258 701 171
349 526 159
103 588 153
129 410 664
347 657 129
186 472 327
78 132 186
505 577 537
31 644 272
717 725 273
371 443 266
372 462 267
151 259 277
36 406 1000
17 86 696
95 507 452
55 313 487
685 729 192
140 369 645
657 704 783
283 713 299
211 694 453
286 325 331
82 431 119
674 724 945
499 679 430
98 685 535
84 202 76
413 706 311
55 324 819
222 725 370
380 553 749
713 723 201
520 623 555
254 657 367
244 468 352
139 713 784
432 570 413
695 698 612
648 698 775
735 736 836
369 483 671
229 527 681
592 620 777
312 527 11
335 596 869
520 533 746
649 656 104
158 318 233
192 562 388
330 333 66
301 478 294
200 412 597
697 709 54
278 587 78
21 86 944
257 523 323
265 535 131
23 160 599
424 642 218
709 728 353
554 695 216
700 705 865
646 712 66
431 524 53
224 483 489
277 417 832
6 410 758
54 607 785
520 628 220
682 704 929
176 400 533
631 716 768
59 687 387
590 729 452
602 706 499
222 334 443
154 379 110
110 161 457
74 249 398
358 531 310
252 336 184
519 542 956
63 514 470
252 499 185
392 624 516
519 542 989
502 603 278
350 589 814
39 92 886
308 537 594
135 506 838
718 723 845
85 262 450
251 557 54
282 311 712
186 366 193
386 511 525
300 485 434
264 344 591
153 158 478
630 706 47
43 323 53
19 545 503
339 553 411
412 430 694
605 729 58
444 731 973
102 298 307
498 562 660
540 629 217
458 633 212
711 735 983
730 735 307
479 561 48
57 203 27
664 667 870
724 732 454
47 484 376
404 568 519
21 347 736
585 705 832
540 717 338
227 604 672
43 548 127
57 154 684
460 497 370
650 697 20
121 144 252
41 340 350
673 698 790
82 151 960
673 701 76
133 243 196
245 647 110
545 692 186
572 615 400
413 493 697
410 643 978
452 527 463
34 85 999
272 473 538
534 574 796
250 360 903
409 559 943
505 719 717
155 185 262
511 698 734
353 655 782
631 642 74
467 714 859
236 569 910
665 718 996
363 504 714
615 700 824
592 687 653
473 723 429
509 525 442
110 144 657
11 665 889
302 597 541
649 673 197
221 515 557
315 731 432
101 190 196
253 334 164
690 707 985
415 460 345
674 730 923
58 137 605
71 697 750
313 333 96
51 542 865
349 592 921
481 577 827
342 577 145
152 652 218
27 650 469
377 607 858
210 711 139
523 723 880
359 473 533
456 563 736
669 681 687
669 688 996
435 473 279
250 643 234
350 394 117
532 538 762
380 656 166
105 544 258
257 414 394
237 441 949
66 388 295
601 646 580
534 631 178
480 584 444
619 647 306
199 297 240
69 265 900
433 565 892
287 521 402
277 302 367
261 693 127
529 597 744
554 662 792
5 133 934
404 527 80
139 646 753
166 384 8
703 723 35
521 672 923
362 404 220
242 447 193
263 547 849
499 500 629
255 660 313
96 701 469
62 671 3
190 277 63
92 292 165
34 629 730
395 451 35
334 368 18
355 621 711
626 627 617
539 635 562
387 604 648
508 678 789
571 663 720
122 459 82
224 461 987
567 579 772
14 365 782
487 693 585
593 632 118
92 662 690
308 649 241
127 502 902
284 383 167
638 724 943
661 669 353
409 612 975
621 728 147
257 574 567
565 642 860
127 183 894
248 489 379
662 689 656
342 532 309
448 497 434
293 569 286
78 681 348
701 722 824
544 709 913
572 611 965
567 572 590
413 493 153
48 83 322
11 622 420
118 557 587
241 310 516
294 314 252
476 722 764
394 656 852
446 476 985
514 562 650
256 587 824
410 527 86
244 492 172
85 370 414
283 592 706
4 474 639
31 536 589
372 521 37
484 601 715
99 238 824
48 449 194
308 662 924
384 648 355
203 462 626
622 648 48
300 615 29
565 662 328
59 338 60
360 714 685
445 618 356
380 384 851
265 580 51
475 625 910
138 606 911
487 603 270
326 664 572
313 651 835
253 386 260
398 604 708
426 466 248
221 487 670
660 718 310
615 640 787
702 713 768
707 733 737
125 546 120
671 694 822
145 252 699
31 460 455
692 721 922
297 442 634
103 516 238
419 640 395
575 595 298
651 705 428
481 668 392
336 375 973
328 486 457
557 650 872
395 685 991
384 395 529
532 636 573
386 504 53
227 376 462
439 535 638
72 610 394
392 635 910
486 610 433
83 426 571
170 403 910
212 592 697
505 733 844
615 726 79
130 347 142
120 196 600
123 458 860
34 254 635
232 387 13
439 688 323
608 626 917
698 706 794
563 633 741
87 539 364
365 544 51
676 697 604
366 483 977
113 514 657
188 499 598
65 386 799
684 688 588
438 589 177
56 102 602
475 635 998
564 583 31
321 704 751
350 476 983
268 462 659
505 726 330
438 466 239
576 577 284
691 706 813
245 419 971
663 689 692
48 261 790
332 649 908
583 636 370
124 171 59
201 203 296
311 693 548
699 728 403
625 631 36
339 589 55
475 530 453
291 568 865
199 389 820
57 60 421
411 684 879
323 467 175
564 674 552
223 373 863
355 695 11
86 122 383
418 731 603
546 567 570
169 267 259
109 376 359
477 495 251
66 304 906
262 724 107
650 694 725
201 477 633
223 733 154
567 733 118
217 719 939
3 305 672
44 592 657
621 632 232
636 642 924
227 541 565
658 711 236
464 671 873
70 581 597
114 695 69
477 599 817
206 247 486
468 610 41
77 81 586
244 494 699
352 668 653
529 585 982
523 664 138
464 492 148
119 168 711
