453 214
663 585 476 960 421 507 6 250 660 945 83 980 665 179 915 688 787 195 402 320 692 215 218 919 939 295 997 470 262 171 677 667 230 284 283 195 299 27 904 304 906 631 878 282 885 149 597 854 788 43 245 33 586 698 38 729 498 803 310 568 650 86 603 283 201 994 257 643 281 427 10 176 423 276 577 335 342 891 721 955 659 220 698 3 90 825 23 489 597 684 594 399 145 591 214 470 625 859 39 232 83 518 785 539 230 3 229 979 526 317 642 424 241 777 971 965 637 726 319 747 899 240 67 907 253 198 932 595 672 617 328 283 894 730 497 354 939 52 658 746 898 181 928 963 851 982 645 910 731 429 904 5 361 590 618 649 85 78 90 288 733 276 846 103 168 977 541 492 152 203 917 129 826 510 448 434 461 92 425 415 984 38 509 413 632 48 503 382 780 787 480 836 306 651 405 728 12 685 965 622 561 741 155 171 160 892 87 412 793 7 139 360 590 516 314 922 634 93 190 526 219 390 86 845 945 815 134 964 893 134 226 24 998 901 76 162 929 131 323 352 685 921 359 945 84 316 862 392 931 125 771 6 314 422 735 847 786 574 845 665 507 984 561 217 582 568 658 526 176 208 726 608 92 942 993 698 538 148 275 124 944 44 665 998 970 67 430 81 294 514 880 821 353 369 980 741 339 495 517 528 379 463 9 501 781 86 826 227 805 921 705 750 965 472 917 177 751 172 913 248 111 44 742 816 401 516 873 944 19 626 711 673 897 130 172 624 983 945 197 251 927 407 105 698 815 370 158 301 444 495 21 128 248 262 243 466 645 137 337 543 733 232 449 929 499 858 424 156 857 888 241 669 554 494 308 28 851 616 689 301 862 198 421 766 967 779 94 806 562 422 96 567 693 984 292 329 396 85 472 418 739 573 827 134 877 766 315 541 998 860 483 322 458 595 34 375 687 858 969 392 58 197 64 668 176 797 780 961 225 869 385 435 309 833 687 385 438 929 112 343 595 430 528 564 181 567 354 89 647 721 640 657 546
423 436 692
240 398 711
204 414 665
275 418 99
177 205 333
429 438 518
272 319 672
411 443 301
351 419 309
175 345 46
182 189 326
397 421 38
206 435 93
133 345 534
345 436 485
177 443 908
427 429 417
262 364 126
413 440 452
397 423 808
349 396 892
307 401 452
35 82 696
4 288 742
355 453 382
3 422 402
361 379 625
201 415 585
331 376 140
160 280 421
221 306 421
341 433 940
390 413 383
380 392 563
275 383 255
61 210 320
443 447 640
32 221 973
435 444 16
223 416 323
441 451 328
426 433 900
375 384 33
204 349 264
343 397 614
294 447 239
10 353 931
219 444 243
73 441 854
24 451 993
266 351 27
123 262 839
56 238 658
215 250 513
268 286 438
71 318 655
151 175 250
439 453 451
331 352 249
389 428 453
326 415 823
278 427 470
219 349 666
41 65 754
129 217 45
6 359 1
280 289 764
136 326 1
225 274 683
282 328 981
55 237 991
43 232 488
215 423 946
371 384 699
115 375 969
332 364 778
385 433 148
83 85 697
254 273 127
202 353 258
374 428 630
434 445 264
137 228 237
161 248 957
212 342 692
169 385 583
54 177 418
257 318 25
23 25 611
151 379 229
279 321 981
169 181 990
441 451 584
347 406 588
328 433 827
449 450 667
89 443 272
419 437 680
30 110 358
405 448 236
30 361 48
280 398 152
159 375 983
31 200 682
167 233 885
440 447 132
301 379 303
362 449 332
70 73 186
104 282 687
55 190 863
85 341 236
23 182 243
50 249 358
302 375 422
382 436 130
56 348 418
328 421 955
296 377 100
177 416 300
195 213 406
130 134 304
423 435 738
157 222 521
25 353 613
346 387 957
268 424 979
213 258 415
61 384 149
286 369 759
248 321 105
132 424 5
428 443 428
398 419 857
2 64 898
357 391 523
328 422 305
303 394 429
424 443 823
204 272 757
65 284 978
133 146 769
148 157 489
297 407 90
291 298 306
262 291 197
291 395 976
47 344 980
418 420 268
221 404 989
51 279 762
285 356 878
329 381 664
145 315 300
66 74 557
349 427 878
384 394 145
320 412 338
53 260 716
447 453 154
416 433 433
120 230 404
371 423 834
378 418 253
296 392 693
411 437 620
180 214 952
57 80 999
402 412 386
84 204 569
279 383 832
345 410 651
355 373 710
409 426 51
57 120 216
225 337 625
40 120 306
269 274 787
96 179 837
413 423 554
157 452 795
393 452 29
396 427 652
51 103 213
243 424 186
49 353 409
112 221 885
15 347 406
243 447 290
437 438 480
164 419 997
108 200 568
225 351 871
415 428 632
290 363 938
267 327 125
16 166 751
63 137 533
61 75 399
234 413 220
160 246 943
109 308 586
440 450 944
329 380 967
228 314 762
416 425 362
181 295 63
84 116 355
235 383 58
72 449 399
395 440 57
311 384 47
436 452 983
194 229 716
