821 229
697 655 985 317 667 932 934 773 275 416 871 829 405 786 658 627 999 340 498 309 660 830 849 415 467 361 359 322 185 653 914 543 107 429 639 531 775 518 425 869 711 802 798 382 773 721 683 147 269 84 91 247 694 368 465 364 151 88 915 55 241 230 921 498 3 135 332 116 954 836 263 681 744 32 743 816 695 747 383 116 261 967 486 172 428 338 996 693 690 682 91 128 262 792 707 571 422 555 948 284 489 864 289 406 585 86 141 274 559 86 771 821 784 893 602 170 208 770 760 714 16 953 465 422 856 744 955 953 126 346 618 529 761 6 257 735 239 801 48 966 178 292 135 259 334 210 245 990 317 86 203 377 127 605 653 843 651 16 477 133 10 146 736 850 74 37 565 412 779 764 334 116 261 587 947 697 64 276 848 259 80 590 310 276 315 751 121 931 359 175 902 286 534 560 995 345 815 962 707 942 277 681 198 282 756 76 37 246 529 612 156 279 718 99 591 463 204 365 811 274 664 79 454 24 410 657 294 364 498 313 44 80 22 676 134 268 524 31 616 576 187 374 59 454 609 39 396 674 726 855 818 450 852 849 514 776 177 455 521 369 901 826 935 780 580 614 937 462 603 493 885 215 558 833 947 202 299 85 952 926 499 685 168 496 672 302 489 606 700 935 944 408 500 161 595 164 839 397 950 171 619 709 558 945 205 961 868 990 811 820 252 767 461 45 32 87 172 550 485 660 211 304 332 568 695 418 475 965 870 285 953 979 459 324 166 190 35 658 640 857 228 474 664 115 437 911 964 266 211 105 596 555 909 646 189 539 101 519 101 383 148 451 715 102 440 718 15 182 880 775 881 575 367 518 104 896 756 450 828 78 363 57 161 71 767 439 849 602 349 298 85 342 314 613 869 796 253 778 817 598 473 9 627 196 340 452 482 454 519 811 38 376 656 499 439 282 770 189 759 844 896 937 814 51 345 417 750 316 845 548 223 140 130 820 305 223 727 666 713 39 760 749 723 894 810 638 97 602 787 59 806 640 814 854 403 760 471 63 407 412 830 726 79 684 323 441 36 957 304 551 549 65 214 838 107 389 772 223 683 265 146 92 893 990 798 224 194 668 504 108 12 550 330 519 655 340 371 264 565 308 347 16 236 424 361 947 833 503 354 310 881 22 248 473 913 464 933 967 60 57 569 640 877 133 959 172 669 398 875 853 782 698 35 275 78 881 849 13 362 390 444 422 715 701 283 565 854 881 385 64 175 775 307 812 257 549 105 13 886 475 138 16 322 861 400 850 173 220 341 485 729 412 174 389 955 405 653 217 239 234 666 829 192 1000 845 153 914 779 934 189 979 111 684 186 201 860 896 649 884 415 26 658 228 556 986 851 676 35 482 683 395 301 381 330 20 391 834 505 205 162 41 924 49 688 783 511 515 345 411 275 606 817 335 87 738 890 446 812 197 515 142 723 350 807 503 216 823 22 254 375 689 462 824 624 987 104 617 959 169 560 755 257 340 151 654 314 117 313 445 229 377 972 251 493 380 855 930 557 179 537 477 512 185 931 380 280 836 693 496 330 221 604 674 542 30 393 581 457 751 245 851 721 878 216 404 369 18 308 480 21 445 812 13 71 25 486 900 210 87 546 354 303 523 959 277 854 547 452 206 982 835 639 293 297 586 476 483 241 688 890 408 642 194 141 350 631 91 699 475 439 342 591 125 560 820 773 53 763 326 441 257 281 524 237 191 305 957 533 469 190 171 430 300 847 15 996 841 340 51 967 521 724 707 971 837 226 794 66 716 241 449 365 34 747 10 956 5 242 360 939 287 953 347 959 897 7 491 670 831 239 585 392 355 961 717 633 791 402 194 330 874
360 522 958
294 480 970
109 116 59
786 791 67
66 392 359
263 604 316
256 489 622
136 539 719
288 495 887
122 349 266
167 217 330
358 694 547
97 396 224
98 733 676
742 819 423
71 311 71
342 627 616
544 547 589
163 276 636
732 800 513
686 821 683
624 812 410
224 345 728
377 738 906
278 474 528
458 463 742
534 703 475
91 657 348
453 692 150
182 498 503
767 778 710
434 745 453
210 807 325
62 538 698
224 458 229
469 525 288
548 584 59
648 795 784
473 603 766
250 273 760
629 795 145
621 631 556
134 567 454
528 579 334
45 113 685
170 820 125
522 559 916
785 787 912
115 289 7
370 748 870
306 773 870
769 780 463
29 289 178
262 436 88
409 721 828
93 264 68
557 741 927
203 773 921
27 64 537
379 475 363
266 408 544
146 628 95
712 739 341
79 540 954
556 747 797
813 817 485
170 506 655
229 632 722
62 255 158
743 811 289
216 818 436
459 647 123
490 514 239
376 663 473
309 810 761
459 646 77
814 815 347
666 746 587
505 663 539
807 821 46
346 787 361
753 819 453
638 814 141
740 780 468
492 756 778
37 212 126
127 563 269
673 765 576
647 649 921
22 272 147
295 613 132
65 797 696
389 729 787
721 745 556
649 665 997
426 590 945
245 387 38
506 614 116
377 442 829
569 613 437
63 768 993
674 721 6
322 371 995
797 819 357
197 820 105
376 506 480
125 734 424
704 735 818
132 470 289
122 624 261
347 790 264
805 814 394
371 490 503
750 752 845
19 53 92
94 651 442
543 577 491
456 484 232
316 794 68
614 671 901
717 787 733
375 571 101
246 566 26
94 230 906
47 335 366
745 785 763
401 659 844
740 793 686
487 741 742
166 310 784
375 620 283
373 688 835
391 814 342
64 734 130
301 314 702
582 756 721
472 494 845
559 567 531
785 797 985
254 441 360
50 744 977
818 820 950
464 605 25
607 613 171
509 785 888
374 812 226
251 466 573
73 110 273
481 615 694
323 572 244
54 467 310
515 654 536
605 780 853
794 821 321
654 821 635
22 55 877
773 807 525
383 603 623
172 820 675
175 413 924
688 690 453
229 534 619
406 682 711
552 731 697
177 600 379
443 643 794
197 593 212
634 735 371
59 619 230
584 631 482
693 765 358
620 734 213
687 807 356
140 159 829
372 620 52
169 618 594
356 408 670
93 289 831
785 815 484
167 626 327
74 759 725
74 191 971
605 791 736
344 349 75
342 458 234
788 813 907
648 691 47
352 817 677
68 160 908
700 812 633
677 809 125
403 539 249
44 232 612
759 790 105
65 179 610
126 702 213
691 728 539
808 812 405
749 811 716
338 433 665
432 809 326
719 752 388
705 808 237
420 652 233
721 761 12
154 180 394
788 807 42
351 386 175
194 557 619
725 772 812
388 598 652
34 758 696
72 556 775
102 495 263
63 429 230
526 733 695
294 715 950
285 649 656
772 791 214
523 624 759
557 745 26
268 777 867
47 332 991
729 796 289
696 813 681
458 727 653
660 673 866
608 772 950
290 472 45
