614 862
211 747 924 324 82 193 473 40 432 564 516 506 225 482 546 682 583 758 161 24 533 335 847 654 65 753 682 45 492 383 133 208 555 228 632 587 499 50 196 320 765 607 841 948 182 784 204 860 68 977 694 411 994 894 172 713 44 591 792 960 35 933 451 229 403 638 605 158 627 77 690 896 709 276 303 744 959 222 154 648 684 201 54 89 410 677 66 150 437 64 601 508 710 863 828 70 790 724 117 510 955 9 516 197 32 655 219 278 484 653 837 100 788 397 931 663 150 11 752 923 368 748 252 551 612 270 584 980 443 524 367 805 195 60 176 611 855 435 252 234 510 936 222 101 851 273 80 77 47 493 261 628 216 147 145 55 39 279 276 740 729 264 420 808 471 859 39 929 599 819 873 490 778 270 925 498 97 970 326 786 693 339 368 700 206 990 891 436 656 779 771 806 386 59 102 746 167 153 209 584 126 435 794 770 884 724 63 664 265 240 818 97 22 788 530 562 993 69 356 895 232 361 303 767 489 421 698 277 789 800 759 215 798 345 292 297 284 415 185 156 539 470 385 635 7 812 473 390 913 171 671 724 584 800 207 833 224 849 706 212 467 55 228 476 555 217 753 323 465 266 261 424 3 848 48 663 987 262 165 749 226 873 425 532 164 419 851 181 991 318 167 222 135 802 659 562 178 985 707 224 862 342 706 295 280 149 117 799 515 577 743 577 347 344 897 864 137 63 145 804 366 737 473 312 962 301 506 291 344 72 130 834 506 234 816 347 426 837 235 150 36 237 325 967 649 929 847 778 190 564 397 53 792 260 68 378 42 101 45 132 347 253 121 299 884 575 494 976 395 215 445 338 285 905 717 489 99 235 192 420 27 768 657 37 2 816 447 348 721 640 580 842 753 548 778 501 114 56 376 540 668 154 78 975 386 240 304 834 2 812 981 16 57 970 499 406 301 410 135 934 773 644 380 66 625 133 422 510 255 118 727 737 122 667 598 68 952 800 742 456 45 562 40 652 49 50 862 131 94 925 834 4 370 254 732 250 444 739 634 576 353 767 499 912 551 663 462 589 406 232 80 69 722 217 158 560 768 122 46 293 813 393 593 273 248 79 854 1 316 584 705 734 186 72 22 608 236 309 209 270 182 883 662 110 478 551 659 297 640 820 437 255 696 751 627 792 122 649 321 93 766 695 470 994 38 589 849 559 293 913 664 569 882 298 858 305 91 511 786 113 230 619 695 365 243 956 215 11 268 482 926 207 981 544 555 326 312 443 845 49 417 680 714 931 1000 756 58 393 129 686 584 326 725 39 598 383 747 451 291 949 355 221 884 95 548 866 98 43 302 302 853 949 710 177 393 366 488 693 910 220 509 888 99 605 200 244 288 783 415 727 431 287 584 660
182 538 647
307 516 655
75 290 562
247 402 432
294 407 942
453 470 908
11 427 932
36 475 716
59 568 807
600 601 723
160 286 755
389 390 843
466 606 48
399 468 21
589 598 182
257 584 538
422 447 663
214 375 667
537 553 876
194 369 513
390 453 264
450 548 714
329 379 230
401 595 991
45 537 239
336 605 980
64 245 335
288 416 816
395 425 239
440 537 680
474 555 271
7 602 189
18 606 223
561 597 187
281 450 761
354 455 162
121 248 220
313 403 392
303 341 388
310 592 828
314 545 182
104 589 681
83 167 145
518 567 922
349 426 62
495 602 20
592 596 425
546 576 795
592 611 321
600 603 671
201 430 142
171 305 632
110 543 616
488 553 756
555 560 372
119 547 565
317 445 12
78 376 213
550 600 113
186 368 672
102 573 661
517 574 184
509 540 501
384 548 628
385 515 614
192 456 104
257 338 739
394 566 866
420 460 958
611 614 680
185 280 112
439 582 125
570 609 305
603 605 381
135 403 12
299 361 402
267 566 81
519 586 178
274 326 904
239 281 603
27 296 807
151 177 235
290 578 285
557 593 586
345 418 441
602 614 569
198 334 787
527 538 874
404 579 727
478 492 431
312 472 178
426 472 82
202 546 453
143 231 967
247 393 922
488 586 284
351 455 688
124 482 134
338 594 416
64 124 3
254 257 186
18 98 325
286 447 86
137 413 43
344 369 349
142 518 790
16 30 18
26 584 169
338 471 421
126 128 819
610 614 356
344 546 465
587 608 415
332 405 803
164 498 947
588 605 543
554 573 566
288 387 759
170 296 693
248 386 376
507 582 715
360 365 61
421 483 770
1 247 58
389 427 992
183 279 342
310 488 868
195 599 742
316 477 901
424 429 130
283 545 437
367 515 883
54 570 921
281 488 782
437 577 666
566 609 593
291 363 787
407 509 378
444 510 110
209 214 59
249 479 253
144 386 302
27 83 147
298 441 736
189 570 347
532 547 347
524 612 469
582 611 135
363 557 84
195 332 200
24 292 889
231 471 822
177 200 83
254 361 382
524 569 598
209 480 327
418 592 51
24 548 361
450 518 784
326 437 199
189 248 686
495 556 353
549 582 944
141 530 180
156 194 541
174 414 279
527 543 965
246 438 630
226 492 381
159 397 141
508 557 356
250 458 283
341 363 357
193 376 445
31 241 976
598 607 659
293 403 629
219 429 649
414 541 831
337 501 857
67 272 979
69 464 375
178 511 788
419 483 719
547 557 334
18 347 773
206 339 871
576 588 123
286 486 495
294 472 245
63 393 383
97 498 427
135 409 12
212 437 666
117 313 711
428 471 828
267 306 353
195 383 386
583 611 152
555 560 196
42 158 952
76 495 631
183 281 91
287 587 221
257 352 569
173 356 532
115 228 502
16 511 421
437 549 408
295 297 66
131 343 348
208 330 317
451 613 908
110 477 571
386 483 962
89 352 335
336 338 163
382 540 607
323 545 977
212 607 180
171 259 969
105 526 321
179 359 348
157 426 315
437 486 588
498 511 953
256 385 971
571 577 387
84 122 619
366 417 865
458 579 247
72 492 952
47 304 509
124 519 18
548 575 968
420 550 378
74 562 457
351 462 66
121 440 104
601 610 979
548 571 486
481 501 813
272 405 20
579 582 412
287 303 11
390 466 637
40 347 916
411 522 994
108 564 645
520 566 793
562 586 693
349 452 657
445 514 342
111 371 431
510 515 194
418 485 555
13 486 877
263 401 68
113 575 559
174 377 739
228 400 953
364 366 595
537 547 795
411 602 233
85 338 361
358 588 233
241 548 503
221 475 287
4 462 569
182 337 49
401 541 637
239 421 274
395 401 251
562 591 173
447 582 40
133 144 639
440 534 775
432 521 396
398 593 329
195 535 345
345 411 50
361 539 294
126 552 133
376 545 97
499 607 430
170 506 218
109 316 985
207 336 934
278 473 556
235 504 657
124 133 89
139 316 363
422 537 904
137 241 159
410 543 100
97 533 146
477 501 633
318 466 455
339 488 659
545 582 755
126 598 198
12 177 141
312 613 993
190 457 105
60 504 500
393 473 890
510 614 236
294 510 354
80 593 963
295 558 827
250 307 2
495 594 634
394 433 856
337 403 382
134 161 160
431 555 894
25 95 929
63 402 227
47 472 520
129 386 61
151 172 835
145 565 375
556 597 444
5 118 602
21 614 409
20 571 957
119 402 126
50 371 458
324 476 711
138 141 274
545 559 801
529 592 786
131 270 327
57 540 760
412 553 212
71 529 204
327 518 243
18 329 955
531 551 613
36 140 889
130 449 842
248 577 132
465 495 337
536 610 780
242 381 799
500 566 749
531 533 230
540 552 256
80 195 676
404 561 531
481 517 907
156 477 216
59 358 359
40 384 114
335 550 292
235 552 219
30 133 121
541 613 407
254 369 999
499 564 433
41 214 86
37 77 905
86 466 551
11 587 429
187 190 285
285 307 738
455 515 411
426 553 384
109 305 196
88 468 410
210 309 600
24 435 482
130 474 904
367 368 281
436 438 724
312 367 209
38 330 78
378 511 251
570 574 976
188 212 74
384 467 773
37 316 662
287 530 104
316 448 166
211 508 578
285 343 281
372 490 769
459 569 999
270 316 986
305 390 929
560 595 148
184 212 799
218 244 837
346 550 616
441 446 216
477 503 756
403 596 960
500 576 383
429 483 251
99 253 118
446 512 216
190 364 182
352 541 403
113 114 20
94 115 949
489 517 405
443 470 82
533 602 583
73 368 416
557 577 842
247 372 994
265 286 5
558 573 191
227 387 462
572 604 55
361 374 72
107 443 784
118 536 415
268 487 930
107 158 25
310 490 401
266 550 899
331 345 910
541 611 136
385 555 778
359 479 278
147 302 762
170 389 294
284 440 849
18 441 582
122 125 616
39 228 385
379 468 820
535 562 43
45 537 590
398 470 441
334 415 190
86 342 935
24 404 974
493 531 195
277 439 356
311 498 646
513 558 347
143 496 360
541 590 53
464 569 926
31 552 600
31 235 533
126 228 682
539 569 884
130 446 700
46 141 810
582 608 332
149 411 502
131 272 886
159 526 558
59 478 637
393 486 9
412 483 495
458 461 117
18 211 197
381 485 278
79 192 868
154 353 110
400 540 188
403 428 125
222 579 536
569 608 861
301 379 12
363 429 633
42 396 546
343 586 210
432 463 156
211 509 752
319 440 881
340 613 923
415 612 591
313 582 176
261 488 299
576 578 366
163 438 145
58 466 106
216 513 734
440 461 735
471 523 850
549 574 782
219 363 886
272 355 770
349 415 897
583 605 10
469 473 886
247 385 132
516 529 497
48 566 760
32 304 814
416 498 371
60 326 664
250 355 288
160 181 101
149 390 910
442 501 168
14 144 1
312 575 803
65 394 855
135 523 388
555 607 125
311 426 287
561 605 260
508 548 825
445 571 68
30 556 95
415 470 187
384 406 927
75 155 765
567 596 827
370 481 288
130 500 19
108 518 650
179 198 773
370 591 823
166 568 301
248 535 409
142 419 220
260 347 126
602 610 310
337 342 148
303 474 66
69 445 782
240 535 942
448 555 743
456 458 70
227 484 538
190 356 777
209 345 385
148 328 829
437 454 79
149 348 771
131 179 90
174 247 260
315 407 846
537 566 589
238 280 211
284 293 225
362 492 972
70 409 962
18 348 634
535 573 836
563 580 209
506 607 168
444 532 461
216 222 40
214 526 882
26 410 589
392 472 171
293 365 706
606 611 379
57 86 872
367 541 613
296 308 226
198 432 321
504 510 394
333 346 574
568 574 580
468 521 564
547 548 112
568 591 826
91 264 269
348 485 737
49 387 985
70 581 784
36 252 700
364 527 777
496 531 647
135 280 915
84 369 10
135 379 775
159 391 187
55 255 723
48 388 536
125 468 136
5 351 528
277 285 73
72 164 718
498 500 817
481 540 691
488 545 932
538 545 907
232 558 718
609 612 967
555 566 779
203 466 536
249 286 7
543 576 498
138 235 169
401 519 784
145 161 670
311 525 486
609 611 802
268 309 811
150 523 30
173 401 556
218 304 454
164 357 844
564 597 119
316 359 665
408 491 547
145 247 711
94 135 326
252 564 338
109 167 45
384 498 117
159 434 816
487 597 782
145 349 359
282 356 232
15 298 63
584 597 763
543 571 217
161 406 535
477 577 671
505 545 192
199 613 327
252 572 289
447 462 743
381 474 987
113 479 431
27 423 989
114 159 54
574 597 129
76 263 711
440 570 800
492 591 342
503 555 539
14 235 671
276 459 16
285 509 49
40 43 712
381 489 126
585 606 113
530 567 18
563 589 868
453 608 712
474 486 714
255 571 769
244 530 323
460 578 562
107 503 975
265 411 113
324 460 112
187 487 848
432 563 890
213 533 618
191 294 822
475 494 852
391 568 876
499 561 737
464 505 331
587 604 668
570 611 27
523 570 131
383 446 104
145 465 197
454 458 717
608 613 73
513 546 758
481 527 72
139 483 982
547 612 329
586 600 792
53 510 494
311 479 858
282 330 113
493 515 27
211 307 948
428 602 827
122 153 692
561 594 920
87 596 464
354 407 932
66 102 843
515 563 268
541 595 27
153 390 147
586 608 233
272 445 232
596 598 228
529 576 204
35 518 536
523 543 82
398 413 805
54 155 423
548 577 240
283 526 986
99 463 164
117 581 589
63 197 923
518 546 424
502 521 931
130 501 32
39 603 881
336 491 588
418 538 481
476 485 495
241 286 250
87 200 263
505 605 33
565 588 586
458 580 108
449 533 524
210 267 375
497 515 509
406 563 849
429 447 566
257 526 345
380 396 264
5 75 44
276 323 774
414 509 635
553 605 482
233 472 153
115 332 909
33 109 49
308 313 87
384 583 191
226 464 864
8 208 859
504 575 31
360 507 591
414 603 257
584 611 904
117 228 201
329 377 339
64 334 830
303 373 6
117 429 965
490 521 405
165 591 399
250 330 869
249 452 652
261 583 757
318 347 752
407 561 574
38 578 621
439 594 940
302 330 79
269 574 690
171 376 224
64 279 348
406 445 40
609 613 351
524 605 311
138 225 455
81 609 839
17 550 618
43 529 318
105 323 694
386 477 131
3 584 952
211 403 387
356 391 671
566 567 77
502 536 377
307 416 189
523 605 908
2 231 863
59 81 158
367 381 622
217 282 111
75 450 613
610 614 858
102 466 609
51 499 468
468 510 588
598 613 390
114 583 570
353 453 83
442 609 308
342 409 801
31 78 946
495 602 105
289 291 776
416 583 384
61 420 71
546 595 982
58 419 841
412 501 76
164 292 330
222 592 382
244 387 472
40 195 859
494 588 288
595 606 518
338 428 374
22 228 707
475 535 42
106 193 239
168 177 583
574 578 284
316 423 283
199 330 481
330 456 931
492 499 212
120 216 703
461 486 859
383 596 113
447 589 705
304 542 364
33 500 96
255 475 129
14 268 965
537 601 806
134 158 947
122 436 80
57 103 100
585 589 222
201 603 553
174 605 789
495 520 113
261 358 574
155 359 162
425 438 104
22 564 915
233 453 552
487 571 369
52 95 9
50 350 104
4 473 578
482 505 50
486 531 84
410 460 927
325 366 677
420 473 181
12 551 526
379 455 341
12 586 299
203 236 551
603 608 903
25 112 326
53 252 612
74 457 165
400 455 676
336 551 768
450 493 242
128 509 486
525 567 522
196 250 36
402 521 917
353 402 75
120 235 725
460 466 342
57 414 307
225 560 411
275 342 577
435 537 247
556 585 457
376 408 895
351 608 941
412 431 829
75 187 719
263 487 897
63 517 666
572 600 701
