321 728
577 331 865 740 646 172 408 578 446 178 96 409 381 663 580 425 937 85 738 950 536 509 528 24 150 346 224 58 433 139 369 999 931 748 835 869 999 231 763 763 298 363 62 902 343 931 345 156 537 991 31 385 833 803 504 46 453 625 34 651 999 962 614 853 17 208 90 573 331 262 420 136 385 299 144 857 739 859 960 236 326 18 796 20 774 176 243 864 959 513 99 340 921 538 301 175 997 627 207 795 772 858 310 878 647 876 318 945 372 499 340 189 59 988 35 799 458 592 601 373 494 744 849 595 627 389 79 797 660 98 770 181 77 125 687 506 580 499 840 268 469 779 810 299 422 801 859 742 441 152 73 151 617 146 122 379 490 142 359 220 522 375 939 530 954 152 325 810 304 248 662 709 443 12 646 699 857 449 661 647 315 507 113 413 68 464 691 115 583 98 21 71 930 85 796 447 87 327 743 196 868 154 544 246 118 959 27 603 147 19 649 47 380 808 515 107 454 846 863 946 655 730 5 771 230 856 619 259 402 537 299 225 283 826 940 532 383 231 844 630 580 37 365 639 509 530 636 646 484 56 513 971 941 271 213 942 860 171 753 637 134 955 132 872 575 477 392 349 486 780 677 729 380 249 172 827 816 258 824 977 293 890 876 335 137 567 393 368 111 195 484 867 282 200 918 872 653 33 576 619 356 998 647 336 692 210 377 97 228 875 470 522 559 914 818 459 838 807 889 640 992
104 118 714
73 234 869
96 164 205
103 229 23
260 276 151
193 252 36
171 180 165
313 319 535
84 293 224
42 92 452
320 321 681
31 288 479
251 287 310
290 301 31
221 317 393
313 318 320
29 309 214
97 306 548
103 210 320
45 251 13
127 183 203
93 315 700
313 319 367
228 292 458
282 314 586
128 260 792
277 291 889
288 309 892
263 288 896
40 51 95
129 204 998
226 309 316
33 166 257
89 119 403
18 274 525
200 265 330
246 263 983
198 245 73
26 197 697
95 121 486
110 316 325
272 303 582
78 290 16
238 317 770
92 169 148
273 280 290
202 279 561
154 179 715
177 192 19
199 253 566
24 204 588
93 266 333
204 286 768
316 318 895
161 212 263
175 292 691
197 295 805
54 140 851
156 268 927
83 231 712
202 228 545
35 238 338
190 301 313
205 228 428
248 288 884
310 316 913
272 301 280
243 250 833
35 57 630
216 236 80
242 279 661
173 251 531
241 271 456
31 115 211
236 316 554
59 79 847
67 208 974
5 255 718
53 205 611
231 262 388
33 317 594
25 317 166
228 251 871
267 302 688
264 283 214
61 235 215
271 284 545
152 199 867
114 183 753
176 190 170
52 242 138
161 302 916
45 103 159
240 288 787
74 281 537
137 196 937
151 231 315
140 310 369
213 264 916
136 243 351
178 243 521
108 257 671
111 307 4
310 314 911
164 304 550
281 293 334
120 188 801
202 304 905
56 280 295
113 256 936
109 252 69
7 229 837
206 231 935
279 300 567
117 244 903
50 103 396
269 276 831
300 304 474
100 300 976
83 180 815
57 146 56
37 273 159
197 271 687
111 171 964
64 229 547
261 267 695
171 310 140
36 107 408
238 273 91
222 295 221
260 274 519
145 290 57
300 308 812
202 203 272
121 196 583
31 111 991
91 222 599
150 305 284
180 224 199
59 294 662
191 223 885
72 189 494
188 257 60
49 173 417
212 216 234
200 254 504
13 128 263
96 105 370
140 177 799
235 245 53
13 271 545
300 313 134
25 203 455
41 52 401
6 110 339
283 305 781
265 280 524
170 274 326
315 321 757
161 237 995
109 174 999
144 291 759
121 169 218
179 282 993
80 131 967
23 268 511
242 320 605
108 249 575
251 276 829
116 274 637
289 303 823
42 64 942
137 290 46
245 262 834
217 251 416
27 233 475
301 316 201
95 220 556
112 130 454
26 45 701
225 248 42
195 283 885
60 301 981
183 318 301
35 111 732
317 320 101
126 184 705
112 123 597
318 319 303
83 95 285
171 266 94
18 243 957
196 211 846
242 316 77
16 66 931
18 53 233
208 220 650
217 301 733
315 316 949
103 129 43
208 319 677
128 168 358
258 266 634
79 261 568
190 252 4
280 282 838
25 118 582
231 304 921
233 290 99
58 264 351
204 318 9
140 235 507
276 306 647
14 25 594
255 282 56
57 254 656
49 110 644
40 192 428
166 289 830
303 321 822
105 250 272
159 213 532
15 308 685
94 235 454
184 200 984
39 149 567
208 312 216
61 184 860
201 236 197
208 317 656
42 146 200
147 247 529
271 290 567
295 321 215
240 308 141
77 247 816
90 282 498
24 77 951
259 306 919
176 214 803
185 306 525
100 316 542
285 304 888
208 277 1
119 270 493
200 262 824
200 313 24
254 301 638
92 308 336
269 288 154
150 306 986
7 15 551
89 147 837
241 270 348
194 282 136
316 318 409
228 307 719
106 139 1
318 320 271
126 135 371
303 308 825
77 294 305
183 224 557
288 309 617
13 295 825
313 320 103
46 140 570
281 285 958
128 244 519
245 303 556
112 118 64
182 246 869
267 276 858
182 290 219
139 149 765
240 318 852
278 298 963
274 279 577
178 217 915
124 175 17
314 321 513
25 133 744
257 263 521
290 293 281
141 181 151
191 298 708
181 242 488
182 283 171
236 316 775
257 310 463
301 303 908
308 315 231
172 204 450
192 246 23
4 318 186
75 131 673
161 313 344
281 321 266
26 190 346
86 196 922
216 285 387
305 309 68
265 278 552
41 98 562
226 286 961
252 302 745
197 231 660
165 281 105
317 318 984
4 219 296
183 235 256
26 315 864
7 169 471
130 165 44
296 305 51
318 321 611
83 121 325
302 307 858
20 244 414
290 306 125
195 289 868
169 321 6
125 140 985
20 145 948
191 203 957
256 304 163
138 300 687
91 157 655
194 250 200
262 277 895
64 75 635
124 212 270
212 258 550
297 302 786
318 319 85
95 152 287
230 265 998
116 244 188
116 119 652
228 321 723
261 309 735
157 223 207
244 281 786
305 308 713
226 262 805
12 176 645
305 320 767
20 318 350
117 320 273
52 256 257
262 317 926
134 193 65
83 237 189
82 237 216
71 116 161
223 240 153
279 306 232
285 287 264
291 316 390
122 175 233
118 254 853
245 287 685
300 319 845
82 238 812
63 93 119
56 132 420
222 255 754
61 230 24
67 218 410
293 308 681
206 243 262
82 204 392
224 244 103
152 202 898
10 235 307
276 314 935
15 210 359
265 301 822
213 242 420
118 157 964
308 312 907
249 285 191
185 280 844
229 298 951
278 310 174
304 308 638
77 283 918
154 161 621
181 232 816
287 293 745
127 238 679
141 156 938
97 137 653
126 281 312
174 281 505
283 294 837
64 312 414
41 142 495
1 277 493
84 189 562
251 316 478
275 285 127
21 51 429
82 244 149
124 286 903
237 297 41
291 318 459
180 318 696
209 214 415
19 153 607
140 312 960
111 244 105
126 310 434
265 291 592
96 276 962
70 190 982
126 175 976
42 295 697
301 306 262
37 286 624
162 204 60
190 261 722
21 23 810
185 312 859
175 247 326
40 201 226
10 301 74
256 275 106
196 282 930
91 133 792
13 58 864
22 249 964
150 184 460
282 312 936
117 263 359
205 239 740
9 271 302
258 317 49
49 59 435
283 308 725
293 307 231
314 315 789
11 96 907
289 320 999
268 288 674
4 66 377
235 317 594
103 123 598
153 219 135
131 244 103
200 298 834
246 288 78
296 320 31
220 293 878
187 321 452
163 191 467
1 87 387
37 89 239
195 233 497
146 268 368
107 271 842
175 298 104
107 266 640
112 224 155
20 108 431
293 305 692
219 286 29
22 56 164
95 203 267
42 320 926
23 79 448
99 218 669
195 317 110
183 248 379
301 303 486
142 170 720
33 261 57
12 282 512
206 284 566
105 140 454
190 216 44
87 309 624
42 244 748
106 205 539
16 94 107
109 158 631
83 96 250
47 294 869
296 298 20
127 274 839
219 229 657
286 295 855
16 77 854
314 316 465
227 263 680
302 320 198
47 242 233
38 168 796
251 319 866
41 234 998
291 310 449
66 67 742
258 307 520
190 226 183
75 128 75
248 294 215
136 221 944
178 187 590
315 319 854
138 209 624
216 307 358
268 300 266
268 314 873
212 215 428
214 237 157
302 316 614
175 312 928
127 266 850
164 283 336
124 171 816
183 224 46
105 250 770
112 242 81
85 292 461
277 294 455
92 180 21
170 226 994
121 277 427
7 15 65
255 300 52
264 318 275
105 137 712
286 298 353
67 99 612
57 138 368
69 135 813
200 308 609
184 276 463
93 312 609
97 198 642
279 295 395
19 49 146
37 87 130
246 321 873
26 80 281
19 108 161
118 255 407
137 150 349
238 279 423
189 196 941
195 306 230
162 268 104
94 212 979
302 307 73
305 307 614
136 274 891
101 129 556
191 207 511
244 321 621
30 318 307
190 307 660
108 289 133
45 77 260
147 278 20
146 246 135
78 166 394
113 117 34
133 294 954
280 299 821
196 287 16
226 266 439
8 15 449
83 200 890
43 76 235
275 294 126
74 244 605
119 301 298
7 303 147
157 219 327
128 159 3
4 88 933
178 196 859
226 315 739
199 224 701
141 204 993
170 207 114
217 270 558
145 205 526
138 146 183
209 308 812
227 310 139
221 290 281
68 257 634
199 294 668
3 221 120
214 300 579
57 251 342
178 267 506
141 231 523
128 284 588
320 321 506
262 295 853
311 319 128
228 292 745
278 279 841
12 15 616
102 171 22
150 230 713
145 232 74
161 294 801
230 288 134
292 303 674
182 221 544
211 288 265
272 309 184
312 320 646
34 58 933
288 306 440
170 316 461
129 211 895
280 314 238
33 315 749
61 296 593
180 260 811
248 288 321
227 254 634
171 187 212
33 68 538
197 209 583
158 298 220
199 304 733
89 153 681
48 76 940
72 218 444
170 250 827
254 310 888
174 317 209
287 309 650
70 274 347
216 314 382
175 189 499
201 209 541
31 117 718
229 237 763
11 237 689
90 177 457
247 270 505
208 286 515
80 133 749
49 237 500
315 321 929
86 302 16
290 319 505
173 252 963
153 250 242
232 252 462
308 321 973
2 155 483
317 319 547
137 175 476
204 245 6
29 201 194
191 197 53
251 285 219
44 275 279
216 304 766
14 216 229
1 279 748
241 280 668
245 249 729
115 198 282
285 318 203
196 267 731
236 255 461
11 118 88
298 316 471
126 309 105
52 290 596
194 232 319
50 68 392
34 64 976
120 253 703
267 299 972
92 224 276
154 274 582
13 14 249
57 168 947
108 247 917
284 290 293
318 319 307
271 320 680
210 248 151
63 253 450
127 208 820
281 309 395
267 304 390
259 283 427
149 256 59
108 145 556
98 277 439
258 262 884
303 305 245
110 307 955
39 105 673
16 299 658
146 277 199
104 251 642
96 242 976
319 320 972
153 158 943
110 127 26
144 293 453
64 159 650
112 223 481
308 315 23
12 87 870
132 220 265
66 116 218
42 253 564
312 319 486
132 159 294
318 321 23
206 232 732
7 121 25
294 314 266
11 266 792
206 267 709
231 242 241
