316 138
662 819 289 250 340 549 836 620 122 936 979 870 30 941 253 573 591 194 959 728 604 465 763 673 833 90 889 428 17 898 362 482 12 360 35 857 114 338 898 305 413 851 814 155 263 354 703 5 841 390 343 568 867 700 397 850 539 290 449 893 709 849 244 355 17 323 285 938 921 571 307 522 341 182 222 500 633 822 846 369 183 546 963 120 500 405 138 882 625 604 186 54 200 314 220 72 652 769 332 549 742 144 770 890 893 661 250 380 944 341 73 930 731 328 137 849 258 201 275 711 722 195 982 916 827 120 175 374 215 866 761 545 104 974 470 169 640 402 528 819 704 173 278 555 699 327 248 714 192 974 375 644 554 474 283 281 771 768 887 961 217 979 900 111 782 333 430 983 960 592 668 355 867 401 888 104 11 751 982 945 419 650 553 902 508 51 29 125 647 731 849 915 491 76 143 424 953 249 682 524 949 752 858 23 377 871 822 571 110 246 225 991 4 388 229 239 507 719 479 948 484 824 491 883 173 638 315 387 357 644 108 828 802 589 34 987 650 352 771 376 807 144 619 557 453 857 495 957 561 480 455 441 637 818 762 494 55 418 573 622 924 452 824 904 444 371 511 194 646 708 474 50 976 915 1 538 498 65 365 354 262 883 268 190 769 755 129 89 781 855 645 117 395 42 529 928 134 273 873 482 320 367 107 854 969 416 103 246 298 9 520 80 925 641 759 240
27 172 297
295 309 351
24 240 559
75 294 528
266 281 835
48 247 818
268 283 641
128 175 307
117 268 441
66 181 874
111 280 209
19 259 914
152 294 167
290 304 272
65 144 426
129 132 12
237 292 271
13 184 761
14 221 525
9 107 11
2 233 740
91 304 162
215 290 301
222 253 466
309 310 590
193 224 329
172 271 586
195 287 577
48 208 317
146 277 708
58 226 856
23 67 585
310 316 899
120 311 678
228 287 914
4 233 626
222 225 370
246 300 111
239 246 189
191 265 481
278 290 429
52 198 364
178 312 513
141 222 928
146 302 522
19 38 897
81 183 353
66 174 265
65 169 861
28 113 98
228 271 636
171 198 645
125 164 804
25 128 623
89 267 560
57 204 784
311 315 829
28 219 579
194 298 427
17 253 505
134 166 383
126 309 653
204 241 28
63 143 763
289 311 751
78 291 609
250 313 658
155 198 408
290 312 548
137 289 853
94 147 110
253 273 797
171 214 144
37 88 712
173 252 543
253 308 343
227 241 276
56 301 206
305 309 4
283 285 713
65 81 6
293 312 449
73 232 421
294 312 728
54 83 103
140 282 702
309 316 783
7 187 501
239 273 191
1 238 593
213 254 769
237 270 252
96 210 808
105 176 361
171 251 342
117 246 256
141 209 696
274 300 529
235 299 902
167 234 185
148 167 650
315 316 993
37 235 387
179 201 868
273 276 517
95 245 499
311 312 813
254 295 551
40 97 39
132 188 619
197 315 948
252 293 768
31 38 56
99 272 611
184 258 673
138 216 864
27 249 415
155 309 4
137 279 199
189 215 596
188 266 986
101 162 164
90 141 133
70 157 204
42 213 500
88 266 106
315 316 818
217 263 174
141 289 2
20 99 879
62 285 915
30 202 95
75 140 7
173 180 664
276 295 976
228 230 763
292 293 152
294 305 926
