482 168
788 751 456 540 871 209 56 948 392 807 560 123 111 26 452 302 426 347 241 750 163 382 806 834 580 49 645 288 610 530 893 772 452 263 147 957 198 305 474 207 900 944 997 216 32 600 595 228 529 341 884 280 817 421 852 221 884 456 60 572 835 302 84 814 52 939 92 985 463 209 262 923 845 153 16 545 215 890 164 3 581 885 743 525 723 264 932 854 54 401 339 794 334 792 95 815 942 541 916 898 5 460 188 878 841 957 265 303 418 679 847 479 888 984 677 898 245 621 335 362 495 925 520 792 504 656 558 575 802 544 773 282 991 534 544 905 891 357 628 862 706 20 924 587 892 627 802 561 606 246 903 24 266 718 458 642 444 423 623 200 823 641 519 926 351 407 793 311 560 71 497 29 206 196 213 371 287 266 192 697 645 257 642 447 450 735 78 40 522 794 309 252 212 636 900 663 356 912 639 445 685 475 247 741 790 114 794 660 636 928 278 157 123 388 819 199 449 916 408 236 121 485 703 58 288 243 622 51 833 975 753 183 872 456 275 319 179 559 246 206 379 929 271 697 152 899 145 602 676 776 897 843 47 941 713 554 335 669 627 977 676 265 770 985 546 111 475 188 389 299 628 740 675 929 896 846 788 323 751 548 299 849 400 648 572 196 114 202 630 63 286 430 611 103 611 873 120 528 471 952 620 472 930 54 205 320 426 892 210 397 793 310 654 305 657 428 283 76 648 239 334 261 625 582 184 733 161 385 681 672 83 268 745 880 674 435 45 367 626 959 388 96 435 767 157 260 790 259 120 847 922 45 844 387 971 869 83 320 244 13 934 556 903 794 382 660 905 725 962 499 609 866 569 378 925 868 374 399 49 989 837 843 981 199 340 451 70 43 39 986 655 124 804 411 56 729 403 667 997 984 528 483 860 877 956 567 402 295 470 49 941 825 512 951 520 34 38 727 925 54 641 93 545 498 378 135 287 851 907 439 543 487 746 239 872 518 647 982 896 331 266 424 451 26 240 781 658 266 866 907 17 391 182 330 805 996 132 374 981 650 278 577 239 762 126 211 731 792 775 841 807 927 138 422 612 373 554 965 554 15 178 341
125 363 713
180 393 349
455 479 193
153 387 958
371 391 943
201 336 806
109 274 405
30 71 987
206 326 629
165 232 413
201 341 127
449 450 911
426 431 605
49 412 614
84 101 159
388 425 217
440 441 477
218 266 719
343 386 447
187 420 596
261 449 959
50 317 859
130 477 195
95 264 120
346 404 1000
55 393 953
287 295 386
28 298 203
383 436 696
242 327 339
467 478 574
42 456 621
169 174 318
311 331 113
23 189 52
63 217 585
168 172 311
5 468 539
417 448 950
259 454 525
442 455 844
231 251 941
63 419 980
9 112 561
14 319 232
415 440 672
324 434 965
232 258 169
212 249 866
193 286 527
88 259 181
268 396 442
52 120 735
361 443 455
300 450 464
282 468 599
289 393 189
16 327 510
304 392 774
36 98 931
51 474 259
473 481 439
252 333 199
93 151 260
88 395 354
331 455 856
453 458 29
64 227 684
462 470 510
138 477 554
189 210 239
164 288 738
167 468 350
429 461 214
325 330 55
24 453 306
57 297 693
129 399 180
176 467 472
363 368 597
98 400 289
151 413 71
336 350 68
379 467 338
303 374 218
299 307 873
480 481 897
364 466 156
458 479 448
139 362 349
304 322 849
395 467 498
216 251 874
269 331 288
336 424 58
469 479 717
381 478 444
261 460 934
128 207 122
274 475 489
177 226 728
381 384 187
82 242 63
443 453 887
31 409 871
134 193 814
84 468 369
442 467 868
408 411 510
397 455 934
448 474 178
81 313 99
455 457 930
232 429 230
66 454 185
475 478 625
335 465 423
308 472 631
219 475 161
313 422 399
371 388 186
384 415 313
218 298 424
78 461 563
469 475 342
234 282 216
339 343 167
303 454 982
54 122 374
422 481 261
272 380 597
319 419 885
40 160 202
401 438 260
184 401 390
246 308 915
318 475 113
231 319 186
22 135 561
301 325 963
219 356 971
139 324 508
38 68 307
239 341 564
143 439 425
456 478 995
108 362 371
89 465 748
354 401 544
95 346 820
178 199 846
71 123 840
424 474 832
44 323 433
339 386 412
281 369 163
274 315 235
224 463 925
264 468 902
210 477 520
99 405 403
312 364 438
127 335 618
56 127 366
89 444 325
417 450 258
331 461 649
297 352 935
