210 931
157 836 65 262 384 916 605 986 264 869 672 218 318 317 265 205 930 448 764 111 975 9 935 622 446 309 956 817 873 452 704 78 168 859 844 899 316 182 927 748 56 186 103 878 465 21 578 637 88 419 78 866 282 25 682 45 422 986 966 337 404 95 103 137 248 907 53 32 659 40 954 638 650 364 192 571 550 720 999 715 970 166 82 431 131 232 734 230 581 61 572 159 638 100 800 589 686 248 897 829 900 394 575 302 928 621 959 443 608 337 532 990 38 360 513 641 551 965 932 72 941 295 935 315 215 468 75 513 446 252 8 443 525 685 607 679 920 727 103 984 520 199 52 229 938 716 93 706 911 907 950 730 40 484 681 574 721 463 774 536 90 708 6 81 188 460 141 879 748 864 603 821 875 399 283 236 327 328 968 888 398 884 222 31 548 610 205 651 990 176 299 277 483 363 145 540 187 319 282 478 402 402 248 20 46 253 101 606 919 694
10 85 137
206 210 28
174 204 256
55 84 573
18 51 755
89 139 131
43 147 693
125 135 742
139 188 887
23 53 697
53 79 864
114 129 645
87 146 128
120 169 820
55 74 954
11 175 417
17 41 996
177 182 333
102 146 935
107 164 162
94 158 661
77 121 800
127 150 165
122 193 526
81 140 496
107 114 562
193 197 460
9 187 514
30 133 852
179 188 994
195 206 2
34 70 210
92 191 999
122 134 615
134 155 699
173 185 240
136 203 531
63 208 352
57 78 864
49 153 166
6 179 505
153 154 404
127 184 114
107 199 210
161 195 617
94 147 972
146 170 217
48 124 852
83 160 853
54 105 520
3 170 937
112 144 134
12 130 270
108 207 717
121 179 142
87 173 989
16 147 908
179 187 737
192 193 219
182 188 112
49 183 530
208 209 984
7 96 899
208 210 335
78 124 118
6 54 238
38 148 616
32 136 756
162 192 530
200 207 49
198 206 559
107 137 402
127 145 449
107 173 513
23 41 70
128 206 406
71 105 831
52 175 8
66 171 471
98 137 510
32 77 326
3 20 420
109 173 880
96 119 383
42 81 31
18 36 301
86 157 163
179 187 552
37 94 886
7 61 735
5 191 30
84 92 929
135 202 645
128 202 32
161 180 576
134 195 866
153 171 626
20 210 602
150 182 90
136 161 834
204 205 225
89 178 422
34 149 97
85 124 539
140 178 424
28 90 422
99 166 177
184 194 974
94 187 548
136 155 706
190 208 544
60 124 247
6 171 620
139 145 404
202 205 745
84 208 69
141 147 360
185 208 45
24 108 405
160 175 480
74 151 732
16 118 480
166 193 181
124 142 997
51 140 799
78 156 916
42 190 977
119 197 935
157 205 756
41 78 372
56 72 760
185 193 386
147 197 375
209 210 201
153 186 220
108 161 240
115 131 594
73 163 380
110 173 436
94 164 195
55 86 687
152 169 119
154 161 475
50 60 112
95 208 382
38 125 980
125 194 120
46 99 150
202 203 50
23 111 400
92 133 977
184 209 707
96 201 643
108 209 185
187 188 487
89 191 466
157 183 253
16 97 602
103 166 869
193 198 602
25 206 242
97 190 995
32 66 187
81 141 218
103 135 832
153 201 990
16 117 221
126 148 901
8 186 602
167 203 53
19 48 943
4 163 100
201 202 469
136 202 338
49 123 400
169 196 569
140 204 723
136 201 6
154 178 821
169 188 443
126 181 801
207 209 404
85 175 251
69 197 30
42 118 975
180 201 558
169 195 843
22 151 149
36 73 863
61 164 251
170 181 29
186 194 449
127 138 73
205 206 881
109 142 570
33 74 328
16 203 282
183 204 964
8 127 46
1 14 776
90 136 854
114 132 616
205 207 97
61 64 179
51 102 981
160 164 100
109 151 313
45 89 304
40 67 824
27 103 284
148 157 955
41 47 845
175 198 907
175 200 597
52 72 7
24 78 738
161 162 685
100 109 6
69 94 114
203 204 169
149 154 899
71 187 524
140 146 972
24 165 246
184 188 136
86 122 924
139 205 596
87 162 885
112 119 352
97 106 470
153 205 49
129 177 364
127 191 870
169 173 670
46 75 85
52 64 254
81 177 88
59 93 469
182 197 679
18 72 263
169 183 762
29 209 564
168 199 275
67 123 510
172 191 781
55 191 265
165 203 22
142 199 748
129 155 792
143 169 59
83 107 39
33 191 481
64 102 468
137 193 373
72 199 419
58 67 949
29 112 867
55 160 207
64 160 732
121 177 645
4 122 672
129 198 84
40 135 360
109 195 30
10 210 409
99 180 80
106 188 584
191 194 192
203 208 848
34 53 196
23 123 679
108 112 134
101 179 216
161 180 167
59 77 941
158 184 736
4 66 29
26 185 925
135 180 62
175 193 910
148 177 892
126 189 879
24 158 304
183 198 527
56 145 335
31 210 473
168 176 773
65 164 453
93 141 283
176 183 425
79 161 909
186 200 131
57 127 347
121 209 112
59 173 53
137 145 856
185 208 553
181 190 637
2 159 594
137 206 251
203 204 468
80 189 207
121 150 797
188 206 943
45 185 696
85 163 392
69 152 440
60 169 49
112 140 581
65 134 581
175 199 141
42 44 770
94 127 673
64 160 110
96 122 750
103 140 132
44 73 453
170 190 729
77 92 614
197 210 542
15 29 217
52 147 753
61 180 732
196 200 934
114 193 331
123 153 456
28 191 486
30 188 698
193 205 906
111 169 486
209 210 882
133 140 467
41 157 706
87 95 981
48 197 832
46 109 441
84 140 885
23 33 738
105 137 133
57 113 473
60 106 479
46 63 771
189 194 641
79 117 111
144 177 762
157 187 639
43 115 431
68 117 746
21 189 395
158 172 458
1 48 784
53 75 116
52 200 956
97 150 763
14 34 862
165 203 186
162 206 692
95 123 797
77 200 455
198 200 714
198 207 136
26 149 830
165 172 967
193 199 966
157 183 412
190 197 727
117 197 429
24 135 390
56 116 78
159 190 93
160 204 285
170 171 346
11 17 626
158 169 76
166 178 864
123 207 96
135 149 849
176 195 584
182 201 498
73 109 204
31 187 13
81 98 685
5 97 102
94 197 117
164 179 290
154 203 182
78 146 986
180 206 118
3 206 874
191 201 724
146 152 422
122 174 50
125 156 739
179 201 659
190 200 699
81 103 958
207 210 428
143 204 414
183 204 613
62 69 559
53 140 546
71 183 483
90 162 93
91 151 102
109 133 687
136 193 692
27 59 14
91 93 333
31 128 730
125 157 564
108 152 588
44 144 643
132 173 908
90 150 10
197 207 516
162 180 337
102 149 30
53 207 664
145 178 721
94 193 329
207 210 302
80 166 665
169 184 869
151 170 733
174 202 481
146 199 950
3 87 884
112 150 843
24 111 40
32 77 488
207 208 56
194 203 144
182 189 1000
15 114 647
116 123 980
40 121 330
60 137 482
56 151 856
160 177 933
21 33 984
201 205 852
6 179 24
109 199 893
134 203 441
79 154 534
60 122 432
205 206 616
21 24 369
154 197 628
196 202 419
114 193 504
105 142 704
131 208 658
136 200 758
194 209 989
22 207 858
130 153 109
59 86 816
19 120 762
54 183 38
57 102 999
77 141 786
102 190 495
177 202 470
202 203 780
72 151 918
36 137 190
47 177 343
135 165 770
9 88 443
51 196 243
149 192 258
7 203 870
101 203 352
207 210 544
128 172 46
42 123 180
131 135 459
102 137 157
120 156 834
52 166 765
73 88 402
32 161 386
51 89 257
14 84 313
52 88 530
121 130 54
147 197 617
107 175 201
206 207 132
117 128 82
201 206 279
199 205 564
77 167 220
29 59 792
124 198 286
129 140 812
108 157 496
4 19 710
9 194 49
117 210 136
66 143 743
193 207 435
90 96 30
35 166 459
70 153 586
2 11 231
17 55 277
114 131 394
191 207 452
87 148 127
193 207 839
7 164 823
30 60 940
200 201 631
163 189 379
196 210 196
31 67 593
168 182 209
79 110 483
4 26 848
37 176 134
57 145 703
201 205 500
81 209 81
96 169 385
161 184 1000
100 198 271
33 163 700
181 182 558
68 180 57
93 204 462
121 205 566
66 170 741
50 89 407
182 196 589
70 118 982
129 174 288
156 185 27
51 70 962
18 160 355
192 207 505
142 181 732
180 182 829
5 174 421
31 33 32
93 173 395
103 180 325
198 208 704
12 164 453
55 152 487
192 193 394
25 202 614
66 67 473
129 176 899
149 167 444
118 143 571
87 144 819
85 104 607
54 118 997
170 187 991
12 114 897
102 164 66
85 201 291
29 102 335
81 147 789
123 193 329
140 165 607
201 207 988
49 198 893
15 145 266
16 101 763
173 199 201
177 210 644
164 204 730
172 181 702
59 196 146
111 123 542
183 206 912
209 210 908
181 182 473
76 98 97
164 176 547
77 121 66
129 195 49
176 192 990
41 181 696
122 164 684
175 194 966
75 189 21
150 186 994
163 173 959
92 127 658
48 163 493
63 150 588
166 196 928
108 141 270
160 177 485
79 153 661
208 210 90
53 196 291
159 183 736
42 143 723
55 192 751
73 87 37
19 69 127
142 168 578
106 127 409
26 163 807
203 210 21
55 143 894
18 24 257
72 142 174
55 194 295
118 163 453
150 163 722
124 193 356
133 152 713
177 197 622
165 179 246
142 154 250
48 178 997
79 98 591
92 185 237
178 193 28
24 164 652
161 162 377
71 105 797
165 205 59
174 193 946
8 104 842
86 92 712
204 208 511
145 147 482
202 207 1000
16 116 966
35 41 213
29 128 559
17 67 147
195 197 326
152 176 781
14 194 58
56 78 937
74 155 230
31 203 936
37 166 566
56 149 208
99 118 724
39 140 120
144 156 48
188 201 537
204 208 655
56 159 956
95 144 408
53 200 662
8 76 340
126 169 898
33 142 644
153 161 201
164 184 378
122 163 140
32 189 331
109 144 595
10 171 315
149 169 308
90 146 600
141 157 23
102 108 503
66 120 202
53 116 329
193 208 1000
206 208 573
118 140 580
63 67 164
7 88 362
187 188 442
52 60 342
206 210 280
37 117 961
44 75 798
136 197 683
28 107 360
18 181 785
45 70 200
40 118 982
205 207 387
182 203 232
70 86 499
66 137 967
177 179 695
69 76 689
6 186 437
41 201 33
51 78 697
197 203 411
97 175 128
48 200 529
79 128 381
104 115 812
167 202 785
114 204 744
187 189 806
16 194 256
179 190 147
130 199 326
57 154 821
195 203 691
208 209 517
94 134 349
110 133 161
154 196 53
70 208 856
25 105 499
127 163 451
80 167 246
175 198 531
89 115 319
46 100 94
13 173 313
151 166 590
33 98 834
147 150 842
10 126 234
87 195 887
206 210 724
118 120 862
63 98 986
112 202 948
15 182 378
14 174 935
112 161 157
157 190 848
128 132 50
21 41 98
206 209 191
108 147 807
25 146 691
170 175 161
119 193 960
98 142 402
181 192 429
148 184 255
74 191 190
132 163 359
56 148 973
51 208 426
35 197 345
172 173 50
132 188 325
154 173 825
177 189 533
11 186 630
26 39 321
72 159 543
22 210 788
122 167 808
150 178 463
125 193 494
1 201 265
143 197 86
60 140 111
28 103 827
84 122 60
188 210 877
117 196 136
155 207 252
80 122 712
51 88 505
50 115 32
48 105 361
194 195 620
31 112 192
97 173 536
181 194 494
20 52 682
171 199 53
45 192 666
143 208 790
132 198 994
4 167 497
90 107 945
17 31 812
81 86 3
181 207 180
194 197 806
106 143 598
133 210 19
76 143 588
147 210 368
182 192 902
131 154 471
112 163 61
165 172 879
18 98 830
3 139 497
28 158 18
4 14 555
112 169 32
65 202 769
174 196 948
195 207 641
80 204 261
193 204 822
164 183 614
193 210 933
73 147 89
37 78 43
35 78 123
14 192 32
164 196 939
46 57 554
151 171 492
36 166 402
100 202 401
147 207 663
116 162 405
64 124 855
173 180 511
60 156 18
162 179 470
128 186 635
65 186 212
208 210 632
32 171 111
49 162 37
186 206 395
164 175 673
191 203 909
203 207 32
13 105 58
198 210 563
77 167 858
116 208 845
36 84 522
200 204 15
28 111 728
61 122 419
100 129 996
123 125 859
99 186 367
101 118 835
93 131 117
171 205 559
69 122 558
5 174 160
110 121 132
191 208 392
123 185 777
203 205 438
166 196 181
64 132 393
28 166 499
4 108 709
61 185 935
124 133 751
186 191 187
94 102 120
8 207 846
1 116 306
21 165 341
19 40 25
115 121 785
185 194 719
114 150 46
187 202 36
144 185 792
15 147 490
25 206 943
193 208 386
84 136 742
50 164 58
23 65 258
127 158 659
158 161 529
36 65 867
100 115 425
115 190 990
74 81 150
195 208 559
196 197 694
10 201 4
77 158 73
72 188 915
145 179 749
188 190 363
55 67 324
172 173 340
182 201 354
154 176 485
183 187 260
51 145 720
106 129 694
89 115 603
89 194 810
41 50 785
61 107 550
108 193 787
121 171 537
5 175 162
66 144 61
176 200 574
58 124 22
109 147 393
62 146 901
26 44 732
185 190 109
104 194 712
24 80 952
54 111 585
156 190 573
81 179 802
45 170 168
101 122 331
193 200 96
181 199 106
188 210 972
141 202 466
88 106 216
19 86 504
131 201 605
142 148 749
72 196 830
139 190 155
179 196 199
112 178 300
155 198 500
107 123 136
20 131 465
137 186 412
80 191 857
140 149 113
