65 60
45 40 64 13 15 5 90 78 85 91 26 90 42 93 52 88 91 50 7 77 81 82 32 21 36 93 75 25 16 60 48 45 11 24 15 7 77 1 86 5 59 14 58 91 44 19 35 89 50 95 10 58 59 17 61 41 74 43 84 44 74 32 93 89 86
50 61 68
35 40 67
20 52 96
18 53 19
31 61 39
63 64 55
34 46 27
55 63 29
17 65 96
11 37 17
14 56 19
59 64 88
42 44 89
41 59 79
27 33 67
53 62 90
34 42 53
51 54 87
38 51 61
15 16 79
25 31 100
20 27 4
4 14 45
57 61 19
9 13 82
37 47 9
18 40 77
19 25 31
43 51 58
44 60 11
8 44 35
17 38 4
50 64 70
47 62 17
47 64 96
26 65 98
29 63 59
40 48 62
64 65 9
20 27 42
6 45 90
54 59 6
42 44 40
8 34 58
43 64 65
44 55 97
15 18 31
51 52 13
31 52 76
4 48 31
19 33 54
59 62 57
28 43 68
5 40 53
51 59 23
57 63 49
4 62 39
5 29 62
27 47 97
44 46 89
