631 503
93 774 198 555 794 920 561 844 779 395 858 703 419 313 216 551 767 357 655 924 926 839 374 340 291 121 983 652 173 647 156 792 677 476 931 804 874 804 201 176 49 293 92 887 701 531 404 189 195 603 514 590 654 662 198 877 121 913 125 69 591 579 343 664 545 463 991 649 804 653 892 515 234 134 890 33 879 876 264 305 834 102 452 400 620 635 171 895 886 794 987 202 562 991 730 204 265 828 183 954 555 274 470 99 835 282 26 634 278 942 782 734 434 744 652 933 171 847 626 959 179 435 197 226 151 562 77 838 264 399 873 14 850 968 501 771 934 343 264 812 546 842 860 390 670 850 656 400 463 156 61 827 976 30 107 692 97 226 333 703 165 290 606 976 960 924 522 239 181 977 988 778 193 360 573 582 662 799 727 65 712 40 212 406 412 346 749 172 218 856 497 299 311 497 359 372 634 392 711 691 164 47 258 875 873 784 202 317 238 698 354 283 361 533 217 259 61 207 151 286 960 863 562 689 423 93 314 298 4 457 594 262 368 646 640 954 96 383 753 264 217 232 214 415 482 459 974 24 784 92 996 793 789 304 947 729 678 255 306 834 478 851 172 91 853 35 8 313 505 157 108 523 2 696 669 577 538 997 205 830 521 546 718 531 625 46 222 39 900 136 778 278 459 791 4 122 875 852 341 773 907 737 228 400 863 737 532 418 332 431 727 302 998 785 851 808 665 536 479 193 131 786 954 691 508 506 917 935 500 233 800 348 359 559 917 386 934 174 839 431 986 891 662 836 488 315 28 58 209 816 843 282 921 229 881 580 941 839 6 245 32 627 357 714 617 672 317 286 352 860 318 799 714 376 59 951 531 836 714 534 865 330 484 538 788 420 366 638 90 465 931 762 702 441 714 908 95 666 62 384 274 639 193 490 261 269 815 979 204 90 736 292 950 970 434 234 41 955 936 375 924 918 215 729 782 707 173 753 434 422 82 992 323 487 397 653 114 136 105 542 798 303 66 401 525 180 650 724 542 793 613 948 56 748 791 424 58 858 5 337 986 950 864 495 780 91 806 883 805 248 920 793 774 757 807 353 46 323 851 525 785 477 127 366 889 218 417 602 34 974 767 993 966 623 676 808 790 395 175 309 760 324 480 679 645 206 883 597 60 171 161 477 282 995 33 337 659 947 788 907 995 795 455 400 551 186 433 588 649 668 925 327 973 743 429 250 726 985 501 568 346 612 59 203 103 2 563 234 673 944 481 769 164 929 560 515 184 485 315 330 843 342 331 620 180 11 824 97 884 617 379 64 632 934 572 324 78 755 955 969 579 890 588 715 488 612 910 194 702 443 500 479 2 328 273 741 598 323 973 321 435 439 120 762 108 326 694 358 663 68 350 893 627 35 151 293 80 139 654 150 355 644 26 501 961 331 721 221 639 927 734
380 387 72
39 328 725
517 585 802
382 517 991
405 457 337
85 99 324
303 390 262
615 627 199
307 457 699
213 453 838
478 493 584
264 419 762
405 433 654
139 342 606
513 562 62
171 315 896
573 598 436
120 357 661
514 607 572
118 266 868
390 595 341
209 623 391
238 447 639
368 534 22
617 630 682
269 513 756
99 148 190
227 297 416
500 594 765
445 608 706
113 468 949
309 405 601
187 579 102
184 362 458
73 526 153
428 568 652
103 279 904
280 401 704
526 572 12
426 624 40
343 617 530
297 509 923
413 598 241
432 468 443
78 117 110
546 567 328
420 513 557
366 515 778
72 201 916
489 510 325
315 455 446
321 524 588
67 622 140
293 507 954
395 511 337
623 626 290
515 594 575
318 434 325
503 551 825
420 492 893
361 402 608
180 552 441
216 492 696
493 614 356
135 200 110
449 629 974
625 630 527
551 559 284
376 425 158
572 573 313
226 539 493
562 577 448
564 607 915
259 361 41
246 524 957
308 559 923
76 102 283
576 591 910
401 556 145
386 555 216
383 576 286
246 526 131
560 574 150
618 619 261
435 544 990
294 530 58
337 592 613
252 399 559
6 356 300
452 556 464
540 581 654
600 615 824
327 499 913
404 546 31
615 630 468
618 628 218
491 508 892
115 262 867
454 464 462
171 302 620
416 428 67
143 583 509
95 345 603
158 598 372
528 558 819
378 581 456
299 454 226
7 324 600
509 619 399
97 483 775
581 619 832
309 434 879
504 567 425
404 583 801
291 583 378
109 111 549
581 600 7
264 385 332
397 485 248
628 630 823
163 558 646
395 522 169
395 580 405
101 440 62
213 371 491
263 450 461
65 560 454
6 239 144
216 427 963
414 555 364
229 545 683
100 294 963
215 439 877
298 469 820
129 413 880
607 612 510
277 535 897
581 601 352
73 140 431
484 576 637
596 627 854
332 341 922
137 326 158
569 585 817
552 572 439
189 340 543
495 621 283
254 571 870
243 349 760
76 603 942
603 624 59
221 344 131
1 420 308
219 227 80
125 486 475
425 567 682
393 426 985
587 589 436
605 613 644
407 477 984
274 407 650
262 353 737
425 557 780
154 501 710
278 382 946
210 266 119
442 453 338
481 514 817
407 629 560
352 361 811
422 587 481
543 618 173
73 483 964
166 184 985
128 298 260
96 191 641
232 519 349
484 507 417
516 518 914
396 404 270
371 485 50
462 559 768
236 482 577
208 347 471
381 454 629
116 333 841
137 421 9
462 591 94
131 472 187
623 624 653
525 549 622
8 522 155
304 496 893
129 574 219
21 369 11
304 488 623
571 616 108
370 592 331
570 587 960
289 593 258
80 438 199
341 475 342
363 530 494
54 414 10
437 549 540
44 241 68
477 536 466
72 487 105
192 561 151
12 315 582
162 521 969
71 448 104
179 476 815
555 598 935
356 531 58
566 595 504
16 59 254
409 420 407
322 607 986
288 296 443
201 327 780
76 405 691
273 622 150
488 522 660
16 503 827
543 548 707
6 320 806
428 476 66
439 474 692
552 631 709
429 590 194
211 442 132
113 566 700
456 487 462
477 594 254
292 621 56
283 588 170
120 548 400
208 610 427
33 378 114
36 95 438
583 626 786
355 531 804
603 622 883
302 441 61
513 553 701
477 614 599
567 598 139
265 537 460
256 314 497
470 559 230
273 355 744
189 380 171
337 535 794
218 379 540
516 554 792
600 611 661
93 493 900
4 148 700
225 321 670
178 221 771
218 271 532
126 129 689
448 549 171
396 423 222
277 282 359
168 533 318
159 183 545
249 444 86
508 586 699
627 631 37
278 564 465
258 302 651
204 577 799
136 322 497
210 562 709
419 579 285
108 197 501
260 598 357
13 251 794
270 329 128
41 246 402
22 158 696
230 349 739
491 573 854
474 477 179
513 588 770
299 375 23
353 608 756
343 456 478
306 354 232
428 561 919
263 456 863
185 575 456
23 584 669
105 377 79
103 511 39
97 408 295
144 535 126
289 334 857
457 593 430
627 631 113
593 605 370
444 552 808
154 419 465
597 604 15
94 393 564
514 615 974
274 279 193
500 549 699
617 624 885
407 450 515
400 501 540
243 394 217
164 566 682
244 283 860
627 628 99
543 563 405
104 544 291
12 329 389
570 590 740
349 366 221
375 505 380
93 181 128
456 508 90
491 543 626
166 597 205
475 528 316
604 628 793
271 553 943
324 345 896
390 594 850
178 377 555
214 457 685
565 627 224
311 564 757
397 432 296
508 574 557
300 405 359
339 558 709
629 631 665
263 525 444
431 458 228
142 387 795
84 213 841
137 287 406
601 629 947
189 394 650
533 618 260
469 486 499
514 590 893
195 414 535
159 188 139
126 483 73
182 184 963
272 392 158
520 561 855
193 596 232
300 602 225
262 418 46
569 610 295
65 387 772
488 522 475
198 312 715
491 512 330
144 288 614
83 627 603
18 129 817
176 358 236
553 630 784
71 495 807
57 93 489
385 540 62
596 615 83
91 613 757
615 617 954
466 561 542
370 567 344
171 210 424
52 315 784
564 615 202
6 456 85
545 551 527
370 465 428
15 257 801
430 431 250
523 612 413
416 571 371
503 505 628
296 558 88
29 308 961
232 583 536
378 506 300
550 605 735
188 372 604
105 108 670
115 461 665
629 631 668
393 475 156
510 531 291
518 565 157
559 592 665
433 578 618
247 300 949
19 43 718
13 349 406
161 245 15
137 576 254
95 221 595
3 612 934
107 506 643
377 525 730
188 375 546
595 615 816
146 573 986
195 514 986
50 317 993
511 618 742
13 457 114
86 216 75
75 285 509
209 483 732
488 502 51
324 606 824
279 357 800
487 519 933
470 592 788
614 622 930
19 248 427
140 460 573
349 405 138
465 557 897
44 63 586
334 510 654
476 556 266
242 463 287
436 457 96
533 601 81
215 317 209
526 561 600
269 353 83
375 427 581
472 492 706
222 312 25
564 624 207
454 496 166
565 575 268
306 532 88
628 630 530
432 532 213
411 486 717
501 598 596
75 283 76
323 537 332
463 500 333
75 87 769
525 613 788
116 451 546
464 525 469
476 586 477
474 549 391
148 427 825
430 468 9
45 174 670
73 262 787
594 596 528
266 498 493
158 290 460
552 565 851
574 596 397
262 576 51
485 496 65
338 625 462
188 246 564
617 620 611
525 594 90
256 322 619
489 580 63
247 441 990
408 544 772
360 619 754
205 225 998
33 385 921
365 415 640
122 387 124
381 567 794
445 594 652
234 439 379
180 550 378
118 507 357
210 561 40
270 402 502
363 392 554
224 605 724
187 426 866
293 334 665
506 514 698
582 631 162
347 614 607
312 352 213
143 396 925
597 631 597
191 456 766
