11 167
33 288 143 594 9 880 485 323 433 613 564
4 5 960
10 11 444
4 5 351
6 10 404
9 11 342
2 9 716
5 7 512
10 11 87
4 7 328
8 10 106
7 10 519
7 8 143
4 5 163
1 8 182
3 5 86
9 10 418
4 5 686
3 5 466
7 11 56
10 11 233
1 2 464
9 10 165
1 7 132
8 11 984
4 10 928
6 10 276
9 10 669
4 6 780
4 5 238
9 10 185
7 9 226
9 11 968
7 8 668
10 11 985
2 8 963
10 11 346
8 11 302
1 9 489
5 10 438
4 10 257
7 9 80
5 10 938
9 10 561
2 6 299
8 10 713
6 10 645
6 8 630
1 6 822
5 10 388
1 6 42
8 10 871
2 5 377
8 10 613
1 10 35
7 8 257
5 10 79
7 9 903
5 9 106
1 2 448
4 11 897
6 8 159
5 11 232
5 11 414
9 11 895
3 8 111
7 11 799
9 10 240
7 11 601
10 11 617
5 7 948
7 8 925
1 8 19
1 8 223
9 11 185
6 10 656
3 6 195
1 7 788
5 9 475
9 11 851
5 6 363
6 8 563
2 11 52
10 11 314
2 4 94
4 10 179
5 11 999
9 11 444
3 7 213
8 10 773
2 10 405
9 11 78
1 5 99
9 11 463
5 8 213
4 7 276
10 11 523
3 11 435
10 11 942
1 9 793
2 3 231
7 10 116
9 11 643
5 10 85
7 10 967
9 10 169
3 11 224
1 7 830
5 7 240
8 11 122
5 6 875
3 5 689
6 10 61
6 8 109
2 5 550
7 8 431
3 10 107
1 6 677
2 8 873
8 9 162
9 10 944
5 6 454
4 7 686
4 9 566
8 11 961
10 11 577
1 5 868
3 5 275
7 8 47
4 10 609
8 11 620
1 10 165
8 10 208
5 6 854
10 11 886
6 9 339
8 11 924
5 11 356
6 9 956
3 10 586
8 10 707
7 10 77
7 10 754
5 11 806
5 10 765
7 11 45
6 8 482
5 10 4
9 10 480
3 8 614
8 10 701
8 9 948
2 3 426
5 9 943
1 8 56
8 11 409
8 9 247
10 11 519
6 9 762
1 5 615
10 11 898
10 11 236
10 11 60
4 10 552
8 10 797
6 10 359
7 10 883
10 11 844
