170 136
697 829 573 772 347 328 626 995 366 433 310 892 869 63 258 409 862 181 558 943 335 84 232 575 621 111 634 917 33 969 494 700 764 319 787 341 794 232 82 205 34 960 34 803 938 573 609 413 30 362 379 98 489 108 927 284 340 767 475 380 695 260 572 6 771 790 942 451 959 388 387 619 791 457 791 324 591 625 686 119 916 477 935 321 790 698 894 422 929 406 303 526 449 661 357 805 828 316 931 745 94 987 286 711 36 8 873 476 495 125 733 738 194 699 383 821 989 297 449 329 334 90 522 558 883 744 659 643 770 957 114 938 800 320 184 802 972 987 852 301 135 896 616 127 78 951 274 872 907 376 317 228 38 581 799 482 829 630 461 417 738 332 440 640 800 164 674 821 712 464
53 143 399
42 89 770
167 168 216
23 105 359
35 127 862
71 72 409
155 163 593
158 166 233
146 155 249
167 168 119
64 73 405
103 166 102
78 161 800
133 138 859
39 116 743
143 158 172
7 42 609
34 70 857
93 165 706
82 91 196
81 113 816
141 158 689
141 162 681
159 164 846
133 140 179
33 151 624
25 142 516
122 156 576
72 75 777
17 85 303
117 137 812
4 57 827
56 150 39
158 167 861
2 57 827
23 41 844
107 109 944
93 137 158
112 133 245
103 116 589
129 156 889
107 170 320
34 65 141
47 93 161
47 155 678
164 170 339
157 167 201
74 143 680
94 143 307
169 170 819
139 160 650
46 107 660
139 164 823
155 156 347
5 60 888
45 111 927
81 117 249
32 92 761
93 163 72
117 147 955
60 99 285
76 166 433
134 155 319
86 134 704
11 48 851
57 83 120
76 128 364
17 72 341
22 154 717
7 101 64
157 159 843
86 163 458
150 155 788
64 128 897
19 38 873
145 160 149
150 168 286
52 140 198
62 145 201
52 127 88
7 118 452
80 109 211
50 68 268
62 113 592
137 143 537
31 43 322
25 70 637
79 99 625
98 122 53
94 125 95
148 152 185
65 127 72
35 111 177
151 162 941
129 134 856
54 140 946
33 127 4
141 150 65
138 141 928
85 120 701
62 143 577
81 149 662
123 135 248
164 167 665
127 158 445
8 36 934
34 151 47
59 146 692
156 169 339
23 130 218
136 169 588
137 143 27
108 149 902
99 154 336
130 131 70
128 153 811
80 141 468
21 85 519
158 162 378
149 159 58
43 157 854
44 58 687
9 103 588
152 165 95
126 158 586
153 155 381
165 169 902
2 28 404
26 88 826
153 161 650
108 123 867
86 105 979
101 145 758
35 44 598
71 148 40
111 127 900
