705 273
743 627 32 416 53 328 465 846 805 376 590 66 455 61 286 715 641 254 477 402 123 982 205 180 907 737 684 202 352 134 875 104 254 972 507 439 859 361 683 206 963 274 407 210 226 919 258 538 349 837 466 755 411 59 513 115 307 475 826 416 77 895 964 692 910 344 722 303 571 429 850 104 125 895 200 905 538 451 271 620 844 350 47 860 979 494 840 786 598 184 752 530 577 665 642 419 685 585 158 876 580 426 122 896 928 942 469 351 882 346 962 907 870 33 606 313 853 63 788 672 973 165 841 984 545 293 313 801 481 794 994 487 134 57 318 698 909 535 778 862 274 653 388 876 998 876 660 378 791 750 598 47 919 92 626 176 402 307 30 845 352 387 41 224 975 652 48 1000 625 667 28 612 48 132 983 562 245 721 770 140 801 690 594 433 642 130 844 409 991 373 785 409 179 762 898 317 467 61 14 189 768 936 223 512 950 289 639 232 141 623 591 318 47 223 246 564 980 550 247 299 671 242 986 213 352 242 569 455 931 130 902 245 882 927 787 942 119 595 668 155 36 141 279 25 454 896 221 84 23 665 636 989 493 500 232 622 613 184 349 354 875 910 690 305 568 207 78 788 579 296 818 917 408 878 176 533 772 318 891 1 350 566 374 216 465 266 708 988 499 285 294 75 886 438 488 727 878 450 918 519 258 45 973 429 42 90 73 437 543 877 373 281 635 1000 420 615 464 631 375 487 757 693 503 995 91 846 649 312 52 15 230 206 598 714 358 595 697 798 158 483 113 359 170 178 631 845 994 528 176 813 68 649 960 805 810 364 685 428 982 285 28 423 738 763 597 625 738 941 108 689 911 74 612 79 169 901 664 253 848 48 956 592 109 142 169 28 657 144 904 484 670 31 976 843 929 585 189 635 211 818 829 618 600 1 119 255 556 381 325 27 995 783 33 710 8 422 558 397 235 219 77 896 912 892 997 879 616 804 87 653 324 150 582 376 894 777 50 117 211 672 564 351 841 896 743 388 406 555 160 394 109 802 650 560 760 719 195 747 736 267 905 191 753 366 250 863 854 650 202 345 223 649 31 353 583 529 383 716 462 490 486 340 666 375 506 391 696 264 442 1 272 301 852 335 588 254 850 992 574 32 12 676 99 744 610 649 949 734 402 108 27 346 369 356 610 521 376 933 479 501 292 562 990 122 778 514 263 793 828 692 943 553 942 784 882 562 86 637 645 932 28 239 213 45 555 47 35 907 169 995 418 961 805 699 161 573 101 343 892 369 604 1000 905 811 214 233 243 101 455 753 11 119 158 441 527 67 646 375 263 74 348 637 360 890 425 130 868 986 511 214 534 833 592 235 876 730 54 332 739 241 219 953 816 168 873 524 659 470 977 973 692 745 514 78 88 454 792 462 406 268 953 475 476 552 157 919 466 425 600 767 74 610 269 900 234 871 225 45 403 98 761 685 739 148 730 815 442 625 463 255 668 635 608 924 492 374 91 341 163 453 428 320 139 558 506 330 898 960 813 887 522 695 707 631 456 819 806 357 118 185 326 792 417 593 758 580 62 220 144 425 265 924 384 902 947 314 138 985 39 201 323 957 955 188 429
627 665 688
521 564 389
223 625 170
509 676 312
411 493 560
189 283 364
206 559 191
525 532 394
344 683 941
544 601 157
659 705 599
515 525 975
4 561 267
584 692 563
236 418 292
218 555 109
320 545 216
507 602 734
150 379 431
545 559 368
702 703 443
459 674 533
307 500 37
462 523 883
414 433 868
458 627 35
385 510 615
44 702 717
26 360 572
353 430 790
462 581 867
453 628 643
450 663 897
224 577 711
149 367 121
271 691 613
109 277 438
121 162 134
618 626 75
503 644 464
1 312 173
688 698 455
634 674 540
55 341 46
171 469 191
350 395 307
598 667 296
293 321 87
188 276 839
326 487 885
532 623 157
432 580 734
543 557 460
656 681 496
359 418 807
20 112 296
191 703 626
476 693 839
469 504 213
188 316 860
306 516 220
544 629 773
106 617 316
394 604 733
90 394 165
238 481 774
422 596 135
558 653 158
107 256 762
202 554 575
289 477 25
77 621 74
73 432 911
3 72 390
245 525 271
574 677 90
251 695 400
560 617 697
88 603 471
33 601 889
136 281 544
13 266 781
230 703 231
495 508 117
470 512 941
168 300 638
39 179 798
346 590 213
137 352 71
320 480 95
534 679 42
368 497 518
317 598 690
139 260 426
427 510 13
642 679 382
534 703 917
575 645 259
463 544 447
162 201 258
500 578 115
499 594 523
483 689 933
456 506 36
548 694 985
525 610 968
12 399 526
262 467 629
257 598 713
584 636 246
393 617 468
310 322 182
672 705 419
499 697 750
552 632 354
389 593 638
626 647 614
223 515 284
189 236 888
20 515 346
378 468 727
86 540 689
498 603 255
546 609 153
429 462 748
21 455 210
626 657 203
292 458 531
619 625 47
103 265 706
539 596 913
699 705 449
485 501 536
686 701 41
406 630 785
282 311 927
396 601 491
422 675 2
155 243 762
677 700 262
149 614 279
226 396 447
201 317 901
84 637 724
549 591 951
38 145 208
410 439 586
198 519 433
377 484 789
435 481 352
57 257 911
692 699 935
247 605 227
507 536 243
180 655 183
371 409 258
373 539 925
322 381 660
417 571 482
430 438 757
91 249 869
439 662 625
351 518 620
589 702 979
331 413 710
330 572 1000
315 633 608
131 419 539
62 468 112
534 557 695
599 647 967
90 542 750
106 176 439
549 567 455
1 698 62
240 541 360
316 690 559
347 478 978
589 694 604
106 694 542
204 412 7
593 634 822
595 607 904
96 285 909
428 670 220
311 316 562
292 527 957
454 629 311
64 466 48
476 487 93
312 640 323
649 673 8
234 260 902
300 483 81
72 275 276
226 308 145
437 657 703
384 442 961
342 472 444
168 617 309
62 660 546
231 654 656
131 548 534
136 366 846
452 565 496
67 356 967
253 427 414
668 703 601
422 551 622
137 370 447
457 524 384
250 597 711
501 675 200
22 436 15
52 406 59
550 687 322
290 631 375
193 460 228
98 393 723
61 100 485
291 666 725
149 433 351
135 672 122
513 650 780
517 649 100
594 667 390
47 72 261
548 667 641
376 431 361
109 566 756
414 499 7
259 581 14
385 521 610
276 340 946
317 411 384
301 312 90
76 411 553
464 611 585
219 639 688
280 484 258
305 341 852
2 267 65
666 682 409
17 536 492
209 267 471
125 655 885
596 650 95
500 589 79
451 537 986
526 554 865
223 230 825
426 569 520
373 705 449
596 667 467
51 145 820
210 219 303
577 618 953
529 667 68
81 557 120
241 250 470
355 697 678
17 110 889
564 609 611
94 326 619
607 705 184
548 594 39
587 623 980
131 239 729
361 406 955
356 569 453
623 651 408
129 464 15
558 684 686
