236 839
449 474 515 140 67 735 414 987 670 219 495 884 963 37 491 880 976 455 605 282 12 931 523 419 620 116 824 637 102 813 144 1000 311 821 685 145 98 7 351 652 367 406 337 992 883 879 350 182 463 344 438 888 742 963 813 730 202 966 503 246 938 358 43 563 694 641 726 980 413 851 748 319 766 966 701 872 650 386 143 771 745 27 894 236 441 950 743 844 594 870 917 843 643 574 121 669 36 486 278 641 501 767 158 975 581 521 828 493 637 606 290 905 86 277 271 681 329 883 156 44 807 851 708 923 810 815 946 123 718 952 292 395 637 818 181 268 246 994 106 68 41 160 663 775 386 652 859 841 419 879 298 773 517 538 854 457 21 34 768 45 369 912 11 537 230 242 821 536 748 819 169 337 103 4 862 486 250 645 712 786 475 394 383 732 954 745 28 806 62 693 927 51 7 474 676 259 573 146 480 6 32 824 960 931 117 670 495 631 955 882 403 144 933 701 293 926 377 665 913 275 429 158 623 594 6 61 63 917 300 459 620 13 479 354 867 470
84 216 593
101 171 564
235 236 675
173 217 752
186 196 211
157 189 56
45 68 633
146 211 661
175 197 673
25 204 11
215 223 314
47 131 38
120 124 892
78 157 391
21 188 465
111 208 542
234 236 984
175 193 248
136 220 852
223 230 976
152 167 170
65 105 436
163 198 385
67 228 276
205 223 213
165 232 745
220 236 990
33 72 196
63 160 126
229 232 564
5 114 395
151 164 547
69 169 404
27 230 381
120 198 426
201 227 87
158 186 643
223 225 153
200 211 598
120 225 813
78 135 778
114 197 284
181 236 402
109 167 870
77 144 583
178 196 418
44 88 543
233 235 930
181 191 592
23 70 577
109 177 791
77 170 945
3 212 944
28 190 905
88 173 270
138 229 486
52 77 131
66 161 971
165 233 163
77 165 239
56 101 541
49 221 955
153 202 278
99 143 512
196 216 963
27 236 260
210 217 607
37 107 964
63 156 356
196 230 207
234 235 983
15 193 424
207 216 634
37 79 352
78 182 725
126 154 793
164 202 733
36 73 794
123 218 929
173 230 384
123 191 261
13 151 827
43 188 995
101 144 159
114 152 194
132 181 540
108 204 581
142 154 754
6 220 846
25 196 432
198 225 332
222 225 803
167 197 699
98 162 372
16 206 843
100 192 40
154 204 883
92 95 872
113 137 272
183 230 754
71 88 936
206 211 760
24 84 205
153 166 779
230 231 276
192 225 610
30 124 62
115 224 441
218 232 498
196 210 706
235 236 921
68 125 927
144 157 837
12 90 43
102 147 592
43 80 796
215 233 199
218 222 7
127 172 900
158 208 746
204 215 677
21 220 998
27 46 411
38 135 4
4 214 813
87 114 602
62 198 500
89 128 991
134 229 151
110 212 818
104 141 915
56 211 719
164 165 906
6 64 244
164 223 472
47 183 257
226 232 278
90 200 547
170 220 508
3 232 748
64 220 308
192 202 473
79 190 609
215 226 242
162 231 624
102 184 356
208 222 170
209 234 50
158 190 813
57 185 919
225 228 845
85 206 94
65 78 110
70 78 500
60 209 712
196 223 21
34 223 569
200 211 408
12 155 969
84 169 61
193 217 935
3 180 657
235 236 533
99 201 187
1 53 598
221 227 281
17 124 210
185 234 495
30 91 889
24 227 589
193 205 788
210 212 952
99 230 449
218 220 725
68 85 508
22 211 108
10 97 56
191 199 843
4 18 902
177 232 805
181 194 834
19 135 514
37 161 436
48 163 697
126 224 131
96 113 203
28 50 497
61 97 150
170 229 325
19 211 876
101 174 916
165 170 842
50 182 497
93 118 878
174 215 661
201 209 515
213 227 105
56 201 308
130 209 835
120 229 328
149 174 307
134 186 905
149 198 814
134 216 576
168 194 484
219 235 846
84 232 592
193 198 244
107 147 444
50 200 590
139 159 443
114 120 717
136 197 729
154 165 287
53 128 519
113 162 117
223 235 559
130 227 79
112 152 469
204 228 555
25 37 233
44 154 670
174 203 37
185 191 874
159 168 143
182 204 620
125 233 425
212 213 795
157 194 997
183 232 203
8 19 147
123 139 773
37 152 430
195 198 933
21 117 200
18 66 301
68 164 387
115 193 280
70 83 591
217 223 852
69 138 527
131 144 105
219 220 717
233 234 345
6 129 522
38 68 377
195 204 142
71 156 156
186 189 911
112 220 609
213 233 451
131 193 511
36 226 151
81 204 946
77 228 960
72 126 782
22 140 537
187 214 444
212 220 780
58 205 106
154 181 858
60 137 974
130 158 468
5 100 470
79 167 479
137 218 553
64 235 106
128 168 644
8 44 704
61 214 436
63 160 766
48 88 662
193 229 651
174 219 212
235 236 76
203 236 636
24 38 680
181 209 659
55 208 987
47 215 945
107 204 581
218 234 994
56 100 57
163 189 856
4 43 206
55 100 667
86 191 994
224 229 577
59 189 129
234 235 724
110 188 90
33 83 562
193 205 796
230 233 626
187 202 983
107 153 847
47 73 820
102 126 84
79 80 507
1 131 173
3 166 672
146 234 261
159 179 927
101 159 713
231 234 960
125 129 841
194 231 911
176 181 252
159 212 701
64 123 725
49 210 877
160 168 330
197 212 846
209 223 811
140 174 487
93 150 477
190 193 930
191 222 720
133 212 457
161 162 205
208 209 28
126 201 626
216 236 130
223 234 64
201 231 725
167 178 927
124 203 847
160 230 154
151 198 893
101 173 882
187 192 985
72 89 596
87 171 221
145 218 634
148 211 252
212 216 893
158 167 463
206 212 603
164 210 289
68 161 464
81 99 371
36 199 163
42 168 327
152 233 495
63 178 918
131 226 676
177 200 76
191 205 494
79 186 112
217 232 360
58 230 945
110 203 734
35 208 866
158 173 255
69 158 872
104 126 663
191 234 811
181 226 867
45 52 195
135 184 880
14 37 767
46 183 905
176 214 273
131 207 242
196 197 34
34 191 573
194 217 818
218 222 733
56 105 295
187 190 465
156 222 76
136 176 121
230 231 463
176 224 94
97 164 205
191 233 588
197 213 820
137 223 845
5 176 219
128 153 148
20 38 248
134 222 331
124 192 999
4 45 112
33 54 191
156 224 514
226 236 949
120 224 770
2 86 712
16 222 294
33 73 824
13 204 409
24 57 136
191 213 269
194 200 898
99 214 132
132 235 926
74 225 210
225 227 543
121 212 743
177 206 973
222 228 621
71 77 473
106 141 990
154 162 378
139 169 851
142 209 204
144 191 652
232 233 734
86 100 988
49 169 209
200 202 501
59 128 907
66 144 537
185 213 38
81 145 355
85 202 811
105 220 293
90 163 399
144 225 435
139 199 858
127 153 334
93 212 234
181 206 267
102 135 905
44 50 795
102 203 205
174 186 951
25 53 447
111 233 87
45 110 851
136 226 722
225 227 764
123 227 645
75 187 228
205 212 220
62 177 658
83 165 663
160 168 486
72 112 677
51 113 340
93 127 326
165 219 562
100 155 643
110 169 309
60 161 604
134 192 603
79 149 853
60 187 802
17 109 703
69 227 930
228 235 934
124 215 708
79 226 205
56 198 765
88 191 851
228 234 11
35 113 353
141 224 383
95 113 19
203 216 153
83 117 256
207 208 946
195 198 676
58 72 124
166 207 107
137 215 59
86 189 343
11 86 681
166 231 69
216 231 205
92 190 371
14 63 203
72 155 472
96 128 409
216 226 912
214 218 316
40 120 753
213 231 312
97 107 689
226 232 249
76 136 816
12 152 575
68 172 93
186 232 431
225 230 930
121 150 262
230 236 970
191 205 503
133 196 944
71 228 637
41 98 56
141 236 279
110 111 938
203 233 690
145 222 195
166 183 509
125 167 390
148 165 751
161 164 667
189 222 804
41 70 647
36 92 10
62 110 798
210 230 184
110 115 173
186 220 614
68 231 67
210 235 134
70 214 1000
229 232 242
20 56 823
112 229 329
221 229 480
32 76 325
132 179 441
144 221 715
60 166 739
90 162 877
160 223 103
6 35 48
96 146 700
232 236 3
24 175 186
119 157 2
42 100 669
95 152 652
227 236 910
192 193 779
218 236 756
179 201 333
97 174 37
57 169 977
67 210 40
119 171 523
176 230 528
156 211 893
74 204 29
67 183 297
13 155 870
44 193 691
42 113 712
60 85 652
34 132 757
195 197 727
159 207 773
148 200 765
234 236 715
122 219 740
39 70 614
15 188 286
150 193 559
156 161 228
107 130 873
200 217 687
148 177 204
44 183 164
34 137 177
155 211 350
92 226 526
127 144 890
200 233 718
20 104 679
64 121 655
104 213 763
186 224 242
20 173 493
210 218 104
184 232 673
212 227 365
119 181 86
159 176 24
192 206 938
44 129 538
85 129 956
64 181 522
29 175 869
105 182 257
28 107 661
12 22 27
193 224 536
95 166 336
117 120 160
146 220 950
202 224 906
11 161 808
113 192 860
96 137 299
172 217 755
77 160 939
231 234 974
177 189 741
70 102 729
4 226 369
74 120 696
74 130 507
34 77 190
109 197 164
214 220 21
144 149 130
192 194 857
232 235 749
61 64 738
125 185 501
77 193 256
130 235 417
157 186 950
142 210 851
20 95 312
229 232 636
189 190 516
129 156 635
99 107 372
13 24 222
205 213 964
36 127 424
6 196 983
131 153 724
169 221 224
197 212 553
129 161 584
116 164 502
149 177 904
153 223 872
130 205 820
136 207 642
132 160 488
37 193 498
65 181 196
116 167 290
143 213 666
112 167 777
6 66 375
86 139 137
1 146 25
185 192 681
9 123 674
204 207 824
66 129 122
93 107 245
92 223 831
231 232 438
199 208 221
84 114 483
57 172 688
72 202 341
99 104 990
163 210 761
71 80 452
223 236 540
205 211 951
151 153 220
105 155 718
144 222 317
60 81 55
56 166 565
49 200 463
80 209 654
4 120 270
68 196 428
235 236 327
68 112 827
14 41 175
126 157 16
74 215 17
82 173 141
233 234 304
212 235 628
139 213 870
87 197 717
104 114 369
48 103 447
62 128 606
49 145 206
222 234 950
105 214 402
61 97 543
180 214 658
112 139 521
65 147 519
207 233 448
17 218 697
205 229 603
121 181 480
218 219 174
177 225 220
59 228 402
90 185 471
158 205 934
102 172 64
62 165 946
71 221 162
55 128 604
149 236 474
123 188 360
49 79 936
184 185 494
182 195 828
73 197 893
99 207 751
80 214 19
150 175 936
218 228 875
227 231 36
17 233 208
77 225 673
122 131 452
177 236 867
188 225 490
68 102 374
143 217 295
139 206 56
103 185 709
121 128 354
40 141 372
32 183 634
155 164 837
74 116 34
201 213 631
172 221 318
121 204 286
42 153 361
106 150 281
35 148 252
95 157 372
29 98 336
235 236 290
55 223 890
143 182 118
37 225 260
189 204 634
138 210 502
16 91 552
54 161 849
173 195 813
226 233 806
205 216 307
195 216 455
42 116 689
221 236 993
111 208 124
46 190 870
80 148 615
115 212 41
208 215 22
163 228 345
142 201 384
82 139 494
4 151 90
37 95 812
15 100 517
167 213 96
225 226 729
52 100 981
10 225 421
12 23 208
4 179 450
138 214 70
218 231 213
142 150 177
109 121 738
137 151 380
178 206 780
10 42 25
195 208 712
7 153 293
89 206 21
27 136 442
156 157 337
81 88 332
68 188 439
222 234 206
196 228 218
79 236 917
182 231 433
203 221 68
60 106 170
3 160 103
206 227 156
89 177 833
120 131 934
228 236 545
193 230 865
6 178 728
232 234 495
193 206 994
125 168 604
8 16 318
162 164 85
5 185 801
34 110 931
90 233 35
108 180 865
63 199 936
146 185 54
54 108 201
85 191 830
228 233 649
96 144 264
184 206 410
128 136 179
191 210 774
57 130 141
42 147 536
229 232 885
191 201 831
191 227 699
9 117 315
20 48 831
168 226 329
158 166 315
26 36 681
87 164 328
40 76 73
132 155 939
230 235 554
116 156 808
6 31 873
5 197 21
44 117 880
142 203 649
130 134 112
162 235 633
4 147 390
92 187 536
143 170 330
93 202 881
194 225 708
155 207 872
161 192 524
27 154 646
137 167 80
226 233 746
60 129 644
31 68 642
87 117 49
36 173 197
148 156 529
101 213 927
