232 723
707 969 418 20 659 502 974 635 124 687 471 241 730 346 766 132 387 150 676 454 666 131 864 217 348 405 557 35 625 508 565 781 914 44 61 28 73 359 169 671 742 207 289 67 579 162 848 781 514 237 833 769 740 498 148 425 577 918 402 617 605 668 629 265 700 542 422 958 221 416 54 961 201 787 518 69 31 597 67 307 149 604 12 90 367 832 28 651 237 949 470 647 862 280 693 907 847 584 848 620 172 575 867 301 53 59 886 607 676 859 491 754 975 633 243 787 90 11 791 542 801 542 329 763 509 976 609 826 532 181 124 28 615 482 619 674 813 305 737 275 958 581 64 426 151 412 284 9 929 182 329 957 924 395 623 550 756 865 503 670 555 301 207 288 156 465 794 717 13 580 401 563 766 873 758 82 287 731 224 327 695 257 912 173 648 845 942 131 569 207 322 19 33 462 563 174 65 437 723 932 802 281 647 721 122 125 143 954 167 438 581 484 844 471 187 328 832 488 84 123 63 327 419 607 591 961 14 645 534 131 399 126
19 105 381
63 84 556
43 62 231
169 210 27
129 130 364
85 221 734
192 208 188
70 106 278
110 227 421
86 221 884
50 117 231
90 94 623
73 126 269
178 229 562
70 94 359
66 196 634
202 221 442
27 148 27
229 230 51
177 181 851
228 232 354
91 113 448
227 230 59
132 232 158
208 213 719
158 169 798
12 170 212
180 187 421
134 160 48
163 186 886
121 193 571
220 228 442
68 205 860
181 219 84
84 130 103
1 165 767
187 205 246
209 212 9
169 178 560
88 192 497
50 162 642
86 116 505
22 220 747
71 117 399
171 210 933
11 119 180
87 213 362
150 219 980
104 206 384
152 159 712
53 92 761
185 219 544
119 153 697
224 226 480
34 156 680
22 53 968
200 211 821
131 232 66
60 218 934
159 187 107
33 112 125
218 219 262
164 192 13
66 173 866
107 200 1
187 195 860
142 232 574
91 102 538
110 142 904
227 231 466
1 24 206
31 96 123
73 86 887
77 98 526
84 199 589
6 63 772
63 135 206
21 113 812
18 100 443
193 195 457
133 137 592
201 202 240
2 64 920
128 171 8
178 208 134
69 167 221
227 228 390
59 179 272
131 190 373
204 206 473
160 168 916
25 57 711
11 140 856
8 215 395
175 181 737
141 190 212
38 199 933
222 232 594
94 195 947
64 84 134
13 152 74
53 160 810
64 101 670
198 200 20
173 175 6
40 148 982
47 226 760
35 166 347
43 211 674
157 227 405
20 173 832
87 168 164
21 144 825
147 174 691
193 205 740
196 225 383
182 195 967
213 227 381
178 209 798
60 152 646
16 172 158
48 114 378
19 174 221
130 196 53
192 209 873
195 221 960
184 211 871
136 193 856
88 217 478
198 223 869
121 153 559
18 135 564
64 204 928
29 175 885
14 205 38
118 174 618
174 181 238
207 218 331
45 91 140
111 208 39
27 130 787
162 171 87
225 232 569
45 180 852
10 183 749
85 113 973
76 179 821
208 209 263
168 176 640
40 84 362
143 164 864
125 140 295
69 85 712
94 221 996
135 144 298
114 216 520
112 194 685
220 231 980
70 183 434
140 227 962
159 165 117
166 179 62
165 217 515
152 232 164
99 142 958
121 196 874
202 208 360
101 174 440
148 164 331
70 177 685
110 228 30
105 222 892
213 217 995
164 212 147
181 188 802
163 184 748
207 215 421
213 220 865
59 177 315
1 30 188
3 222 319
198 213 578
133 153 913
9 130 418
97 137 253
48 187 591
77 197 768
182 204 917
190 206 183
58 116 354
54 181 675
131 161 645
4 27 648
157 202 752
14 51 370
155 199 737
60 110 454
3 165 223
197 202 200
91 164 531
25 141 800
86 163 950
55 103 827
91 95 404
60 208 635
16 84 861
140 190 990
117 121 779
10 38 327
182 192 937
209 216 661
39 192 904
98 102 249
181 186 333
120 132 386
131 174 790
153 185 317
197 232 741
107 142 637
4 143 155
188 201 83
171 224 953
137 183 97
120 172 366
66 170 145
61 167 395
104 106 599
216 221 868
21 89 155
187 220 126
35 40 253
73 85 458
30 169 952
108 160 858
197 232 357
89 218 906
134 152 631
199 230 160
212 220 407
183 216 737
63 213 698
33 150 476
162 176 802
162 192 45
186 201 11
135 161 204
117 229 140
218 229 225
180 193 569
16 190 75
164 202 618
196 221 688
224 232 434
56 137 243
55 81 132
100 209 63
15 149 265
91 165 628
79 192 508
105 185 527
79 131 430
102 204 876
126 181 291
209 216 932
47 196 987
96 211 826
10 42 528
227 230 941
44 151 988
178 228 660
56 174 706
94 227 597
196 204 985
136 146 919
161 175 919
153 203 215
88 167 995
13 155 853
22 47 58
81 198 475
189 203 157
22 169 882
102 128 873
174 210 403
14 188 889
146 204 284
39 206 968
29 75 303
109 168 480
117 149 551
121 173 303
179 211 116
231 232 696
220 229 766
174 213 230
129 190 183
111 177 121
217 230 281
2 107 553
205 231 409
10 66 420
121 155 189
104 193 835
8 231 685
152 170 647
155 190 790
186 200 354
75 189 338
160 224 995
149 206 960
32 112 414
157 187 629
185 192 748
69 99 103
198 205 790
90 105 708
143 227 140
41 135 474
58 170 81
163 213 120
231 232 4
63 153 786
148 199 83
99 120 245
217 224 675
167 186 429
47 88 655
19 107 553
57 92 529
71 220 684
104 213 77
19 86 826
74 207 199
68 154 413
73 92 614
75 107 114
227 230 966
177 212 876
111 208 494
166 203 550
162 192 102
179 222 888
172 183 131
210 232 242
163 229 699
31 115 25
23 79 957
117 176 747
126 198 105
133 214 989
39 152 175
141 199 966
215 227 84
19 25 835
96 232 15
201 223 323
142 188 987
136 181 44
132 213 477
1 127 692
27 75 119
153 158 953
62 200 743
38 134 784
81 170 505
224 225 632
178 182 432
24 37 106
135 199 190
18 225 365
83 222 744
75 218 98
113 207 520
42 221 392
151 176 206
225 232 568
135 210 374
88 215 399
209 215 766
7 114 876
170 172 902
67 230 353
222 232 345
34 68 863
174 213 453
84 91 450
218 227 613
173 211 101
116 168 197
63 123 386
163 179 118
181 227 977
213 215 811
48 190 827
41 157 272
77 189 447
61 80 911
26 77 901
5 201 266
94 198 611
31 45 808
174 220 262
37 158 268
19 127 772
145 185 578
200 226 335
36 100 674
38 125 954
90 178 75
163 208 924
105 119 686
108 120 103
103 223 831
40 87 124
97 220 429
147 162 902
3 163 110
18 227 13
146 194 134
122 126 323
156 158 244
21 84 3
92 151 70
79 118 139
1 16 180
43 128 68
5 187 289
13 137 644
14 99 598
38 212 355
174 180 80
20 48 26
66 219 311
109 175 72
104 177 311
25 130 77
53 98 876
124 137 261
126 136 506
202 208 362
14 26 477
153 179 590
1 98 361
229 231 903
92 126 549
3 161 603
217 219 526
163 168 269
141 165 43
140 194 513
61 205 453
130 150 467
90 141 45
73 86 766
173 194 860
108 129 737
156 232 360
114 155 541
93 202 497
156 199 625
191 221 857
5 100 782
96 119 433
179 203 85
180 197 319
231 232 277
146 206 779
75 136 249
185 201 907
178 206 524
219 228 963
111 125 921
147 196 508
228 229 978
86 162 127
165 189 562
75 225 597
79 134 102
109 111 389
184 190 870
36 47 934
210 216 285
78 108 812
223 229 927
40 109 334
225 231 742
98 205 61
171 214 599
7 69 962
44 221 6
134 167 882
192 232 601
149 197 260
45 97 121
166 208 665
107 197 897
140 159 55
98 200 319
120 217 140
205 214 500
7 180 184
188 203 115
206 218 557
84 183 920
223 225 570
24 92 163
214 216 410
105 123 979
73 212 120
150 159 241
24 180 775
33 147 791
141 204 100
204 221 962
93 124 679
175 204 548
213 216 593
185 214 344
10 135 200
166 217 28
54 76 917
132 194 922
107 154 600
99 148 471
228 229 824
212 215 798
217 223 869
226 232 220
143 193 632
184 227 452
29 136 223
140 152 501
96 164 266
151 170 525
150 208 795
187 192 921
92 181 560
62 71 798
86 219 104
172 220 776
12 217 80
25 203 63
105 209 593
15 214 131
11 32 231
58 207 664
56 179 321
136 158 468
76 101 675
220 225 371
123 217 288
222 226 233
138 153 725
27 90 318
195 226 14
71 116 329
63 126 683
83 150 361
27 199 757
132 220 615
229 230 597
62 192 619
51 122 682
194 211 614
210 218 48
204 223 582
120 167 257
26 143 833
146 201 843
129 153 691
99 118 536
126 212 972
156 176 133
58 69 739
115 218 240
216 227 216
3 168 656
2 209 379
155 164 737
191 222 354
199 209 609
125 176 434
148 156 274
22 143 146
44 230 82
217 222 606
184 193 330
2 225 640
214 229 353
179 207 647
12 180 89
175 213 378
113 178 666
142 165 446
179 187 129
139 177 10
180 208 313
107 146 251
13 132 568
60 212 862
162 226 92
137 222 530
48 171 531
179 200 935
192 205 971
14 68 374
57 69 191
107 168 984
195 216 901
139 157 250
169 206 533
177 205 682
135 171 207
131 198 855
70 123 319
61 180 596
184 196 668
20 98 104
160 215 964
207 217 198
229 230 397
175 203 143
106 219 382
118 176 411
72 122 992
147 167 396
2 121 74
6 18 530
72 199 671
23 130 195
33 71 723
58 123 266
68 131 14
121 193 522
92 152 961
88 108 484
118 187 107
24 156 913
58 205 31
53 76 836
147 231 914
147 184 657
200 227 778
72 162 985
130 134 479
139 194 711
26 211 202
166 167 593
14 168 570
71 82 741
71 222 52
172 212 468
75 95 851
166 230 680
137 141 618
1 124 290
22 119 173
72 78 147
135 155 935
64 152 375
150 226 250
116 191 106
130 146 465
146 155 743
116 190 62
6 206 551
33 53 883
39 151 873
111 205 20
33 138 749
159 194 879
196 205 677
19 221 32
108 224 649
11 101 889
136 189 161
136 226 286
223 224 895
25 38 2
153 218 249
62 188 840
214 229 350
133 143 829
196 228 546
28 97 706
176 230 941
136 203 7
38 109 903
231 232 539
154 178 731
113 221 313
183 197 709
115 172 803
135 158 23
183 215 18
178 193 347
48 122 987
52 54 169
43 51 729
167 180 12
80 136 523
69 171 698
46 73 517
151 186 169
87 128 629
179 213 669
185 192 246
41 218 721
93 110 21
90 124 283
216 228 341
195 226 363
9 117 597
29 118 524
77 86 778
55 208 952
134 139 773
36 72 1000
91 142 825
5 166 951
118 149 603
221 227 819
229 230 153
