958 496
395 85 268 94 921 792 960 855 816 663 323 826 677 37 360 816 965 649 616 612 567 496 102 299 426 711 823 656 220 352 208 289 157 978 224 563 357 946 287 379 280 245 118 865 744 718 755 672 341 194 850 753 765 300 397 298 898 382 588 153 461 554 856 286 282 925 58 994 730 362 874 745 792 944 638 594 239 25 996 424 83 118 243 792 96 687 776 672 246 864 296 25 85 669 287 378 335 305 76 16 404 876 103 863 540 42 152 718 277 494 212 152 911 666 396 139 602 890 799 834 642 810 233 746 147 585 692 894 294 576 199 215 409 784 464 809 20 697 388 530 941 389 472 761 829 611 955 820 724 846 730 58 311 84 720 35 665 484 11 169 710 999 625 652 153 271 82 877 505 389 733 743 909 502 837 316 670 963 52 963 101 219 733 55 337 61 220 215 455 618 821 89 244 201 853 79 289 437 959 812 491 750 517 292 813 240 73 256 161 688 215 25 167 788 795 948 892 9 531 611 439 103 320 709 220 433 377 947 711 717 710 147 432 82 977 531 314 503 338 501 699 717 670 738 693 894 942 844 350 960 331 698 304 319 760 803 68 587 195 936 987 805 4 222 113 688 159 617 924 790 101 991 475 514 216 953 53 624 229 906 318 206 922 903 140 575 701 597 955 647 753 183 528 372 494 315 253 180 850 408 448 844 495 493 334 982 948 602 852 29 841 552 278 576 888 268 742 188 273 14 172 943 113 559 116 798 333 77 84 415 611 285 926 174 863 438 861 925 288 102 121 305 335 532 513 55 88 172 222 625 404 325 129 829 918 391 51 57 941 732 250 968 543 300 236 422 593 400 391 592 890 412 693 460 412 367 291 623 342 736 621 972 726 373 583 963 878 560 276 767 775 744 448 810 641 842 426 2 694 785 321 691 144 270 837 191 570 650 994 984 378 438 662 650 513 808 555 35 566 445 921 159 328 405 683 973 573 647 942 710 395 727 78 60 385 948 230 725 52 578 529 333 360 926 942 485 903 687 430 472 988 227 364 440 616 316 782 58 144 59 309 934 63 60 832 723 937 649 769 13 518 693 995 203 917 137 728 998 256 47 758 480 964 737 843 871 150 716 893 756 187 831 76 31 374 671 707 715 366 899 645 39 507 666 702 918 543 638 350 788 376 999 812 254 426 55 779 606 476 580 240 132 245 752 926 833 556 223 117 761 723 10 700 980 664 84 983 910 559 815 740 478 902 222 13 690 315 127 576 783 396 774 985 87 714 677 893 576 756 176 732 918 56 343 572 800 108 660 60 351 506 30 485 941 193 333 240 97 13 193 811 240 804 508 594 939 675 770 659 221 420 297 794 700 366 586 888 502 943 866 738 307 311 388 356 753 591 967 337 134 928 811 240 22 267 367 631 1000 941 913 696 229 628 765 136 883 338 392 225 87 687 481 597 309 851 705 752 27 503 555 310 70 968 898 489 603 921 449 554 801 1 676 190 555 672 523 608 268 322 834 988 359 815 929 858 617 242 793 749 701 667 464 521 615 455 162 430 838 126 43 552 636 917 819 956 103 304 64 724 901 95 342 60 68 619 577 932 538 861 261 198 673 860 934 456 407 743 34 521 495 981 163 270 64 81 137 700 567 244 482 733 834 806 9 812 890 495 761 631 623 745 30 422 741 75 443 527 503 585 329 345 234 540 952 989 930 746 410 783 641 220 958 453 87 114 844 714 438 41 10 957 328 15 218 177 577 394 728 550 284 844 114 334 957 174 50 928 150 550 850 922 614 239 508 635 916 328 368 438 468 388 591 193 767 508 864 654 172 832 570 758 960 108 431 680 786 531 340 55 464 357 805 615 336 447 355 236 331 292 344 306 622 729 788 502 937 221 432 10 685 832 406 111 92 224 126 581 683 467 814 187 977 227 37 684 757 269 656 839 188 198 88 185 483 576 954 973 200 965 692 298 241 769 838 759 927 122 478 934 353 366 534 829 979 605 636 866 617 744 88 320 550 24 335 593 839 866 320 341 726 601 694 856 675 877 986 897 216 710 294 777 565 836 557 858 323 606 748 543 591 763 527 702 413 548 25 34 738 817 524 589 213 875 691 658 503 393 479 280 512 387 418 305 422 246 372 696 871 38 381 180 402 184 934 824 454 606 635 448 310 272 738 74 421 531 286 126 163
299 387 225
786 797 192
561 864 845
894 920 491
393 586 776
727 811 408
933 952 531
119 928 215
295 729 64
376 628 367
946 951 957
186 527 421
389 668 580
199 578 499
159 840 43
616 926 297
317 341 335
785 830 312
940 946 232
389 541 792
220 508 227
842 911 446
241 817 439
94 844 250
100 749 530
581 881 150
531 958 892
85 240 901
763 811 404
44 594 234
749 901 727
462 712 26
824 849 715
31 956 956
733 911 889
4 402 946
120 694 832
34 476 349
175 271 527
657 865 507
110 744 977
903 916 114
97 423 802
930 954 230
827 833 314
183 494 469
712 800 763
317 357 39
263 931 326
10 157 48
79 582 748
65 724 128
199 435 99
222 804 146
525 616 354
666 736 792
777 854 885
169 426 42
696 797 681
550 592 744
216 396 900
726 829 619
842 882 806
293 383 876
185 243 102
385 932 671
862 913 523
397 758 372
122 162 608
773 830 520
26 355 844
861 876 198
802 917 597
123 628 739
67 822 803
909 931 483
803 863 335
126 295 263
481 714 34
104 706 29
322 556 941
610 915 80
94 779 680
25 777 769
909 917 316
837 872 936
503 899 405
455 474 980
296 760 582
813 950 5
654 740 245
359 401 855
391 475 677
191 514 220
344 558 215
667 668 55
144 482 92
279 851 100
216 870 451
824 933 723
766 780 810
875 925 445
826 895 77
831 841 407
64 430 537
384 805 542
60 284 394
632 766 637
877 903 140
55 280 246
412 715 710
211 751 259
607 700 387
247 559 791
951 958 298
815 911 197
701 722 413
849 903 446
437 725 43
661 851 835
716 847 214
419 707 992
685 765 612
8 756 826
380 762 361
298 365 954
15 672 924
108 685 423
608 837 960
239 493 471
347 750 792
391 636 981
298 319 186
678 680 291
139 787 588
397 854 415
851 954 263
172 786 44
456 579 872
49 319 530
931 941 971
654 884 119
212 313 336
421 628 886
759 878 292
773 886 652
605 689 566
377 935 632
256 708 570
179 820 326
484 704 677
355 749 682
864 866 443
70 760 51
159 592 206
827 864 911
396 837 266
854 895 385
352 399 228
674 930 832
661 715 683
366 776 994
262 853 154
734 827 454
770 878 827
536 656 100
818 895 597
550 817 387
99 313 179
480 841 732
471 690 630
653 745 881
205 803 303
271 671 992
244 883 52
847 894 586
68 239 807
316 557 792
705 854 802
251 460 109
603 784 206
267 704 70
159 239 204
697 842 523
277 392 65
849 853 186
170 253 927
418 479 96
601 757 436
250 487 311
378 933 949
743 852 828
792 918 204
362 955 503
534 588 287
858 899 113
718 736 108
512 531 567
171 535 698
848 946 737
242 323 588
896 946 137
544 853 946
332 464 299
33 397 427
445 565 186
374 954 790
706 905 417
677 755 376
282 297 535
42 48 937
277 482 975
139 848 375
448 680 997
725 796 866
652 878 895
718 736 101
658 809 141
388 841 505
383 874 240
711 908 478
903 931 198
417 800 808
918 937 669
696 916 485
639 922 592
436 515 945
155 358 430
411 834 882
913 932 873
736 927 104
1 951 557
796 882 405
926 943 412
600 928 649
438 479 339
261 272 500
724 818 138
30 932 81
72 442 950
158 451 990
85 293 578
476 826 570
839 957 986
838 899 345
466 535 892
889 894 500
132 355 785
241 701 587
811 914 1
202 568 920
601 726 108
457 710 748
771 828 174
77 942 651
519 530 942
6 577 272
575 722 204
140 202 408
730 780 542
636 874 70
226 559 911
266 923 806
78 218 534
618 919 759
633 754 68
455 495 740
707 920 131
60 260 790
579 727 803
640 873 328
526 535 461
559 846 28
373 711 253
151 250 355
731 820 471
543 639 503
335 857 324
904 951 485
181 463 312
101 590 262
811 925 9
429 760 271
621 823 538
635 894 71
671 756 757
346 777 182
95 797 564
628 648 105
899 939 867
425 535 586
378 606 795
112 412 953
790 859 128
196 635 650
163 664 655
748 898 61
868 916 794
162 559 117
928 943 700
636 728 876
69 107 909
166 253 301
497 794 325
603 941 143
460 859 891
325 802 952
493 715 282
575 624 836
673 762 760
338 580 823
458 733 116
739 932 871
78 630 115
56 179 680
327 777 690
516 703 137
267 547 770
283 607 690
811 832 563
936 952 955
29 490 493
787 939 57
632 748 823
263 469 886
947 954 348
308 704 86
50 230 372
90 511 903
415 925 11
516 709 103
537 544 575
428 944 695
721 815 815
117 643 753
228 578 974
533 910 168
274 312 281
351 613 425
591 751 228
727 751 236
407 880 352
530 894 897
757 781 735
307 651 444
492 645 433
41 341 655
624 755 172
782 859 582
40 840 672
223 479 76
417 427 691
940 949 699
555 607 491
482 708 448
836 840 435
931 941 850
570 737 312
371 520 20
893 913 418
23 902 183
310 359 306
357 462 723
5 512 792
631 875 420
278 425 901
725 925 583
493 785 98
349 855 343
211 332 147
932 939 809
808 824 165
695 918 739
161 618 829
487 799 668
252 796 310
589 731 798
668 790 171
872 913 985
585 809 486
60 75 437
88 790 15
522 745 323
945 946 933
18 248 608
69 282 16
169 680 29
100 393 403
602 788 456
252 542 342
526 754 946
260 812 40
925 944 731
568 861 295
765 776 755
395 792 990
791 831 64
502 946 642
14 863 890
116 460 253
788 903 429
190 616 894
336 478 702
780 897 228
464 753 171
459 518 310
551 583 659
145 882 899
791 813 484
167 216 191
906 918 472
516 939 970
107 151 960
399 483 214
890 928 305
75 146 413
638 893 442
193 459 986
728 826 396
395 440 44
416 861 22
822 847 925
631 635 977
19 247 177
41 514 28
278 581 967
64 187 760
479 771 594
114 331 627
806 884 321
184 578 46
882 891 57
887 910 753
233 724 763
105 421 794
390 598 398
252 281 480
780 939 651
269 362 647
131 763 842
434 823 127
701 855 907
210 251 353
214 220 325
941 946 823
612 851 727
532 626 449
683 907 774
431 713 457
723 843 888
840 931 656
83 240 231
733 740 332
684 898 392
277 696 629
648 929 821
639 736 398
463 689 136
762 934 565
957 958 447
261 802 406
364 622 767
365 810 486
398 596 838
734 943 911
737 829 13
333 683 638
837 848 53
494 937 134
579 755 203
181 779 93
14 495 265
198 454 947
943 947 460
499 690 176
120 367 514
405 657 790
2 352 460
609 876 294
816 917 639
390 802 700
187 946 90
944 955 26
689 954 706
107 658 225
336 738 297
556 802 948
597 736 431
43 711 266
381 636 562
36 531 656
946 950 968
409 599 708
219 857 971
666 826 402
615 831 173
