957 452
548 446 839 10 37 458 70 197 410 374 190 636 898 483 500 709 708 632 941 153 411 711 450 691 612 223 697 155 693 860 33 808 96 468 984 471 409 650 878 675 712 192 967 199 651 78 242 540 157 101 616 91 583 943 891 973 256 610 458 817 525 117 700 359 339 716 249 538 395 228 257 155 423 589 111 314 812 987 790 953 913 688 757 290 352 102 932 703 98 688 992 219 455 719 138 498 514 689 928 388 446 246 201 198 489 416 150 772 951 461 347 497 136 266 456 920 3 706 611 555 978 810 644 932 378 888 727 759 760 258 32 495 618 664 7 436 779 572 598 23 544 167 981 549 151 784 53 301 836 146 958 776 447 128 290 715 790 627 553 454 192 926 275 822 493 313 546 971 785 778 111 812 297 664 662 165 847 310 826 533 151 95 183 428 667 427 681 610 299 340 758 864 26 821 441 358 630 955 196 288 208 495 519 466 102 596 250 937 329 804 874 479 623 764 673 12 823 560 625 378 814 155 705 31 418 53 958 699 260 74 929 920 34 454 3 118 360 472 392 334 400 98 668 93 623 472 610 697 951 262 234 396 708 259 749 32 763 670 330 719 472 251 864 462 505 380 857 947 801 779 306 18 780 44 690 61 360 2 472 825 415 582 33 533 927 825 815 946 857 234 772 658 691 444 594 157 898 334 656 202 39 41 700 876 396 785 719 554 389 299 312 331 409 820 6 306 166 147 713 305 334 714 410 980 912 528 359 319 810 699 429 166 438 25 915 898 816 27 135 476 777 808 654 223 580 205 19 855 322 17 755 976 625 309 414 297 801 425 343 687 966 186 17 684 55 526 180 51 701 610 551 940 465 74 482 357 466 191 861 750 403 302 605 389 6 854 150 139 458 520 595 231 989 806 428 499 55 321 635 250 58 80 233 826 490 684 819 738 640 242 345 235 232 632 48 192 349 189 856 820 953 540 697 49 830 887 224 399 982 362 464 23 804 728 246 91 925 139 51 290 941 630 18 955 658 458 760 612 653 457 7 897 941 647 245 481 384 296 811 544 426 956 70 98 900 342 436 713 645 538 337 775 279 89 838 830 430 12 136 237 266 145 74 746 572 293 125 20 25 92 790 205 78 901 456 677 304 839 335 437 812 747 510 410 952 935 358 961 780 608 519 347 326 833 779 455 407 269 897 216 870 389 112 11 791 652 903 485 665 645 664 270 346 75 265 626 919 699 708 883 251 288 900 360 220 715 351 988 6 509 468 353 663 849 37 901 775 206 987 237 873 568 594 841 844 123 578 575 719 192 332 663 492 814 519 22 13 25 92 218 466 839 489 968 699 566 211 84 819 788 996 891 680 202 980 341 644 660 71 950 555 656 859 817 488 467 127 357 861 114 653 599 871 758 841 910 731 831 205 91 423 456 570 614 254 915 911 851 22 894 590 554 777 899 323 990 587 793 761 367 440 892 86 429 982 730 653 165 168 505 330 935 181 419 644 926 77 595 973 207 286 703 705 690 599 171 673 824 849 234 237 71 375 468 550 273 773 267 434 548 78 980 685 557 524 473 7 407 481 683 52 46 940 770 537 357 986 903 668 197 243 377 794 907 857 210 347 264 578 698 512 205 862 588 246 827 565 496 897 474 679 698 233 190 550 607 934 258 70 418 148 973 426 117 965 590 175 488 282 335 160 178 379 701 507 511 44 500 432 634 388 62 111 102 672 468 729 985 254 57 392 897 590 6 323 874 500 749 171 477 851 755 756 946 454 88 208 665 478 71 967 815 890 286 525 697 931 833 577 784 107 545 644 432 564 768 39 792 120 32 228 672 259 142 832 345 901 782 590 288 969 426 29 418 639 203 983 294 814 777 66 456 620 219 432 905 65 85 931 33 919 54 807 364 563 823 907 751 775 629 279 75 300 576 803 119 989 11 572 924 496 52 648 806 390 259 246 272 951 996 727 775 816 732 711 531 978 872 847 87 166 685 822 830 760 876 904 277 730 642 457 746 542 946 370 539 752 105 472 967 96 393 201 49 714 493 594 698 450 126 575 920 197 852 148 357 665 35 880 132 357 867 35 28 52 670 126 318 415 933 548 241 401 100 212 135 493 862 139 421 13 954 371 667 995 194 916 921 390 195 280 317 639 857 495 32 247 364 391 475 322 285 913 247 844 612 337
789 813 156
656 807 755
474 609 790
245 724 810
496 860 307
871 952 58
770 923 380
793 887 295
52 848 186
945 947 807
474 623 2
315 514 590
448 822 541
388 571 490
522 629 211
387 783 325
922 944 127
380 648 682
868 951 506
931 937 237
484 642 103
509 617 463
301 470 856
497 680 845
280 693 162
500 926 968
532 722 434
420 624 736
902 956 717
512 848 815
210 426 860
76 714 665
521 640 384
608 940 926
13 575 966
119 952 797
87 435 189
570 820 940
725 766 212
662 710 105
62 422 349
747 886 415
624 795 713
328 712 402
888 917 914
204 533 511
409 910 322
872 873 69
796 940 752
538 923 196
149 407 663
307 480 885
119 165 198
471 825 28
362 923 555
523 617 198
332 895 939
362 622 298
638 838 530
396 802 308
910 931 203
259 365 87
319 735 443
575 601 501
636 804 821
818 865 888
229 324 172
459 562 342
448 830 322
57 875 615
286 785 700
702 800 976
686 755 574
596 634 296
863 927 596
726 728 955
59 741 566
820 910 394
595 640 826
162 297 910
768 945 170
245 477 802
854 891 957
55 537 339
546 884 167
217 218 888
374 920 423
590 771 701
347 554 540
341 641 562
384 782 701
272 642 705
368 578 190
772 774 550
244 402 973
571 925 516
784 860 903
914 932 449
299 389 360
911 919 957
78 199 666
897 947 474
121 511 573
239 262 69
31 171 75
782 785 139
71 360 161
716 795 873
232 934 399
757 957 774
766 938 200
798 831 936
755 871 147
786 886 113
141 149 688
220 751 163
661 928 817
37 509 692
662 944 611
758 853 28
307 954 285
855 874 411
853 931 656
198 237 570
837 851 444
691 752 204
884 955 990
64 389 477
543 672 56
191 830 840
288 689 198
492 632 24
319 410 530
430 955 944
309 775 883
119 818 543
810 939 620
615 835 256
385 432 448
495 823 36
583 909 116
619 788 221
677 866 5
57 694 252
516 907 612
817 852 982
415 625 12
889 892 350
644 866 145
563 687 973
115 352 357
671 850 886
138 785 716
649 741 430
902 938 138
300 858 444
679 692 629
556 641 131
40 892 215
749 834 572
921 927 243
726 755 759
898 926 186
184 495 121
313 436 230
510 615 500
338 605 926
283 939 570
704 740 354
880 896 43
184 468 589
701 728 11
147 401 770
560 767 624
358 901 770
931 940 491
97 801 111
24 469 470
334 400 729
117 544 857
326 609 971
466 917 797
64 897 750
248 410 249
438 605 91
346 842 183
170 588 562
949 957 935
624 798 267
709 834 587
312 707 291
632 660 602
202 390 230
944 954 611
947 951 596
416 860 569
120 228 793
267 769 94
125 941 386
637 642 948
849 931 820
898 939 641
241 852 185
627 904 123
937 953 358
239 576 116
474 942 371
708 850 112
534 605 590
599 923 883
841 932 398
507 543 857
762 821 772
306 776 1
38 436 897
351 428 870
644 928 158
88 800 663
259 537 406
640 955 44
3 71 881
264 428 625
615 893 225
411 752 216
536 741 130
566 736 935
267 368 136
807 828 374
529 916 938
281 760 180
615 793 911
682 953 221
389 627 231
185 463 161
435 830 178
936 944 783
491 881 334
887 923 764
72 94 397
370 439 423
708 726 484
124 899 994
596 777 844
216 637 405
267 609 830
182 251 840
870 953 622
881 897 209
481 679 411
255 712 874
591 846 693
804 878 272
459 552 467
659 858 314
60 861 155
533 661 857
14 94 103
138 367 275
399 686 71
433 678 228
657 803 485
553 621 139
594 783 129
182 588 179
944 956 473
370 894 600
100 904 790
81 262 143
740 886 700
243 859 110
668 793 350
621 802 641
850 869 333
282 831 613
219 677 3
99 764 15
836 864 965
920 928 603
587 938 980
816 881 238
374 889 889
715 796 755
743 940 580
107 372 253
586 652 776
900 908 700
492 763 613
599 769 850
42 232 531
204 695 599
166 952 710
70 732 459
869 946 804
104 707 58
419 814 860
109 858 56
665 910 344
573 870 520
13 367 613
743 887 805
128 851 226
674 815 263
475 582 635
294 737 242
765 840 736
370 824 959
153 703 31
382 797 531
647 766 156
901 906 479
411 553 825
671 800 267
599 751 531
457 558 135
416 785 527
950 951 389
355 791 788
875 928 628
366 776 708
441 574 994
443 570 549
827 831 475
81 89 609
891 924 67
242 749 353
14 213 164
770 853 361
743 847 112
34 708 81
684 888 447
399 605 318
523 757 831
400 778 887
641 725 686
916 942 184
485 788 881
779 957 823
905 906 392
940 957 609
924 954 901
905 948 104
803 932 243
614 944 974
497 545 590
772 855 609
246 689 573
110 536 825
465 743 304
469 745 54
871 909 337
187 652 380
390 882 237
289 774 2
692 781 23
890 944 618
582 772 704
291 415 284
186 207 49
943 946 983
697 950 947
606 790 172
633 866 472
805 921 270
663 717 350
338 689 851
69 329 284
831 880 275
160 357 42
523 569 794
629 648 985
860 884 5
109 344 623
746 815 355
102 586 389
954 957 448
875 910 697
467 620 577
468 606 191
788 816 373
368 909 238
218 411 542
673 689 836
774 851 635
194 891 668
290 805 323
199 284 597
154 745 184
602 916 529
273 674 926
203 725 947
468 654 886
933 950 860
368 739 955
859 952 822
195 304 463
200 501 963
361 608 820
804 931 641
283 456 825
183 768 592
908 911 691
97 242 611
850 917 850
537 957 41
444 854 342
919 931 488
166 607 482
165 669 352
629 895 618
731 795 364
323 858 271
728 791 551
317 341 44
441 611 912
562 796 902
413 627 345
857 911 432
239 422 798
607 860 639
641 828 68
560 898 309
20 461 179
497 567 122
740 768 339
124 266 160
259 721 321
930 938 81
11 167 428
371 712 448
373 769 120
843 950 358
231 561 421
829 946 982
258 546 350
275 469 792
449 504 652
517 827 730
762 788 715
582 775 156
715 844 420
601 706 220
506 815 102
841 951 329
506 580 36
269 755 796
639 646 555
847 876 613
600 814 523
559 739 543
168 288 531
715 838 615
62 887 145
