725 673
201 5 577 825 711 566 424 896 901 504 410 321 494 726 301 331 766 828 450 422 60 281 642 620 618 829 105 263 827 258 533 616 268 320 525 729 265 374 503 389 85 691 542 86 745 445 348 22 204 88 999 374 63 172 876 890 485 893 482 124 329 139 691 853 964 446 799 650 820 668 707 471 636 888 790 946 165 469 667 127 608 999 920 74 91 217 495 914 214 147 327 883 356 348 868 632 237 450 595 138 509 50 12 715 489 793 539 697 722 369 272 929 100 464 905 385 682 818 740 813 446 238 217 676 654 367 982 449 970 731 741 322 121 647 273 700 128 951 830 78 620 538 837 9 680 870 256 724 284 788 719 242 74 1 967 108 17 431 318 610 836 808 57 338 929 939 537 632 424 578 841 530 877 955 768 234 90 435 56 321 5 923 556 957 266 764 484 337 777 428 469 71 39 822 887 372 869 606 976 853 365 712 293 719 990 355 441 522 593 562 102 512 880 162 734 431 465 879 587 170 814 633 384 414 84 500 870 787 927 405 750 824 773 811 896 706 264 576 827 766 404 782 120 271 699 227 520 73 333 440 244 387 586 984 31 994 980 947 60 416 671 407 334 355 494 916 779 445 830 449 794 979 324 282 8 156 602 118 193 246 873 303 777 217 206 117 45 612 758 124 647 258 971 536 487 583 438 106 821 480 595 225 331 414 443 411 596 262 34 737 365 789 895 14 622 105 838 992 79 450 105 869 300 896 86 828 603 574 928 381 597 531 72 187 705 619 717 514 535 186 524 8 463 59 251 40 599 197 698 342 334 919 462 284 921 546 484 458 996 326 753 451 479 525 174 953 701 231 883 171 347 974 207 310 974 285 539 197 766 472 574 592 825 306 793 974 351 628 892 893 187 954 824 413 854 681 101 908 93 502 187 499 240 652 55 858 822 687 505 620 806 646 803 2 390 647 595 722 251 635 567 937 611 303 389 167 954 774 483 844 568 803 311 463 699 933 608 971 609 37 81 751 589 947 101 447 292 85 991 248 530 297 887 984 617 224 576 402 28 892 647 656 943 376 914 162 691 344 224 575 546 455 978 834 217 330 799 681 779 409 497 115 822 137 981 917 538 391 617 621 159 103 751 49 443 421 80 746 229 957 455 494 208 65 351 891 237 181 782 975 464 843 23 140 97 132 200 962 576 198 59 943 144 930 921 147 579 844 520 411 565 514 373 973 104 512 321 801 30 281 526 266 371 294 612 435 527 630 751 697 855 363 123 98 147 507 397 611 293 92 419 630 318 266 106 917 523 51 29 392 193 492 231 91 615 184 405 615 556 173 493 691 852 192 882 613 542 416 593 102 995 598 66 353 177 834 464 725 887 499 36 299 86 588 70 863 643 856 770 890 189 443 320 433 451 906 874 597 991 910 472 334 597 292 66 122 207 973 360 49 259 305 494 404 950 708 425 849 774 431 854 152 453 211 30 386 694 539 996 343 976 714 87 979 505 906 369 481 961 104 914 92 75 764 873 887 270 481 942 12 230 413 442 424 418 495 44 197 188 245 168 22 957 979 206 512 32 675 25 775 119 540 785 707 599 417 961 753 507 208 107 136 138 433 525 567 866 607 679 104 592 892 910 548 218 488 251 493 466 941 771 375 726 167 275
208 499 790
287 398 852
663 669 157
661 688 677
498 548 489
583 690 666
41 110 835
129 325 988
162 494 167
489 532 499
695 698 93
364 523 953
17 200 662
491 637 769
325 531 446
330 616 614
454 497 498
481 685 863
216 249 76
400 556 949
157 520 390
475 691 787
555 678 293
386 414 81
545 674 606
277 303 784
8 48 163
525 606 374
322 415 338
132 554 260
461 607 196
395 488 624
591 690 753
287 475 586
169 204 369
714 719 875
688 695 463
177 662 379
205 416 118
443 482 50
556 639 213
566 619 536
29 94 644
207 616 498
146 165 602
193 518 351
539 651 919
559 661 377
11 356 861
54 170 19
189 567 969
176 517 433
676 697 552
169 414 143
413 637 506
2 164 760
500 548 465
276 577 99
565 566 93
278 623 837
151 615 807
241 274 117
251 332 600
278 330 358
96 602 28
283 324 610
77 209 984
116 372 712
636 698 485
211 493 541
464 716 584
173 666 561
221 340 352
220 543 425
461 608 154
78 490 290
700 702 313
672 713 536
505 681 880
573 663 508
616 708 826
134 287 224
122 655 552
641 675 858
34 295 208
325 439 973
446 565 362
709 712 773
171 687 894
697 698 152
358 674 6
58 453 371
545 563 729
429 677 609
37 708 961
683 716 132
487 707 510
219 583 399
57 232 286
272 445 469
282 715 207
470 597 893
324 584 71
588 655 253
631 654 443
688 716 175
152 300 308
572 638 596
205 647 735
154 592 316
184 388 776
78 660 193
45 368 129
268 717 287
697 705 315
438 550 387
429 512 832
369 602 95
587 637 5
143 316 772
555 654 464
298 544 468
548 657 657
312 630 655
505 713 371
43 565 407
531 606 420
495 637 367
332 448 574
257 722 20
647 716 726
420 515 555
487 691 9
553 618 940
291 597 95
456 581 787
637 658 455
362 556 692
500 555 877
687 690 531
526 638 596
466 530 200
27 209 642
330 476 754
133 569 854
3 227 584
325 419 750
104 483 183
29 612 765
714 718 153
467 535 32
343 397 215
540 706 715
130 182 787
670 710 833
372 690 514
590 634 256
642 645 166
235 666 972
711 717 335
335 696 423
717 723 441
497 689 253
479 576 789
376 432 29
552 679 643
591 625 682
49 640 101
192 306 901
395 488 535
450 495 998
560 665 615
84 372 310
76 724 938
311 628 628
418 462 432
177 530 738
369 548 405
99 151 960
213 683 822
264 573 985
556 702 789
1 64 180
509 538 967
499 695 63
13 303 925
31 498 613
434 495 724
162 675 758
586 695 446
338 416 554
31 664 456
193 626 56
683 686 965
81 331 269
113 647 726
262 446 506
149 501 189
309 693 34
103 475 39
341 450 315
114 464 343
718 725 34
597 666 605
115 249 918
211 635 959
188 503 919
25 537 934
699 707 137
226 564 939
577 591 207
235 436 225
193 590 198
245 400 113
440 444 976
381 608 416
491 605 133
404 619 365
475 720 148
346 470 680
342 471 137
50 668 806
510 527 442
603 653 455
9 724 627
412 474 758
48 463 97
620 702 547
303 704 237
520 560 948
52 308 165
394 699 166
353 440 94
669 700 148
403 540 616
580 682 556
658 725 242
277 552 920
352 505 700
541 655 763
670 705 594
172 540 69
301 597 732
295 446 5
315 563 462
446 636 164
629 718 33
363 566 712
122 493 396
65 173 129
130 320 124
429 658 999
605 666 969
404 496 440
322 478 367
246 328 752
289 345 36
258 612 607
107 539 109
703 721 364
648 685 329
47 208 146
520 633 24
671 708 728
667 725 529
655 706 745
194 597 303
213 241 897
615 716 214
586 680 282
540 721 938
443 464 517
209 466 86
286 322 893
37 332 457
583 692 263
76 235 193
512 695 532
506 577 576
479 630 668
269 669 392
518 551 913
606 634 788
629 665 128
267 556 444
550 666 666
283 582 9
556 620 155
311 541 993
578 634 929
13 317 543
677 695 497
131 645 468
163 718 926
342 462 227
420 463 585
20 247 77
704 710 900
259 399 907
98 180 348
354 607 667
190 543 795
330 555 551
246 428 695
620 634 707
86 94 535
116 365 550
483 546 327
610 669 241
419 713 51
681 718 45
640 676 335
621 699 400
527 682 506
188 714 118
424 542 188
664 689 222
333 657 637
607 640 524
605 705 852
599 688 928
238 706 997
548 642 461
565 699 164
199 531 759
76 271 209
511 625 629
276 590 452
673 717 111
519 639 436
42 379 361
393 513 300
693 702 997
93 195 607
408 520 304
43 165 789
36 85 813
90 710 206
184 625 910
34 136 851
573 638 675
494 545 834
524 602 606
508 639 880
287 526 313
601 663 525
185 186 878
170 549 34
180 247 386
252 531 189
592 657 115
63 518 777
42 585 572
149 435 147
92 425 519
520 671 746
697 700 373
215 281 378
227 537 639
533 619 872
215 224 411
85 680 261
66 312 536
686 692 33
343 508 224
675 719 776
661 690 935
158 161 684
333 660 921
384 686 526
431 632 15
166 708 6
694 709 87
225 383 902
597 698 675
135 224 163
165 716 630
358 432 668
49 313 865
706 721 898
118 511 93
171 317 3
386 432 128
225 310 630
561 681 330
68 667 267
421 452 241
108 418 354
45 295 725
228 386 172
243 674 469
495 532 827
134 296 908
698 700 265
185 538 205
479 501 478
619 668 787
548 685 423
63 660 833
206 260 862
545 609 249
443 703 113
371 561 181
241 622 252
452 544 853
288 670 91
478 704 261
229 510 74
478 495 715
518 655 347
177 213 156
199 262 699
613 725 837
683 684 675
445 528 49
425 714 700
724 725 513
364 470 651
650 707 878
567 718 505
593 625 42
355 678 390
622 681 365
616 693 221
676 677 43
501 503 895
55 133 427
574 688 310
193 716 784
546 652 552
553 643 299
516 544 447
599 686 52
557 618 341
269 318 943
514 652 201
688 700 580
71 391 168
32 240 668
174 293 891
44 500 832
477 718 208
633 679 23
439 556 353
129 262 547
310 473 712
317 688 377
568 577 655
394 542 31
511 638 249
124 167 706
392 505 823
549 674 365
572 660 219
213 552 150
163 292 40
285 648 444
106 653 248
434 467 218
411 691 675
119 248 402
132 190 337
240 652 410
485 602 198
239 434 297
72 694 420
376 688 972
247 576 492
575 670 700
701 713 664
189 613 282
117 198 626
720 724 203
406 591 521
560 725 352
333 558 639
28 229 971
464 479 130
94 608 840
291 571 192
197 518 38
414 708 954
154 293 171
69 457 317
607 649 184
188 199 642
311 639 411
495 677 839
677 695 391
536 624 804
535 698 545
396 492 63
640 713 51
185 345 848
4 699 150
335 549 24
38 110 139
217 557 682
319 680 787
705 710 933
564 709 698
402 587 143
378 559 44
5 246 874
430 710 210
623 715 54
109 144 541
616 696 473
532 705 484
216 370 237
275 276 922
54 196 512
92 116 510
76 356 454
88 443 165
471 656 635
212 662 469
263 383 562
126 703 15
574 637 536
284 339 458
131 549 626
18 191 517
168 617 524
617 688 604
614 658 364
31 56 2
108 216 232
562 576 991
423 642 27
419 703 332
670 720 154
267 344 484
285 445 284
15 679 827
78 145 790
525 711 966
607 688 492
158 379 110
545 662 985
339 577 177
406 599 81
468 635 833
145 704 230
468 662 113
328 467 922
688 722 339
280 450 831
378 555 559
253 280 240
59 458 904
355 592 983
46 664 283
81 161 672
183 616 67
635 674 96
600 704 986
566 588 534
724 725 600
350 720 387
215 279 889
188 406 786
9 147 24
267 434 701
196 615 572
61 81 611
451 714 707
105 113 122
524 607 787
535 584 177
343 672 157
414 690 138
655 676 715
22 62 316
188 439 597
612 652 901
122 233 815
389 629 195
26 179 707
56 626 984
376 699 260
385 669 827
392 461 996
607 685 303
298 550 100
653 715 838
191 600 116
597 709 161
373 464 136
125 253 688
416 637 866
439 645 217
383 416 107
358 630 21
655 716 216
134 142 662
246 505 652
74 129 512
363 411 174
26 373 373
627 633 316
120 472 537
649 668 349
205 340 439
590 723 768
438 582 173
38 270 784
710 723 786
152 642 978
441 661 99
531 696 696
59 322 722
312 638 120
436 628 515
265 342 532
399 644 939
360 714 749
47 711 281
191 252 239
274 555 621
239 360 319
309 557 106
310 351 799
400 437 187
722 723 489
344 609 489
348 686 894
16 721 747
118 282 757
653 663 336
131 342 343
478 523 168
114 440 890
180 424 38
96 434 304
438 606 798
208 357 133
363 654 801
19 549 363
221 368 108
563 587 592
19 201 327
679 725 573
299 478 983
699 705 517
703 708 476
382 572 451
538 699 421
699 719 145
120 298 703
22 589 953
630 681 830
510 570 50
381 668 194
105 477 31
389 515 472
423 440 142
136 388 979
289 367 365
581 700 747
363 410 850
110 228 850
364 510 957
223 500 627
245 599 137
90 573 80
181 658 890
67 266 774
624 681 457
9 509 784
672 709 423
138 161 711
544 605 955
