45 94
44 18 32 74 84 22 90 29 7 41 79 31 27 80 50 8 78 32 74 88 66 36 4 7 31 95 91 57 83 99 29 29 9 71 75 84 53 41 38 93 43 35 29 34 79
21 25 76
4 6 96
6 33 6
13 32 51
42 43 15
37 43 11
18 35 80
20 22 18
18 43 15
37 44 55
20 37 50
20 45 3
41 44 83
31 43 18
18 28 98
12 39 64
23 44 17
37 39 39
9 35 37
28 43 33
8 31 26
4 14 53
30 44 39
9 23 62
13 45 41
18 32 32
29 45 47
7 14 26
26 32 19
28 45 35
43 45 75
41 44 78
24 33 15
16 33 35
44 45 40
20 38 94
2 5 19
44 45 61
19 22 1
27 30 42
1 35 49
16 33 75
29 38 50
12 35 30
11 30 16
2 12 6
23 39 99
29 33 25
9 13 92
30 38 31
12 41 72
29 41 66
21 27 49
19 39 87
11 41 98
28 41 77
18 27 31
24 34 46
13 38 17
20 22 17
7 23 61
15 26 38
17 34 88
24 26 89
31 37 2
30 41 44
39 43 55
4 23 31
9 32 47
2 40 77
41 43 34
27 42 44
31 42 37
36 45 92
5 8 8
44 45 7
11 22 8
13 26 16
1 19 79
41 42 77
25 41 66
22 30 88
42 44 83
2 15 61
25 31 68
20 28 94
7 28 19
42 43 47
8 21 46
15 35 56
1 30 69
2 27 21
38 43 97
6 22 15
