322 322
124 86 736 951 165 310 900 257 489 974 290 421 876 250 51 177 518 498 950 592 946 27 135 659 521 602 504 191 844 13 17 609 855 993 157 358 206 869 963 755 433 375 848 315 769 845 834 951 802 240 10 272 868 247 717 6 429 621 796 391 43 956 48 335 703 942 396 832 11 436 643 553 94 382 967 127 488 690 236 506 686 674 569 824 286 585 231 211 344 134 974 938 179 590 913 987 258 45 53 904 806 682 950 936 521 129 237 32 908 779 696 877 643 852 44 447 254 958 381 930 196 591 964 490 412 568 490 250 102 333 697 610 770 6 404 347 45 789 864 489 909 61 511 26 704 588 458 879 868 999 247 193 159 976 207 858 256 53 204 634 590 820 143 96 245 586 490 505 857 272 654 202 778 30 291 647 27 366 913 289 706 640 177 430 718 766 13 340 184 724 927 354 671 852 57 197 120 501 932 364 177 933 867 779 834 465 27 276 492 178 5 62 638 498 404 658 729 32 252 734 702 501 669 411 497 371 799 874 410 198 288 674 269 818 750 62 116 534 50 898 435 629 293 73 458 60 225 110 734 815 137 941 19 936 466 524 145 157 430 227 258 551 909 277 167 146 42 977 855 855 740 594 950 790 669 612 673 685 920 383 478 835 647 280 132 521 715 835 638 995 116 114 410 474 480 853 312 682 898 923 22 168 472 302 659 767 200 48 320 181 387 421 659 58 481 97 809 228 488 190 353 320
7 41 209
78 156 443
225 319 825
276 287 42
159 160 673
296 320 631
190 261 226
210 265 446
169 226 628
266 291 525
80 148 572
11 198 243
93 208 31
140 318 653
20 76 449
40 43 252
99 307 805
35 58 159
34 99 457
247 272 402
210 222 894
25 104 794
256 264 773
184 204 277
309 322 648
23 80 989
190 297 912
102 222 441
163 309 88
161 296 176
212 252 114
280 311 10
249 250 973
72 264 666
37 238 764
207 239 121
279 298 520
164 312 379
213 284 278
159 164 652
111 197 192
34 115 415
37 304 771
201 257 570
16 212 230
237 307 564
41 300 835
14 41 121
97 125 231
140 244 189
120 209 255
174 188 466
164 182 554
127 279 400
198 318 950
57 222 364
261 284 254
193 314 752
134 264 554
285 311 626
133 167 514
130 272 414
90 226 619
294 312 3
241 260 879
206 288 373
105 165 446
193 294 878
198 236 334
210 303 760
220 311 142
106 287 714
64 244 120
41 167 17
292 306 138
33 235 133
296 302 311
133 148 582
164 282 913
74 235 209
91 94 881
143 226 836
177 295 736
266 286 668
148 172 224
76 300 137
104 269 875
78 214 20
163 254 331
155 167 436
309 312 20
296 316 994
137 153 602
153 157 101
252 308 792
47 84 45
53 211 673
217 260 176
235 275 243
184 227 935
220 314 411
47 276 383
154 213 657
95 115 628
44 306 716
142 315 556
20 274 184
217 310 864
293 296 678
69 314 248
205 291 127
306 316 264
90 106 869
131 211 656
245 294 447
300 309 867
165 203 294
259 302 144
38 321 575
106 194 25
261 280 53
189 271 465
28 142 74
252 303 280
28 184 166
117 281 26
217 298 509
5 183 638
60 153 282
82 222 352
259 316 234
109 269 856
129 209 531
300 322 793
315 316 153
94 129 79
101 180 292
6 294 118
222 237 786
260 263 571
78 259 134
226 291 441
207 218 837
89 274 460
244 301 10
190 197 758
12 48 719
286 317 948
235 267 880
56 131 329
53 66 157
238 291 804
139 256 607
153 180 332
23 169 286
11 258 936
100 211 910
26 107 435
262 269 708
138 183 598
259 265 593
179 237 743
228 300 552
207 289 418
200 221 900
71 162 576
300 316 223
230 306 524
164 296 811
63 178 723
95 128 976
55 195 678
275 295 440
39 174 449
108 130 473
316 320 820
70 166 578
26 142 652
50 283 135
119 257 254
176 274 796
53 176 81
271 277 707
283 321 627
97 154 926
28 30 822
203 222 768
75 228 942
295 300 772
172 220 284
178 256 996
211 266 486
316 318 229
151 300 269
15 309 699
191 279 211
16 269 633
39 53 570
223 263 628
171 214 772
105 184 327
208 255 241
12 266 691
32 196 397
192 208 589
292 298 361
194 312 969
85 287 142
305 322 940
175 187 392
203 260 258
171 241 840
54 169 761
204 232 221
122 214 8
184 235 582
290 308 598
189 205 755
78 185 989
318 320 953
115 200 698
311 319 788
199 239 24
215 224 834
85 312 412
35 191 359
183 235 796
142 246 615
227 273 28
14 142 836
86 220 566
44 179 259
190 279 146
68 261 276
5 222 518
51 99 461
73 80 676
37 205 210
159 292 724
7 37 642
265 293 109
222 226 58
225 255 830
130 137 612
312 317 783
100 279 695
46 166 228
201 285 289
86 155 656
20 64 664
213 253 481
33 294 598
114 312 911
199 229 422
105 293 107
13 322 859
224 231 432
164 273 562
218 230 520
113 293 809
105 156 717
114 314 628
78 252 744
41 165 847
146 240 1000
18 31 952
19 30 513
306 308 819
2 81 362
191 312 536
22 130 99
28 109 42
26 93 515
234 251 829
30 314 721
105 110 190
218 279 862
268 316 523
71 121 839
117 292 353
101 184 32
107 182 678
283 287 767
291 295 325
114 228 664
88 175 743
272 278 311
264 280 708
225 261 292
57 131 142
122 211 932
240 305 549
59 206 628
115 116 133
320 322 152
93 292 466
203 257 391
284 304 860
247 257 685
208 258 247
94 134 828
8 259 90
143 320 41
106 142 711
177 241 899
173 227 815
71 217 86
290 296 90
185 211 62
243 308 351
75 254 903
232 291 522
53 80 39
247 284 235
261 305 491
23 142 921
48 247 888
62 167 647
235 298 499
295 299 10
159 305 823
277 318 458
