234 499
29 391 225 886 443 54 474 672 101 259 719 610 175 38 101 730 402 791 294 936 559 443 551 333 947 255 832 513 419 314 718 649 408 974 87 302 716 549 732 928 465 845 355 988 484 746 247 383 699 932 384 341 607 782 785 565 691 981 416 303 744 674 646 163 926 700 782 297 175 114 578 360 709 532 829 976 165 646 152 453 331 213 595 861 816 91 21 876 775 505 506 975 944 3 843 675 746 166 825 904 552 124 879 684 904 910 491 779 299 499 7 238 921 750 460 830 484 597 421 738 322 739 580 6 513 629 267 183 425 198 181 674 906 189 901 590 500 512 813 800 313 500 65 941 394 394 23 565 788 264 589 133 289 940 3 402 215 146 560 735 556 100 695 151 799 737 19 433 200 915 942 336 748 542 881 25 612 124 754 998 284 538 218 933 217 694 83 740 364 724 138 165 683 29 394 162 166 1000 496 796 465 138 582 199 111 290 691 738 263 505 998 293 148 760 804 898 396 990 784 42 197 96 932 228 464 697 1000 588 510 799 411 396 85 207
146 234 92
200 221 132
36 127 694
108 231 156
73 89 104
161 173 938
202 211 859
89 137 36
1 10 778
190 213 304
53 126 915
14 70 429
161 167 834
70 173 197
136 214 102
190 221 728
228 233 206
61 140 587
36 106 896
197 231 284
166 209 209
150 206 122
136 147 238
52 195 348
82 92 428
54 177 680
1 165 225
113 178 473
43 60 445
77 115 448
14 175 554
233 234 90
85 233 963
55 221 423
170 229 318
45 165 532
121 233 241
151 175 390
213 216 669
211 227 973
181 184 848
15 191 148
82 185 735
93 199 869
222 232 22
31 145 919
78 188 723
135 149 703
38 75 763
167 174 408
109 215 783
36 90 449
32 189 398
67 219 660
155 166 206
156 208 524
50 60 193
191 204 468
205 226 927
97 185 55
41 167 71
168 212 205
152 170 708
4 170 621
210 212 6
111 211 31
111 229 484
94 227 611
144 160 463
28 81 17
55 169 424
74 234 745
26 212 491
223 229 360
36 197 827
95 221 149
34 169 303
142 234 84
13 22 610
178 204 646
122 227 332
230 233 707
156 198 833
9 226 209
180 197 41
104 117 633
58 213 395
64 81 659
133 192 232
209 224 730
12 117 217
198 228 665
101 155 677
194 221 388
53 225 618
139 228 70
137 166 941
168 225 571
180 197 892
197 224 700
148 203 103
116 144 284
187 207 917
83 176 398
194 230 556
70 168 830
149 225 289
22 162 872
8 115 713
144 216 416
12 143 131
68 77 368
177 203 458
142 190 726
28 47 208
221 225 499
174 186 384
83 202 188
18 78 968
168 189 259
140 200 354
38 176 56
39 179 696
12 20 998
65 184 864
182 221 777
176 220 492
179 228 160
102 196 847
34 109 28
181 214 584
28 213 238
39 62 231
29 59 439
73 213 679
69 175 2
37 193 210
179 197 60
151 172 306
144 169 798
109 187 328
227 234 341
14 227 655
152 201 516
144 201 249
114 167 612
149 160 628
131 146 893
10 146 467
212 224 500
165 203 676
227 229 881
124 139 363
95 111 609
92 165 885
5 164 907
54 224 554
199 202 348
186 207 910
87 111 68
96 114 136
55 189 970
64 117 152
31 227 480
75 142 675
213 216 803
143 225 335
45 198 216
155 185 385
136 211 779
157 190 758
44 184 259
147 230 13
2 166 156
3 122 258
184 193 438
55 57 233
52 119 588
142 214 561
170 205 580
88 131 890
116 168 262
44 77 340
157 187 591
110 214 80
5 210 488
16 133 345
96 124 545
92 98 203
92 194 874
43 195 515
56 181 763
29 180 133
196 213 581
145 194 976
199 226 323
18 128 368
122 161 13
195 206 20
90 123 500
157 225 637
148 190 799
106 227 301
22 232 862
222 232 406
187 220 638
130 173 605
9 213 556
93 192 911
130 132 709
157 218 999
57 102 223
205 228 888
37 195 827
162 226 29
149 232 529
226 233 155
203 223 481
64 213 771
173 223 386
182 206 778
13 115 129
197 220 856
172 182 72
186 227 68
78 109 412
117 224 950
185 190 234
158 226 399
39 98 688
183 229 222
145 198 511
189 226 423
63 168 262
193 228 656
113 122 748
78 205 759
128 146 189
98 232 895
163 212 256
93 194 617
63 71 18
156 213 736
157 168 514
53 144 767
57 95 667
66 201 794
88 195 860
126 202 293
177 226 429
18 199 319
74 197 147
178 231 768
117 195 128
95 228 555
131 159 827
71 78 650
30 166 952
2 133 771
63 175 747
61 222 887
216 221 435
133 220 895
176 194 29
123 202 75
159 228 114
161 193 485
25 52 559
127 222 88
161 167 975
62 168 95
58 87 32
163 184 375
53 203 784
122 233 719
129 229 146
227 229 864
164 212 10
146 198 376
135 160 216
128 159 263
26 95 843
5 85 563
92 154 909
33 151 262
202 223 89
222 232 525
32 57 763
99 182 753
43 95 864
10 169 229
137 162 781
69 97 133
179 219 174
41 87 762
63 181 515
16 45 674
168 196 906
116 178 73
146 222 739
199 205 280
225 233 735
28 231 158
94 111 872
155 177 82
210 222 883
81 83 938
104 165 356
150 154 251
85 147 790
221 225 480
92 130 726
82 102 462
184 198 513
89 165 162
231 232 446
224 231 319
145 150 142
6 234 579
179 223 229
63 190 162
104 105 184
96 119 253
103 131 711
228 231 603
39 197 418
121 165 549
132 148 328
154 187 761
97 104 790
80 110 331
20 200 602
119 136 192
28 142 630
140 169 909
110 181 561
80 112 593
32 132 173
31 184 996
38 54 889
118 203 876
96 122 964
175 215 929
4 72 665
76 198 560
1 185 253
201 232 537
18 100 768
229 234 73
63 108 66
26 121 327
13 167 506
151 195 315
136 204 553
10 91 684
106 142 742
10 198 800
165 173 95
107 223 157
194 208 475
203 234 618
42 104 61
41 157 771
89 174 82
131 226 441
67 94 195
170 171 485
85 202 825
188 189 197
34 89 599
62 217 849
84 153 868
172 206 84
192 197 310
170 188 929
6 115 398
144 193 550
206 232 267
220 227 874
116 120 853
134 184 579
72 200 120
104 122 796
156 213 917
77 143 757
25 89 572
93 225 191
127 211 932
102 195 929
94 172 315
211 226 304
136 207 424
105 214 297
34 92 574
169 213 315
4 193 228
74 94 145
219 233 354
101 151 215
88 206 684
233 234 69
31 217 930
192 209 568
154 198 166
55 142 652
101 106 830
169 184 707
104 144 104
189 193 948
218 221 761
189 212 198
159 208 78
62 113 827
16 53 300
27 184 950
213 228 308
195 196 933
221 231 175
159 203 515
86 164 803
133 215 701
61 138 928
136 163 659
29 42 357
214 230 678
179 209 938
83 149 197
104 190 731
164 184 85
138 174 62
160 220 406
229 230 147
177 218 668
155 225 137
32 83 290
107 135 47
229 231 238
60 121 37
177 220 830
215 228 402
191 216 872
5 184 697
174 213 377
166 187 780
32 135 830
168 207 545
61 191 808
34 45 108
11 20 994
121 181 646
224 225 639
96 193 425
96 195 56
225 230 322
120 161 94
67 184 384
19 144 883
62 140 235
226 230 295
89 184 349
133 230 458
34 59 928
125 131 182
85 147 16
162 217 187
212 215 613
155 207 994
120 221 56
158 168 335
219 232 859
144 188 874
202 209 43
51 201 510
19 36 118
185 217 9
231 232 100
47 79 671
35 63 158
101 193 59
86 149 495
160 175 908
112 231 814
91 158 32
210 234 453
164 188 770
94 185 845
132 155 94
178 224 858
149 216 602
55 163 692
66 217 969
60 179 420
91 127 406
10 66 57
69 211 720
138 232 148
2 5 758
208 210 806
228 230 653
