136 428
486 827 594 527 298 829 382 140 201 793 988 792 32 848 184 927 510 458 879 162 365 20 79 127 309 625 790 303 603 340 595 446 765 6 463 28 723 449 96 201 139 593 718 399 361 677 86 1000 371 832 887 650 777 270 330 501 880 976 909 69 406 940 637 722 609 124 567 894 674 503 412 173 660 125 449 503 915 699 693 77 762 567 715 830 446 490 518 784 352 984 878 565 288 519 721 387 171 760 793 139 282 179 220 240 701 750 576 566 697 921 562 565 933 695 119 574 588 682 614 338 917 775 839 299 93 785 894 996 651 648 542 94 720 82 56 311
126 135 309
53 107 721
100 112 254
30 44 972
56 90 184
20 135 105
72 91 804
107 115 760
89 110 718
21 63 518
122 128 120
130 133 771
129 136 549
79 133 983
10 41 459
102 103 621
71 125 56
3 121 717
71 111 695
49 113 179
62 80 41
108 109 907
77 80 849
46 129 590
98 131 506
23 106 565
65 78 818
106 113 519
96 98 331
131 132 943
12 133 36
88 112 300
6 15 702
41 70 883
88 119 898
98 99 388
110 115 140
57 64 521
58 119 1
113 116 317
17 51 10
48 90 545
63 109 396
27 118 663
88 133 796
111 128 822
25 35 220
132 134 477
131 136 967
99 113 939
18 130 193
94 118 796
116 132 839
15 74 549
43 82 752
17 100 973
131 132 978
37 57 615
88 122 698
110 124 321
128 136 593
36 125 623
102 109 633
67 74 808
65 133 920
98 129 119
104 110 223
93 127 627
118 128 703
125 134 63
128 131 377
130 133 131
43 128 719
57 72 801
114 117 744
10 42 184
66 107 133
32 36 353
31 33 200
59 65 276
123 134 155
93 110 567
81 114 366
41 42 447
94 106 409
126 132 745
53 126 731
56 96 595
112 113 366
77 116 999
134 136 497
59 60 853
121 136 434
15 89 574
7 109 322
79 89 875
69 71 18
90 132 324
13 86 271
109 122 559
74 96 685
72 129 38
60 67 97
16 20 605
18 41 962
9 26 539
8 33 12
117 129 714
123 128 989
67 101 660
109 119 522
86 111 562
130 134 906
15 107 892
42 70 164
115 125 444
75 128 551
18 70 301
122 133 637
22 120 599
108 126 620
121 136 579
24 123 763
47 71 590
101 125 882
102 117 323
81 94 147
57 74 373
89 109 561
49 92 682
13 88 43
97 115 92
120 126 544
67 96 558
116 131 885
130 134 216
128 134 964
105 123 913
67 101 737
92 131 290
75 130 930
70 95 126
6 136 100
12 54 529
135 136 938
18 25 872
81 97 158
65 111 801
76 80 134
86 94 507
74 118 432
44 76 269
126 136 559
81 125 145
129 132 647
106 122 338
84 99 357
72 114 724
62 119 891
122 124 640
62 105 261
107 110 419
74 113 511
40 48 634
27 114 177
130 133 292
4 78 90
34 81 897
16 30 492
114 133 646
122 136 210
44 54 233
15 87 424
79 123 357
118 135 433
58 71 142
16 47 303
87 89 1
88 136 672
101 128 311
106 130 957
60 125 868
59 110 989
101 112 753
98 120 721
71 88 470
128 130 465
66 68 767
124 133 168
61 64 351
36 47 697
30 124 957
51 96 64
28 58 104
39 41 207
129 136 452
26 37 886
83 112 444
86 87 356
101 118 725
113 119 712
132 134 592
110 129 745
62 110 647
14 94 108
73 99 367
71 116 402
58 66 391
76 125 820
82 107 646
68 87 392
75 106 146
17 62 215
119 127 866
45 90 154
30 113 463
22 93 31
18 20 463
84 111 789
28 135 262
135 136 430
71 104 805
11 55 817
70 86 828
59 129 202
15 82 572
39 136 155
35 78 199
115 131 743
109 119 341
43 79 5
20 86 757
110 134 327
50 71 827
67 115 197
120 134 912
81 120 403
108 124 46
53 54 874
99 132 604
44 78 533
69 123 664
48 57 473
27 131 791
100 107 704
51 66 365
68 130 448
9 52 46
97 107 52
35 76 903
102 136 391
81 115 140
106 107 708
115 125 582
66 129 530
3 11 558
79 90 104
124 135 514
105 122 777
128 135 375
124 133 18
51 101 723
97 104 610
75 127 896
92 111 169
77 134 311
16 47 976
53 74 114
62 135 598
90 101 250
65 71 298
22 83 754
59 107 71
25 105 766
48 117 958
36 124 967
41 48 844
123 125 721
104 119 657
8 37 814
112 123 211
109 133 439
108 116 870
32 134 79
133 136 151
63 96 574
63 66 424
128 135 966
9 13 122
2 11 274
38 134 780
10 18 706
93 114 987
52 81 138
43 130 318
2 90 466
82 130 957
31 81 178
15 96 724
21 120 981
123 128 973
110 131 480
53 54 946
95 102 732
66 130 102
16 34 829
128 136 431
67 114 168
78 85 48
118 124 965
98 117 722
2 34 756
30 80 344
42 90 109
63 94 677
69 121 288
66 133 860
18 124 682
52 106 568
57 69 66
49 68 983
28 107 260
134 135 623
25 49 379
97 119 674
34 133 285
27 121 115
37 91 140
53 136 884
135 136 516
121 125 63
61 134 988
107 119 359
68 81 48
104 125 808
132 135 669
82 93 803
33 112 129
119 134 220
52 95 840
33 98 731
76 92 513
82 96 82
101 123 780
63 69 430
33 104 664
30 87 224
131 134 9
67 102 410
57 92 235
25 33 89
130 136 305
77 114 160
124 130 108
11 59 903
38 79 375
117 119 805
130 131 527
67 106 131
10 15 259
126 136 313
52 82 756
128 132 49
118 135 432
116 135 120
1 69 234
43 117 21
116 131 960
111 115 133
32 73 789
113 114 897
54 117 636
92 106 228
9 11 38
33 41 138
42 48 529
107 118 546
24 101 362
100 125 321
78 107 641
62 77 167
19 96 444
93 122 550
79 103 585
64 92 635
99 122 138
81 114 297
111 115 44
75 109 959
115 126 780
123 128 733
67 134 850
127 136 161
107 111 302
45 120 619
14 113 320
127 132 611
122 133 512
131 134 276
85 135 929
10 45 680
19 125 731
79 87 348
63 91 789
20 103 249
80 126 839
99 135 154
78 84 50
128 135 228
19 126 326
103 124 859
37 85 716
122 129 615
18 28 253
9 132 261
76 101 810
50 103 300
93 103 818
120 133 618
96 101 373
8 59 501
21 49 993
96 119 260
120 134 407
36 122 409
35 67 854
108 111 383
96 106 447
