959 949
594 710 322 295 221 955 364 796 114 875 243 704 489 575 490 992 900 910 538 592 434 136 748 933 915 203 474 14 889 733 98 437 536 129 113 388 276 258 549 858 767 172 766 611 81 30 426 667 368 613 262 752 891 87 801 73 394 645 680 797 293 21 984 494 305 66 748 5 951 84 633 499 315 211 974 612 8 868 567 503 684 248 330 975 735 783 214 529 479 847 109 75 295 352 632 198 575 299 861 915 939 174 643 479 869 445 289 563 865 988 381 265 285 852 612 109 200 113 606 25 631 860 475 138 163 457 801 539 991 565 324 472 299 538 539 507 816 978 19 543 476 285 382 491 274 972 267 276 354 902 566 69 617 825 365 788 394 106 173 128 798 2 551 133 871 71 165 457 100 383 826 540 771 340 498 119 165 521 30 399 883 570 785 907 873 720 508 743 615 507 500 299 419 293 357 627 380 195 983 641 726 285 187 584 117 935 873 687 138 225 673 714 744 901 568 823 326 7 720 782 835 475 277 13 27 786 427 381 395 724 977 363 878 113 200 374 810 963 243 636 298 741 812 173 862 681 787 799 705 891 704 855 103 971 160 684 169 781 637 496 625 408 748 391 929 132 793 842 728 532 472 51 882 951 933 81 568 592 768 772 153 424 209 3 622 688 315 866 883 821 63 337 944 597 125 791 129 17 837 475 425 769 720 269 632 543 524 533 8 933 336 904 85 618 661 79 622 879 241 777 661 622 175 453 779 853 696 439 463 629 948 570 168 962 830 496 111 820 195 635 31 868 829 965 404 625 927 404 626 291 390 79 830 797 549 347 498 570 368 498 410 886 503 652 442 680 897 171 677 80 303 593 765 46 847 39 715 492 602 465 991 390 923 561 715 658 994 104 180 939 99 214 319 250 226 874 194 506 896 33 983 48 33 854 548 594 2 310 867 630 382 132 811 190 998 257 746 959 217 545 981 48 770 707 710 854 186 528 830 355 846 648 29 936 624 143 490 458 910 301 602 165 925 907 380 400 558 937 830 940 780 313 161 194 444 70 993 15 35 187 531 37 566 155 838 423 438 411 175 877 902 98 306 781 797 774 820 922 361 488 774 711 708 940 509 200 606 518 287 394 279 71 771 992 719 146 994 325 890 786 866 493 478 96 358 67 46 404 395 467 893 451 70 422 104 723 286 679 945 945 837 572 671 370 174 842 473 266 744 335 516 930 775 222 916 998 877 334 944 549 845 603 5 357 602 511 184 357 801 787 138 40 116 575 179 363 309 736 377 549 131 67 6 850 244 460 562 666 760 896 414 132 771 62 94 712 844 901 146 109 376 307 860 950 468 688 324 838 97 895 112 251 469 215 898 885 927 778 821 389 73 773 532 465 951 113 17 137 642 192 136 551 728 712 112 240 708 869 370 937 627 11 895 492 775 642 630 161 456 334 894 174 831 655 302 396 934 219 827 198 474 434 397 171 956 891 803 981 452 448 732 172 168 392 522 782 369 955 566 969 965 718 324 799 133 784 544 683 718 642 167 275 328 579 37 473 594 346 12 483 964 424 856 688 63 307 249 673 751 622 17 561 326 947 690 419 139 74 67 568 520 724 897 161 39 105 153 216 889 803 295 976 416 604 53 744 686 423 471 191 738 6 369 638 947 312 456 831 642 74 908 869 450 196 139 704 14 590 470 113 670 370 808 53 289 712 467 126 590 608 648 309 258 432 986 848 815 239 433 348 820 465 46 183 163 418 643 139 223 431 532 933 28 254 367 12 806 353 84 496 835 491 182 901 637 289 43 738 536 320 781 741 157 338 688 742 899 120 486 698 133 609 79 710 37 648 147 997 830 899 678 492 663 723 547 641 208 853 563 985 572 755 200 569 91 182 83 406 145 680 525 127 381 598 131 83 316 111 280 800 738 59 801 135 810 442 711 910 51 165 971 215 769 596 658 756 981 842 481 232 571 158 214 209 279 420 452 902 143 344 721 483 220 933 749 419 955 120 520 367 945 530 193 786 301 339 966 921 253 35 274 352 892 953 544 950 888 381 276 992 676 949 706 746 603 4 958 707 820 965 625 667 839 650 248 735 80 908 930 441 748 124 173 391 829 229 918 36 280 648 844 263 324 701 908 654 681 741 910 974 274 840 911 509 951 359 226 737 253 484 347 80 6 272 483 740 941 851 576
538 674 493
47 490 370
243 825 789
39 328 5
311 412 616
510 576 118
700 949 778
833 937 720
776 906 585
841 850 692
293 629 217
450 756 671
33 206 868
119 527 913
841 918 390
323 325 180
334 628 639
509 892 856
60 411 587
760 936 323
313 604 350
602 804 419
473 685 279
911 955 177
115 647 807
645 859 168
224 904 715
796 851 126
752 820 897
154 632 339
793 852 218
104 809 201
646 807 319
866 950 732
956 957 759
193 497 649
451 699 948
407 692 164
96 606 469
192 318 585
381 681 901
398 950 391
464 649 917
844 930 457
678 806 431
130 786 263
292 503 117
222 552 348
750 856 213
379 949 816
348 460 139
64 246 429
927 935 910
477 799 98
32 237 753
8 574 435
337 732 738
818 846 350
534 742 998
132 793 108
816 826 215
787 939 90
84 901 741
438 914 692
722 744 130
295 560 912
358 502 748
857 889 479
307 745 313
762 956 991
10 753 692
194 627 986
878 930 898
233 266 33
43 537 204
278 904 544
528 671 185
77 557 813
84 617 338
412 548 369
81 277 541
948 949 763
497 774 799
818 908 632
151 343 76
345 356 958
328 563 272
12 362 1000
818 826 105
507 821 51
334 629 162
242 952 162
270 880 372
850 889 801
397 586 154
234 809 259
570 878 550
232 399 676
644 829 876
376 514 133
4 93 814
591 668 967
785 825 726
469 725 99
332 343 913
580 815 456
709 909 146
518 847 115
944 945 846
866 929 468
839 953 356
921 945 997
27 924 634
247 426 300
174 567 380
50 664 397
610 899 805
474 761 690
707 790 325
680 892 420
862 931 964
756 772 159
175 479 372
668 718 230
402 599 55
818 937 914
690 883 406
250 708 786
318 693 260
919 935 680
909 926 571
563 843 127
940 951 689
802 832 80
766 869 573
823 906 856
262 597 215
365 864 939
667 825 60
71 379 748
614 950 957
538 667 586
203 209 641
753 787 92
893 924 440
364 368 12
49 778 37
836 897 855
235 866 941
385 564 894
278 788 3
386 509 526
462 637 338
881 941 157
232 933 373
777 938 350
818 849 549
103 440 965
757 864 344
717 771 286
53 326 707
290 573 116
708 827 721
622 954 216
382 634 960
935 943 203
939 953 994
667 863 887
210 741 836
105 116 531
225 451 395
380 441 497
466 617 212
616 815 189
228 312 892
690 717 930
1 664 214
500 768 925
892 895 375
921 933 109
5 818 635
577 793 979
579 777 593
117 165 814
772 835 492
925 939 380
664 847 695
649 687 147
347 908 989
548 811 531
813 890 97
316 480 289
445 903 838
391 640 666
531 596 150
926 945 393
305 624 943
715 882 327
296 567 621
633 678 715
372 827 420
530 743 390
783 915 568
266 882 205
648 658 846
753 848 788
216 292 421
781 897 675
521 816 640
499 869 342
24 70 207
301 327 546
329 521 199
95 224 780
356 543 288
315 932 171
796 832 66
899 951 680
937 956 577
839 891 964
629 933 551
726 860 90
377 550 165
423 635 930
378 391 109
739 904 529
124 711 314
80 137 682
465 824 746
11 858 269
286 356 138
814 851 255
697 740 742
359 621 99
233 679 712
558 748 353
789 957 830
794 875 55
847 889 390
405 811 293
477 838 802
793 854 686
398 860 367
447 597 883
224 711 672
20 606 664
715 935 759
472 588 388
281 533 59
210 282 35
462 757 484
9 216 34
152 475 617
597 942 996
79 699 233
547 887 531
246 921 17
728 758 947
298 649 541
136 151 446
124 224 5
104 671 208
103 694 49
664 689 548
569 677 822
937 946 323
674 808 111
648 766 360
776 779 981
460 766 650
162 436 395
219 334 959
179 834 437
356 862 317
700 807 940
545 546 374
771 785 71
308 482 417
689 877 634
493 605 943
345 479 913
946 959 452
913 946 901
238 761 735
523 832 484
956 958 756
726 777 68
342 513 249
245 625 965
21 375 193
617 626 307
591 913 825
371 643 847
601 946 283
872 952 103
498 519 92
692 946 846
427 554 14
114 534 549
158 618 392
630 869 332
272 777 904
632 736 190
375 428 670
23 413 766
908 943 243
820 898 891
866 883 965
690 877 544
849 935 435
943 955 533
794 816 858
510 580 913
777 918 332
43 251 802
588 927 872
405 938 453
111 726 529
927 941 665
461 735 646
186 277 232
416 718 811
765 829 30
28 267 939
348 879 700
885 917 61
554 918 541
664 750 430
352 610 949
321 504 853
406 643 327
520 870 536
513 750 526
882 937 349
483 836 924
953 958 919
459 601 829
614 657 799
207 836 400
398 803 665
676 756 630
593 747 783
562 821 438
418 594 18
450 685 584
682 845 227
389 752 804
95 494 360
18 806 352
703 850 702
282 535 655
413 433 788
322 766 679
494 848 810
82 825 470
893 926 844
81 957 614
850 953 506
818 911 658
898 936 970
883 951 476
181 683 894
892 930 931
279 353 764
154 876 800
224 307 700
310 957 804
179 352 214
166 334 287
330 822 500
443 827 479
838 888 872
201 227 769
77 374 809
770 917 531
254 420 248
785 807 102
195 447 483
819 827 352
365 575 574
716 749 129
647 906 758
123 768 790
526 749 373
9 279 874
601 727 84
834 872 8
908 955 643
388 483 242
219 634 885
307 589 176
178 209 969
593 715 243
770 952 222
682 692 536
780 906 787
161 414 521
506 562 190
846 910 402
793 875 671
16 150 535
451 574 781
547 892 300
376 540 411
336 694 711
769 903 479
913 930 730
168 594 632
79 844 107
862 908 517
261 475 905
491 899 848
810 954 671
213 645 617
131 456 100
388 440 215
183 685 529
809 865 126
177 845 38
632 651 627
779 821 627
63 129 251
508 850 754
584 783 238
2 736 12
599 825 50
115 722 476
903 952 332
586 592 177
675 789 392
366 728 909
48 761 517
736 792 27
265 449 442
269 893 121
780 851 27
425 590 512
585 669 248
601 949 475
903 907 293
903 947 726
634 810 298
181 358 443
332 466 415
791 946 524
940 941 100
45 912 322
564 588 334
500 886 931
689 692 54
945 946 408
29 406 683
650 886 299
802 950 477
774 846 865
649 729 291
918 940 270
338 789 433
880 908 524
397 428 846
56 838 70
443 656 223
268 700 714
610 785 799
936 950 876
450 848 471
899 942 956
930 955 686
753 815 669
138 293 534
863 875 169
13 837 759
106 391 847
255 804 365
794 882 938
916 923 221
417 725 594
67 355 360
397 680 738
320 929 670
418 875 335
161 870 49
39 264 433
108 695 21
431 859 317
881 900 266
930 942 253
853 916 938
151 435 698
681 931 845
820 902 704
800 831 119
103 420 413
542 779 996
575 637 348
900 952 411
688 699 231
458 508 300
298 720 322
307 540 445
278 600 852
313 615 288
14 435 651
574 587 348
952 954 50
256 561 322
438 489 141
691 714 682
568 857 106
327 427 17
168 623 789
446 835 136
682 872 819
67 781 43
54 245 884
559 572 101
239 658 689
587 912 210
538 578 194
413 951 507
158 823 229
166 192 38
619 703 472
132 791 812
132 797 636
246 900 606
419 500 282
415 483 409
201 392 886
737 919 135
612 930 84
493 938 7
880 916 784
576 701 223
187 728 537
674 926 785
30 493 158
157 573 312
156 672 572
306 694 393
875 881 813
950 958 977
580 898 192
87 269 730
218 759 985
618 934 741
86 89 876
199 517 13
617 659 901
277 884 576
74 256 221
302 927 306
50 384 247
555 922 170
534 919 18
822 899 702
88 593 273
730 798 683
610 735 281
66 951 493
177 634 301
624 684 855
733 817 342
527 931 145
569 713 27
209 654 66
940 951 571
778 790 893
821 832 396
74 384 946
594 632 176
847 935 978
410 820 859
691 701 743
192 338 758
695 849 23
889 957 261
272 727 979
621 773 691
56 294 583
233 662 492
305 595 108
168 349 536
33 832 748
435 717 708
158 331 365
188 763 985
675 953 518
209 672 67
721 858 719
679 842 434
722 805 61
611 932 515
300 662 610
514 696 587
216 530 753
878 953 151
56 407 2
560 814 485
843 946 952
907 927 628
274 697 256
858 945 837
569 833 355
888 894 89
600 866 667
421 472 970
198 838 449
519 817 544
301 461 610
895 952 981
896 924 79
332 445 57
660 735 122
827 854 398
220 811 759
110 507 428
377 838 628
82 930 330
839 840 409
198 419 18
708 900 31
192 553 822
180 934 566
56 74 66
880 897 131
196 374 61
692 916 816
873 888 608
445 511 652
885 939 587
957 958 42
466 740 274
239 821 41
643 870 169
45 904 563
320 452 410
956 957 311
108 722 605
57 528 535
112 334 594
498 823 725
481 950 244
870 897 931
249 334 55
724 785 155
879 941 697
780 798 362
919 941 60
346 468 94
347 828 104
277 647 924
757 779 466
924 949 147
806 916 62
65 710 576
247 281 48
274 830 146
443 558 790
774 906 720
362 723 502
454 551 154
311 700 581
549 795 509
109 445 331
573 646 966
824 878 533
879 880 372
123 402 915
296 948 355
664 867 294
48 295 290
228 757 58
867 947 649
352 360 874
677 686 507
273 284 289
306 555 786
327 787 380
944 952 133
47 888 74
748 850 216
433 688 39
309 756 221
120 942 814
445 772 924
570 626 637
2 831 703
742 948 75
397 665 29
577 604 238
957 959 154
902 914 133
112 581 933
616 825 32
80 907 281
600 698 363
476 632 181
754 909 112
463 744 573
819 899 743
343 585 811
600 716 75
889 890 947
942 947 43
184 407 75
96 713 585
581 679 963
4 675 682
442 593 170
695 942 652
539 670 728
339 930 968
410 578 905
562 906 471
52 642 272
140 874 908
510 699 987
407 623 249
616 832 605
324 549 934
589 915 87
190 933 604
385 503 401
862 957 491
428 688 993
903 956 603
205 280 546
702 848 315
555 895 658
77 497 36
878 935 257
249 720 426
380 533 133
209 365 19
79 893 402
151 916 357
266 382 210
378 586 863
388 914 471
770 873 777
409 468 511
186 541 444
921 923 268
692 819 568
722 806 993
834 914 713
162 946 383
595 721 649
421 850 151
303 470 380
154 186 401
928 939 472
840 956 515
415 506 560
264 504 866
401 920 776
201 614 72
845 855 643
119 594 690
834 954 3
543 726 998
592 772 331
119 850 7
501 616 189
207 511 220
684 951 543
29 435 913
411 746 577
294 468 611
51 803 807
227 566 146
761 822 392
223 339 934
192 544 316
764 836 126
290 433 78
885 903 607
457 647 772
167 347 463
943 947 409
135 458 616
407 926 774
498 547 838
862 904 970
667 883 656
807 922 599
766 876 584
756 822 259
81 228 588
22 889 495
593 624 448
609 752 509
651 866 67
797 861 2
787 887 351
45 127 726
880 902 571
38 246 976
96 508 750
781 856 445
643 764 350
439 774 497
463 773 499
686 762 727
659 712 280
783 806 79
408 511 934
450 825 124
422 564 826
873 919 453
793 922 406
309 801 11
598 779 719
732 750 14
620 670 725
19 346 918
321 675 318
43 417 186
118 560 893
699 913 38
15 211 609
509 929 907
686 823 230
392 658 446
205 674 685
873 931 116
891 930 602
681 897 649
259 281 92
481 817 131
154 574 858
640 835 807
359 757 329
325 812 762
866 941 155
700 922 851
731 864 567
395 760 350
119 236 824
726 846 290
882 940 687
15 922 92
725 942 744
878 890 460
580 918 618
540 549 80
333 553 517
283 352 573
797 854 554
846 875 650
143 305 930
260 896 356
476 889 411
882 932 329
623 918 824
86 240 621
771 792 382
3 527 188
896 938 855
302 783 916
692 929 615
651 855 870
349 495 734
901 949 524
579 844 199
419 546 440
575 941 369
757 933 745
80 305 808
491 905 803
442 749 684
215 514 662
78 724 663
610 834 708
104 525 709
862 887 662
317 608 859
436 483 719
939 953 611
293 669 982
857 910 571
770 898 959
132 155 132
402 429 240
722 792 796
279 470 59
234 460 593
239 575 261
424 533 849
383 481 331
619 676 55
896 927 375
755 953 822
953 958 99
103 846 713
405 503 493
590 606 972
637 723 326
929 938 565
246 808 225
680 684 164
641 681 423
89 816 221
775 803 340
249 374 544
85 495 403
811 955 504
228 684 189
228 943 39
582 955 502
649 717 607
158 591 745
423 760 860
504 671 171
869 876 436
51 209 304
662 714 322
505 718 505
603 665 939
330 958 417
39 125 222
91 915 185
353 801 629
149 811 648
422 763 252
465 817 749
38 852 207
261 743 158
275 764 382
494 920 662
208 456 494
189 792 637
621 841 691
229 575 892
551 883 497
82 399 432
815 913 825
272 401 571
706 869 403
265 388 190
831 889 574
25 213 893
71 634 30
865 878 261
756 811 202
187 334 470
515 646 418
726 830 976
