258 42
898 284 658 874 20 473 657 322 138 797 905 213 542 786 289 16 959 162 953 665 220 444 841 506 510 674 441 919 447 409 312 434 303 414 520 976 339 189 695 440 56 883 409 516 555 406 362 753 287 561 805 741 667 290 894 670 933 164 949 696 783 485 707 488 722 363 835 686 985 645 474 877 910 158 619 123 445 898 835 931 691 190 559 932 257 125 276 178 559 108 517 697 14 807 963 652 653 830 878 387 599 905 43 302 686 46 739 326 44 657 834 604 567 300 534 743 85 322 648 480 468 78 13 318 867 91 150 570 374 18 619 970 89 138 552 765 962 374 529 340 85 825 421 569 166 674 369 299 51 883 242 632 888 386 58 857 570 243 158 669 248 673 381 251 336 118 553 747 855 211 961 879 223 499 644 288 999 203 876 920 344 310 128 999 695 532 479 499 153 230 250 5 252 892 776 989 683 163 680 686 670 816 693 901 248 471 289 177 694 851 557 64 208 405 411 169 327 541 933 457 918 411 474 439 468 191 607 374 181 342 80 815 243 859 722 933 604 487 80 683 223 550 348 700 263 104 403 620 400 240 342 372 731 503 63 355 290 512
125 200 846
38 140 686
24 208 659
19 197 575
161 224 923
213 247 26
193 213 334
144 182 587
242 252 961
159 232 400
225 253 574
167 204 721
243 251 61
90 124 436
184 210 956
100 144 117
105 202 463
2 244 949
73 189 362
89 208 317
249 254 536
249 253 265
189 229 524
113 201 793
87 163 100
43 227 172
95 133 979
112 190 47
154 199 704
139 156 863
232 256 755
176 233 956
250 254 748
223 226 253
159 233 265
180 188 519
245 248 642
42 66 195
179 195 247
106 245 102
181 210 852
142 171 24
