53 944 43286
896 591 980 998 427 306 26 109 313 933 659 627 551 575 996 206 113 930 939 96 497 751 500 616 260 15 690 778 866 103 929 873 112 455 104 977 307 669 664 895 196 774 576 474 501 730 362 667 712 652 697 261 524 
807 853 604 809 815 327 100 547 580 744 132 232 243 924 98 25 299 695 946 729 70 52 239 939 184 525 826 89 318 420 454 584 295 521 967 172 446 808 30 474 375 827 384 433 67 317 440 428 573 176 162 574 911 
925 571 501 742 882 168 97 234 690 698 700 885 88 962 856 568 513 85 590 396 89 859 134 271 926 590 276 444 107 208 293 686 369 315 225 962 671 978 365 969 548 172 553 196 590 212 962 315 725 828 947 116 543 
735 164 165 771 83 381 370 241 573 85 784 70 586 191 525 38 456 245 785 356 1000 46 830 566 31 607 692 561 357 47 295 158 439 928 317 31 665 27 739 501 742 683 26 866 383 266 673 397 433 42 24 90 994 
341 466 249 805 606 992 308 302 692 191 399 968 616 994 557 11 716 498 798 457 271 258 932 691 832 240 454 550 300 515 547 228 273 199 313 349 551 287 846 289 445 970 316 533 147 395 778 450 868 264 970 646 543 
241 740 418 237 492 605 87 389 329 431 780 555 362 957 23 808 391 439 973 788 579 672 891 241 526 873 939 321 421 157 470 902 130 238 382 424 619 690 670 352 241 767 598 414 657 539 562 155 132 996 9 156 407 
92 460 932 872 417 455 54 208 776 345 598 331 344 492 232 415 792 761 798 522 831 973 899 279 242 84 398 777 269 78 369 327 898 785 340 300 546 790 83 341 537 826 962 395 675 757 835 918 929 894 11 410 931 
184 362 723 212 468 358 815 492 720 713 883 68 25 143 635 696 383 789 800 168 319 188 698 561 993 277 966 41 412 626 315 222 971 800 114 972 484 749 23 92 427 231 743 932 171 50 15 139 945 400 695 168 107 
880 892 223 839 771 920 451 350 426 212 664 972 852 439 906 289 3 9 244 982 861 133 630 603 31 172 711 646 302 91 255 72 579 279 122 31 870 86 735 798 226 279 601 661 951 17 706 512 429 808 114 820 572 
898 119 769 810 838 603 465 346 297 812 152 759 102 197 539 400 257 609 902 84 271 25 61 939 272 362 348 553 903 522 336 169 804 978 338 956 588 624 198 467 146 684 213 475 313 179 199 592 460 765 584 37 856 
49 484 202 186 794 74 628 169 448 757 183 18 901 662 315 106 41 942 245 796 635 418 447 941 533 990 998 746 537 338 494 102 980 183 771 183 741 426 41 457 526 345 442 721 786 41 967 815 198 77 164 681 86 
291 266 87 254 280 192 967 992 612 392 660 805 106 923 627 857 289 145 714 903 507 343 573 631 647 642 62 236 168 292 796 102 192 38 589 272 245 275 743 283 548 353 878 211 387 168 9 681 486 408 594 254 616 
757 535 934 203 373 852 890 224 580 818 743 907 572 623 510 34 51 984 304 345 180 554 620 531 145 10 493 635 993 4 645 597 245 764 225 434 22 332 518 93 244 903 482 847 263 101 973 230 982 383 629 156 823 
199 116 7 81 527 938 162 497 916 750 785 15 221 22 6 177 239 906 558 489 18 605 562 205 521 771 593 553 930 534 156 203 147 980 603 629 80 188 961 731 105 703 860 13 503 257 166 175 151 116 313 149 837 
370 253 669 262 706 593 508 663 933 301 810 565 16 937 877 889 982 291 893 411 29 652 715 632 218 51 404 42 228 623 86 90 132 146 521 81 608 965 514 205 314 157 451 318 332 296 116 990 83 272 201 863 187 
348 440 615 243 569 642 603 49 430 474 229 253 61 606 874 281 423 910 987 741 129 339 200 985 202 839 694 575 143 398 966 999 356 976 555 212 196 468 72 490 187 564 942 517 965 665 306 14 361 968 219 190 201 
982 873 51 541 264 731 331 180 713 210 228 776 416 410 815 488 6 933 744 259 640 805 382 382 673 584 631 463 155 279 699 363 5 853 827 869 347 41 533 33 890 421 274 376 323 321 560 332 801 97 569 462 925 
536 599 299 451 439 285 94 560 207 482 247 524 574 711 553 337 591 981 104 542 243 883 385 458 536 991 69 118 67 553 703 82 710 627 601 23 694 217 909 860 750 711 389 195 601 479 554 300 992 621 323 909 88 
784 488 61 186 513 969 22 74 987 684 263 528 396 304 443 950 725 483 129 466 401 159 975 611 11 772 756 426 440 478 866 709 872 235 39 864 876 95 985 124 876 293 589 725 25 649 411 572 448 94 487 687 691 
829 816 171 903 555 48 264 792 122 260 466 865 358 860 490 961 432 27 729 341 227 411 335 651 90 616 39 476 270 422 830 865 366 118 781 656 65 666 49 47 323 905 737 775 950 142 966 46 756 543 875 31 899 
416 838 739 196 233 157 974 322 978 211 331 57 486 114 523 353 189 247 752 424 1 838 850 408 105 130 494 787 212 444 969 627 252 515 706 209 53 849 15 259 313 559 202 636 646 580 709 622 101 925 861 189 504 
597 532 329 426 6 597 883 191 881 948 885 122 805 873 250 97 101 302 74 818 613 292 897 303 524 328 127 307 886 614 914 214 694 493 992 712 566 636 123 559 464 319 399 73 695 761 923 37 114 622 985 597 998 
971 606 855 234 83 761 537 539 919 559 912 905 582 403 855 540 539 721 923 551 609 524 961 488 791 40 434 490 150 694 387 200 576 36 936 816 585 788 400 11 299 527 561 972 302 934 908 176 388 871 146 61 236 
607 195 216 747 612 173 250 604 34 108 869 266 775 284 519 961 17 989 407 564 952 549 206 46 162 407 661 269 661 770 724 255 760 745 101 40 70 398 350 345 688 719 299 299 261 71 146 215 971 333 229 169 305 
424 146 581 983 286 110 16 38 100 780 421 745 88 380 612 280 961 730 568 727 590 341 885 383 393 998 781 420 968 421 479 833 56 35 753 494 75 800 450 555 786 65 241 609 883 168 291 466 549 158 973 890 37 
324 786 811 121 742 531 190 158 809 545 194 260 334 362 505 462 324 68 386 906 665 124 517 969 841 701 192 917 472 334 60 27 750 608 526 526 25 959 614 453 162 686 100 151 20 437 318 717 141 498 163 898 537 
294 295 1000 524 818 820 373 83 291 670 258 563 309 43 560 187 726 950 992 343 582 822 724 223 27 69 482 827 20 712 795 272 102 177 291 78 380 453 318 67 309 681 810 649 67 975 592 626 764 340 601 75 66 
941 235 510 751 661 783 65 532 160 128 932 796 649 453 597 854 373 341 222 431 979 26 982 56 540 794 386 21 20 235 76 854 398 548 276 510 696 697 265 716 995 821 197 552 770 894 687 572 473 410 612 493 665 
333 978 120 184 622 144 631 101 541 716 906 650 127 972 758 227 824 710 869 975 177 659 96 573 736 248 216 965 818 996 10 618 278 326 626 495 580 56 876 103 657 687 849 111 168 509 350 364 148 296 936 267 918 
609 862 590 675 479 982 84 62 229 716 611 326 515 491 383 252 974 571 977 584 617 680 504 240 424 975 497 824 697 629 64 291 981 86 621 529 594 819 605 805 501 99 421 912 144 702 199 419 366 83 674 363 17 
525 954 404 846 81 860 615 29 901 66 767 588 761 593 348 291 1000 94 657 30 20 492 517 295 519 243 379 428 585 988 228 381 786 851 539 509 480 98 718 258 495 78 426 567 931 814 975 313 573 242 646 716 945 
112 703 44 705 608 636 432 148 338 302 570 775 724 622 802 779 779 749 55 376 383 427 718 307 957 774 105 603 706 683 31 563 708 682 101 475 293 573 743 927 562 235 471 949 416 199 579 203 301 599 961 237 310 
306 824 495 37 783 582 452 406 282 844 664 281 74 556 459 873 835 205 75 210 88 943 463 935 875 562 752 440 275 216 208 174 854 371 351 121 868 317 859 248 291 422 681 734 262 50 428 477 49 692 236 173 709 
503 444 140 930 822 565 122 527 280 176 158 164 691 255 425 454 832 85 782 860 103 752 344 912 79 275 793 581 196 91 947 143 392 519 348 20 207 22 666 323 382 575 61 608 231 909 273 162 423 225 492 620 975 
46 397 204 947 459 370 578 123 403 955 431 44 167 377 418 39 136 198 336 398 210 147 765 387 14 354 278 301 678 67 383 753 876 175 74 467 123 838 299 264 93 691 477 360 484 62 129 204 80 704 679 650 510 
48 139 540 14 230 167 483 136 23 506 802 691 470 658 815 17 74 186 957 446 470 412 951 589 532 246 741 643 181 309 728 410 645 636 258 582 643 318 509 945 902 176 589 623 628 55 527 89 265 806 347 158 210 
664 37 214 985 162 537 675 390 550 169 881 83 385 287 719 45 535 340 717 834 273 951 353 321 430 297 56 637 971 967 965 829 529 460 847 956 255 406 297 290 905 595 663 425 653 336 42 396 973 747 487 519 624 
294 931 983 240 656 588 891 584 218 945 918 676 618 710 254 464 384 151 516 700 879 30 809 664 166 693 417 394 369 134 112 28 268 73 795 612 154 232 281 111 919 816 80 118 530 613 803 239 743 576 586 804 398 
840 169 591 804 172 184 73 151 958 175 720 915 629 223 714 133 187 798 633 828 835 288 966 212 46 586 459 843 825 333 344 843 943 210 214 544 22 846 593 884 613 173 897 209 645 504 352 846 831 654 472 534 935 
27 222 787 427 745 925 132 196 474 561 929 122 960 680 822 976 77 837 947 232 559 463 36 862 806 701 493 23 125 226 99 721 449 657 415 294 479 564 871 268 231 792 166 915 461 510 342 852 548 706 521 483 180 
551 232 474 664 305 535 850 997 59 385 11 121 909 731 562 629 96 268 714 227 229 590 290 419 449 125 503 871 231 156 456 121 874 987 816 904 207 702 522 130 447 523 249 195 767 800 681 525 194 463 404 824 354 
664 864 83 654 47 97 842 509 159 11 800 562 2 625 654 618 85 156 841 749 979 259 62 271 168 263 397 190 16 234 717 380 964 363 320 268 960 848 877 313 88 311 68 457 144 88 770 415 520 466 444 119 87 
254 8 740 876 249 513 711 750 265 31 293 45 686 158 210 712 949 821 226 423 874 178 932 790 151 327 691 135 344 580 238 920 418 924 955 653 828 523 998 554 22 694 269 359 507 667 199 700 434 812 764 669 902 
641 393 378 144 769 793 747 451 900 392 19 936 540 956 931 916 574 836 298 560 137 239 661 762 736 751 116 521 726 476 939 243 774 546 826 331 362 242 603 354 739 164 859 715 671 195 439 669 759 253 909 148 958 
855 108 418 899 678 602 500 126 995 436 720 106 950 437 367 287 574 641 183 766 566 416 605 208 726 758 646 759 124 6 427 832 97 145 927 722 843 760 569 197 554 526 409 604 787 301 645 343 5 330 364 587 279 
104 125 306 62 619 333 879 647 594 474 680 851 830 495 482 595 688 972 532 179 44 648 63 855 746 274 353 471 702 255 903 103 89 932 708 715 623 853 547 67 104 562 814 688 444 845 221 282 809 334 869 933 890 
66 849 777 924 667 91 124 295 703 227 51 633 341 820 757 961 74 831 520 82 302 15 735 161 574 5 114 779 457 850 568 765 352 593 926 295 265 497 658 821 486 807 984 984 939 869 617 605 783 722 481 86 881 
234 775 82 592 543 702 856 691 76 423 836 656 90 379 448 884 413 843 280 795 226 425 758 232 620 190 328 856 269 120 534 989 481 789 706 981 139 942 652 209 504 666 446 538 866 605 676 392 327 781 201 83 887 
872 472 996 875 749 895 331 939 832 445 737 281 779 459 976 611 819 197 811 638 114 498 434 607 470 992 495 36 655 293 97 848 859 948 471 874 694 369 59 808 112 267 462 892 876 266 213 840 154 274 593 21 243 
795 646 316 28 295 814 496 394 915 247 771 546 586 51 167 85 997 140 664 950 451 961 218 428 892 942 55 793 33 116 676 301 266 517 462 831 657 150 402 444 191 211 843 92 654 473 843 108 763 901 84 267 634 
238 422 598 376 531 938 860 183 387 530 244 690 681 569 382 862 767 799 441 973 556 540 136 854 789 404 825 296 906 451 561 51 516 709 603 932 693 273 867 22 637 25 697 367 276 399 701 61 675 907 814 256 298 
745 43 687 488 361 351 466 446 19 689 536 79 948 575 211 415 830 202 737 992 450 550 604 125 718 604 755 630 149 147 14 287 88 451 836 815 587 415 173 107 592 365 565 574 580 607 471 86 941 846 554 673 387 
330 353 174 438 912 750 642 574 69 239 945 872 682 60 538 78 113 456 979 112 302 199 460 981 838 669 621 24 703 456 934 604 290 928 579 787 170 34 354 811 940 831 935 957 227 328 476 876 567 939 204 849 292 
