48 868 25835
970 570 854 464 284 97 135 802 264 895 138 864 554 123 299 533 168 353 725 789 788 634 809 957 795 431 500 472 354 684 549 426 570 138 727 907 933 394 731 438 884 121 201 170 333 66 519 925 
778 46 628 480 823 132 60 202 223 164 130 126 691 639 272 598 703 911 979 361 534 120 44 68 981 971 628 392 850 536 211 769 233 545 402 768 658 557 325 878 401 255 199 226 455 721 356 472 
21 285 259 284 998 937 503 274 629 603 562 356 626 584 981 31 448 521 317 831 761 211 927 852 810 906 662 833 996 757 417 995 547 182 606 586 572 676 496 884 562 55 924 987 584 710 820 190 
976 829 104 501 248 276 939 308 253 397 63 44 271 256 413 384 565 332 25 499 244 888 122 693 239 668 42 309 650 4 516 92 937 446 130 318 371 489 1000 56 979 597 729 465 545 968 746 221 
557 193 927 399 446 267 142 670 473 631 432 52 46 666 850 945 744 270 319 827 699 546 628 100 527 710 816 455 647 650 264 402 23 219 828 938 121 592 38 990 838 383 229 651 344 658 940 126 
471 739 412 308 125 936 943 38 666 208 787 533 668 278 183 804 879 148 49 506 575 650 482 49 851 929 830 226 335 838 806 441 41 283 639 863 137 90 343 650 978 394 704 809 929 783 667 315 
531 787 779 363 564 190 839 92 172 414 106 993 295 488 983 547 366 550 233 552 874 174 545 539 343 721 198 573 993 961 102 608 587 313 569 901 20 732 777 6 126 358 84 855 920 402 978 678 
918 497 935 659 112 263 981 289 884 418 66 599 365 97 921 414 885 642 18 933 847 50 223 344 10 934 616 418 958 830 213 398 822 486 371 304 267 835 958 607 228 549 876 71 855 694 812 522 
233 799 821 15 296 235 622 837 977 175 248 981 93 957 256 799 19 851 999 762 595 756 371 254 803 248 220 168 691 107 136 419 8 201 129 460 118 156 619 657 902 958 937 89 853 610 45 440 
456 315 583 662 197 906 417 1 537 820 237 352 82 707 718 9 38 508 973 250 697 147 178 126 674 426 978 503 913 518 991 146 110 662 8 793 202 758 24 608 689 802 769 650 482 708 489 849 
419 924 29 848 14 281 476 233 661 376 691 43 406 264 191 141 406 602 572 268 503 101 386 995 882 101 227 291 750 234 387 890 792 766 747 340 753 513 536 819 139 967 589 998 466 554 570 864 
104 722 732 69 766 30 531 276 16 563 910 502 783 952 48 604 120 528 403 870 336 588 138 311 495 530 200 655 415 540 525 518 155 780 774 544 629 317 886 687 272 852 561 569 115 133 760 276 
550 95 312 411 817 625 730 313 75 410 104 440 177 627 395 547 455 711 128 609 372 346 105 128 393 615 298 782 597 72 506 925 264 562 430 300 686 788 59 306 928 800 532 871 849 960 329 463 
282 507 555 848 813 232 704 742 202 153 649 501 531 241 190 174 601 488 645 418 92 787 629 90 667 331 734 768 626 211 135 591 707 634 924 114 83 364 191 496 411 377 143 895 894 943 461 91 
590 825 790 757 294 714 381 619 56 776 791 949 566 86 129 798 700 272 73 679 354 998 847 581 213 578 487 174 183 217 983 21 745 794 58 891 704 532 783 622 189 16 100 667 546 637 717 291 
416 238 792 19 20 274 106 388 479 706 928 659 161 767 864 18 930 466 279 782 479 388 931 991 117 719 227 516 356 916 111 720 420 193 339 111 148 145 352 212 968 441 546 896 560 442 778 439 
506 204 356 482 173 760 379 361 327 199 784 844 525 699 563 543 131 501 439 639 909 517 336 570 484 445 382 640 174 69 603 614 30 254 342 356 432 103 23 542 106 963 704 266 568 637 597 540 
45 710 695 555 625 184 584 684 337 600 755 768 900 996 570 524 944 114 371 809 867 294 487 501 427 935 616 7 659 473 732 121 282 609 905 109 341 160 589 370 63 413 824 114 989 8 139 703 
763 669 46 663 313 957 884 222 200 31 849 63 620 468 768 808 607 934 6 279 61 231 933 226 644 117 767 125 453 497 327 532 909 149 145 727 231 253 927 817 618 819 145 91 5 524 186 738 
224 175 765 651 3 821 259 666 812 847 467 273 798 531 197 412 506 417 12 981 702 25 731 437 551 438 864 254 227 255 240 876 356 902 728 274 723 528 204 184 22 165 969 79 283 975 558 760 
540 929 998 407 275 518 954 653 311 667 567 67 270 901 655 399 598 191 880 406 58 378 278 12 486 225 425 515 593 990 32 918 955 563 73 549 296 748 479 774 979 656 443 423 183 791 424 367 
761 653 530 956 971 314 58 844 732 22 492 988 384 501 400 614 377 620 332 637 65 441 510 227 82 629 893 122 599 129 732 823 312 466 446 683 417 914 848 73 63 237 161 245 182 317 575 69 
153 200 870 396 185 378 226 876 526 255 524 797 28 850 45 721 406 537 777 118 927 925 204 40 416 776 320 479 302 671 900 149 613 601 827 176 90 342 95 628 51 319 885 172 860 913 114 583 
951 802 720 327 968 553 682 148 159 757 526 372 477 663 207 160 900 737 842 803 558 486 374 573 921 14 486 219 299 421 545 202 256 213 855 24 932 378 166 86 942 597 424 507 193 730 989 888 
227 590 298 953 73 819 488 86 570 79 301 698 760 917 994 868 863 694 666 999 720 324 651 841 234 461 174 690 72 977 94 279 700 410 227 731 1 313 180 909 126 449 980 453 767 788 621 897 
12 625 891 434 452 281 544 760 363 890 504 583 163 129 885 516 535 55 702 257 184 854 757 763 477 637 63 382 997 409 370 328 568 54 966 374 748 889 543 211 961 399 139 54 602 570 479 736 
720 292 379 511 103 102 110 502 567 560 359 266 54 539 215 807 895 325 913 142 235 795 611 598 972 615 438 568 476 583 937 701 306 280 567 823 872 857 964 84 46 457 375 848 933 43 502 29 
131 384 989 174 494 230 570 619 168 827 335 123 107 770 237 785 199 707 930 497 5 715 35 290 559 782 4 951 58 938 25 775 258 695 743 443 529 543 928 400 624 591 830 915 922 965 455 810 
722 864 429 524 912 791 54 710 491 655 251 698 966 873 760 733 228 166 267 288 857 458 31 564 497 186 805 182 726 913 493 322 184 559 680 446 841 485 771 508 50 683 259 127 295 844 132 337 
727 791 383 129 568 53 369 971 626 711 622 428 863 866 324 441 923 223 226 525 631 327 153 430 844 156 948 750 566 490 158 348 814 89 830 471 126 141 785 795 933 53 66 606 586 97 302 157 
226 89 517 925 440 179 910 368 22 533 322 907 291 421 839 80 204 277 609 866 165 475 384 513 206 793 9 213 453 261 729 877 732 326 712 749 160 791 188 482 10 445 269 538 570 198 390 55 
161 780 879 480 317 949 452 481 679 436 574 423 969 583 728 143 462 475 968 439 265 160 759 589 770 244 247 87 886 733 124 311 666 829 266 706 404 513 787 844 1000 861 899 931 695 677 685 716 
499 342 352 657 570 584 755 270 824 993 974 30 48 352 280 239 283 682 187 458 445 85 80 385 472 239 794 315 571 284 296 5 965 187 997 968 451 69 313 674 448 64 282 82 7 983 431 116 
199 565 422 723 280 741 561 769 395 551 949 971 420 494 244 571 529 808 885 569 458 392 68 522 635 487 396 245 17 879 881 771 882 315 470 752 173 562 530 479 806 332 75 908 739 857 171 244 
382 582 909 22 536 537 241 781 427 488 825 662 418 544 908 613 590 155 239 271 935 442 563 974 337 587 509 670 351 662 18 211 464 970 846 867 382 419 475 87 882 103 14 163 268 183 862 549 
874 174 767 665 567 39 346 365 377 163 642 604 1 20 864 306 816 760 369 892 488 375 24 824 778 689 519 377 512 388 591 68 344 199 692 178 536 748 611 246 715 857 178 701 849 386 484 691 
274 843 391 445 194 491 562 610 693 510 76 333 831 687 375 90 644 844 720 478 63 914 872 425 580 20 549 37 639 552 773 566 421 406 387 548 481 289 228 580 193 223 59 355 164 986 412 133 
633 718 183 770 626 907 64 880 144 330 885 843 824 228 703 928 859 633 956 247 248 287 595 416 895 336 702 97 388 716 658 589 654 113 801 849 735 436 593 185 578 856 658 354 597 33 14 517 
236 105 444 556 298 483 890 849 766 500 170 190 368 922 13 95 196 158 270 101 135 113 873 865 638 610 929 124 753 268 385 184 938 936 262 187 154 443 964 604 439 536 109 686 843 552 42 46 
276 745 878 959 262 484 229 743 823 829 864 578 24 459 721 15 392 622 654 463 869 490 827 807 305 820 135 159 615 77 602 452 576 269 759 59 991 698 845 479 328 907 438 640 136 774 724 722 
974 131 125 419 132 940 289 816 188 747 524 441 803 375 957 331 628 292 362 571 443 635 101 990 763 511 978 224 405 610 562 636 891 501 311 522 832 849 470 944 413 972 664 473 531 80 717 425 
25 814 782 857 816 261 767 615 778 328 463 194 398 774 664 328 378 756 28 458 304 516 710 78 857 401 529 218 969 860 386 167 360 234 284 823 902 697 202 413 333 172 56 640 574 851 636 576 
786 550 37 371 693 461 933 314 762 119 572 830 974 956 268 678 949 365 414 47 912 25 9 762 423 247 354 304 977 33 534 253 351 306 506 957 490 641 45 829 152 10 728 254 19 337 448 336 
664 168 411 99 76 914 327 965 381 337 950 959 26 669 411 293 213 396 441 410 893 590 651 122 513 685 422 672 524 381 282 966 288 307 999 667 573 89 360 576 793 249 879 551 738 317 894 24 
10 995 651 789 522 962 669 347 745 415 848 77 629 920 372 433 967 212 679 603 141 73 775 827 761 812 366 912 3 575 792 813 78 692 172 887 539 584 561 106 71 197 340 452 744 812 744 761 
201 580 614 214 512 845 533 683 532 250 809 457 791 405 373 621 616 257 774 279 82 646 387 525 386 747 662 317 196 276 36 474 42 834 804 699 8 831 604 761 753 436 465 612 703 553 18 125 
801 894 445 978 98 565 368 314 796 765 341 858 795 868 404 881 946 374 665 182 46 496 116 142 444 407 455 79 589 20 584 717 417 527 349 912 736 660 344 84 994 479 866 265 159 115 110 829 
318 46 504 693 169 538 448 982 183 865 178 537 976 818 438 23 29 511 433 482 24 237 54 124 458 412 220 930 439 452 529 760 871 733 154 326 262 737 872 226 317 858 966 453 997 635 591 63 
