76 385 28466
618 61 654 688 550 227 148 108 498 662 153 868 374 929 424 819 104 594 982 475 770 163 301 120 484 608 505 78 148 44 151 770 977 461 237 158 26 703 63 894 823 500 512 271 227 899 894 957 774 404 684 473 743 407 841 494 808 947 351 788 901 492 532 943 333 190 621 707 706 283 466 859 609 910 493 543 
622 502 123 140 968 425 476 961 62 875 108 263 436 163 826 998 721 3 868 959 262 580 471 585 331 802 598 6 385 38 131 152 493 618 103 245 745 529 164 903 404 495 270 407 15 518 673 91 322 965 905 876 124 292 146 195 428 225 841 986 112 30 47 22 720 59 673 241 302 773 991 580 680 439 519 409 
177 799 374 779 953 706 853 282 28 665 512 169 886 120 173 220 680 668 326 563 8 452 45 911 533 269 488 609 336 318 593 779 137 573 848 13 578 149 59 287 233 509 929 835 716 447 695 488 829 113 236 707 812 843 525 774 867 584 735 797 959 459 23 196 636 311 867 700 698 823 425 674 839 766 753 648 
908 265 620 345 46 880 475 124 974 110 602 902 106 942 574 95 522 477 194 74 927 724 957 405 511 586 516 117 537 114 330 192 230 839 715 262 234 7 738 292 617 422 992 785 33 690 30 639 919 696 771 730 306 691 749 17 886 861 368 415 190 800 234 98 560 614 912 715 622 718 526 612 699 119 163 736 
562 980 928 622 293 734 167 992 628 781 773 851 148 857 277 492 281 476 520 272 592 35 683 356 229 770 661 960 619 496 511 17 993 429 776 403 375 304 834 728 837 259 706 838 233 251 72 545 99 151 87 331 347 963 11 30 736 745 271 503 994 642 556 387 607 657 162 366 467 311 804 103 151 305 219 682 
565 126 848 238 20 400 763 376 447 886 91 609 912 912 84 136 310 714 120 578 361 104 240 533 265 656 107 523 384 962 581 913 795 803 432 63 347 557 765 965 748 256 46 397 731 812 118 796 664 599 659 465 549 237 335 775 681 858 207 588 841 882 567 558 147 940 282 713 290 423 681 802 270 584 460 810 
917 601 904 12 881 280 182 522 952 452 192 711 699 131 743 991 969 316 92 992 750 120 188 259 458 12 997 669 566 771 103 398 106 442 778 539 353 42 390 85 928 845 955 625 685 613 623 231 895 785 777 577 427 356 962 102 235 369 427 597 737 975 971 178 375 833 383 687 586 496 945 672 810 247 331 555 
991 898 679 560 176 512 603 611 4 288 429 884 491 80 255 527 753 112 762 218 493 275 951 149 765 958 674 569 72 362 560 990 272 611 783 66 674 627 966 74 527 587 448 136 518 995 972 66 415 774 643 313 48 59 958 895 274 227 735 394 582 478 329 310 777 368 221 496 728 153 600 374 921 124 635 417 
203 934 747 693 40 551 895 162 620 128 752 279 665 501 160 827 873 15 888 451 746 811 939 346 267 760 185 49 487 424 283 172 464 353 431 112 534 880 404 401 136 323 178 15 945 344 130 69 539 931 710 898 554 782 690 875 577 984 724 549 305 137 370 919 149 828 70 781 325 566 560 575 438 404 805 370 
531 83 467 529 479 722 119 525 286 597 290 46 542 822 508 131 980 298 25 771 653 758 455 491 239 233 666 546 336 818 375 835 583 384 948 956 82 844 550 235 387 644 204 993 670 108 280 941 230 948 227 288 203 169 377 157 114 954 420 818 986 409 659 866 262 110 579 138 45 252 456 477 540 809 805 147 
151 777 489 479 161 845 751 949 670 511 192 276 321 529 350 888 873 226 235 854 201 628 640 744 307 745 526 971 837 59 246 840 108 78 414 996 132 450 702 167 500 768 515 567 307 913 634 321 889 763 418 140 976 501 65 304 940 138 935 231 229 63 832 997 302 907 676 604 790 605 307 30 251 950 219 335 
168 668 125 453 515 344 301 835 508 808 556 936 220 547 415 316 64 532 921 874 828 157 62 615 583 994 98 524 137 669 270 37 691 506 184 768 468 758 940 352 874 800 185 867 696 187 692 835 710 474 410 969 556 89 976 467 758 1 595 644 755 399 929 846 407 923 836 767 559 394 738 592 975 348 634 134 
38 386 160 108 46 598 877 75 252 619 810 722 146 15 821 38 393 853 362 693 645 561 154 103 447 870 49 875 256 204 925 315 316 697 951 551 201 661 489 599 489 723 258 422 232 496 148 436 308 211 151 254 231 676 381 43 195 904 469 661 74 655 341 491 816 825 268 157 410 895 220 539 623 558 133 532 
112 168 660 784 966 425 189 719 95 320 912 200 540 480 924 414 740 692 912 943 606 159 273 314 690 81 216 976 394 858 662 290 662 120 17 121 199 893 297 45 75 330 970 427 634 137 878 395 434 655 323 507 848 494 464 832 55 398 122 50 395 505 900 423 671 365 318 824 219 484 246 833 148 902 624 865 
72 776 915 922 210 946 631 496 266 34 123 445 854 162 847 989 250 379 700 202 122 486 2 425 736 735 409 605 508 341 295 613 616 411 399 541 548 84 611 409 19 814 134 201 92 250 933 178 916 511 876 645 481 169 756 639 686 521 923 546 328 342 292 817 288 937 16 292 114 491 898 115 146 979 65 519 
547 966 448 221 564 383 359 707 448 894 727 807 701 343 93 79 138 624 865 921 358 817 217 391 820 517 610 793 683 299 208 132 104 925 590 441 638 304 688 906 258 897 400 648 897 6 839 195 136 658 510 249 523 72 770 111 453 245 385 267 452 615 389 204 494 586 506 839 92 630 27 782 832 27 714 651 
459 257 396 886 911 948 310 159 312 295 682 231 400 206 583 861 498 846 62 778 975 199 130 956 714 328 872 635 563 479 743 469 73 391 264 84 854 495 397 19 274 963 928 155 487 304 745 106 681 438 457 102 381 533 950 573 868 593 841 740 287 794 858 462 156 104 673 452 829 914 631 723 338 727 942 186 
499 928 8 605 368 548 433 770 603 173 108 897 73 575 736 194 851 369 710 70 685 491 337 825 793 522 508 719 420 55 85 202 323 661 656 817 941 368 703 769 26 548 556 650 516 865 208 239 153 731 296 209 407 252 683 46 210 6 138 277 629 271 172 629 684 963 360 33 920 463 182 953 457 445 178 809 
113 302 687 654 273 619 539 137 656 283 819 955 272 422 420 298 923 392 969 371 601 584 8 813 75 942 304 635 206 29 61 777 991 316 424 354 241 121 818 452 475 836 113 685 5 961 774 47 364 355 209 343 831 165 17 469 833 368 119 565 443 245 764 929 231 374 291 717 398 406 577 163 293 316 212 312 
269 179 618 418 411 771 541 383 838 777 927 465 368 537 936 567 389 751 36 717 901 46 96 383 22 437 784 827 337 616 974 689 499 995 553 569 186 219 114 166 531 115 116 803 103 893 813 802 624 679 336 932 342 616 836 302 911 444 530 992 557 415 239 376 961 384 431 838 275 55 788 802 917 42 236 727 
391 584 653 944 925 208 738 382 342 230 1000 708 381 323 887 796 563 180 43 615 878 530 358 270 984 451 837 662 406 9 80 415 991 469 285 474 551 820 113 613 274 356 197 354 810 961 801 185 886 510 708 324 390 404 66 199 320 876 196 840 835 602 891 171 414 805 17 425 785 863 104 898 689 151 316 290 
393 659 298 381 204 180 960 635 839 209 213 217 764 207 729 182 703 397 485 696 211 768 550 663 591 171 645 22 801 161 325 876 520 651 694 115 581 314 210 651 938 130 282 963 829 336 511 127 113 635 136 134 73 478 825 61 966 518 449 2 508 56 541 860 776 638 99 720 547 502 92 62 119 925 922 316 
896 356 990 196 11 387 177 209 153 984 471 648 725 306 115 9 149 283 250 821 540 236 81 276 6 581 346 95 478 458 550 38 3 410 96 98 223 610 788 672 512 544 814 165 798 850 916 740 159 493 522 252 984 545 168 347 364 759 444 127 813 526 628 352 671 5 670 371 757 416 32 773 349 978 476 285 
711 1000 55 281 400 344 718 655 719 87 734 633 108 834 890 412 671 164 988 921 134 901 334 774 116 925 34 392 452 157 699 987 908 292 295 119 159 245 438 181 275 815 768 661 726 994 104 774 64 809 903 973 443 529 253 239 431 456 909 442 685 146 174 464 487 633 634 885 126 852 205 110 918 207 262 67 
38 472 6 193 189 938 76 456 255 728 978 108 220 517 415 418 402 797 63 123 229 383 812 673 606 444 701 645 48 39 341 800 963 825 241 159 794 261 55 635 99 338 840 546 870 132 772 278 314 682 339 695 867 464 639 744 421 660 664 675 290 735 665 113 415 662 725 503 748 844 601 215 583 163 779 342 
48 789 742 207 47 997 474 416 772 323 161 562 34 573 486 58 242 301 744 534 865 36 662 626 283 250 453 533 728 97 395 922 149 165 141 851 765 440 791 792 768 762 450 319 538 904 631 841 514 844 587 38 708 470 818 521 370 826 101 535 331 432 594 645 49 418 517 525 384 456 19 79 432 568 583 693 
919 226 873 667 579 53 316 98 27 832 899 399 993 366 812 791 132 847 750 760 147 925 607 525 422 495 762 167 755 960 688 148 296 408 579 236 334 311 55 89 685 878 878 568 409 797 690 446 410 116 701 525 931 966 169 201 836 677 642 329 453 961 324 198 983 408 309 533 453 385 913 7 494 561 270 467 
442 493 231 107 411 576 978 108 616 243 326 828 580 522 628 564 476 885 469 354 953 281 789 813 494 75 929 707 756 7 424 118 228 664 454 648 730 19 693 209 888 397 308 715 901 205 213 258 55 318 5 86 970 959 44 486 924 325 509 952 97 543 593 803 102 360 928 759 526 260 782 982 145 841 267 126 
205 99 982 264 414 431 173 570 965 489 162 241 963 746 956 354 849 653 526 267 916 371 227 96 935 131 590 985 977 645 66 162 302 360 340 568 904 914 879 466 953 431 752 755 617 533 280 612 552 587 24 821 460 454 131 719 310 74 191 151 544 457 774 642 622 75 872 971 262 805 479 878 2 481 975 595 
595 917 489 28 316 8 71 204 234 231 277 520 892 85 105 290 212 598 791 231 94 27 739 137 491 526 136 324 671 711 652 180 168 870 699 787 201 637 878 808 948 86 794 278 506 512 383 828 576 25 667 71 527 632 347 840 968 858 697 6 721 462 421 508 282 919 699 212 745 723 9 79 689 236 134 490 
200 454 787 553 426 897 249 68 512 793 771 723 158 576 619 486 27 124 443 481 689 302 354 733 147 747 748 409 302 75 530 834 960 978 209 469 672 158 51 162 168 394 108 364 855 316 827 473 542 416 378 905 359 432 45 323 165 932 239 766 489 830 231 299 243 606 403 336 384 935 409 249 411 130 26 348 
285 835 117 757 912 867 114 489 219 836 185 870 893 740 37 315 957 406 709 239 920 12 269 683 222 552 598 771 613 239 619 119 582 325 578 264 976 697 214 162 403 520 479 480 62 696 22 351 485 933 969 494 905 374 886 452 260 568 737 631 996 398 193 519 605 981 183 373 749 814 847 51 801 468 71 33 
858 722 597 184 209 623 193 796 533 203 924 394 577 404 457 115 231 224 618 264 132 858 449 256 310 302 379 374 933 569 863 284 152 284 612 51 141 379 619 907 280 987 566 491 278 93 405 887 840 526 905 849 124 848 410 433 980 661 120 643 99 782 865 97 775 652 551 445 377 897 224 372 919 363 46 116 
434 954 630 538 83 223 696 348 279 219 255 616 952 586 216 671 438 587 341 474 341 829 380 15 511 362 216 382 706 780 296 953 23 375 694 657 521 954 628 997 731 73 203 187 461 637 158 465 447 591 819 251 433 206 628 687 575 89 773 300 401 334 479 540 181 350 733 639 724 23 281 930 631 258 875 976 
222 784 294 84 549 688 810 106 256 945 850 166 309 608 815 891 865 735 910 561 822 430 745 985 221 400 466 168 986 607 929 482 33 120 565 593 987 242 236 500 978 739 729 533 885 316 641 977 756 488 226 781 998 655 791 728 610 527 762 939 266 618 948 372 484 91 952 22 998 664 184 842 259 556 246 105 
414 322 72 976 48 127 975 145 3 24 294 806 555 452 399 568 105 441 277 758 182 249 365 882 59 143 705 913 349 788 521 401 448 742 425 887 502 313 596 132 664 651 596 916 609 922 229 273 799 459 523 528 298 538 176 970 651 757 827 167 346 237 490 332 197 566 433 727 226 82 971 381 666 649 334 251 
48 951 403 256 792 452 297 61 297 224 675 150 441 662 794 705 350 857 642 943 476 986 174 454 134 316 272 798 259 207 701 909 818 160 472 322 644 311 797 845 864 960 817 323 661 482 806 456 8 483 924 236 170 339 155 346 995 777 367 591 319 906 712 475 926 495 381 824 44 834 357 469 769 671 436 324 
205 154 858 786 774 389 231 404 32 683 331 321 219 274 81 64 916 541 316 953 812 305 519 834 283 713 710 258 537 159 753 401 616 729 979 917 977 913 57 196 934 779 967 342 964 346 619 742 347 520 147 729 777 36 430 312 539 60 98 31 556 497 118 906 209 943 640 725 516 741 700 411 576 272 418 741 
687 280 419 246 390 23 1 758 417 593 949 793 829 726 321 307 52 815 537 172 560 198 527 177 470 927 977 298 794 645 175 468 26 781 952 783 187 728 4 727 631 690 206 188 177 333 131 767 208 869 440 471 176 81 154 585 362 28 743 381 841 661 855 619 49 522 375 706 238 201 318 273 6 552 19 474 
44 916 141 117 557 229 602 421 83 348 223 924 819 727 235 435 74 831 140 42 208 319 994 190 606 145 536 248 413 261 776 183 92 896 829 129 892 292 466 918 447 913 61 344 986 815 422 707 107 207 566 591 457 199 508 352 256 698 978 320 168 297 347 122 197 195 28 270 187 684 918 649 986 832 953 416 
409 122 362 176 890 602 221 616 946 500 622 708 314 690 468 777 60 540 270 477 903 887 361 722 35 628 37 674 288 23 492 787 388 931 535 7 863 559 898 11 503 695 304 179 710 123 776 503 908 42 974 385 546 693 432 527 962 406 365 998 687 575 461 619 427 135 747 159 568 275 703 536 709 777 403 799 
174 425 79 303 778 477 4 548 194 108 249 701 654 469 835 691 699 980 159 622 429 524 960 552 949 831 385 204 60 819 128 491 652 495 288 216 926 194 798 657 881 986 522 493 792 545 172 614 679 651 730 256 530 661 257 611 91 961 326 47 235 545 491 123 261 839 476 601 515 555 51 307 588 487 665 753 
715 718 967 281 535 990 946 725 822 714 954 398 759 102 905 690 582 165 957 513 622 136 197 122 332 184 58 846 18 611 708 534 454 741 29 813 142 772 536 134 729 923 335 882 201 264 605 582 662 730 46 902 168 388 922 539 687 285 68 380 316 193 98 159 620 896 591 396 269 413 579 867 204 517 257 426 
956 447 608 466 401 188 478 462 460 638 990 69 73 390 512 940 195 91 991 365 278 194 939 437 175 641 906 859 400 525 400 709 24 605 161 343 435 802 299 691 35 938 165 482 965 200 537 440 65 304 68 911 513 364 902 836 276 969 287 112 327 524 988 504 564 460 29 139 817 624 13 427 805 813 565 232 
871 60 960 351 186 936 150 201 201 287 168 61 410 429 579 113 980 607 339 769 994 531 633 872 1 634 671 225 272 250 653 801 456 661 807 378 487 795 693 967 754 590 874 3 291 766 236 941 893 79 477 694 515 466 865 745 53 239 689 857 468 224 984 564 370 894 836 794 375 844 600 2 396 32 754 350 
765 608 994 481 237 107 890 1000 337 53 141 3 708 379 47 33 755 882 135 362 23 271 877 191 205 269 408 971 194 491 456 714 198 696 203 716 456 458 344 575 404 434 312 191 640 567 717 431 727 423 200 522 492 385 187 10 134 677 24 627 552 908 199 900 829 269 530 647 765 766 759 587 781 548 452 33 
136 671 359 946 609 217 82 106 240 593 920 888 926 559 76 15 734 678 220 577 231 247 716 214 236 538 945 135 315 897 503 243 657 345 682 169 813 265 142 243 772 807 57 991 72 354 454 685 608 529 386 326 988 142 169 346 579 371 54 330 289 135 119 631 413 69 231 531 975 639 505 446 407 702 816 28 
250 503 283 583 243 382 543 940 16 525 737 411 143 928 79 818 360 761 350 845 577 874 45 5 84 629 96 86 165 727 798 434 640 305 269 949 800 501 743 662 487 79 629 825 411 56 557 199 69 504 187 343 115 524 456 737 155 710 823 602 313 235 905 318 950 11 913 579 362 531 541 607 430 255 107 518 
722 318 192 595 420 767 974 709 315 185 293 378 715 573 993 656 718 741 9 605 168 665 434 204 891 521 116 862 509 807 878 718 908 375 427 355 196 96 663 632 217 187 949 731 422 555 804 329 502 402 838 3 566 869 81 337 674 652 816 880 731 21 428 6 4 437 29 551 493 689 353 749 31 119 379 269 
16 462 906 952 88 17 100 819 819 734 981 163 768 730 909 499 990 161 79 261 852 361 676 886 716 834 661 209 930 835 572 730 453 894 891 438 955 735 488 119 598 57 508 815 12 935 652 887 405 397 375 498 315 381 243 951 12 685 259 694 726 302 150 669 507 328 817 94 364 909 772 882 595 334 481 305 
650 796 620 342 843 4 542 162 455 708 287 320 608 685 754 752 134 241 489 681 1 127 834 687 244 417 680 472 876 460 964 561 363 1 234 239 800 363 552 111 453 575 901 111 488 602 633 818 78 265 829 803 562 235 70 317 576 363 641 844 85 212 994 648 936 955 500 872 11 446 167 791 398 112 461 603 
20 401 392 5 198 917 170 960 631 312 791 232 892 837 430 887 194 798 28 801 583 473 454 918 840 358 333 415 419 875 295 388 850 160 897 726 733 400 619 515 214 464 936 313 842 866 432 783 189 763 247 952 425 178 801 284 112 679 312 868 558 169 61 554 205 895 208 925 992 700 296 509 616 457 61 81 
623 506 641 986 153 322 202 119 56 716 610 857 623 579 269 368 117 688 39 3 607 67 442 643 422 84 895 787 204 775 757 598 328 61 989 411 267 752 673 855 309 400 408 940 607 580 926 887 435 633 202 501 817 679 844 963 706 651 735 83 294 23 546 309 286 725 851 161 177 525 152 370 340 401 354 589 
368 767 399 851 534 217 24 316 126 843 330 893 662 360 548 128 569 412 16 465 841 372 830 4 80 254 902 102 721 561 736 951 96 808 480 768 178 391 780 281 424 964 40 133 151 854 504 113 53 26 468 288 201 656 432 836 81 473 482 736 485 731 61 615 13 338 369 895 868 539 11 951 702 48 25 110 
136 128 628 423 897 477 592 170 797 246 814 657 183 897 357 961 631 327 338 670 607 17 921 72 608 433 760 137 817 320 527 98 995 847 673 475 238 833 727 320 919 38 835 422 191 186 404 226 931 369 731 936 585 491 621 627 50 320 106 127 880 912 595 856 359 339 48 148 653 893 321 632 854 275 649 171 
153 447 202 416 735 346 610 238 706 665 963 276 621 434 859 299 97 877 578 904 991 511 345 736 299 901 189 448 769 661 107 683 718 959 335 193 902 711 710 332 774 81 28 776 564 167 61 271 210 218 696 455 742 294 776 342 59 376 644 812 14 527 488 332 451 221 74 857 836 316 262 457 759 669 61 289 
264 314 629 775 61 390 47 225 490 958 194 697 628 519 73 781 372 38 837 318 836 447 246 489 478 178 338 321 361 994 673 979 6 875 857 22 815 460 335 494 469 323 610 137 253 435 645 504 627 491 807 223 50 930 445 100 47 123 914 450 270 15 983 852 161 387 453 390 862 631 664 365 730 58 195 411 
211 997 330 610 818 299 229 468 391 649 32 797 869 254 769 40 472 268 497 907 404 545 790 855 702 293 551 519 280 456 763 656 965 374 972 186 815 678 119 12 31 870 506 162 210 122 115 756 127 962 806 774 468 576 507 458 133 825 632 857 19 179 540 499 919 920 378 240 554 285 851 327 159 501 557 87 
844 450 499 123 390 587 148 153 140 385 644 252 840 883 686 76 5 921 618 450 331 995 293 29 659 467 270 950 927 539 945 847 185 768 257 946 651 770 866 822 905 385 336 959 201 281 670 657 745 809 611 818 224 784 356 96 298 984 716 704 614 398 407 522 346 73 616 44 11 499 680 754 556 721 141 801 
931 270 482 382 273 748 875 326 988 140 172 454 994 457 801 44 428 309 809 269 872 102 530 624 203 795 154 275 581 202 781 939 971 468 483 502 273 202 507 518 86 456 614 85 423 973 622 970 177 494 131 622 247 743 396 47 358 373 155 405 436 896 398 436 449 99 42 667 743 4 39 643 836 870 760 558 
379 994 649 515 476 745 930 80 564 568 628 637 55 145 149 536 141 57 878 680 517 333 304 899 428 251 966 661 365 136 56 435 850 710 384 335 228 930 647 974 787 372 607 551 361 493 182 585 84 875 588 539 122 186 369 319 311 13 993 126 718 29 755 137 437 206 937 299 447 873 437 852 865 17 7 910 
477 585 788 746 267 652 911 553 664 40 497 264 947 41 56 357 472 887 848 924 565 257 93 451 901 722 660 961 458 835 133 674 874 523 592 398 85 557 264 127 554 926 69 100 466 732 393 719 933 660 563 450 624 974 921 463 332 74 797 597 431 980 397 239 211 361 875 225 895 101 383 266 62 228 519 893 
507 692 609 899 207 160 843 130 597 665 392 91 827 89 801 615 605 569 958 880 307 659 749 736 484 353 875 38 967 537 555 194 568 122 894 24 693 336 262 629 303 238 841 565 973 619 716 62 149 425 280 70 947 26 246 384 561 818 935 622 510 567 374 956 646 191 133 515 797 914 633 332 354 756 755 448 
230 998 928 596 359 403 443 968 855 167 384 32 93 244 963 195 878 387 2 471 570 973 828 486 154 420 514 332 259 396 247 706 318 382 959 921 849 819 481 584 994 346 969 735 544 189 332 905 234 153 718 53 314 260 435 143 195 738 619 570 689 529 713 859 610 120 849 453 608 663 995 527 173 999 643 652 
279 101 124 478 763 493 33 159 532 387 957 555 336 849 682 950 138 572 183 368 240 414 781 500 570 91 453 77 411 193 647 304 265 352 92 748 856 928 594 758 690 675 486 386 485 461 694 500 98 539 730 439 96 462 421 265 246 943 84 867 521 309 743 584 529 703 622 215 297 648 917 506 153 8 505 515 
839 473 599 279 81 936 972 6 474 841 765 169 98 1 21 675 508 497 491 453 434 18 872 577 723 546 780 963 102 472 945 562 617 631 485 76 322 107 233 724 739 36 965 202 437 914 934 414 959 783 112 977 343 248 919 152 217 296 420 75 473 769 152 266 533 94 853 714 250 245 298 789 861 432 963 283 
267 490 685 617 731 261 307 120 560 227 431 703 729 299 464 550 576 611 840 345 238 986 761 837 161 571 800 681 611 709 508 272 55 978 642 553 125 707 240 321 302 839 453 214 100 283 846 787 979 821 28 892 971 866 595 145 46 410 909 698 275 339 346 808 350 732 471 147 332 692 42 981 948 947 123 45 
544 962 63 232 800 541 464 821 14 875 599 172 502 445 26 457 585 388 485 641 193 320 243 574 647 694 606 618 986 136 475 45 548 465 829 155 639 405 711 556 103 338 530 423 265 723 534 805 610 572 726 474 419 133 951 93 23 349 572 61 180 934 641 543 532 685 30 423 437 165 828 282 661 360 796 246 
150 176 452 129 190 235 94 807 565 453 562 991 438 294 778 595 514 863 425 546 572 495 994 771 845 549 399 945 899 141 163 172 210 166 912 184 806 592 990 133 16 169 769 557 63 934 367 545 84 470 269 744 24 775 988 603 153 622 127 505 37 758 889 104 719 197 603 751 85 415 283 162 104 573 599 314 
188 493 988 424 257 826 822 455 300 205 786 688 209 434 600 983 980 644 130 880 86 436 978 101 152 264 350 765 384 388 103 102 306 252 351 799 582 363 801 22 715 574 197 919 918 479 802 291 115 247 953 169 677 216 270 483 17 642 659 586 658 400 385 615 91 546 139 690 833 291 78 203 962 995 727 935 
508 181 407 797 877 998 409 35 617 701 964 522 210 533 687 440 556 110 694 12 360 581 121 934 319 22 989 375 896 182 709 201 555 805 988 427 262 794 318 28 661 500 769 646 179 699 272 374 633 362 24 174 26 852 795 200 762 458 818 345 490 602 744 188 111 849 901 915 885 601 641 668 503 41 868 749 
353 418 780 448 884 210 781 979 341 893 615 527 165 652 231 810 167 888 184 669 867 538 704 638 762 72 742 787 169 752 464 960 933 49 699 664 840 267 573 420 126 800 939 881 668 581 711 235 324 777 949 936 583 288 101 836 838 650 33 442 798 82 954 138 60 213 114 706 526 751 879 12 355 720 501 538 
178 62 965 330 38 696 232 562 875 834 206 260 713 987 441 362 338 132 992 229 452 629 418 30 470 569 192 983 692 454 23 262 849 271 684 391 450 942 575 948 704 776 406 169 217 862 154 704 983 827 466 622 304 75 398 669 408 745 15 110 158 547 541 614 742 239 669 80 535 970 138 463 452 921 654 214 
368 225 2 49 393 438 571 917 629 39 535 442 554 371 799 157 609 178 899 866 31 128 67 457 924 847 198 800 9 741 996 219 946 854 695 47 859 706 460 40 855 574 984 760 488 565 575 776 534 300 456 79 797 453 681 78 294 821 874 752 457 702 853 219 123 294 918 98 143 50 456 460 878 643 484 18 
880 187 645 210 934 861 716 279 452 115 608 228 47 125 591 784 970 572 612 286 992 815 791 840 965 422 504 946 258 721 848 124 671 925 631 680 287 705 642 893 940 390 185 107 495 602 13 288 305 171 767 222 710 616 697 25 747 171 730 160 840 297 70 954 964 558 17 230 63 700 360 671 729 730 224 103 
840 993 557 57 69 471 359 529 82 315 23 185 785 103 718 192 955 147 565 350 806 534 924 19 867 487 609 826 538 931 399 554 857 857 227 133 657 413 127 91 697 287 754 430 215 565 748 389 489 742 572 353 363 631 886 730 172 818 133 744 909 150 336 75 534 152 140 641 189 352 205 195 27 371 595 561 
