38 144 3311
467 290 61 23 149 10 425 394 487 309 294 826 694 828 726 223 930 632 861 531 359 981 110 743 236 491 958 420 838 203 945 929 99 173 534 150 364 689 
967 424 706 917 365 60 964 923 376 780 834 381 769 970 823 442 215 721 987 819 416 67 738 861 91 71 515 225 878 601 35 668 544 558 961 388 6 631 
369 104 189 217 154 433 818 319 867 912 73 80 679 886 689 538 253 600 249 626 398 859 142 570 87 129 399 891 651 590 423 200 928 244 675 258 324 14 
20 728 638 386 629 433 181 906 975 630 454 76 467 130 731 850 728 471 692 755 211 254 526 540 481 199 2 725 431 5 81 737 518 28 468 104 479 775 
390 316 706 374 708 473 609 655 190 259 59 207 602 313 323 53 641 545 995 129 914 615 229 911 26 706 672 531 576 613 456 582 476 348 83 505 312 961 
807 33 717 852 980 608 533 682 887 300 125 393 534 168 149 605 175 316 283 334 5 515 202 391 73 510 46 222 467 490 481 925 727 812 57 314 608 611 
809 588 946 139 250 374 754 97 52 633 799 475 766 275 988 958 694 298 998 811 534 1000 469 821 766 798 166 259 980 717 751 726 728 562 223 152 566 960 
783 747 927 9 301 296 882 317 323 320 459 714 462 747 852 257 404 673 473 768 941 206 284 158 385 812 605 485 963 999 686 1 31 54 733 857 723 89 
236 548 61 411 114 632 39 961 416 261 162 577 741 927 603 1 707 623 484 801 311 419 827 66 81 595 475 846 531 801 203 355 700 450 91 292 278 823 
513 223 746 778 185 249 802 649 529 561 569 424 195 340 924 479 205 188 343 32 384 100 107 279 511 5 321 25 50 420 188 481 974 616 710 333 487 882 
917 484 995 653 82 784 445 906 568 343 500 583 339 238 498 347 292 780 373 89 454 766 275 369 309 33 908 344 695 842 153 921 775 818 636 234 887 858 
423 1 742 49 928 740 734 462 711 243 533 264 310 938 707 494 981 782 870 540 410 712 749 502 374 166 290 941 818 985 186 907 576 865 612 714 277 392 
254 101 281 773 316 664 565 306 116 991 728 747 361 734 942 16 402 604 436 898 311 743 3 447 966 197 499 308 897 930 796 85 496 975 153 543 424 705 
475 349 321 719 744 860 48 665 694 188 176 536 604 112 704 811 160 814 122 45 107 729 618 90 833 540 523 588 248 521 738 185 642 145 33 717 814 118 
544 290 282 576 865 631 370 483 111 422 804 368 253 175 24 578 31 211 308 390 993 106 310 901 785 93 441 405 775 26 742 983 527 618 739 889 101 448 
901 343 585 528 512 953 841 683 45 986 758 848 863 181 633 469 999 276 883 976 926 973 386 720 984 754 183 974 118 380 444 605 741 287 86 484 602 821 
689 724 246 685 560 809 502 432 94 880 271 906 64 756 668 18 561 858 623 733 687 906 591 116 62 845 893 768 862 731 574 98 943 873 944 128 880 646 
133 996 683 171 409 765 407 278 871 825 703 920 761 632 255 54 767 839 488 678 341 957 153 275 436 367 455 188 863 178 141 918 66 91 217 706 688 212 
52 402 322 934 204 541 138 323 760 532 113 38 430 883 1000 265 218 797 330 766 798 195 343 978 533 256 228 717 871 973 274 643 292 485 139 561 613 273 
936 910 209 250 861 324 499 227 507 378 869 778 944 783 176 654 563 976 940 612 230 184 680 910 659 217 744 475 647 749 764 242 112 150 522 150 14 941 
308 558 80 637 231 765 804 406 193 828 217 917 471 349 629 819 772 86 893 410 682 93 550 953 911 637 929 190 391 914 575 212 904 326 128 530 406 767 
787 468 731 88 373 855 989 465 323 259 315 922 353 866 147 546 716 233 188 222 481 105 640 888 939 378 663 660 929 269 455 496 256 699 578 436 555 453 
288 884 58 259 923 424 578 359 150 726 563 252 709 226 478 296 684 307 359 749 853 919 181 332 519 390 207 565 569 305 460 100 717 631 908 304 293 199 
803 506 729 228 348 932 725 114 385 665 838 316 917 779 816 146 602 210 235 261 775 775 929 117 14 689 218 941 234 539 461 37 914 895 276 857 730 185 
413 990 212 674 77 397 382 336 516 59 467 846 810 933 38 606 602 180 171 79 829 953 539 352 972 497 460 428 406 504 901 110 638 519 489 423 770 49 
49 376 266 720 237 520 912 489 848 896 124 260 621 473 172 687 821 869 45 954 73 421 517 397 36 873 404 866 987 596 189 254 443 86 899 59 103 818 
234 746 634 800 428 84 621 321 858 190 408 706 649 797 677 18 69 646 616 582 926 856 780 654 549 160 376 938 416 914 681 542 212 324 230 955 123 282 
428 558 534 125 863 90 992 277 835 832 300 160 276 434 860 503 76 971 14 451 39 227 927 648 769 773 302 376 722 772 425 20 117 502 84 655 732 946 
123 649 951 517 629 382 285 247 190 434 232 317 344 496 965 752 161 649 45 694 446 502 817 830 92 9 851 439 101 516 63 363 392 251 96 293 394 882 
978 414 154 57 184 126 555 104 451 19 269 110 271 308 974 373 398 516 55 78 224 830 365 401 213 524 493 318 108 475 242 264 878 162 944 805 878 871 
735 430 737 4 646 92 625 135 698 250 555 980 189 849 324 270 886 897 38 462 285 476 15 771 389 384 360 637 743 258 385 248 646 46 655 783 147 856 
417 122 226 845 863 977 201 779 270 73 649 238 850 292 50 961 641 460 261 155 28 3 368 947 599 590 456 589 53 976 98 25 241 976 931 222 19 526 
235 455 562 935 448 475 432 596 939 277 374 162 777 333 916 293 102 64 328 772 792 332 357 555 940 981 153 859 576 536 287 338 567 220 56 361 785 558 
184 25 774 751 912 374 65 905 88 349 416 484 186 353 253 8 766 210 765 906 250 100 216 556 442 961 864 780 220 297 620 996 446 501 32 1 398 446 
316 362 948 265 423 479 417 25 226 582 363 160 306 637 253 239 262 562 363 195 318 839 826 543 526 617 542 956 114 370 723 752 721 148 601 714 686 704 
339 660 590 900 704 682 187 773 864 101 857 16 303 98 247 110 821 146 974 447 928 987 147 900 590 206 236 885 705 336 811 586 730 625 375 148 261 899 
413 945 456 71 851 737 439 154 95 899 895 844 329 249 61 165 819 720 972 199 606 235 502 766 246 175 679 660 75 470 330 10 204 985 142 751 269 167 
237 744 326 984 879 959 630 69 863 536 503 67 17 677 370 959 922 828 584 413 272 147 609 613 485 618 370 512 498 625 939 186 263 963 318 964 962 462 
