40 568 14086
879 745 135 192 353 178 663 298 161 35 213 123 460 655 535 513 699 357 208 224 277 404 193 279 707 748 35 898 582 679 590 793 438 804 291 890 373 790 625 19 
539 579 421 579 582 905 992 290 300 210 745 586 63 3 795 779 851 902 659 53 469 622 956 598 48 684 404 572 727 92 677 937 493 571 571 882 866 353 335 303 
765 932 713 233 354 480 950 848 924 236 625 5 709 631 895 455 593 675 217 336 310 978 163 586 329 723 913 967 748 765 454 642 867 259 771 544 983 319 513 365 
453 165 530 141 152 378 34 944 143 556 206 819 936 717 579 658 165 458 628 574 164 42 78 674 273 759 920 930 786 790 361 38 544 620 294 727 616 207 988 64 
671 948 596 587 526 487 821 201 464 682 298 830 186 140 726 408 263 595 589 206 910 292 816 740 199 14 501 308 538 918 28 878 195 36 117 22 154 725 438 593 
222 723 87 434 141 64 974 11 944 258 423 581 552 953 155 220 21 341 936 349 410 988 59 697 33 50 192 819 16 167 114 61 443 657 725 444 852 721 86 256 
893 150 935 914 100 615 437 473 899 784 290 349 364 229 726 112 316 272 736 7 148 813 368 199 698 847 912 754 796 117 859 966 449 616 797 651 864 516 106 402 
948 565 530 841 309 667 35 258 25 527 731 608 241 397 258 194 739 168 257 64 976 512 727 913 188 450 394 637 265 813 171 780 261 920 4 79 910 252 872 701 
786 643 537 317 437 840 352 968 228 955 613 707 490 711 880 634 985 320 502 143 79 930 19 664 685 975 921 35 605 52 675 696 469 478 980 38 61 818 46 630 
536 92 848 24 908 741 534 692 734 932 531 393 785 242 253 237 294 964 180 144 387 94 58 546 24 188 984 865 352 194 377 257 757 438 20 184 13 359 313 109 
324 835 776 598 476 487 446 655 355 894 632 563 582 679 107 641 973 801 482 505 537 729 875 93 482 922 387 713 837 132 646 580 654 572 767 576 100 375 162 949 
454 182 765 987 118 974 99 589 601 348 272 203 753 675 763 537 256 629 708 47 377 875 637 763 628 346 392 596 867 711 756 941 476 834 465 699 86 154 334 382 
970 425 550 67 316 249 761 597 513 401 361 831 25 616 453 183 338 597 898 260 681 624 496 618 516 827 695 115 361 831 870 481 955 602 1 958 177 157 459 432 
911 845 961 798 279 75 66 961 150 406 481 504 464 826 733 43 747 28 817 382 62 214 190 236 209 464 795 673 628 475 414 220 595 214 646 1000 304 484 107 39 
77 705 386 210 191 998 841 744 540 144 196 608 90 806 7 512 4 790 927 415 950 320 55 135 910 256 480 744 2 527 608 137 506 521 380 297 812 136 477 481 
473 783 257 185 68 894 560 408 703 317 188 390 439 877 621 725 816 187 228 691 716 246 774 283 341 156 246 694 8 314 12 282 544 349 694 301 890 57 454 9 
569 612 481 730 704 167 808 961 359 608 228 922 218 413 785 968 46 258 341 829 658 883 196 884 999 222 348 522 288 415 233 814 491 46 38 268 148 403 551 493 
605 304 92 57 502 46 650 281 480 694 347 362 12 716 413 604 988 219 595 113 945 128 457 323 847 779 566 290 320 40 478 615 563 26 146 73 744 679 171 422 
282 208 85 811 975 731 952 809 493 653 434 793 217 887 919 536 507 997 341 29 369 311 988 557 81 878 903 865 235 606 532 23 782 776 800 340 711 136 299 159 
216 702 825 666 989 628 812 934 404 663 427 312 140 374 985 694 100 706 5 512 934 364 463 26 285 177 511 849 333 274 317 103 753 476 6 918 873 478 298 559 
945 614 779 840 234 417 474 303 546 316 367 816 638 90 502 275 233 601 650 64 181 606 588 295 511 768 745 751 708 376 486 770 92 467 641 888 115 835 91 125 
195 543 484 959 89 619 573 962 311 585 70 436 728 2 478 607 710 221 375 897 634 303 752 55 330 241 989 460 789 238 726 52 218 76 912 781 438 427 787 368 
608 925 478 568 835 974 633 742 135 477 385 416 41 707 329 295 470 4 676 11 664 111 799 302 673 473 582 294 111 290 830 712 796 993 673 379 631 249 632 512 
76 237 290 919 409 13 864 707 112 583 963 607 25 936 84 501 975 78 152 609 428 138 855 935 150 258 661 617 825 365 922 741 441 172 266 966 577 574 204 936 
385 908 12 577 600 196 52 603 367 276 433 740 788 8 679 596 375 256 940 379 96 423 414 693 866 337 177 780 429 144 360 123 297 308 132 998 665 969 966 923 
309 526 236 456 77 289 968 793 745 201 216 227 478 284 592 2 150 995 434 469 165 818 86 40 497 981 119 466 46 732 295 644 582 133 439 771 914 300 43 393 
714 770 422 910 262 376 54 607 163 693 972 618 511 773 15 277 659 347 961 317 549 540 263 782 261 57 8 494 341 301 696 631 137 360 712 856 240 874 838 502 
350 118 811 687 432 675 919 80 567 44 179 475 141 181 219 52 553 904 123 133 647 772 978 418 550 772 568 645 939 197 334 298 848 502 584 270 349 348 53 765 
132 757 684 859 333 648 897 710 50 563 496 201 482 897 357 444 83 840 106 374 781 550 258 466 39 199 405 765 278 775 450 550 38 66 409 209 537 112 263 740 
23 439 504 478 960 405 499 682 839 60 92 613 882 349 482 986 997 405 63 38 199 745 89 52 841 878 491 119 736 392 9 654 932 336 368 946 609 350 141 304 
377 388 197 560 301 856 724 207 208 325 901 358 645 511 567 585 105 997 931 251 315 695 427 569 870 901 44 615 960 586 256 402 535 340 527 490 896 936 621 136 
299 453 893 25 942 847 402 769 546 190 990 941 851 88 842 541 421 996 283 447 645 769 924 149 212 592 736 939 563 740 972 190 82 189 420 506 269 268 562 912 
488 963 818 619 573 933 237 223 825 17 24 98 495 374 499 415 118 575 551 495 863 536 711 893 691 213 24 165 259 594 120 622 591 310 489 352 59 556 785 93 
757 556 557 614 91 994 902 192 288 575 660 433 505 786 956 655 208 543 975 397 67 493 993 234 750 557 777 945 996 43 977 738 589 213 952 595 747 998 390 985 
460 592 181 596 816 853 896 869 538 42 342 774 771 729 342 371 854 310 950 99 946 637 631 311 822 813 73 513 356 1000 782 498 247 74 442 764 816 725 711 341 
185 8 547 630 290 709 646 283 872 717 562 78 951 424 83 640 80 576 219 664 312 495 832 393 617 703 294 434 20 207 716 728 106 823 416 342 672 353 179 612 
281 282 230 802 100 806 802 301 965 294 165 624 949 260 580 901 980 9 332 666 451 240 710 727 280 345 445 210 16 544 512 360 823 588 799 905 309 333 23 934 
211 206 14 697 634 297 401 632 920 653 280 557 662 74 239 950 412 167 405 490 417 791 290 359 256 992 104 715 48 415 301 117 647 933 29 119 657 142 887 561 
905 529 390 580 897 980 647 986 914 322 249 767 932 280 774 190 817 685 643 73 19 227 373 440 525 548 900 872 97 884 172 567 699 476 740 807 873 766 174 35 
974 318 716 996 786 277 65 906 857 123 981 115 175 637 24 920 449 808 266 887 139 907 20 239 23 627 250 506 363 718 450 348 67 438 387 285 362 976 121 929 
