78 154 2226
76 2 188 615 118 938 102 900 90 254 866 809 570 469 845 715 535 566 306 988 490 815 98 308 761 512 227 927 659 713 675 328 733 787 918 355 416 457 841 323 238 856 970 895 680 184 256 937 639 774 391 868 158 460 543 884 289 179 266 4 787 639 357 963 323 946 289 778 841 807 242 703 267 584 595 629 485 992 
494 741 976 92 287 725 179 682 328 998 559 88 761 494 928 630 437 937 848 174 905 853 42 70 483 544 627 730 842 796 31 986 152 117 746 163 627 486 964 282 965 283 317 663 106 116 158 983 980 810 674 384 505 825 373 517 114 155 271 689 311 137 929 443 886 288 928 382 798 893 430 379 468 553 997 395 458 694 
405 709 268 289 91 502 939 816 443 915 21 47 537 553 622 53 605 744 487 66 945 309 929 898 540 936 417 377 792 269 807 628 710 613 295 501 761 968 235 57 537 312 217 918 709 668 92 653 664 684 515 40 78 406 665 125 678 557 886 213 383 361 633 58 124 954 722 21 852 921 390 921 887 862 121 176 688 691 
584 474 107 30 200 426 785 731 615 661 811 767 901 834 303 750 214 355 307 474 936 92 838 146 26 766 577 751 736 507 442 813 849 512 210 122 448 576 496 328 485 587 537 511 1000 570 402 671 680 744 968 491 251 324 948 35 243 419 7 613 783 169 520 53 922 495 447 234 562 642 36 169 63 446 162 783 25 360 
165 42 424 545 26 368 562 779 787 970 57 147 579 524 33 683 234 218 860 733 639 819 579 970 405 464 447 378 810 247 662 963 555 935 195 872 234 735 445 916 633 465 711 788 996 407 127 469 395 146 406 484 911 931 918 629 22 406 182 238 355 579 873 426 215 979 894 302 135 510 215 835 573 551 822 246 691 874 
197 684 442 910 266 492 805 444 829 535 634 364 20 135 181 521 297 427 595 868 725 178 275 4 912 663 196 893 763 576 797 810 813 745 269 684 453 885 938 528 501 466 110 287 974 90 845 692 571 278 44 318 864 556 213 788 717 178 685 213 624 738 899 282 843 92 305 708 891 103 749 160 862 49 703 525 280 674 
396 213 503 321 305 467 397 843 489 505 500 317 925 375 312 510 787 56 163 311 873 153 614 224 321 154 338 605 893 754 612 474 753 432 58 412 305 298 778 92 592 128 680 679 640 8 986 510 546 173 780 516 553 354 974 177 385 363 127 41 92 999 119 973 30 102 477 560 198 281 214 501 489 876 915 357 108 580 
987 473 256 432 856 142 379 724 563 83 81 435 197 241 969 876 337 864 36 894 981 239 571 714 627 94 233 20 985 189 963 651 926 877 366 452 475 27 389 466 26 145 316 173 982 607 177 985 580 525 710 967 734 426 411 407 1 77 190 563 784 167 324 607 283 814 827 605 662 861 646 448 928 724 414 318 158 556 
577 560 172 117 44 941 709 538 808 758 910 222 486 775 256 904 45 502 515 968 128 423 680 791 526 408 11 491 440 580 693 989 840 180 786 145 729 877 784 777 786 488 432 620 489 291 558 321 857 193 834 713 433 494 860 531 643 592 486 60 211 159 136 115 950 612 42 899 709 908 410 695 412 288 279 620 49 1 
942 945 665 792 116 939 577 67 234 29 692 570 646 994 443 726 55 351 965 466 40 910 605 243 15 154 669 39 707 69 547 429 495 792 839 628 992 358 301 483 491 251 284 775 440 706 70 446 624 52 424 115 571 924 997 510 346 935 803 741 834 153 561 690 925 755 427 211 464 910 423 370 106 828 214 457 491 144 
187 532 59 530 600 515 713 459 277 766 879 916 565 983 645 640 375 737 970 999 348 139 92 109 496 418 24 172 301 576 947 917 73 156 297 441 154 512 499 768 306 858 221 122 464 663 729 177 489 925 129 414 99 473 257 105 690 423 693 154 506 240 387 364 91 963 859 279 493 16 121 360 92 628 734 303 398 39 
255 490 313 945 570 845 77 956 587 798 282 254 840 306 661 915 77 334 618 512 50 863 557 748 375 191 39 621 138 970 742 589 711 63 865 644 417 884 411 74 226 908 824 734 447 106 275 417 265 105 149 577 214 451 724 182 788 782 155 797 509 236 183 55 624 799 326 383 901 346 129 881 445 563 275 102 750 834 
934 948 557 489 260 990 389 710 496 173 248 112 591 368 411 635 96 194 191 879 892 708 650 968 555 487 353 902 317 977 842 807 207 39 87 808 921 394 612 163 182 103 929 602 476 199 663 217 330 748 571 242 252 46 412 329 173 839 463 130 778 403 32 534 185 193 992 985 950 4 97 165 274 417 675 541 743 246 
536 345 992 359 693 116 470 512 696 288 558 644 275 272 135 995 562 482 822 781 629 715 97 967 602 547 584 803 390 328 366 885 738 301 306 322 55 51 796 851 431 752 481 327 819 500 687 677 507 272 959 192 753 26 28 932 881 398 832 167 743 610 685 260 184 149 60 715 287 269 263 381 313 836 409 540 98 408 
410 173 23 290 37 783 262 214 563 380 25 250 915 591 206 29 24 711 195 794 971 712 179 736 516 233 277 135 342 215 478 804 926 764 785 689 429 905 831 128 794 529 244 178 444 574 55 841 127 272 114 124 790 712 252 756 476 172 1000 59 376 584 452 991 666 443 579 418 354 575 266 417 54 569 394 527 904 915 
612 322 522 255 712 739 864 291 931 179 442 206 866 410 250 274 200 765 52 342 744 673 27 398 583 535 151 106 870 929 217 488 713 712 903 744 61 292 414 461 595 736 792 601 942 808 895 835 694 402 25 42 352 186 166 641 825 786 136 932 421 139 770 140 681 326 160 331 318 491 548 399 613 811 123 853 864 316 
420 997 61 192 486 707 475 207 62 398 322 218 792 105 715 146 47 369 840 761 250 684 372 201 734 300 719 814 516 733 229 169 789 486 97 398 737 827 540 305 676 296 6 427 927 514 989 852 679 173 603 181 534 489 795 665 967 95 642 989 603 303 485 186 320 191 505 382 136 288 479 230 146 604 594 878 940 860 
956 387 727 648 646 445 383 414 673 638 642 78 743 146 848 887 356 329 315 187 894 535 256 845 48 217 712 414 245 433 361 477 929 509 864 748 999 562 672 509 809 376 311 226 177 223 331 271 389 207 98 384 1000 125 200 261 596 962 376 135 560 947 342 150 360 263 270 339 114 853 381 421 692 692 270 295 792 683 
567 580 108 11 218 95 639 315 829 209 510 758 837 493 872 901 287 454 163 904 130 928 341 233 392 812 351 880 747 887 691 505 340 427 347 313 554 753 850 109 123 134 165 586 71 818 410 628 537 92 783 588 715 862 181 472 823 473 480 596 939 110 935 870 552 91 48 119 966 973 877 730 825 479 436 109 893 89 
602 172 932 632 434 107 350 837 929 798 451 249 806 971 253 349 826 467 2 676 157 652 156 910 561 292 122 970 864 673 300 614 370 897 476 210 264 413 790 452 972 321 180 54 890 175 812 967 273 918 314 150 2 621 933 469 864 99 578 941 458 834 123 495 833 807 232 743 484 626 711 656 674 7 199 790 507 435 
872 714 518 173 762 640 564 420 634 763 52 773 636 51 125 816 379 125 179 585 811 233 564 54 252 758 648 962 982 197 647 558 602 568 67 828 957 900 23 177 482 37 689 705 19 12 659 112 192 861 833 214 844 887 529 605 923 436 836 128 330 201 211 384 88 935 701 175 346 744 75 317 675 429 838 147 279 234 
426 178 82 452 525 311 444 911 752 210 586 179 398 257 344 807 516 266 166 817 406 332 211 584 855 279 688 786 706 777 533 172 880 186 456 727 509 893 116 941 353 987 852 138 399 482 599 108 12 484 407 914 569 433 235 845 362 927 603 81 641 579 657 879 916 843 357 527 299 717 89 217 138 226 13 829 20 888 
435 39 6 547 740 160 672 270 315 164 240 71 420 354 874 779 604 353 8 189 218 148 911 987 282 164 588 298 314 89 671 746 896 597 271 869 890 8 921 85 609 64 940 390 590 191 951 363 833 598 582 586 715 964 419 581 937 444 296 1 602 871 991 386 613 316 583 147 417 206 147 461 984 901 802 672 293 113 
658 493 289 231 984 744 614 936 185 112 858 283 320 327 943 357 368 548 335 85 54 408 455 54 180 366 441 385 945 606 481 759 346 618 685 420 887 817 750 69 817 33 546 229 512 631 526 779 687 841 114 522 74 620 333 927 403 349 856 872 329 660 124 838 557 849 851 412 618 254 762 615 351 634 282 979 151 472 
859 49 632 862 135 740 279 966 580 711 706 642 376 466 202 521 692 247 426 19 122 579 618 134 105 985 761 390 379 821 948 423 482 105 193 668 813 581 276 803 912 150 685 123 844 855 710 131 547 791 983 319 118 213 193 666 907 960 810 602 794 526 52 731 206 713 201 635 830 921 635 788 338 869 379 303 648 559 
934 75 839 784 303 181 278 482 428 334 791 897 267 27 430 125 860 915 923 534 784 788 376 227 54 307 219 200 40 726 494 562 15 997 833 304 11 432 60 15 896 628 573 835 148 109 317 579 660 773 987 540 449 974 760 958 260 880 391 267 334 181 683 613 491 514 218 252 815 662 526 732 413 108 588 838 984 213 
443 617 320 229 384 404 469 107 614 369 781 272 686 843 449 420 551 494 245 978 648 66 190 356 611 166 216 703 383 983 123 285 119 72 258 372 515 748 181 567 741 523 298 918 738 866 850 750 806 610 760 80 224 879 240 945 779 626 389 56 191 326 344 458 433 177 159 348 476 285 443 532 596 879 906 885 120 888 
196 230 228 18 804 932 26 34 871 64 402 742 813 765 830 31 340 559 981 61 571 456 301 725 438 602 915 348 971 890 723 44 630 463 542 561 473 948 763 583 368 750 575 935 25 462 7 571 529 278 654 453 22 63 30 841 366 86 437 782 724 911 795 224 986 771 833 185 378 918 32 810 205 805 744 946 328 374 
2 229 700 358 525 868 679 630 806 770 45 105 741 897 210 656 16 741 376 117 893 175 132 820 708 636 110 498 975 409 342 547 64 898 841 972 679 124 354 935 682 678 90 858 271 949 838 356 407 400 558 885 78 663 712 410 364 567 407 998 543 202 404 193 665 976 973 233 5 986 88 823 591 585 763 207 505 610 
611 712 856 784 455 103 15 897 17 164 468 462 236 698 123 709 278 139 260 774 68 504 493 468 197 451 135 448 325 450 252 990 910 295 494 172 203 97 196 529 286 924 997 35 813 369 230 203 255 338 885 125 806 302 238 234 199 859 993 607 905 213 459 552 546 263 18 386 870 490 717 886 232 90 851 616 74 628 
826 347 172 420 551 153 798 284 744 30 628 208 314 271 117 356 688 266 204 553 683 81 396 281 731 627 708 8 370 306 975 7 379 209 994 458 597 370 241 990 261 593 362 740 748 932 722 930 861 324 804 82 977 326 265 303 852 898 137 601 691 345 413 518 445 195 176 227 592 645 208 571 43 443 20 24 494 732 
51 822 749 748 37 836 861 850 867 623 351 381 683 249 667 815 916 452 727 834 623 81 784 565 837 121 909 694 461 807 168 170 42 953 406 828 48 185 652 748 498 406 144 343 758 919 915 173 109 974 499 480 533 47 716 467 961 588 582 920 951 513 284 967 120 968 492 111 361 962 406 437 740 194 825 473 99 79 
771 447 189 226 50 108 57 193 707 325 923 373 129 942 26 343 545 339 785 254 310 30 352 765 645 768 994 222 132 475 516 49 634 208 387 494 977 388 451 161 390 664 660 586 89 183 490 467 486 88 559 23 629 448 38 295 746 562 21 132 9 108 478 32 504 26 489 837 732 175 15 444 651 134 635 530 392 250 
76 383 407 559 394 898 846 368 363 529 67 33 526 385 813 270 596 932 770 703 681 609 55 982 644 194 810 173 753 218 281 345 727 495 130 120 799 650 992 682 748 543 856 704 355 241 739 398 4 693 28 407 361 3 216 662 361 586 395 992 807 919 682 841 363 173 408 251 100 245 909 166 202 880 957 323 13 839 
780 424 330 893 756 682 397 369 880 107 290 438 401 803 632 107 359 899 370 516 1 914 814 603 846 256 681 366 998 442 434 597 263 923 269 372 683 499 573 869 128 381 924 985 37 255 845 844 305 866 209 74 553 742 330 258 755 858 140 547 285 415 495 553 173 987 464 342 676 266 631 178 987 956 653 829 111 741 
241 60 385 163 103 787 570 940 609 795 784 497 631 528 377 727 979 670 338 177 448 440 653 578 771 73 470 804 865 873 795 860 792 803 477 826 972 41 934 851 846 431 24 195 35 226 856 83 962 864 415 351 35 812 967 466 911 365 845 446 284 722 93 258 898 677 557 618 126 548 514 491 894 937 24 545 494 370 
887 189 689 310 395 291 557 175 305 471 769 956 370 310 709 288 765 715 33 223 488 135 708 487 60 381 268 596 63 704 344 428 103 374 412 338 393 684 929 178 469 546 28 363 659 492 348 459 548 454 654 578 446 271 240 815 721 600 898 853 822 151 238 333 250 964 292 927 459 740 899 342 935 602 528 375 413 378 
602 500 102 845 815 15 44 680 593 148 767 966 962 494 455 153 296 389 927 770 99 634 826 108 352 222 822 453 864 272 553 299 730 734 317 76 738 764 292 20 592 280 526 882 504 269 720 919 563 722 846 377 408 465 127 589 829 26 665 989 959 608 424 366 458 500 712 479 10 757 326 791 375 257 549 321 146 17 
180 429 222 324 701 587 663 146 776 390 524 739 394 199 811 703 534 974 688 440 503 786 406 253 734 25 194 953 606 382 64 648 17 185 617 10 146 561 939 757 177 869 982 753 521 179 94 536 406 31 247 43 512 190 611 994 418 928 7 199 63 297 926 40 921 645 496 301 494 590 148 688 316 799 649 782 60 742 
214 262 396 361 50 951 853 45 361 337 740 112 238 199 906 642 178 4 212 855 331 214 580 321 738 558 166 727 13 136 464 937 278 980 14 755 480 114 373 911 471 923 563 262 193 175 506 583 88 371 754 522 891 291 322 825 122 123 961 855 361 85 590 807 301 60 725 375 204 392 317 189 47 759 926 636 438 958 
28 234 806 618 1 77 191 613 178 445 555 813 826 766 311 563 722 502 549 33 266 429 616 827 388 715 195 74 33 916 946 991 433 998 528 361 126 898 748 648 623 914 848 260 567 986 902 63 732 216 706 823 467 24 981 116 742 811 760 649 117 42 585 694 302 401 968 762 979 925 131 580 124 53 774 540 494 541 
201 457 691 420 337 114 410 172 700 706 528 985 104 825 915 639 820 806 889 707 868 21 37 133 533 442 520 348 378 457 513 86 67 78 773 257 934 454 200 102 345 732 268 304 28 634 807 274 153 734 416 537 350 805 209 222 244 984 228 719 748 535 89 269 727 440 16 663 748 15 682 245 95 127 873 445 263 986 
985 184 491 205 871 845 283 923 218 672 185 825 743 988 41 256 450 88 710 480 250 307 260 383 849 406 107 957 907 673 274 837 566 958 767 487 207 110 277 441 665 804 515 442 206 281 201 717 145 504 232 754 275 560 775 288 376 491 954 386 630 299 765 704 896 959 505 252 50 878 95 381 575 619 753 267 859 134 
61 879 631 849 685 621 62 853 91 275 144 887 312 489 976 903 869 982 397 688 20 773 284 511 430 502 626 610 539 237 677 799 820 968 510 680 558 167 742 722 603 944 724 944 663 907 993 294 454 88 133 746 438 365 550 236 820 637 43 976 624 601 792 722 48 641 571 713 130 922 302 851 671 464 377 8 467 326 
238 555 726 83 677 592 652 916 770 303 872 303 205 937 827 613 9 544 881 418 331 357 628 678 856 677 78 257 625 67 697 92 565 59 989 361 318 912 666 702 995 84 713 41 881 139 173 395 250 267 832 899 655 511 830 348 928 567 690 621 783 139 786 130 379 607 654 491 511 197 623 513 890 894 686 606 167 773 
47 184 559 363 171 604 487 571 528 245 378 664 328 138 272 944 485 233 95 623 632 915 14 738 534 348 318 502 282 683 783 790 792 604 816 380 12 753 159 780 508 926 953 929 497 414 747 449 969 381 434 551 923 923 38 54 174 424 466 251 217 13 35 415 987 227 780 640 872 65 633 521 941 402 465 89 428 901 
593 475 314 726 712 394 871 108 741 525 187 189 798 878 607 855 200 442 989 274 545 461 514 633 807 83 723 505 691 244 354 304 551 398 167 4 211 877 270 421 820 452 992 584 179 850 878 64 704 277 80 245 139 581 151 658 598 683 78 775 174 931 56 906 750 161 103 84 1 863 641 849 424 377 714 970 413 690 
294 328 411 857 932 151 296 664 470 792 107 486 50 823 65 276 213 182 780 247 307 254 537 143 941 397 191 420 555 251 260 323 639 320 919 962 112 314 766 352 542 664 447 966 634 952 174 14 548 663 645 108 868 143 666 882 380 582 169 125 73 46 151 752 695 321 371 51 870 709 198 140 277 621 981 609 176 796 
514 969 993 686 657 171 26 795 674 661 175 434 829 782 139 122 86 540 594 568 238 266 312 788 885 564 216 456 401 988 896 991 91 168 469 2 947 625 266 653 468 159 585 566 255 333 50 572 142 605 134 4 790 914 246 680 923 32 21 655 817 390 350 925 148 549 624 644 646 800 104 648 891 387 879 731 168 645 
579 921 805 729 965 175 584 779 837 356 683 321 298 328 531 541 554 903 816 612 989 363 643 753 805 18 698 661 435 32 652 162 860 264 859 195 828 104 809 959 416 26 195 560 565 832 471 47 862 988 512 766 128 854 644 497 572 726 84 865 915 142 586 374 527 34 943 507 920 899 388 772 525 944 518 754 459 527 
703 862 919 826 302 363 741 977 672 1000 731 849 558 96 938 470 529 367 976 559 48 919 709 741 831 722 982 667 181 802 276 409 772 516 885 926 620 368 452 629 282 72 505 732 606 25 959 420 576 142 986 313 745 168 295 755 900 85 509 889 938 523 901 717 929 740 810 844 118 457 852 536 115 734 127 523 604 103 
53 311 37 728 85 303 958 267 332 849 589 403 986 228 626 786 651 106 775 629 682 825 837 182 935 612 438 670 225 724 660 339 899 894 739 625 618 670 68 95 747 91 438 261 779 275 529 295 791 876 267 786 626 123 551 123 537 311 809 988 23 81 851 274 31 101 934 765 860 379 62 451 373 961 854 354 442 281 
632 402 660 613 515 521 473 665 497 28 371 28 476 51 983 893 856 212 317 232 19 97 79 565 913 151 711 797 251 166 914 554 181 751 693 957 379 294 473 383 271 562 927 83 279 912 838 92 342 141 686 108 963 794 174 1 113 428 29 668 832 910 353 319 105 343 633 939 141 972 436 162 502 906 187 450 31 30 
103 25 248 74 886 424 272 682 785 853 365 517 998 106 205 294 521 877 107 313 407 166 707 158 316 851 70 197 661 696 454 938 433 168 316 269 620 15 611 42 323 574 184 350 863 36 697 55 973 285 491 924 801 841 917 220 253 457 737 437 265 755 717 263 804 195 531 745 229 736 109 656 276 581 911 731 216 433 
485 329 743 784 360 196 309 163 890 797 522 187 330 749 251 158 186 939 578 129 198 828 700 135 585 631 352 675 369 499 801 977 21 526 896 784 315 697 949 638 57 864 445 250 487 352 790 364 402 987 982 109 459 34 107 763 628 580 268 734 293 446 809 600 868 158 445 628 980 145 976 978 927 244 813 395 674 155 
188 242 639 925 617 464 787 615 501 700 41 311 990 426 805 821 161 794 532 114 272 514 642 365 386 116 643 360 764 31 798 91 481 458 138 230 562 959 674 402 690 66 415 404 887 656 675 782 341 694 158 304 973 948 119 609 492 599 986 206 549 634 530 414 482 174 968 818 812 259 116 284 13 582 235 600 530 537 
40 24 144 395 791 245 263 682 325 269 997 787 577 613 926 138 255 180 390 193 829 286 1000 328 663 651 334 348 786 773 4 361 379 506 180 776 308 645 600 525 577 599 329 2 40 471 437 295 26 697 158 426 318 720 603 993 132 594 193 411 377 548 338 654 906 827 997 204 285 703 353 287 318 685 41 481 245 106 
710 897 263 934 107 57 11 402 330 9 908 666 893 864 365 512 821 835 227 551 731 769 534 627 601 745 367 269 920 615 153 376 720 652 173 162 478 298 272 542 534 665 749 332 623 870 643 138 965 891 562 801 160 148 135 701 55 45 8 370 757 503 453 426 126 36 832 259 798 479 104 821 866 528 360 412 424 454 
760 585 266 975 471 990 847 116 645 940 179 735 361 663 303 544 769 773 133 958 858 933 195 263 671 204 208 688 25 729 412 303 225 273 119 195 272 262 877 353 829 614 330 403 489 160 180 199 366 72 767 349 417 762 365 584 734 120 600 655 788 277 556 32 921 74 243 661 403 852 19 803 696 868 292 338 795 180 
602 271 738 697 662 112 386 946 363 302 839 859 423 436 656 38 63 270 925 581 63 496 202 124 969 96 455 113 213 948 182 417 842 123 598 897 462 168 294 158 89 623 241 1000 303 617 414 486 998 163 197 370 319 119 366 458 458 886 213 435 721 970 781 339 376 218 945 367 547 788 991 907 723 757 842 397 408 619 
480 395 771 741 831 436 129 177 891 824 50 113 973 916 958 780 108 760 959 112 754 786 171 846 179 945 654 459 736 324 427 498 569 505 567 730 733 449 54 546 44 780 761 882 562 508 654 390 836 767 873 934 469 745 907 782 274 864 851 82 234 701 155 268 897 177 314 798 951 676 488 904 520 746 314 914 912 4 
356 141 680 267 720 932 824 627 642 487 937 523 430 454 774 226 54 167 856 323 567 439 910 994 521 277 34 441 975 745 753 834 237 234 216 661 54 696 947 264 758 790 511 818 916 819 973 935 778 23 126 507 750 155 758 515 444 299 268 608 774 729 538 783 994 627 359 487 308 823 615 473 283 146 619 603 207 460 
235 243 648 345 657 647 780 766 550 408 880 798 740 449 694 219 126 411 816 796 91 212 765 556 138 26 443 727 965 470 590 127 175 910 679 860 165 834 901 424 242 923 775 520 301 382 613 610 747 347 886 609 290 349 853 857 284 681 353 580 854 54 266 789 263 325 855 848 896 375 673 38 196 70 679 409 733 146 
283 918 324 234 782 967 920 284 783 540 400 621 548 261 657 265 29 213 167 578 393 956 95 504 135 475 773 639 268 122 967 667 241 613 684 85 180 294 559 602 287 853 712 272 511 791 391 206 371 615 241 819 504 374 147 570 952 326 588 26 864 790 491 715 85 192 222 626 481 531 652 127 883 354 959 534 839 15 
235 588 904 402 156 60 462 480 820 464 218 8 853 343 511 754 690 245 334 68 599 440 383 796 877 87 751 408 550 439 83 872 650 309 153 709 159 961 345 934 567 603 985 270 473 856 74 57 570 578 144 606 639 92 356 412 619 513 66 987 951 907 25 754 271 235 898 332 654 532 327 572 716 253 850 846 226 554 
727 668 730 353 614 476 182 233 944 716 233 729 6 460 199 972 635 51 33 351 822 923 757 654 742 618 71 414 181 162 456 26 484 710 797 370 198 122 110 677 930 206 890 68 508 194 638 979 42 786 346 447 249 388 415 312 872 245 790 72 78 773 957 575 517 24 815 183 516 609 278 769 133 36 510 186 252 886 
590 125 227 231 345 388 150 930 966 401 382 490 193 696 385 415 689 258 148 886 876 92 753 717 424 483 205 254 655 689 894 584 490 914 509 457 926 627 713 497 802 951 717 875 637 81 757 762 951 652 259 555 227 56 721 488 639 852 976 650 882 990 285 600 247 855 858 915 852 774 316 906 904 908 411 660 481 46 
226 40 210 524 748 438 750 82 458 680 151 677 68 800 223 946 175 538 572 268 444 230 224 405 211 428 428 79 554 548 275 339 342 534 360 875 9 683 128 76 847 732 58 12 450 474 439 411 168 644 787 748 244 35 671 574 896 48 707 247 142 880 461 42 723 733 619 237 838 314 86 811 131 103 57 125 129 504 
637 574 120 239 946 882 579 881 502 800 908 339 173 677 695 969 562 183 848 95 74 494 25 384 178 193 269 499 782 595 124 552 194 204 296 876 984 351 440 501 422 569 4 548 158 675 893 5 473 693 334 167 652 317 564 3 821 978 331 500 267 1 517 427 23 685 333 469 615 143 848 561 847 101 101 563 971 82 
937 581 564 632 19 374 748 920 227 340 504 482 534 813 34 925 93 59 216 453 122 382 443 288 356 390 936 168 331 437 415 730 478 512 194 180 380 744 82 153 457 534 935 916 638 331 807 792 527 792 224 661 816 598 297 312 437 934 313 961 495 77 601 573 876 577 310 326 640 587 821 128 989 427 632 422 552 471 
767 816 469 455 833 976 213 119 347 645 970 541 359 643 832 382 523 166 776 668 193 92 99 766 488 950 418 325 465 19 497 955 712 373 139 98 39 973 314 515 711 291 546 514 976 560 264 720 988 521 34 979 142 773 439 579 479 435 221 357 582 579 665 312 766 343 423 454 141 694 396 170 385 308 310 573 954 791 
603 211 765 818 724 855 572 588 220 100 347 949 727 603 762 639 102 756 415 624 663 264 539 640 372 318 496 18 270 66 717 7 589 765 62 379 565 830 373 940 703 418 740 1000 384 536 24 212 550 810 253 349 164 153 299 14 235 45 174 68 182 517 880 34 376 98 35 572 419 13 367 521 474 179 61 124 662 832 
38 627 796 569 224 381 473 76 347 982 216 226 293 926 764 161 924 293 445 718 662 517 106 366 356 567 233 368 694 507 375 584 301 48 569 431 426 751 50 476 496 119 132 42 318 726 918 206 915 35 691 279 697 11 750 673 538 627 791 753 938 625 42 405 331 156 15 309 612 694 372 718 19 549 262 102 132 280 
782 474 877 207 768 135 494 535 911 593 729 904 670 624 721 373 796 906 480 939 915 195 996 275 258 532 801 689 268 583 530 714 965 666 591 440 689 449 905 50 784 6 269 936 44 664 856 603 461 923 405 878 659 40 171 385 154 946 785 22 972 594 564 820 98 156 179 743 481 562 947 62 971 647 300 797 110 801 
93 844 492 620 226 905 705 395 175 434 893 836 633 916 922 576 212 77 22 478 934 357 352 77 570 663 876 147 825 13 630 727 990 495 242 918 515 518 598 273 231 521 635 836 770 699 467 802 68 490 118 918 581 467 161 150 926 874 713 401 602 791 132 14 478 387 463 26 848 625 838 715 758 128 640 693 155 775 
52 931 256 398 468 87 19 707 131 215 399 3 813 348 800 676 142 676 42 316 294 667 280 705 300 542 160 827 373 798 483 384 116 214 37 766 295 882 101 556 606 116 394 552 696 371 297 895 356 907 762 824 996 476 406 702 423 146 810 639 179 920 649 240 638 708 895 949 780 154 802 904 366 281 924 61 877 937 
190 292 748 863 991 581 873 900 273 810 324 667 897 522 426 763 405 276 28 761 42 898 334 264 870 217 382 188 775 9 161 933 11 42 607 74 837 768 868 920 721 580 173 197 417 342 552 208 138 560 971 431 594 312 747 525 631 568 340 452 161 796 863 418 709 295 23 48 684 744 531 298 39 131 873 368 315 896 
396 381 513 424 170 510 871 219 382 116 374 207 252 628 745 536 643 323 429 783 229 87 545 398 36 814 855 585 468 930 21 774 836 310 502 283 791 532 538 378 749 972 325 70 890 341 13 908 754 290 731 226 662 780 623 148 276 431 502 21 658 822 207 230 781 621 58 982 621 592 681 379 83 103 505 105 354 570 
