110 731 67472
697 97 900 690 214 265 133 474 806 615 841 77 747 849 434 808 8 847 812 113 153 271 363 559 474 953 585 382 814 198 100 201 714 875 351 982 111 574 561 11 221 158 27 432 789 650 940 269 10 352 733 454 17 397 649 211 945 717 972 742 864 890 635 316 997 824 32 846 118 745 975 855 482 262 538 559 425 492 193 619 393 695 396 799 836 816 915 53 520 161 902 475 162 20 461 629 952 765 144 609 892 139 896 501 791 151 654 229 984 81 
835 964 539 326 943 858 277 130 247 683 998 607 280 109 570 478 960 37 169 98 251 770 902 890 477 642 726 142 236 974 246 844 662 494 361 446 623 427 186 425 38 797 914 731 882 370 441 532 748 755 592 152 353 852 918 10 260 110 6 135 517 904 807 234 35 313 37 424 867 789 953 945 179 854 612 873 965 597 545 812 553 190 588 345 28 856 219 286 688 968 839 19 987 316 33 811 162 795 969 666 136 385 447 751 71 169 324 148 279 343 
14 969 445 846 859 595 300 385 423 115 216 370 914 817 992 156 681 599 955 944 356 458 868 33 519 52 347 87 314 448 803 346 223 247 23 789 899 806 400 782 846 224 261 973 197 294 254 831 61 713 630 556 750 626 137 588 946 697 721 62 819 630 513 937 350 420 424 988 672 644 109 586 310 867 267 850 79 347 688 175 62 337 560 329 842 973 466 922 510 411 538 110 521 909 222 684 42 189 908 978 97 916 47 883 902 962 228 66 977 96 
113 602 114 529 236 97 586 684 867 963 429 419 227 772 142 406 404 973 38 695 472 87 42 652 511 194 432 277 511 148 27 428 809 819 864 30 132 54 312 291 383 598 510 385 864 81 252 194 250 511 593 264 876 255 931 188 420 744 417 757 78 688 525 177 344 623 854 393 589 409 443 245 614 67 189 896 875 637 539 816 689 987 192 699 747 495 97 93 586 218 896 508 286 642 310 852 173 538 328 884 152 703 926 811 336 330 732 419 897 523 
30 509 776 288 83 238 536 697 107 368 572 426 521 928 115 283 898 367 193 711 271 892 186 651 625 67 159 187 499 734 101 288 679 879 975 933 561 130 668 945 836 130 269 985 427 976 631 933 148 95 814 719 265 698 965 19 32 666 436 79 787 236 778 832 449 137 649 890 391 490 259 581 22 583 834 903 688 609 430 260 889 279 235 717 988 792 300 791 80 499 581 748 407 692 116 818 594 822 661 519 855 567 244 439 707 308 783 447 933 824 
690 943 793 751 658 865 906 568 349 783 186 210 128 277 667 53 589 698 701 472 29 761 281 740 695 569 753 687 650 228 852 143 537 326 240 960 337 786 621 123 212 241 42 121 674 156 469 316 386 945 824 697 807 281 870 560 832 824 78 822 118 644 290 437 82 969 243 653 488 751 29 567 233 121 489 740 850 956 290 631 211 320 950 618 552 524 947 65 811 765 841 808 367 771 357 502 119 548 950 828 887 42 6 177 554 110 495 684 599 377 
57 737 678 833 103 548 717 637 13 580 727 850 530 256 739 206 143 173 813 298 708 422 668 655 360 607 587 805 808 496 134 166 329 91 385 763 8 750 683 807 789 29 550 582 446 649 597 532 839 780 57 962 785 267 753 948 665 891 737 805 801 323 599 743 507 919 396 250 728 808 832 224 602 630 658 40 237 102 269 512 47 806 751 193 696 32 203 836 565 787 478 704 340 545 552 819 783 464 592 297 762 290 860 186 814 637 584 525 835 362 
994 889 467 31 479 97 837 587 503 683 234 549 253 548 366 125 150 594 938 833 986 107 588 938 231 83 555 735 652 272 210 854 972 935 353 208 660 386 145 83 658 46 701 751 340 184 804 892 838 502 959 741 531 15 83 230 377 921 624 770 307 171 476 969 883 205 354 627 30 723 756 818 675 787 962 685 338 822 612 687 251 817 835 810 230 169 465 731 585 576 959 731 164 601 826 364 132 958 850 444 653 334 24 301 328 62 272 35 105 79 
147 842 609 110 883 49 295 860 990 328 26 122 190 446 399 510 730 122 125 557 734 682 521 856 886 891 238 846 110 766 725 914 230 617 991 593 947 65 942 847 443 97 741 97 562 683 440 816 106 241 568 887 537 140 270 847 336 914 873 779 527 244 771 404 782 968 334 65 534 11 319 257 179 657 370 60 939 972 123 31 984 88 5 871 807 797 970 68 294 584 193 55 344 795 675 670 402 636 654 198 213 425 478 97 896 755 236 191 837 93 
166 446 111 253 136 695 366 289 152 461 488 902 764 264 856 571 881 781 145 161 585 788 462 480 16 382 597 650 633 518 58 226 748 215 702 627 864 447 985 228 53 417 586 69 239 171 952 457 819 318 179 145 873 302 875 499 438 63 74 247 64 503 183 527 824 528 802 679 988 908 482 700 857 912 503 329 691 522 346 906 957 608 739 925 458 276 366 183 426 693 62 897 439 558 47 800 924 599 466 794 726 234 624 22 197 973 364 502 664 788 
579 414 428 842 824 954 330 584 278 859 962 686 458 763 639 336 521 150 463 126 489 641 485 708 444 573 148 751 535 717 595 116 355 493 182 159 256 367 375 648 238 969 632 915 534 222 18 163 400 514 714 235 407 763 883 426 438 98 236 350 974 64 414 840 158 796 802 290 733 160 734 152 195 76 400 381 592 925 542 49 268 230 910 140 246 484 597 4 293 238 483 650 469 362 306 447 322 340 978 726 781 917 818 122 389 562 464 719 727 649 
91 505 548 645 402 897 104 597 948 363 253 119 589 493 609 142 467 443 196 370 190 541 500 944 259 855 401 35 845 933 817 713 718 212 363 435 217 263 769 262 448 573 977 678 531 221 570 57 931 440 753 319 716 147 682 4 715 92 426 426 615 103 593 385 966 388 859 844 727 315 764 644 857 35 677 183 231 957 70 495 384 322 813 459 75 734 495 970 341 671 3 22 368 595 126 564 880 361 984 901 178 573 16 942 611 545 944 316 7 59 
984 939 82 974 503 755 498 630 467 68 904 793 134 971 711 751 391 183 339 38 197 249 173 466 401 480 917 513 356 913 996 708 870 444 32 632 756 712 501 686 270 999 873 598 597 374 344 966 349 577 843 910 204 55 648 152 696 109 857 582 255 142 188 165 593 397 854 44 953 279 132 888 956 8 862 121 896 517 284 105 283 438 893 853 504 840 840 168 354 259 450 835 882 902 351 779 437 614 908 715 605 610 288 724 476 503 821 479 209 758 
843 33 83 458 635 752 404 327 678 294 1000 549 950 830 299 820 900 180 828 213 355 629 469 455 216 895 279 853 949 938 869 675 828 219 46 356 404 396 621 299 562 807 158 672 991 259 634 649 820 616 262 975 689 1 369 458 199 705 144 779 806 223 440 993 842 658 731 63 790 823 546 542 986 712 578 503 839 845 194 341 790 508 744 371 707 332 103 426 237 393 672 538 350 335 732 898 321 594 731 109 69 340 767 451 870 925 766 569 413 167 
943 814 802 3 678 815 411 181 78 238 671 894 35 940 403 609 481 533 284 491 426 440 322 869 544 90 776 332 278 303 937 417 395 419 66 327 965 171 978 885 412 602 645 796 602 827 995 628 67 659 647 680 649 12 414 235 304 571 908 454 802 37 398 784 348 599 170 429 825 789 296 179 854 809 277 777 78 487 253 390 301 608 527 357 783 459 534 231 19 664 279 111 323 202 157 581 543 505 345 462 661 211 109 993 315 515 970 420 38 559 
629 875 76 612 863 264 656 836 847 8 522 214 545 40 565 482 899 771 499 990 365 24 983 976 833 742 879 313 518 289 991 575 211 530 19 621 319 429 524 599 591 764 675 758 560 417 82 548 12 906 378 140 695 694 188 321 757 219 879 54 706 945 337 227 75 297 27 374 870 505 432 251 671 863 701 1 939 346 830 115 782 809 760 140 426 129 127 447 160 918 663 780 411 933 119 837 261 812 203 852 341 562 499 876 749 484 892 346 993 305 
101 544 482 70 513 197 701 140 461 960 86 715 113 587 322 985 341 300 698 892 492 705 575 200 516 466 222 70 379 763 549 845 759 374 408 662 857 741 161 558 376 472 428 324 509 278 69 571 564 904 387 428 586 456 840 768 486 439 233 653 803 334 884 695 781 982 952 679 833 655 133 608 715 453 830 229 173 526 241 912 124 534 394 684 101 871 766 119 64 426 648 511 260 463 616 700 943 219 358 129 635 88 199 639 530 430 545 730 482 832 
592 52 869 734 670 644 99 940 448 863 896 558 698 371 347 434 76 297 324 291 712 747 772 195 686 831 98 815 245 430 216 498 843 524 28 507 502 563 112 892 713 17 336 304 281 628 842 352 266 492 802 279 836 193 894 318 148 91 220 609 13 87 553 986 603 8 150 974 405 830 536 876 458 514 359 29 473 499 10 361 71 54 657 672 921 533 164 122 945 149 845 896 90 674 614 183 279 127 985 638 149 686 518 634 863 733 200 774 550 201 
965 684 463 87 551 596 159 267 718 595 413 78 187 337 927 927 382 638 815 998 133 672 592 957 403 50 26 456 572 495 548 885 954 802 427 756 361 242 575 706 116 139 101 728 788 190 358 249 410 654 5 474 921 496 387 994 252 153 68 794 861 303 842 742 649 204 472 871 207 851 595 253 982 588 160 45 614 405 477 456 286 330 802 595 280 835 209 689 122 371 154 462 754 830 389 304 79 619 600 417 531 195 249 874 24 713 475 771 744 10 
292 985 814 352 828 253 126 649 994 137 243 781 444 768 226 374 230 825 779 782 832 915 23 662 632 886 433 966 498 358 244 533 186 464 747 321 351 365 939 101 371 971 844 970 231 439 84 765 184 759 845 828 74 526 347 168 991 970 625 857 206 975 530 675 54 948 216 578 246 766 851 543 912 26 900 237 400 185 844 443 134 693 248 40 510 817 787 1 825 4 368 61 875 775 163 271 508 563 101 215 619 191 75 212 461 950 83 706 512 458 
225 832 814 100 636 79 687 583 722 502 207 224 90 757 848 110 393 260 807 779 120 381 703 404 354 181 968 325 47 135 678 846 722 425 647 820 753 66 243 30 301 85 500 405 504 198 131 846 177 411 203 212 339 667 276 48 781 151 405 861 809 406 682 577 678 43 101 15 439 182 735 938 648 471 453 412 103 721 840 853 695 640 485 188 826 553 763 268 412 827 791 770 546 907 760 342 134 563 751 428 762 845 52 690 282 691 387 166 980 117 
413 129 747 460 496 650 707 84 615 979 784 199 833 960 742 823 645 288 643 162 952 427 506 315 288 289 968 705 297 979 908 165 267 608 192 459 732 283 881 223 362 15 613 404 690 311 220 896 543 200 671 28 499 180 114 790 993 857 752 614 390 268 603 88 66 70 414 588 91 524 691 964 537 346 711 474 754 607 396 138 122 724 568 145 838 590 310 969 825 773 37 426 778 889 856 333 165 638 11 254 880 71 619 686 288 905 660 602 374 484 
797 802 711 790 750 164 370 646 585 86 923 720 459 456 79 441 428 680 741 238 237 635 500 982 772 942 71 935 985 338 601 694 579 911 886 733 399 114 821 101 361 460 339 359 469 981 147 640 518 493 712 677 644 655 641 605 70 908 391 370 259 956 398 300 540 300 36 770 376 112 667 266 291 863 77 69 115 838 223 7 807 854 775 719 67 492 330 580 42 72 434 978 121 669 240 649 320 55 423 581 604 671 824 716 738 677 337 38 659 380 
676 669 498 44 468 682 907 227 68 882 310 833 808 62 693 679 394 920 569 727 150 855 339 757 732 922 940 796 104 188 141 784 730 669 250 50 425 395 181 235 46 303 156 786 535 606 693 128 732 981 420 559 124 463 395 908 859 250 934 608 362 293 137 551 300 178 801 588 888 483 973 111 513 434 487 523 355 729 512 188 678 904 581 419 458 603 387 755 916 601 84 480 237 81 231 476 678 564 697 747 429 56 811 765 666 756 628 862 500 148 
388 532 681 541 66 968 646 896 819 959 458 466 183 447 598 152 786 239 913 927 722 309 644 619 213 930 29 502 863 305 984 295 369 455 3 964 707 483 243 651 409 382 254 708 936 485 612 765 4 712 298 211 896 371 746 91 242 124 861 492 403 784 433 341 322 256 267 104 191 627 506 48 635 789 51 168 232 593 247 575 161 726 345 487 449 410 318 73 165 18 85 839 108 451 389 753 432 11 877 402 372 543 55 836 94 306 636 574 764 731 
906 698 145 816 639 463 202 543 14 205 967 356 290 36 860 588 794 475 214 78 647 49 50 634 356 426 732 639 655 337 848 323 638 245 534 921 87 503 130 615 212 646 531 14 507 674 944 690 161 151 472 794 954 807 588 414 730 545 98 19 629 769 537 123 379 906 564 745 835 838 113 331 172 525 383 858 29 172 914 489 12 731 910 863 321 409 315 903 626 181 832 247 118 968 746 167 150 156 766 46 604 779 644 594 567 689 934 300 347 947 
577 699 707 380 392 646 27 716 944 154 125 517 139 983 1 240 421 710 531 90 571 850 106 935 548 240 318 689 941 566 141 277 374 336 26 952 391 62 212 311 826 845 309 193 512 262 717 617 381 509 905 585 4 74 497 307 785 779 327 951 407 263 987 389 571 22 757 102 358 249 876 579 993 501 450 589 722 934 690 333 116 357 832 250 32 2 259 378 209 603 33 492 962 460 440 536 373 345 453 498 685 496 771 989 410 436 732 689 439 123 
940 951 773 802 501 172 88 874 2 3 27 37 911 894 444 411 611 974 428 886 579 311 149 207 854 402 363 61 351 305 609 723 892 362 447 234 348 886 939 371 645 822 184 493 464 594 489 310 926 754 891 616 578 383 46 728 978 385 174 665 861 932 214 911 320 720 462 237 45 445 207 834 712 805 982 626 483 179 878 609 794 700 90 664 22 488 120 616 193 826 29 798 344 553 23 587 743 486 332 301 771 707 52 457 971 406 644 617 634 983 
715 453 629 8 820 447 948 823 356 941 308 179 839 983 97 160 252 13 435 965 259 436 919 235 412 809 31 667 659 36 291 629 292 903 444 637 765 181 968 363 325 56 709 863 385 358 466 833 86 430 556 226 27 533 204 407 549 954 323 267 487 633 120 996 592 287 45 872 491 226 871 554 531 288 663 983 252 464 699 795 682 703 866 244 572 855 139 977 76 689 792 35 897 91 436 135 444 383 85 447 485 512 798 58 459 459 105 590 192 228 
49 454 368 916 327 72 698 778 363 91 903 525 622 777 26 822 890 439 572 26 148 426 308 595 205 666 766 128 737 299 943 955 464 807 440 280 578 265 508 220 951 351 728 839 881 801 788 596 754 652 180 711 206 344 130 764 535 487 309 436 129 278 553 814 552 380 283 129 570 724 654 175 693 98 840 4 623 861 843 478 25 650 229 342 487 215 545 902 44 2 798 108 537 329 44 981 67 814 870 157 242 667 288 235 693 734 483 958 761 887 
228 458 671 206 225 543 602 295 196 796 425 81 183 440 341 504 225 893 243 760 941 53 179 319 469 156 528 963 600 357 661 483 138 646 353 987 575 413 522 592 975 433 389 47 115 792 613 978 349 25 615 596 241 593 306 163 83 683 897 602 663 24 95 268 331 686 945 869 933 787 569 41 930 998 3 78 102 156 38 896 636 496 104 867 216 51 174 690 870 948 497 339 929 351 721 654 582 779 65 383 894 294 819 783 525 362 308 305 766 902 
541 675 671 531 382 646 787 963 96 2 987 131 85 915 579 461 315 843 822 188 80 661 604 87 435 943 664 319 942 815 843 947 637 457 485 798 739 306 231 419 416 449 727 216 730 146 952 438 536 115 595 433 179 474 291 841 323 860 196 692 794 970 132 781 982 326 445 174 829 602 108 656 148 577 889 653 226 380 572 656 527 780 311 149 878 415 659 265 994 600 853 422 337 658 414 286 952 727 196 2 578 831 478 272 50 115 359 244 270 824 
264 51 125 437 261 378 917 597 267 865 635 138 205 224 596 841 902 381 342 569 617 66 210 63 43 508 43 961 168 868 247 190 877 988 245 548 347 115 70 372 821 576 200 362 143 567 53 194 523 856 704 542 473 915 529 31 354 303 976 218 781 438 287 183 678 852 10 709 370 8 17 502 862 86 966 69 965 633 603 384 24 91 312 321 539 332 39 822 842 90 117 448 886 247 152 729 343 151 850 607 27 302 469 879 350 634 321 480 771 237 
7 436 840 945 485 175 589 511 507 194 320 928 393 526 782 467 740 855 260 577 702 565 454 288 853 485 855 713 197 911 953 927 819 979 318 361 446 392 905 652 177 555 536 526 15 433 679 253 642 514 586 348 975 744 366 91 408 224 724 285 84 605 682 859 863 739 58 624 670 467 379 589 887 269 152 48 996 377 691 958 579 432 776 932 846 383 601 782 103 84 440 651 22 759 951 66 611 345 222 412 534 714 877 639 925 541 878 188 719 178 
388 979 110 332 891 64 258 768 760 953 826 875 208 196 762 398 465 489 216 911 646 871 336 816 243 636 455 686 867 108 62 195 896 225 981 271 195 587 977 248 244 106 551 571 386 674 17 685 132 324 651 324 564 949 564 158 957 552 369 52 847 766 163 81 141 940 696 92 52 458 721 176 875 241 463 182 503 604 236 201 467 748 62 511 841 485 773 519 476 533 430 234 250 404 565 755 761 359 918 779 902 882 988 645 806 433 601 67 437 363 
903 887 174 866 470 887 73 8 69 364 276 367 63 320 733 195 311 105 548 561 492 290 829 436 97 404 884 256 734 963 423 377 114 658 299 239 941 838 69 347 750 442 908 507 694 298 757 795 20 247 700 436 519 452 772 924 399 398 679 664 926 707 835 171 669 80 823 375 98 608 96 129 554 610 308 704 390 484 960 589 752 133 791 302 457 727 531 869 296 706 409 898 629 831 56 481 641 560 264 477 837 689 170 628 860 587 997 8 130 774 
777 385 623 34 335 367 879 859 203 670 622 683 434 433 95 134 165 47 572 124 711 80 106 74 888 746 127 358 372 902 1 115 130 870 433 607 920 628 800 572 592 942 496 27 25 917 769 99 152 100 443 148 436 624 27 38 268 99 768 946 273 661 890 832 585 667 775 802 458 689 341 731 880 143 203 923 585 490 718 212 332 554 780 735 187 398 389 333 791 107 239 711 194 311 695 870 322 501 240 885 734 90 945 544 56 140 127 407 711 324 
419 80 207 74 571 113 909 278 422 380 930 81 292 57 238 286 520 583 496 590 79 411 235 560 416 417 401 403 424 613 177 213 60 928 111 713 805 693 992 790 761 916 788 426 316 720 669 232 110 265 797 913 188 397 691 633 277 756 380 844 437 61 42 284 803 97 526 313 260 565 362 117 959 862 538 126 355 463 707 89 67 779 216 440 115 656 182 572 678 140 86 695 893 357 867 82 110 79 699 661 453 972 881 76 519 371 99 805 398 616 
956 543 53 724 181 218 837 208 963 270 337 129 60 390 336 37 335 882 561 998 350 880 213 160 384 70 194 711 607 119 346 155 673 462 609 437 261 212 737 713 465 85 258 300 297 367 81 700 803 163 746 218 789 707 517 317 594 339 595 401 742 730 806 49 476 786 108 948 862 754 567 71 108 926 170 229 48 923 544 376 937 303 216 593 139 761 890 986 253 620 907 517 553 420 835 80 958 204 850 414 647 236 627 891 352 858 134 349 193 951 
521 619 432 784 474 966 181 560 4 337 948 886 600 295 961 910 456 301 950 15 584 464 598 764 674 125 962 5 577 65 30 359 938 651 140 218 390 681 109 282 292 242 429 540 520 975 949 13 30 161 687 728 16 295 71 433 527 853 166 988 42 707 202 395 840 723 203 298 352 155 719 881 296 577 515 220 67 382 444 763 588 943 935 453 509 713 553 218 703 452 484 104 713 660 92 785 550 446 407 172 780 256 410 855 165 993 167 1 155 144 
946 584 762 424 194 126 135 43 477 373 741 963 475 295 498 633 202 723 462 398 131 440 829 928 397 806 635 648 809 610 432 378 551 160 904 315 829 303 154 426 595 228 874 102 9 499 959 80 359 900 801 196 983 86 969 378 834 430 886 150 220 307 475 89 441 311 998 664 720 767 165 657 300 810 469 445 369 349 650 370 597 627 22 454 481 325 730 931 32 301 24 376 146 27 218 803 437 609 927 60 417 237 911 292 600 378 693 625 682 133 
272 81 245 66 717 164 758 536 611 770 856 307 423 427 207 728 785 988 949 160 704 713 316 855 846 756 13 667 792 941 736 126 626 437 551 157 719 21 7 837 171 464 99 151 8 619 513 7 327 843 905 274 614 262 406 883 462 547 956 663 18 274 800 361 980 336 377 908 315 518 541 233 149 599 998 807 947 800 621 122 68 466 441 751 681 269 387 689 307 934 420 37 131 77 65 201 957 708 878 899 615 134 961 998 531 100 698 357 883 378 
749 533 887 243 909 8 110 27 301 724 103 981 488 66 545 317 693 999 547 605 886 665 778 441 77 132 419 846 744 401 4 138 662 220 35 522 105 534 709 631 921 961 168 777 818 993 512 215 983 629 134 893 762 62 665 33 915 767 257 499 169 298 599 212 551 382 896 804 778 854 427 381 755 928 523 305 880 657 86 320 298 622 867 392 158 722 532 747 912 697 834 978 61 76 424 557 309 856 255 341 831 912 26 298 87 897 242 377 368 347 
973 939 623 81 407 451 809 657 470 299 516 518 853 850 810 821 924 406 189 200 430 301 541 975 503 964 271 252 954 280 665 112 524 675 807 15 587 554 306 104 786 941 436 863 537 35 187 478 822 366 257 650 35 872 184 191 767 430 20 421 64 756 425 660 176 924 908 285 186 869 591 342 223 486 39 181 358 321 23 277 104 615 712 580 396 280 888 595 855 488 834 642 83 14 745 952 45 228 808 473 416 793 699 950 7 442 450 554 797 82 
762 427 231 757 787 451 593 992 281 506 955 93 9 647 763 504 692 170 965 745 885 355 611 202 140 938 678 380 569 571 273 580 615 705 197 757 246 62 162 672 338 480 636 356 592 889 636 185 384 163 718 951 691 166 667 760 672 360 22 924 605 227 836 369 864 698 829 296 689 438 753 521 748 873 744 80 482 358 872 696 63 861 177 987 445 526 46 8 926 688 184 610 358 494 44 623 772 352 359 778 772 415 784 709 482 37 157 196 269 903 
173 525 667 893 488 139 234 795 326 748 73 467 430 122 749 83 600 463 89 401 182 963 526 945 421 223 928 469 56 688 345 687 267 917 300 647 240 458 745 432 353 939 313 101 753 768 133 970 762 996 988 463 366 650 746 101 688 136 420 942 767 628 615 101 347 68 956 724 131 237 793 259 477 798 302 809 224 34 518 793 232 213 803 211 514 406 820 163 658 833 688 409 542 655 236 227 554 507 959 845 630 355 20 307 904 866 762 265 834 614 
179 425 445 219 18 420 246 670 394 913 877 825 614 832 494 697 249 559 807 918 337 233 163 828 77 786 480 832 963 310 657 163 631 308 5 26 242 779 573 758 20 420 878 668 580 253 656 204 16 778 632 6 561 765 600 842 712 892 126 12 423 487 18 603 505 368 482 15 71 600 418 624 996 11 708 528 137 831 566 383 7 465 242 562 42 628 312 672 801 964 722 130 879 255 955 920 982 21 812 610 525 179 439 615 110 968 673 705 583 983 
581 344 792 478 503 856 661 537 431 748 695 636 195 655 60 487 780 446 416 834 24 344 682 119 64 373 285 836 66 731 211 447 435 2 952 416 767 304 834 40 896 304 656 485 495 892 639 908 755 790 472 232 310 968 501 585 442 424 846 712 106 571 573 845 772 87 188 265 118 97 316 74 411 984 804 156 155 95 841 561 17 68 827 208 298 59 330 870 863 18 602 859 950 976 25 149 484 115 469 205 438 599 563 432 79 636 280 237 784 677 
844 801 920 327 548 952 932 268 132 183 668 907 34 209 54 63 221 609 30 183 256 560 141 632 970 709 165 156 496 796 216 553 204 116 83 151 179 747 766 691 795 601 341 882 626 45 97 249 680 777 690 13 105 840 218 665 397 311 516 754 10 368 485 917 83 930 276 39 170 140 262 618 65 79 691 479 713 432 37 478 149 411 363 849 126 605 590 403 89 979 458 716 907 741 858 253 498 544 9 933 837 627 270 189 487 521 956 218 776 407 
252 457 152 737 449 673 703 153 264 160 68 176 571 744 925 261 250 21 641 135 222 860 171 5 290 89 336 510 917 459 953 43 574 621 351 894 775 280 744 62 138 524 830 963 654 805 547 680 806 587 19 953 150 156 635 783 919 279 659 173 691 343 126 780 221 279 105 389 516 838 627 533 102 621 639 672 475 797 958 199 378 35 462 761 515 250 465 469 259 52 231 995 458 564 745 518 840 203 990 217 968 438 435 923 775 345 785 856 879 92 
741 568 807 10 861 246 508 257 873 104 979 36 976 106 659 535 478 105 681 407 815 227 543 818 703 37 725 880 135 45 498 809 85 237 96 91 342 924 239 597 660 440 240 121 658 77 904 266 389 509 156 969 425 582 501 520 51 175 113 329 284 895 916 927 272 873 752 348 684 242 351 738 473 511 971 116 717 643 680 254 652 651 510 550 441 568 264 305 699 306 99 754 283 701 191 297 744 845 90 648 622 676 823 975 369 635 576 277 582 690 
539 364 315 454 968 695 93 85 818 939 475 376 830 497 891 605 114 420 655 731 708 623 650 152 241 164 679 965 180 550 719 343 298 972 663 410 708 875 118 372 267 381 306 787 472 781 241 155 839 39 248 551 530 420 686 506 118 435 131 887 586 92 621 157 333 558 538 503 195 959 659 573 530 965 624 90 163 559 160 740 432 779 832 292 916 634 782 774 718 919 105 300 214 448 977 510 753 895 753 212 661 866 913 925 571 559 472 151 59 351 
518 726 165 71 418 872 28 126 485 167 241 940 137 360 852 683 557 261 4 506 712 662 512 119 189 884 324 376 980 338 975 775 199 43 548 164 486 410 473 153 402 251 844 68 102 674 575 696 971 702 516 340 470 297 92 186 489 862 545 734 548 639 42 846 168 132 473 841 987 790 713 619 718 656 210 765 925 361 986 355 621 584 243 346 841 404 204 214 624 182 316 19 489 476 863 678 955 912 7 596 469 3 536 410 661 704 755 464 981 541 
51 905 894 690 627 10 513 431 277 995 558 906 131 949 186 398 224 914 388 816 478 39 998 636 808 167 868 269 278 17 62 383 524 140 572 124 281 504 441 54 890 429 337 762 612 184 940 698 244 177 634 919 90 367 703 19 232 885 838 329 658 606 708 925 721 570 223 33 801 596 414 612 895 463 538 861 162 136 957 602 789 121 287 51 5 158 862 500 661 269 237 581 953 536 576 974 321 807 423 883 524 416 180 137 993 523 903 972 486 88 
453 224 463 742 28 30 632 772 824 974 794 958 508 192 180 360 746 35 11 82 193 616 789 974 305 847 644 274 102 484 154 700 200 279 514 415 506 779 808 920 116 118 490 35 417 439 507 668 483 209 373 528 602 735 640 428 295 600 333 736 237 352 658 923 114 163 123 881 609 170 845 76 458 6 151 320 586 102 126 273 836 632 169 243 469 52 681 789 450 73 284 150 423 825 18 295 980 376 115 390 826 560 966 683 841 803 609 312 376 982 
155 634 30 739 37 956 733 151 189 683 59 917 353 349 354 418 868 590 193 652 141 664 514 969 58 900 231 122 585 140 395 295 488 885 421 236 308 292 861 89 233 875 74 719 799 592 607 630 626 656 392 144 120 88 556 309 526 54 447 748 877 67 320 525 947 704 647 511 340 134 916 722 551 831 353 65 645 907 629 922 174 523 349 147 30 183 692 442 813 780 667 16 828 74 695 435 648 597 744 745 206 138 248 879 135 440 3 883 497 877 
267 324 81 207 557 131 771 38 230 220 658 223 73 808 562 179 992 808 944 202 349 490 522 634 906 582 345 994 66 201 747 484 42 717 533 113 106 796 679 552 340 765 390 675 813 411 394 18 667 975 250 760 266 413 344 327 716 270 789 842 927 656 638 811 476 427 29 988 812 273 152 840 523 814 904 179 669 326 221 245 438 172 762 569 317 742 52 839 670 751 50 185 100 870 449 706 635 979 266 332 823 483 933 840 339 882 294 360 17 111 
901 377 938 950 796 454 772 606 545 490 472 293 70 622 860 420 304 129 846 347 775 469 846 615 375 314 28 344 586 311 442 718 609 515 337 381 427 928 985 801 111 642 897 531 639 343 853 683 406 771 562 621 386 337 88 994 213 312 614 27 663 962 484 1000 826 734 106 980 672 148 450 734 191 130 368 77 191 602 291 887 197 723 499 935 640 28 474 625 325 965 782 666 556 476 42 495 493 541 726 928 889 43 802 471 843 267 996 403 451 617 
311 400 932 69 920 30 790 799 1000 988 397 202 112 113 98 648 483 926 116 573 525 339 860 606 617 439 223 229 438 88 268 823 973 415 571 118 401 234 677 145 64 698 926 644 480 378 394 735 945 26 975 802 744 10 280 846 538 797 563 481 327 532 629 461 96 573 742 595 944 300 497 803 507 4 587 276 524 912 349 107 168 766 33 665 121 24 966 329 502 792 929 411 519 880 389 999 876 613 907 142 517 798 991 737 49 262 678 996 326 846 
182 798 830 299 493 529 136 173 268 51 915 531 868 306 905 471 473 739 602 479 991 785 138 281 105 88 636 531 365 947 509 716 417 248 535 486 80 184 224 129 275 367 824 167 15 118 265 352 677 347 599 583 835 780 557 610 59 439 115 856 277 202 525 149 255 176 583 862 197 531 729 112 231 812 500 886 820 983 594 460 966 811 650 386 275 449 244 546 950 653 86 273 115 152 648 953 793 826 178 446 462 873 568 540 869 786 434 854 288 591 
251 844 535 239 641 263 195 86 526 569 249 391 771 168 850 426 574 24 427 911 861 836 765 555 719 627 983 778 470 149 590 467 992 362 761 135 725 362 315 707 532 775 775 121 194 625 247 941 685 741 434 865 125 245 275 72 361 268 244 975 611 212 43 662 19 776 67 515 685 751 435 666 621 923 920 831 409 929 8 559 230 646 827 44 631 781 87 147 478 891 699 62 273 342 434 83 961 399 163 971 746 287 721 298 170 657 26 908 549 669 
512 543 735 512 327 441 432 335 470 516 654 327 897 174 659 680 224 729 3 327 557 200 418 860 537 983 402 988 741 125 163 919 959 63 473 593 283 473 700 496 885 114 67 339 70 477 29 216 619 923 444 897 828 337 638 214 639 334 579 6 219 904 357 370 90 793 666 678 621 487 39 472 858 659 109 992 984 91 800 668 7 404 586 375 526 331 353 269 541 285 193 255 444 833 292 556 439 487 454 686 579 76 228 683 865 937 406 333 21 974 
115 784 311 858 419 58 862 783 671 792 484 702 841 544 10 702 807 135 710 344 142 762 946 130 41 10 448 497 939 117 523 453 791 628 778 664 290 195 69 88 773 611 8 347 741 961 514 925 556 726 10 825 719 200 386 684 791 211 525 946 13 152 621 566 36 183 37 441 668 834 416 655 82 905 93 992 636 841 104 164 431 197 847 567 810 272 244 77 839 241 66 687 312 226 936 354 946 490 573 816 477 386 910 848 52 76 169 994 390 997 
710 396 831 489 709 513 382 113 207 705 18 450 468 256 574 158 382 750 807 228 738 187 609 144 623 313 492 597 840 828 83 996 195 164 943 417 695 122 692 56 981 944 954 822 95 660 368 541 996 474 716 855 643 263 975 915 367 53 512 700 30 483 505 655 368 845 710 184 489 942 265 279 662 116 687 57 86 394 454 62 423 88 980 186 189 968 158 420 380 622 844 265 395 434 169 762 315 938 494 907 996 993 732 25 41 656 736 215 319 391 
875 763 256 406 176 134 547 2 46 458 273 428 725 559 951 238 384 798 669 255 35 258 582 672 226 504 625 299 57 696 9 531 25 280 722 687 90 805 60 751 358 785 491 285 141 384 791 326 584 147 94 303 295 988 757 699 691 921 703 848 299 545 668 264 31 209 285 427 607 84 736 416 183 976 732 711 817 716 37 945 435 372 42 242 699 479 830 63 680 558 780 839 951 457 884 269 583 669 474 9 205 584 935 926 920 269 629 349 9 732 
52 301 207 652 837 83 565 806 882 674 507 424 220 272 578 967 830 249 731 353 780 11 102 720 852 409 753 564 103 683 902 783 69 980 937 974 561 709 47 634 703 421 528 252 587 170 689 878 332 332 701 817 37 343 701 156 927 51 209 100 802 770 441 128 449 150 837 326 273 754 558 557 85 960 363 258 275 848 574 978 947 260 630 536 240 35 251 164 295 536 999 314 741 714 599 970 461 337 71 70 867 689 821 787 719 384 690 10 14 350 
562 309 83 113 831 46 677 138 864 794 760 360 444 497 726 619 383 55 288 474 964 950 676 217 862 993 82 311 685 762 84 242 174 213 990 822 86 471 62 365 396 185 151 562 258 988 86 784 595 867 643 579 209 892 776 888 208 70 873 63 585 531 461 186 842 526 582 127 537 626 503 88 948 418 152 302 384 78 609 394 510 922 740 883 967 723 346 559 949 140 189 848 943 252 99 442 622 576 232 716 288 58 606 632 252 908 557 945 159 914 
78 343 970 540 763 856 166 236 504 55 702 194 88 79 599 139 609 991 145 405 142 944 969 466 853 373 179 112 117 834 308 319 347 627 443 41 704 276 194 830 545 597 652 38 133 536 374 58 537 170 767 187 328 249 884 367 359 185 702 163 676 656 30 921 592 48 29 671 221 262 73 160 76 320 921 764 701 822 93 601 833 783 191 38 108 839 906 799 797 436 407 888 105 308 530 131 158 592 790 745 231 730 263 670 431 479 819 216 995 984 
563 725 51 459 22 835 368 45 672 749 873 578 307 218 141 376 290 974 784 786 478 404 663 884 419 696 287 36 767 658 97 176 205 833 62 9 449 81 818 611 131 133 766 350 391 542 714 276 947 680 426 188 8 569 694 455 485 952 700 264 488 391 515 283 207 771 500 537 195 720 434 107 593 376 555 114 380 384 270 171 821 903 628 964 266 11 753 717 337 750 488 514 812 994 545 254 153 233 913 631 375 968 215 212 366 86 255 262 811 534 
506 670 202 283 119 507 771 602 83 404 276 162 544 213 212 348 499 628 826 728 825 793 970 12 26 666 898 893 104 764 570 35 914 62 502 928 533 225 211 742 943 333 284 877 404 246 897 655 194 459 747 11 64 110 20 81 839 608 217 890 48 651 979 406 354 464 913 335 271 669 470 685 437 949 120 55 796 359 939 164 158 13 752 917 677 490 724 249 353 569 533 622 184 209 202 59 156 162 316 588 17 62 292 25 800 6 555 699 574 702 
891 38 702 534 218 844 927 566 480 704 661 856 315 108 944 237 683 376 847 779 49 463 196 147 911 190 119 115 923 470 335 754 384 324 752 835 93 744 851 887 295 382 579 460 541 670 395 540 74 672 761 748 139 276 591 621 716 966 90 884 477 283 212 125 691 871 496 2 369 809 941 415 80 896 160 904 634 339 960 217 457 519 124 591 737 182 15 947 260 768 245 81 391 558 190 275 716 688 451 959 484 835 969 317 128 351 876 471 978 740 
910 826 803 139 954 317 401 990 326 874 61 439 300 604 146 994 199 400 869 598 703 675 355 215 286 457 921 535 869 895 148 649 428 678 411 610 142 284 268 300 133 69 128 223 767 911 701 464 525 294 889 583 731 851 826 547 185 893 292 134 569 547 566 601 32 816 42 125 253 975 758 374 994 192 793 644 915 327 87 260 119 664 330 931 735 671 786 709 466 506 395 593 889 598 847 606 386 416 473 558 831 905 605 934 182 600 719 57 487 49 
692 140 734 112 754 556 72 217 341 248 72 576 979 967 932 654 866 137 955 700 423 993 368 768 81 376 176 854 889 835 578 239 947 987 170 565 191 574 611 478 277 641 829 842 729 839 435 310 664 790 885 137 86 373 668 781 837 7 303 133 1 42 374 435 860 392 874 117 798 399 977 856 226 553 351 231 414 883 361 328 323 272 297 451 98 622 204 448 786 343 460 27 649 331 559 792 991 178 964 946 275 880 293 396 624 855 974 724 301 385 
612 537 915 681 648 353 522 558 779 148 320 803 974 602 557 128 490 530 153 796 741 826 860 320 482 174 792 15 571 996 681 386 419 388 131 753 289 758 668 89 808 46 145 352 781 400 456 867 677 874 600 649 616 617 425 720 524 518 382 157 798 264 627 211 285 265 894 247 91 705 75 126 365 722 220 466 954 977 975 108 403 968 304 185 693 399 73 54 228 376 120 863 265 792 264 507 524 285 49 205 655 524 391 704 367 581 400 501 881 191 
936 890 950 956 190 407 364 131 561 470 411 85 610 595 667 913 125 998 994 240 301 741 100 518 651 854 38 13 442 452 862 262 320 137 118 650 592 545 843 777 679 517 548 517 136 725 238 817 549 614 930 827 978 419 28 64 445 873 476 376 568 20 773 748 209 977 111 586 611 139 180 907 596 418 511 873 866 894 994 125 568 83 126 851 453 705 276 849 922 73 815 325 451 443 428 830 292 385 281 705 160 551 703 209 394 805 278 544 817 820 
787 530 795 461 164 353 291 640 578 71 306 447 50 202 231 617 785 534 74 8 317 163 921 218 394 393 426 836 640 613 37 993 157 790 27 25 862 879 511 576 233 785 194 563 448 78 720 412 724 134 279 569 790 173 651 656 354 599 525 50 850 911 700 443 697 116 773 24 939 120 535 644 810 630 564 21 779 94 608 519 50 735 556 140 143 690 529 693 565 718 623 490 747 348 880 623 359 493 561 50 250 521 147 15 424 70 334 975 810 300 
122 633 280 514 581 85 296 468 800 58 181 43 286 324 464 416 223 636 110 854 950 512 257 905 17 497 654 287 390 288 574 472 693 473 167 48 998 904 159 93 998 503 49 422 460 943 940 70 455 420 451 265 834 280 243 787 446 68 499 255 328 636 126 406 780 506 6 72 648 756 954 576 552 313 55 551 890 685 412 92 855 902 821 678 147 22 50 403 780 204 484 336 737 95 884 785 922 892 802 765 52 194 574 168 655 655 71 34 714 379 
11 854 47 701 380 355 137 43 163 742 308 537 793 219 766 944 492 182 775 224 964 90 931 579 67 188 638 495 2 186 663 136 438 328 776 259 565 846 971 517 995 166 438 494 405 789 355 762 307 251 61 355 48 733 325 845 147 327 224 753 371 211 991 531 153 416 978 828 984 465 495 218 745 572 828 148 549 165 899 454 376 761 343 418 707 778 317 126 383 389 294 740 137 412 559 44 423 670 136 735 986 357 74 791 612 829 438 480 656 510 
444 926 255 233 443 633 242 187 143 826 684 748 347 255 10 909 198 783 85 957 920 426 15 300 23 702 663 406 679 510 941 767 556 155 507 85 867 991 379 896 721 574 561 866 345 108 832 849 45 630 331 816 275 342 600 518 795 324 325 575 706 708 894 164 693 575 29 518 967 376 716 116 153 455 783 144 925 19 82 215 773 549 71 668 908 264 661 716 884 93 371 217 793 540 318 515 971 341 937 526 296 408 121 192 649 300 677 425 309 723 
774 563 307 866 31 791 584 448 909 818 720 172 224 81 722 541 684 710 945 703 440 262 668 446 891 583 695 181 793 486 570 946 706 437 795 399 47 32 514 319 664 825 49 922 159 381 635 197 949 445 254 859 656 277 780 474 955 976 60 522 839 726 173 488 844 90 110 222 387 737 682 532 29 373 462 438 395 620 66 479 54 467 208 94 67 396 519 494 648 493 8 112 71 650 324 525 350 769 309 630 633 682 721 573 74 449 245 77 84 266 
539 462 883 495 115 666 789 133 98 550 374 386 275 771 803 298 477 909 929 621 847 249 486 169 833 89 526 740 373 89 972 757 591 953 110 637 425 527 842 950 503 295 886 871 662 482 136 970 81 604 7 630 120 765 437 313 15 858 260 169 398 893 890 409 279 608 161 890 284 37 378 321 909 461 769 812 9 936 449 153 123 51 439 531 760 773 784 25 784 693 323 31 468 785 191 800 832 622 402 211 871 817 78 124 430 828 641 477 288 962 
85 239 762 141 299 423 898 558 193 498 48 617 494 735 912 905 80 151 507 476 264 370 480 516 829 270 926 260 871 834 606 3 294 893 882 185 88 359 661 53 24 739 71 569 306 201 434 550 380 207 910 991 526 53 566 704 445 81 569 200 280 461 576 618 390 668 896 838 715 786 899 160 430 886 852 60 850 247 662 61 16 477 2 649 94 132 232 818 385 232 928 648 80 225 757 814 195 753 918 878 456 893 704 287 619 380 245 868 982 457 
402 149 779 856 829 275 409 482 236 395 850 782 631 805 796 889 54 751 811 674 252 820 614 697 577 266 492 324 209 798 310 313 120 97 547 956 423 98 11 58 569 727 431 741 519 916 750 621 913 915 634 709 287 49 209 151 343 818 164 288 806 191 31 275 420 460 154 613 909 187 222 253 34 31 529 656 841 482 656 401 260 394 47 280 419 11 64 908 717 786 387 75 172 734 58 637 191 988 485 504 168 721 914 351 884 758 653 808 955 996 
655 741 476 472 644 829 285 930 710 596 710 739 782 230 971 208 591 372 542 498 53 859 142 934 150 149 196 848 212 643 238 818 139 352 896 716 210 67 621 496 487 584 350 482 681 285 314 314 814 942 752 44 294 873 751 259 8 359 33 227 79 601 27 770 120 386 66 965 619 299 599 29 421 875 475 266 912 870 235 119 117 262 40 827 290 195 711 239 741 876 36 190 512 699 466 954 672 358 147 658 633 804 498 37 624 472 439 775 172 463 
392 374 151 202 317 445 38 694 357 489 768 979 492 558 563 1000 776 783 341 439 443 41 971 330 891 666 253 36 694 55 913 151 29 602 237 821 107 857 993 931 800 393 743 376 654 381 825 398 981 373 187 871 246 391 370 545 743 865 389 868 390 370 211 851 163 258 126 154 300 463 285 391 717 608 391 92 139 355 913 888 313 384 584 859 253 807 613 12 335 327 847 85 508 843 885 158 780 228 783 84 580 823 591 990 961 960 247 720 744 517 
836 295 765 740 328 475 159 995 337 880 295 106 585 523 789 173 12 105 302 246 909 402 409 208 449 627 682 538 896 702 678 882 858 65 517 248 438 28 879 142 930 657 995 889 633 671 517 952 663 461 131 882 975 119 794 712 90 196 760 418 668 700 309 412 529 803 863 354 333 588 291 944 620 658 206 897 112 83 753 408 260 769 441 530 681 719 907 514 521 289 398 374 320 950 839 129 521 768 145 6 331 85 357 403 255 708 986 161 664 808 
312 625 779 214 818 942 833 559 277 215 657 433 468 299 679 495 912 947 389 191 920 107 338 677 887 321 295 636 435 878 357 687 363 89 224 686 490 772 753 573 659 362 551 79 334 578 355 970 913 348 474 601 88 567 237 590 103 215 434 267 623 68 374 344 274 852 502 710 426 59 625 809 61 208 104 464 782 25 702 73 643 890 641 39 24 871 505 644 608 869 13 333 754 445 512 927 881 168 957 896 612 842 467 112 697 7 182 922 88 181 
828 826 46 644 239 762 793 261 764 285 318 677 741 76 416 696 669 635 589 94 24 696 725 23 654 869 705 605 728 436 883 525 283 89 106 547 991 566 593 96 629 520 319 211 799 962 600 711 252 983 895 196 283 403 430 106 911 527 381 273 233 811 219 227 831 153 443 190 552 41 736 220 62 199 950 407 905 397 558 578 756 532 454 244 891 464 858 385 519 962 517 498 944 201 429 478 439 813 370 18 587 975 57 352 724 807 702 993 307 217 
920 741 634 256 31 172 547 475 667 700 733 28 696 172 566 289 631 542 642 174 268 908 681 622 526 206 178 265 937 630 94 818 766 550 707 977 51 143 204 158 675 834 731 228 876 704 948 470 202 165 489 607 518 520 647 30 243 547 782 313 680 100 72 309 154 628 527 808 424 841 54 803 204 791 57 961 950 662 264 396 182 438 552 602 668 604 191 352 147 893 350 79 194 879 206 445 432 964 557 5 265 264 667 49 750 516 339 798 434 759 
323 1000 934 904 949 110 334 163 225 984 380 738 607 56 507 715 828 960 631 184 812 265 430 865 100 329 58 963 581 754 900 650 246 87 4 711 574 566 69 80 855 728 471 118 148 837 832 777 263 586 920 338 69 517 694 696 679 80 72 690 945 283 6 997 801 776 182 433 93 661 206 145 962 618 803 32 206 185 307 435 555 78 548 426 940 793 412 748 146 783 781 99 348 931 437 851 998 40 479 209 868 746 128 829 922 963 105 67 935 784 
341 149 296 478 107 301 208 720 68 99 1 643 733 708 911 648 188 29 41 313 716 128 355 338 200 41 376 605 627 117 148 477 367 423 927 496 443 428 679 358 86 275 561 620 153 636 504 483 511 576 187 742 401 205 220 173 489 727 386 643 9 733 563 739 31 809 29 779 30 921 717 670 849 322 688 403 410 416 236 929 697 826 737 334 602 566 774 59 272 660 362 385 496 460 902 440 130 818 156 917 157 264 61 247 378 624 502 507 625 660 
816 274 850 655 559 26 852 94 787 337 827 347 140 879 221 663 206 605 766 151 852 448 30 776 57 919 791 166 161 23 808 664 447 779 575 855 768 301 38 565 831 75 734 791 193 745 596 796 236 58 541 656 709 546 628 132 95 118 391 319 528 442 723 127 469 961 481 729 718 602 30 5 449 255 643 928 461 774 177 873 810 712 808 867 896 459 293 529 624 944 554 931 996 948 693 841 525 323 792 910 58 557 485 418 746 398 202 348 238 201 
352 491 229 433 815 144 434 732 640 550 278 895 630 316 220 911 688 301 483 956 951 176 950 230 397 222 960 844 421 141 614 338 751 303 634 709 838 934 677 957 865 479 801 723 287 873 982 131 421 338 66 709 351 784 697 552 441 693 719 3 121 932 878 6 258 768 265 149 335 718 430 633 20 751 758 312 205 842 101 6 846 603 732 491 710 680 967 761 430 998 766 419 91 707 576 463 582 799 952 636 486 523 700 109 761 657 830 858 430 58 
276 503 46 425 432 32 317 515 944 801 185 112 125 241 105 355 103 673 468 993 155 319 406 937 914 596 438 867 86 398 830 648 652 454 388 241 967 153 68 383 97 325 527 868 788 14 351 101 747 699 103 485 440 394 494 298 76 733 661 197 659 959 910 278 62 2 705 211 599 78 979 232 147 618 448 490 126 330 409 769 817 126 644 341 530 640 111 487 975 583 839 320 721 913 787 231 708 758 709 840 51 574 240 906 70 795 705 436 959 307 
559 361 851 909 779 715 259 966 704 392 546 177 225 254 578 361 112 408 244 321 904 139 561 621 953 950 424 740 155 735 32 268 506 100 728 996 463 355 363 530 150 336 180 594 242 248 121 548 80 850 461 607 672 334 830 96 218 683 84 154 843 922 711 396 68 384 658 782 445 734 167 420 624 588 889 647 316 118 785 751 590 54 710 372 466 265 521 266 983 659 355 785 820 169 255 666 202 263 299 974 514 388 400 398 507 303 195 794 237 537 
983 775 740 173 281 393 87 924 237 692 934 149 57 113 261 572 749 921 4 665 395 228 659 796 28 434 174 948 243 559 89 229 667 364 162 554 963 604 896 451 622 265 170 378 693 253 445 425 431 865 453 244 740 339 311 559 356 215 245 728 421 270 770 331 969 930 322 420 827 299 997 540 469 24 894 766 805 118 81 920 569 177 157 110 387 370 366 278 864 195 180 412 765 823 307 242 350 685 637 168 490 380 145 489 715 666 820 258 329 227 
620 988 530 662 481 345 765 928 181 696 613 527 185 213 462 224 104 351 763 314 573 977 937 664 687 453 975 322 149 834 973 190 632 231 781 976 37 215 605 905 779 6 590 409 510 726 795 510 471 181 188 787 245 97 692 70 705 92 518 291 300 746 475 448 971 286 435 95 619 206 396 696 646 685 712 167 644 322 329 532 363 497 756 457 598 938 211 645 517 311 716 879 881 497 882 341 502 627 28 133 854 963 33 190 635 484 375 204 97 933 
145 641 405 93 91 830 860 388 928 584 929 560 158 206 882 794 973 201 998 831 164 689 211 184 89 766 173 119 377 624 126 323 420 299 887 277 822 169 274 24 72 413 68 618 85 911 635 946 110 511 718 529 406 441 471 738 243 486 971 814 366 214 866 763 467 216 102 234 497 820 632 129 578 911 211 715 362 838 206 735 970 400 511 226 599 997 591 414 157 577 312 226 913 27 499 114 353 103 333 347 143 781 38 84 423 449 516 17 758 389 
830 985 477 436 280 161 191 483 202 741 137 886 653 183 474 275 630 881 406 90 870 973 424 18 429 329 942 89 351 426 928 291 722 665 309 839 314 691 914 905 771 657 29 427 561 349 460 961 331 501 82 107 815 174 232 693 394 164 872 398 184 365 608 247 295 537 180 859 592 701 448 602 70 270 264 378 121 296 366 250 844 923 721 885 314 625 69 107 253 811 714 480 736 735 701 165 90 591 869 175 136 74 910 960 85 228 589 277 500 916 
981 158 555 721 46 596 849 888 386 337 367 430 172 627 491 979 710 471 242 367 787 106 46 42 500 701 991 848 327 844 475 268 910 765 904 46 106 207 356 854 641 972 589 333 665 186 921 660 773 517 1000 179 41 622 410 667 329 298 611 643 443 912 297 853 99 49 404 875 295 207 936 908 339 549 21 658 639 11 248 622 389 70 527 85 265 997 643 587 648 350 998 203 198 662 970 622 323 582 246 124 131 402 313 530 938 160 852 409 842 611 
928 906 452 599 158 585 821 369 154 395 512 696 223 359 810 400 765 809 574 75 706 839 891 729 880 25 937 451 23 723 80 396 246 106 692 820 176 793 160 236 837 650 78 365 233 38 504 196 87 849 649 883 918 591 948 780 863 481 665 145 810 244 967 617 878 626 994 876 832 194 759 547 598 961 646 739 316 732 530 960 320 643 522 706 423 977 317 142 870 215 697 875 797 160 655 48 657 72 169 73 804 383 238 180 715 776 329 123 396 493 
749 68 193 226 235 977 924 304 158 151 351 483 793 93 631 572 36 141 182 338 702 189 637 113 542 600 111 632 736 484 72 270 685 628 949 674 249 990 992 220 857 703 318 196 325 706 891 157 135 551 850 422 2 770 546 696 351 635 117 130 118 344 821 55 869 263 715 886 369 856 353 497 934 691 565 639 785 595 896 130 385 822 421 734 437 677 977 843 568 640 475 494 604 932 195 802 903 863 982 552 228 8 143 695 669 571 118 834 883 488 
515 420 503 136 830 472 802 192 457 70 799 282 536 25 659 810 894 722 433 324 665 987 969 211 261 437 695 566 338 339 456 186 472 234 139 215 732 349 440 602 421 295 225 64 584 606 927 65 949 293 727 990 25 741 513 483 806 861 96 288 9 533 807 134 206 305 746 77 887 309 120 995 198 686 815 542 870 670 985 691 135 90 818 555 277 636 472 200 307 693 994 697 532 358 323 786 648 931 614 803 377 432 444 460 29 697 111 675 535 83 
528 232 854 899 147 237 158 831 56 943 500 317 277 611 67 823 423 52 571 718 121 33 720 278 769 471 395 971 204 303 235 659 798 536 748 947 787 726 667 397 888 468 755 877 643 171 736 2 409 302 770 543 419 165 923 914 771 959 63 570 896 355 998 691 927 966 955 793 855 473 311 799 815 324 735 188 885 352 205 230 324 489 325 211 650 718 297 378 953 162 228 797 687 233 777 350 672 714 914 19 199 240 236 868 359 423 553 476 82 323 
147 167 107 410 651 257 545 897 23 784 361 247 540 226 540 392 71 686 85 516 305 461 48 254 849 629 809 238 205 549 416 308 166 403 815 462 157 740 841 779 200 667 7 136 687 228 318 324 156 538 790 491 650 209 641 496 818 769 932 93 913 866 21 913 775 553 51 248 715 177 76 895 370 53 514 633 144 787 628 117 770 966 775 435 782 266 230 990 953 101 400 285 188 931 82 881 459 808 903 978 350 975 37 168 67 494 186 345 382 423 
259 400 985 771 30 418 804 791 282 928 113 721 743 436 905 171 709 71 29 10 591 772 934 82 392 507 598 955 159 863 189 686 608 175 577 49 324 457 807 961 41 833 482 219 82 202 425 914 25 715 535 246 775 101 628 822 345 786 789 736 575 212 152 993 876 510 980 899 180 614 769 644 669 368 915 390 920 924 389 37 41 637 265 534 898 924 663 403 959 52 474 244 159 572 607 768 565 636 591 665 535 982 391 449 83 587 632 157 831 165 
965 523 674 40 966 222 420 367 99 834 529 889 347 667 287 341 431 503 21 664 986 213 203 273 903 777 670 516 976 751 699 767 479 875 25 536 92 705 905 124 283 767 678 776 104 179 40 486 772 599 521 676 879 757 342 842 623 488 863 484 806 625 625 880 984 320 457 264 874 575 835 894 541 877 870 943 942 130 187 838 398 605 682 522 311 761 858 624 279 993 316 483 488 498 81 693 770 275 867 436 227 593 644 572 763 690 495 811 527 705 
241 745 215 515 699 410 475 448 979 5 147 391 287 40 921 404 435 824 717 364 759 651 570 205 149 545 98 150 626 603 131 499 379 45 359 214 99 325 855 919 399 460 166 846 257 388 143 559 420 162 671 829 292 849 984 202 502 339 30 429 475 200 444 251 38 40 563 681 101 113 632 10 444 602 4 90 347 464 100 148 926 244 758 228 14 251 790 328 711 577 171 159 17 865 278 22 978 615 170 611 846 213 961 387 912 949 477 839 510 818 
625 904 534 360 750 547 483 685 256 414 645 830 825 964 430 172 150 899 633 245 612 919 221 391 415 256 430 744 512 510 664 665 487 332 237 814 867 512 706 447 465 659 397 99 221 876 374 577 961 301 58 830 794 860 521 85 327 563 675 865 553 661 64 83 881 695 506 541 630 928 984 66 969 2 263 954 127 334 709 406 704 483 610 237 321 117 364 703 575 796 934 363 655 253 285 489 599 670 808 429 117 635 496 696 422 451 771 84 47 778 
131 110 61 796 891 301 340 236 502 447 152 253 745 942 907 755 403 207 642 920 254 305 372 85 273 87 535 149 769 72 825 950 674 777 661 424 828 105 837 533 881 152 70 524 354 923 343 20 125 302 400 780 643 395 812 980 755 447 277 664 329 439 602 998 247 312 884 493 427 657 95 590 310 305 329 250 407 431 683 865 875 673 716 115 398 747 862 459 870 815 485 987 996 718 812 850 671 516 727 167 717 871 968 282 309 939 869 548 981 197 
