375 25 115
892018266 800206049 45844710 240066313 21554790 720877225 745454384 223979893 761586491 621998298 477947957 261211556 648394503 220219290 470951275 215615188 407993957 655421384 971106937 491676330 557254185 843327691 709209143 967648025 762219356 
657422071 131521767 308233766 609468413 266803465 876155592 367144116 425373699 641715819 930683248 529546052 82871913 641821088 220843166 108894672 812557290 753513043 375862842 228944055 219571853 743813131 651995384 842398243 812308627 863969449 
52457501 800464114 5904331 951615513 585372122 52731736 836462152 732684157 628694393 924746141 919123348 539718763 627181863 753460002 398719688 252047045 856053513 79944690 456041151 253474276 722928739 118481867 194815578 153890998 926655308 
659080603 417614194 225118449 390781385 111944669 793612133 778166203 984759850 237314087 45843 445156522 916766254 677380255 705780196 424422824 237777291 116537787 497892006 734673737 722774038 877188081 266181792 146276973 344821847 668042905 
2824398 625935206 894944148 211998846 105038561 93347117 17606625 655540660 472404163 883240426 887394757 864902585 709338728 542369360 845396152 166947065 193429662 783443369 536185192 53507463 766586593 623727925 377096727 912719680 818591944 
478611108 587523487 513374875 35842516 359699450 108371774 48362436 474274989 254465114 680576463 958648255 270797135 462825776 778842042 199939556 843680813 665920095 39946570 913077672 186589389 315256813 167586689 647057071 398455134 264071023 
38539283 76542683 331889467 755585613 771481362 941012633 629968550 486782328 865000667 564730021 136281821 703566665 600650129 968395853 929196622 860106478 472243196 74376365 808501959 773581986 791937481 80516974 729268149 19002943 106062564 
618154832 105092382 396922243 661587540 347203815 701955961 615789133 40032507 374179364 228416133 358532012 222807890 293308418 212360615 389687756 206019906 129383173 710783205 83091183 393110823 744973585 720296875 756761024 161991181 116100548 
602532978 670632635 552970250 735421017 575590719 250403228 779068243 152747375 533076471 663378053 59599259 974087914 7801951 523977643 780813830 246854942 325194075 104104428 762787861 70921159 396779760 192015686 139567204 102354297 381049972 
829622776 526152127 535674071 490104697 931981513 767569742 253244838 589409585 218518456 693056207 601107255 48564218 186863979 251718168 149980942 471457429 982024251 7263233 824518429 559082454 466525619 659075130 503822051 720634399 324992996 
157747596 284552698 580732834 81704738 819852474 113943524 596669777 375448395 104050518 611540189 720662267 907448212 542424964 343510500 285868168 699124199 156071210 671203818 243140741 842363806 367666951 949691199 314820661 656701263 563942879 
283730515 381209898 706508365 304414333 87471877 681906807 967064720 520158474 226961282 914824893 830406641 250725276 97649955 911912571 893075500 627074575 994917955 288532895 509753685 715038460 531001307 107826329 482908251 586639610 757607437 
870156179 712889765 550443174 621310713 837793141 415829325 123086478 214661098 263255112 834163752 489488899 998178804 486649785 447629457 294249687 566207414 51944408 585171588 331482058 677538404 409527878 215315263 458793214 449416996 47688357 
468447043 22900098 498359113 555822624 888600628 808577621 290148323 376662196 900650768 234939848 863107477 197372048 444969422 706527062 19283165 487667879 814351415 465961960 675250129 817095653 732009683 828779100 563386592 418685643 195534971 
412327932 483421905 801705848 669704486 273362402 141708367 823008726 666271042 131382322 934269281 191443876 163472768 953774220 985949342 888712857 79865331 323489793 634949070 739585682 477096731 788968762 229543118 27421047 655677891 996508735 
657257437 77042901 931962252 257548181 687479400 414441841 763759449 921211530 91009276 240150836 295524052 803565073 393069954 278789365 163366219 278266294 427252280 527848536 40283889 738483309 865003449 785662111 888531297 872848778 422356387 
828879734 269747840 789993802 481862608 697034699 13665589 318707733 752537442 59193495 114625024 276620819 234804867 790031872 620563888 841794327 221227117 123849283 911934931 143942293 330101578 455871595 372074856 669242150 406937515 245906229 
857161545 819366435 346960210 529049807 717378427 646476200 108361064 310133752 668702162 7298440 49119375 541553209 458481620 23267877 900413661 458541441 811638073 983859644 506405583 813558468 225171222 595453316 417142813 198107533 41133936 
501950255 294510083 920109176 4644257 90554431 319380885 296623300 947777217 6126330 305759321 479229233 241490620 688333578 866926908 380958065 925234307 413350964 443224894 138188136 400708858 804949601 713695583 486688120 27150948 365565846 
216593520 227581859 708205241 973624429 856485614 468425678 244672850 845900907 796890282 616997790 446359161 378258254 480944967 113567228 922670107 1910757 601065256 22965471 897421566 392085861 795261099 815918217 441401078 223863516 954884748 
363898156 430603888 459250648 168295248 325208147 616302850 79366932 623477014 13834169 117544838 312178068 688628338 779822202 677805256 359630338 603283957 786715748 85951105 109971200 226410759 40275370 907119419 101290762 947101448 484737593 
150715315 102739907 788942174 550023824 255024355 947926691 86563471 748734700 430797569 593251684 627554563 282754068 781569019 239838857 832338436 357175140 57883040 39117863 3738598 234891686 190140277 980533085 53798324 188064580 978112440 
450967858 560707424 951896562 577268488 848320649 723452414 78856872 714950810 455373381 234550749 242305603 658110079 901680518 437763630 122124585 317192100 241426845 490292236 273788324 387206995 787829596 559349703 124017760 278401127 583435251 
712454504 370808644 234921969 679318110 12486779 459415934 329171721 275375146 147742220 30474706 283004495 517885235 205618417 59265999 95268644 865884226 293321745 52205949 348747952 409698930 237358014 830156055 553396934 351391732 609291938 
908545058 877657816 53653689 856160680 852538297 304450164 811347737 813958202 992275174 797315739 514943083 266842567 685712305 142326725 673658308 649127491 563945787 863945759 33435994 589674521 841773690 832031238 360261780 238677258 630367409 
761682171 563407889 102960588 581315992 211134542 506257817 682757248 176693322 296010876 906042507 38207529 557297383 33443124 446767001 632674190 280543531 721399986 218721049 703361167 331789 213797947 92718484 92707114 666276583 17856324 
180945719 123919908 769193551 96559050 240073540 435999919 230477956 553526873 535039366 157670003 720047477 327066357 840449448 240237171 392324606 840607512 853695004 787446559 438294338 779291452 186029425 281159479 489784570 999733677 692474127 
751147055 621529314 549485933 971473547 988800465 441726768 672958557 956968903 962303238 785979457 37570732 944511380 41154313 214133648 460338175 714570450 529044324 905242473 285217367 990259598 1531952 956586082 283391237 275701151 443452643 
16898351 477067529 545657479 241965430 595456788 90499728 851334213 789825625 142577101 619510566 409060910 140026791 149809049 84404245 268544343 349933436 976088617 594333947 150994700 451200069 41145647 988679367 608522718 858931255 751884448 
162270690 782773451 987663747 372035859 272858811 245401059 722619981 984999291 607935455 653542082 857319705 593154537 385039785 344481671 469672540 335956693 985442201 630586012 146562116 644232913 848355843 904258337 462671899 292091952 827513837 
485990777 826028031 434132511 976225027 74911140 331178229 702710407 890135599 191642804 421734451 429917605 105767992 363688395 134716061 728723282 241514863 578170227 193435099 480620967 605544485 143509546 952073222 928147503 369214299 31441600 
137818282 871402721 311425806 101799705 849570408 714789753 161880274 66442847 510278533 948574222 412599276 610781057 487116228 811759046 57611614 772247470 622469695 60033534 522614649 304826943 279106434 698111653 933942985 323379531 40115891 
46918863 820222157 437502551 480628421 76705829 511269338 71245073 482071890 160364731 751845791 285606044 269737062 173005111 392953067 314914516 981359410 681242421 794560096 807958869 745964757 770125200 189065888 299185604 828621345 637389632 
40163396 703890282 336423824 396627430 263042282 236953244 873855924 543280060 562063816 193571367 830034288 968634861 361774453 989125472 787910118 762563487 113101050 951848315 848267221 302347372 111137952 65552228 737573994 119245991 92848923 
926813326 317153206 699708712 926377891 561018377 995261485 909060629 473031237 882525757 215866600 127504095 477465596 455224092 394108573 127669573 166118411 174587131 59562537 478193099 34842571 301016520 865039086 619078000 98076332 845267111 
205179829 283942108 406135253 696676451 922711624 237714971 421278589 689689023 502614622 626151720 640381311 283807279 423724328 505540642 725812239 656535615 923584892 324890646 650752256 660411866 531602040 397584961 934917955 7057384 263695550 
439967666 906032940 581650599 99177784 849048315 716503042 560827239 705251913 620362707 488126303 133227936 406539622 598873357 499597338 963759534 768440590 331213253 556977830 979492599 602804225 615603642 668892879 216494242 513111703 411878699 
148077046 735138490 638768200 518869271 61823165 624974783 621805376 898074862 40624436 66003476 116070706 313941751 963143608 844207609 577050121 999207009 895237768 475437825 368505486 331921832 327355957 710364661 126432418 304345958 483029741 
139328712 104298880 523102432 715238329 284586777 284549881 40128806 630149420 349202705 725622719 152435793 637392042 643498874 748033570 148674743 779601443 775973425 177735877 104659505 615231147 836701411 674874525 927831578 37431190 408081649 
168459629 694235901 23804529 248957983 758849658 162799972 481945383 986868418 955763108 961861507 490049964 21591485 116753872 398535737 787220996 72052174 816222042 85987959 658085374 294517833 269626737 22220018 411784847 788303419 619727021 
340363715 936744492 115748140 223074694 150847481 117347734 141168308 83640601 111784393 799351741 186020619 559773316 443695634 45258746 291544226 211019299 395375309 273352817 769788929 626762958 971856760 713826411 137002745 227627284 175407498 
619059030 194490189 196601258 505763674 329958140 920959782 877665234 662017613 386204690 452295247 345020610 245679681 409708169 185122439 250703524 135847393 548671181 96458907 813500816 500274859 4895377 42174590 218030597 55684789 171141767 
86856238 743861257 741865736 668788672 858872863 86451202 806111753 582074891 374031657 845315839 889958554 67746400 476632493 367482891 858166570 998594801 552023632 269152350 607478840 59443264 362371061 567970690 701647094 531460038 550389247 
520244654 504613477 134882942 493354016 197800900 213729682 987637264 334855145 260579289 28565434 846209030 169610441 423848084 587989077 989279923 383823937 545303315 60541145 171412382 624198940 446218867 708663603 919850252 420164267 585740385 
467022734 91669065 198192288 656615521 785664777 583402970 659628206 905713730 12055375 574903832 479381781 519848773 29479987 6794634 303986445 715585121 930079114 758061676 446689883 29077461 285563083 966527066 752713725 590349419 731410008 
775788579 45822645 270301322 693152904 411548747 820575978 827463884 824322731 951736328 891317507 466990871 935678118 233818071 314714060 613878301 884163498 688804129 913573248 408199856 403511654 619071605 569259776 337304378 85094059 158081225 
609053803 109975608 830870664 419597596 358512729 191183613 278691346 965925645 90291877 301740875 931368455 102895663 234022528 911403374 825077514 33280050 787036495 306740011 355785167 183852761 56437645 494670811 617097129 778429781 287719070 
139540996 138313703 948749175 592114129 899919397 826317985 180497705 456222445 571533666 657463505 918578365 201595934 694717095 5099931 877731386 408253568 976224776 627698559 215656425 29800170 964325415 754995935 943034005 841721080 893499038 
308271407 343381290 369615103 376135674 835031716 305736577 579175682 818972022 396244027 14135242 409478551 613777047 76299084 838759953 756746383 408086740 552362910 793605941 897730158 967400415 884146006 547180772 932576192 890716442 455147745 
388414770 901424517 585850652 600827361 793144566 737777253 399071160 491609925 696141791 212508001 566445296 926241102 365897638 584919144 876775846 559126491 254796446 382365449 847167538 670218984 535030748 437870635 205726870 59519812 60218876 
6566383 682040320 107522391 666412907 601907956 499400086 150864848 659461277 164463745 525794529 723750403 12670873 503637584 219128539 318019646 453530730 395328321 949483995 878026914 671963113 342141220 697867404 35216597 130553758 614357090 
683726060 526749813 334446684 183474680 98107980 170188794 470321605 266609856 527745918 613083284 886717143 545101075 820650058 346961741 215263570 254753951 693391442 680516410 241188506 978451159 531660089 740070494 727572096 683246558 218518007 
428202500 910514607 360514490 591309682 370666485 716926981 949666093 478881072 697665415 85296095 939523113 529459711 487899081 518410013 366260181 78705099 185895024 818950157 911084703 200067629 704578581 114692320 178454856 991266490 885840083 
676100612 865994600 795574154 923789554 466781290 120893392 835115142 283510440 863341116 739300995 129815002 848991650 776206359 250040259 883120869 398837631 748225430 137602529 775692234 459239041 799447619 516347149 89351633 21911771 293692233 
897633008 668866469 647489929 724728469 726192439 238948482 721225129 818856599 674857546 383425232 674969608 791883849 895902011 792072437 149097702 877723739 976250056 354262782 61169106 814060900 680136467 525433176 628125989 448168023 987869026 
469314365 379421319 842831513 707896737 220781601 852626372 500209466 134485522 870709299 720924650 473645977 137649628 108868426 39505012 481836770 142249360 609007881 421382038 193990383 49989588 581825946 990102584 926075740 500355877 985478811 
332533763 943954800 341933674 643922163 421988110 479887760 532842148 350842551 95521778 108273950 547959537 96339291 872341946 252658287 451586530 684465934 69410064 111874744 502937299 500945397 838745292 231166321 882993428 415217762 670928462 
232007115 359970006 968577110 812309553 462418377 324334541 988891589 791662765 798321228 826153716 319184476 779950103 989160536 192164883 644667173 50134814 515179011 355879300 758154461 883307039 380686692 17360028 493589929 667035762 556865246 
532345141 151035370 347233195 523710327 862641084 464006392 917758718 142378260 978723883 18004154 745015276 505117796 774734054 451231485 747516616 276677480 606157613 350284190 915241995 45074925 281889531 62397027 68269147 220548255 729874344 
235944756 101833962 672943351 692584776 798807485 967638426 733782777 524062624 465169834 642694363 985507504 908133952 257584702 198555082 393817304 176188412 697515115 654617943 655533094 280483422 937809405 38404827 595152559 95644809 577664699 
377137600 126248122 962442090 480521216 565772274 766047892 51433925 65663521 905326244 794905081 50016800 71640121 770501940 768174475 657299154 233022160 801816414 970275379 238962213 833080811 597922637 81419066 783046531 895935974 119928996 
318249475 301078739 433444854 396937629 777231048 425703269 715886270 597469554 83004399 678223612 853912135 462183926 470566895 350769150 611444611 431518548 368348893 41342778 975300590 407329833 40272225 468042773 509444822 809738802 395013941 
561218098 980904899 88160845 649098143 464807754 886383215 798476315 854939249 194574019 501727156 356168048 708779768 990356251 708053234 975564289 623889490 799632743 938993761 183309695 750846650 918485245 510520283 479178961 187032239 92397090 
609538929 429263568 325363004 412649647 534294006 646219603 809262790 123847442 855131879 315286613 319231675 798331020 812737049 957459275 312251410 477741905 189946764 26703322 124303677 230797133 54842905 776784368 157780271 593571555 305163610 
198798398 265556493 188283504 979624551 96971115 114753641 989498975 13497499 779212402 594750381 991897248 40728355 446301345 988453725 735117451 707910353 937710336 306790787 795387681 268384420 193310589 383935776 394403538 692456867 105433357 
173470111 427617821 402989390 854622818 664631964 67150329 418534033 723640459 988785837 141179750 422483204 835362885 73407250 419845516 228848016 264033776 3868277 623869371 55011329 583003726 73557787 184167987 640491854 558968180 314087293 
599948707 40197267 542380699 917478636 478569424 29439422 686011652 353118357 612076748 49731988 387897396 227057852 314840103 446017993 475179326 571125871 471516131 541301497 596489629 696101924 33463661 633013490 326198788 657479015 991143617 
789746280 597273502 172329671 416716539 506956802 627671315 784673940 316563429 757067064 92074773 518339800 464319080 295573896 930866660 627511234 764314765 155954439 786314958 680428693 827640599 79779441 718561222 6980366 744932333 720038988 
703582040 174461584 424946989 175133723 811261936 847565912 709177596 429863257 679201608 204575968 731065535 36902129 801261077 998651410 475213773 745698933 871393543 721403566 375949123 403082205 470388494 413091085 853745410 410240380 84757254 
100703597 928371307 156656416 420944460 667907070 40032438 636590899 843157317 640362881 597547646 415991674 145576605 95949451 205033541 183590605 644613842 245852783 487563220 627671035 976660103 301368914 34587749 993665815 858365783 872080917 
360080290 830098602 111563193 298182151 359863423 668619524 940418208 261110779 46677536 60223431 555942926 916916489 321904765 889666560 634133219 419964496 323873600 697862825 332354290 53608087 585479867 426249210 15311865 61077021 30868772 
849190320 178442969 739013509 726638980 642990001 6469245 368844256 40690577 429476958 774912606 60706908 3368063 908858436 440602387 479912902 857262676 108115915 343929953 789524696 13854438 99953078 251660808 418727923 754768435 517543568 
355031392 268764188 110326813 22625531 489557290 689123201 484421205 227336995 910614247 590493501 945817066 320681514 221936513 480988193 178760100 346180944 278463300 764366304 830931446 40918606 197911160 736571035 442433601 394736805 493033083 
57713235 69317043 849653781 721833171 696720874 704655491 681886988 310616675 175860096 566531463 749783490 82181678 91129474 858928552 799285767 403798620 995231779 36015520 416602170 666189113 567259547 119478679 672942539 628999090 179325953 
392328739 746853575 965188815 512424890 760318300 466990547 397264576 922643075 774901057 639836764 120636138 55222495 645916792 293080036 392256208 820297229 956191784 172622179 253437786 448832277 620320782 879658831 289401365 164510828 192292011 
930494147 531140407 588314664 132460078 702169157 627330965 614801571 582256679 548496285 709136294 530880869 127939379 120552436 501146916 944163883 802568142 472062990 675637267 279769575 918491940 985851820 643175569 403938652 830029970 870319774 
992498242 807206417 250982680 26402275 16074769 634545995 257967617 781620794 770783927 8006707 827814727 377635627 881345747 37052177 524382974 752474335 915003030 984821017 175445984 812387936 200310306 897728292 707782961 369561206 490033562 
414592657 672773270 156437777 927487061 972720692 338754247 118619463 125113696 748037885 746301545 328128330 229783943 761410920 610476953 336255569 159300264 701530686 328348064 135559106 727382448 606434185 617162373 314011242 62076116 820282880 
760037736 511513087 781156036 222092910 106944286 584428130 525133982 217267603 521955122 948285869 777454259 702735829 85595903 22386427 226631210 48994336 867769480 802140262 118628613 271456242 314508512 783532012 477946980 887686080 390417706 
500257122 197278823 245929024 886294266 268540835 327728658 494886172 176737697 332696224 688067872 146553232 987193554 590822832 26377119 706735758 748659624 19370261 349563794 451178935 435176759 554433044 372656336 169796382 519668238 289537570 
612089737 349640525 610320480 861384755 749810036 817768390 835316875 891134387 39545136 55232858 291424825 530167589 57422816 898796542 442885247 75840360 616754947 548247493 262731771 40568482 390421639 240302259 661229612 129984145 816815395 
175615460 536089058 483258281 806091913 599544955 865313873 112924597 302865204 542805413 37786595 863727846 129930708 252087807 143378013 749300547 759998598 878250018 913790589 305490427 375712448 37692458 527501718 1022056 864127516 557103993 
19817910 504232370 24452079 694174775 381774585 617889920 710672879 890817987 811628301 948487350 634588713 430214590 186151031 267114958 610054869 590146286 941826479 592011916 74217031 188882722 7421856 49936722 24095935 431109172 82441825 
765095617 70193853 745405488 396141477 917851764 59003739 137510345 6733833 135764190 949231031 521334697 481040899 660635605 71895031 59961013 213215303 992988757 466921731 642065341 355854513 425103392 540156914 745361171 453872643 22925173 
639239727 596479308 491124959 4463516 855080534 365076230 794884217 882908730 276171333 234073956 610234458 380751359 454123531 957430662 151027584 917329631 363480960 475776493 664823050 615815293 593844212 817270574 887456044 538527615 811912534 
889465375 891711429 547062607 889407594 974898941 771439825 947542713 159289562 665114230 210170373 662046082 888783451 78048115 213329103 449531946 687261629 161268583 720701235 928488425 541367974 551032787 845060281 601338659 522251257 756597028 
736823367 525826359 712221256 282322961 86898881 587459355 323253828 447845013 73810702 663701209 612467383 430814582 701947187 423522910 348543278 834397172 41159823 734583526 169985253 916147366 629573815 616761378 349495821 280699268 168707098 
574452312 137713905 379921192 540162346 522923612 626072130 101819114 284441025 88030290 965450475 622319656 890026148 910505765 642097191 773378015 148708990 634010614 997359704 101664393 977863160 911626842 888845667 546871084 361140929 507593042 
552517887 873843056 358880878 229702761 108597143 340797799 463987428 395701362 349569850 870944329 985015142 610346806 27830104 204057289 466042016 192517572 699568725 963074669 471002902 588784755 314122891 824983336 381290259 151671278 852063949 
17070150 513305142 340188470 581305415 39614599 848308315 769319473 200704422 692811157 59349872 970373390 563839869 43016075 768900236 324521709 754084691 938281440 852934581 836186681 352569956 27223432 813965680 6043117 330145664 699858689 
814783247 444273276 307487597 616828640 903218702 742330095 62180255 124388621 27523027 880832492 772807733 364684654 908579796 166254351 744552025 428585446 981337824 785705403 95819616 496404537 477899818 93011019 370032427 364823586 27619909 
280144227 933591865 733905565 970775242 171155954 676548968 14427409 91029583 34943534 377700228 705643829 658250407 934198206 168424174 117586058 795256499 277998778 305945252 373698100 527463105 290983025 623100210 885121271 2963245 589115701 
625491713 671178259 828971793 532115195 236189289 787968509 109368147 766831842 209113812 552321847 566687330 362441723 344263416 880014377 630598060 689100236 812864012 39294650 917564834 319386525 248550837 723042931 124207355 634599679 403020525 
308541921 915711322 845555470 782322164 513921616 934609338 672604219 432704773 580908004 306641579 261168893 370042529 524764717 85402451 136264437 387620274 917937331 972190152 602078551 811574793 236568126 769154153 188452405 194354967 275557971 
670898377 344901844 773252830 794784454 46999640 254186879 379122019 434655835 43510154 801962429 160363602 981072812 118425360 803065570 147076294 483504009 499655910 940327873 650536424 178515764 234788409 113317316 482788013 740499402 189318448 
703390756 106114751 55134095 857471811 203882236 938040050 296091378 810203616 118640095 729583030 123622091 812923669 215177613 691004526 383515265 637219389 248215203 128370890 436243065 650734555 417120382 997985954 739130666 805974270 763031178 
139131242 993215662 771034491 89065306 849254892 894312730 514015595 40851391 259547206 675280350 51139826 590428820 891847282 596378775 486215554 489731853 528582193 853672054 208576965 811068263 902502828 705243853 183571033 831830589 706451773 
807684941 687013585 539537050 459564526 992508795 587893020 17151736 218378811 313705248 611362199 590431737 665490544 333043039 881725138 678121325 513637644 216257870 701088889 185390666 316337963 18568772 718472793 144871696 180415839 472637218 
65741512 810420600 506794594 701219263 130588518 481694440 155357983 180833000 376121079 667932506 983396091 882038124 485852358 928200081 319297644 923440271 31122487 600502101 192703551 568207146 351396518 762816022 915114838 418191620 311021283 
166141028 115316427 968267075 875843672 910458097 755322273 427497357 685112850 120941003 808166238 475635431 758580266 395317292 98592964 207669335 48413758 548562785 398851857 453386759 523154202 385066184 856015029 208754497 342202981 623320407 
797141702 643045706 548339225 229020569 591567244 408869296 241181545 74479854 789641403 807564729 276888320 743674236 240737748 455657908 647344271 700832093 270982659 713680199 860227197 850957183 753874851 392699665 284642466 950523139 329945592 
730438182 679655491 774346086 373318138 188659225 549694985 697763898 497268496 601611915 785606492 582936653 207934841 50199226 305371981 648625950 835718810 91319499 39545747 923930878 145641597 202107270 881247662 951162692 183364350 231250463 
218133950 179417984 393803352 983755771 946278860 273361122 478469587 917162286 880427512 336406844 655122979 961885568 360868965 46064083 838579198 510463426 66192567 718808020 964401021 136662080 162457636 623399202 498243423 428905406 310990438 
930178041 781053248 121606881 492233617 860011321 238000923 271441809 290172012 492571237 267882239 337833416 545031094 404969182 500246028 225312692 815851155 997578957 520152505 251240568 887238690 939684477 51541756 419203813 397021258 258599657 
820312029 201769369 93751201 374442437 475261994 247762244 640052363 205417847 476974098 57858157 818927495 31917257 490556563 127603678 482798806 861079082 949549105 278595521 641300572 592778996 540657373 758483277 594059109 41355877 359429707 
132774805 755465777 996996633 179608595 879948525 557066209 747270867 220190777 878643026 962606609 811129015 575559626 690086890 24804006 744454821 618875910 532289515 612048231 673039709 212102056 881241226 53616841 565476572 664166489 254259338 
903911100 724423291 757048090 87363615 803660838 23431022 276162874 543698042 501881076 491564281 584231903 247998134 216508356 731044024 627986886 377065091 685071402 736317010 956004252 300358638 296059473 590807330 972706980 892197607 780545764 
363463924 340573087 554527208 107357948 728294711 264160204 156561735 705754077 147359924 96057199 802463240 751018442 976849130 76321175 808064844 378450586 811673774 862123518 6774849 407910329 70874845 565045432 634209506 842243866 395009564 
981650699 959616328 82814080 925777076 372511695 871762946 892624499 858217919 739715525 339744597 704222786 217547229 234017732 808285233 369320959 628140369 220081494 971504192 168031145 529010627 137251632 596047858 308919153 536909184 507118508 
616930262 610870616 956205127 99595791 915098861 646096117 531032670 394047992 401868947 233207804 855191339 294904003 806175672 514598704 797389020 617349555 552640714 785102561 178542191 314609604 2652769 484025059 981192010 817977718 429651843 
360605395 340057028 989970752 416644823 753223726 376933293 572015694 132219656 847599535 263047554 474668996 131761518 977969913 412351768 769370342 596672864 273639422 75602590 129367342 396188178 182080135 166915366 895720839 443142952 739739489 
603893830 858005246 72631862 255584197 850088580 146108848 434504180 273012019 338979669 88915777 137948415 632499300 457547773 908854075 558037675 486725728 531394450 351146099 469897111 267422054 876155824 30585656 873533974 836300856 189175243 
660207953 490714414 38272692 190890803 728038412 413958548 662543125 799752664 898870761 223109685 125645210 8393200 697936854 580035213 804185485 610441797 843766747 247508109 492583488 264827745 929527530 616570966 527481655 367502468 33152362 
268461643 186084056 296873467 730807700 563492448 668979634 749834341 855037067 844050603 525694750 796401565 616905434 990809655 267747772 672362307 640515118 488036200 573340696 611182607 39808166 398181779 328303019 534498402 125544651 12916963 
609316540 381705279 403506584 564815647 279514248 174800543 521853058 865666236 795638493 671497975 340989012 346947409 463049815 27574760 811346095 68402274 777196831 262012317 431643098 688135195 806858822 484425382 568009314 698110398 824329492 
740995810 556696318 292249626 918313158 938146670 204236001 318876424 814328190 196995913 680370319 490179825 170407618 565456121 285249869 380444362 615889785 833264636 258700670 43287811 336162883 997625119 986067454 2511734 321354218 451410482 
88847881 377089135 751893446 256642397 83098969 93896708 890064870 425263224 901894384 568405446 23541823 531572444 67231403 286383874 446742930 384406654 513674187 246543054 297927529 149976842 623381882 97240520 259051025 930909991 747649941 
242721892 975286765 602275735 594848633 838168779 727930371 217277093 757484281 512653220 867647121 525493973 11692165 675037381 37029501 521680758 472719646 45166896 527280345 374516578 144779527 297480869 722821751 798199145 149792977 144796788 
512749815 391276908 712185541 824460597 746212088 813914550 505844403 653299153 87335871 239932209 862963931 637647116 980987680 534044173 167293047 338572568 578231975 602784527 983894106 281661666 106694768 993611653 695847756 945671387 797413864 
598276880 460103600 991187883 728985326 565681930 589831957 895702555 760793958 848355962 716130667 996124023 67632614 926817266 896812913 310411787 560739431 3339298 562259384 299234389 106281257 793136204 619121907 373702383 148255258 35616047 
133694233 386598022 373956505 825126635 65437552 818045345 304073274 973741148 357198995 603709469 822039399 805828831 321629937 117626935 757750854 130552456 865098077 832782179 81409329 901408803 471332214 336984212 595159895 238397907 793684963 
829453815 90964875 816294318 565820954 606806824 877780767 189140220 657481304 196525125 119885244 531947458 8272633 51433659 983945638 926700228 378107710 634787514 912774273 907275909 729962694 472132400 124251849 906050625 949320861 203816386 
263583256 977513397 525768442 651027319 352616631 255084182 423728375 362089303 276368720 942660275 641089973 536611608 411721782 329633507 985278409 525853530 129140720 229954597 977747353 849087252 352750495 334975299 252784530 960300580 244611162 
99686418 401801084 403132560 879204987 127692225 929616759 793676749 191915980 438000432 779533232 417716084 770682443 565936507 757947064 401247334 323608360 833044718 306707124 558391628 146444162 376532722 361991169 70740801 734130899 780527469 
559660221 515837747 599144009 515941679 467598839 505492978 57509898 182025974 286410814 576805714 112333663 682087448 184310732 874921900 384184997 534166469 141318024 713330293 519730025 867629832 656975644 846087326 573910892 399529736 820126249 
973693006 862082375 753635808 537494092 347211905 420846522 659236236 996739983 628767087 932417753 177332295 720759726 112420830 268455286 579718301 872982106 616936370 677626397 68031424 887271375 181412443 312866078 256332435 270416919 164179883 
109729025 180146951 868510149 413540186 167258577 530695338 986421315 700347364 968570679 373469310 210096842 946576395 852044585 18503712 618102621 825256469 301476455 76620235 208027407 22339480 428798365 98337924 232379409 2701570 761235778 
940162726 983224538 337529971 170008061 378024082 159299107 277312861 39329857 230014569 935340443 744848920 539713406 235615723 730675405 499104103 563892368 702990047 880261928 771996019 602864137 110939636 525257771 603597283 254160574 33282400 
569707806 865494686 537687101 28196640 797381198 593157458 648274290 739885752 419364855 989334621 508860920 826306916 260007727 466413917 344994576 795352087 94999861 597406193 991788392 444252622 123636939 881018491 56589883 840984390 441554593 
26459207 376824402 397063581 568248110 915296476 862430491 381631995 96817986 140412400 968659788 201382064 995702509 772759938 184480370 607815941 765719965 627887854 595244333 928182589 89144661 86567326 942143340 178158681 846469117 652351168 
32070027 343450943 10155282 908725903 28092413 681175148 602168238 750617497 414917939 279901009 43311886 312148381 740928848 360904261 91728084 531758169 587447067 231303360 814655689 625220201 408789317 225350451 962669395 173090553 925090295 
301378210 490227435 982849509 86704506 642127116 757962307 345408018 348048949 726245464 631799325 160273873 918213862 268130112 430741923 82183381 369279100 671379561 395097734 307868718 499608154 990788545 301861909 407459313 90758529 173186894 
634563649 314585691 245857522 484405277 374493367 450803003 261850201 375466529 305063239 783569265 982706749 165884610 355708582 395616642 403197573 174755340 113117174 894771491 243724142 298610140 425132110 551234940 653621780 877187985 246479774 
503359045 779008166 677181569 72939514 232245568 875511925 41912132 475288391 21811122 198992893 98741152 574052278 906385238 400092268 860963025 406064061 934453475 675671065 443109470 17309450 420535439 536799987 627452718 161187134 162362072 
221851547 446519812 893873892 935245266 558048773 951481762 745699197 134271418 815591659 216704122 603425339 215208845 384666353 32873822 57375967 217846129 314985990 89445862 227243231 285283320 719597004 523605686 117770878 397678620 849354057 
355092237 818161638 322191513 413699477 879809020 755770904 604194617 627662899 360393140 141492049 786181507 844266687 833553423 250756285 775327493 23725100 22778672 163376171 872480813 33457741 190653260 172625087 696658039 544047052 679968244 
746198667 777701422 20077585 694991542 240419864 760283431 746930374 860817003 556965165 215315551 923250067 226688988 743532245 356638819 158386236 553189761 568575408 947120021 232138136 766446645 401993592 358599479 913647232 48177896 816677782 
50924456 262644176 976477610 867912423 510832012 777326864 687505548 898213173 148620426 258495185 856856242 445938119 105069343 245135524 345865674 848298514 877074710 636825031 587338603 976493162 930315410 243955295 592369824 252968528 243444456 
99685636 543025087 287854800 565156625 656726171 353706411 135824876 83598085 71759607 278220772 762842941 508024130 50598473 242764332 215221748 442924337 131537906 495373034 111927658 692726396 100123024 835554616 228310460 311095996 997066636 
866004283 586582411 89301834 964255563 767153240 557980266 905437803 244428318 331505640 3397113 361379315 229178973 765588996 493637302 390692261 31380385 442642169 616672169 231459511 201764090 29096821 502252565 902832120 733127070 185615145 
544819415 178850622 757451027 532909954 880525120 491404115 488894055 747253763 980017959 99311160 547623995 245761947 836363365 601360794 990446490 378187472 469076091 511755781 499520723 747333153 226688644 186597548 446687754 699538565 981990935 
753878745 974773607 197297355 74401773 181454905 920412916 420279359 299618329 226275318 351248069 71921272 261553425 218696148 83898855 210548672 440110450 287432473 32005327 991038973 261073979 718059667 51742108 873059805 398822586 878068215 
51183006 533642749 935937402 96604934 99393144 872872933 75756334 472378663 129635958 453922097 443834973 11033459 19364402 877937873 909466159 796160767 444256707 590131425 273518661 831996847 320675032 842245675 321111134 272797919 256970458 
200450388 668921375 852540299 323055717 332774121 386696747 890532183 424680544 286719283 254523018 837355740 775674953 452197062 976366002 193173540 541072771 22081738 102557178 708980395 721245726 341835025 875912776 233265122 372685379 501628541 
372870941 760794517 176006736 299685293 752540354 842409657 687122211 836068621 444098109 748344968 158913936 179824300 582874156 854643027 390015412 351087774 753593008 794139477 275109742 598085177 831201110 773706370 939922392 41666288 146566145 
142162905 299500803 782972704 783007839 35884468 702121957 201519378 88870319 624281510 992442460 432647922 791215102 733414096 153009133 295518110 252127082 518721765 20422413 353121527 701506732 291375742 406241109 972597601 11162695 358822040 
570205214 277068957 299166876 724157260 689815469 475446130 865800864 81551653 669266261 473395582 290158438 246534129 48277600 325099448 852992907 979218380 339043941 268604940 96737359 462820702 241797050 897749088 494283721 59846523 622337300 
497670792 269161548 163289482 280575269 727188228 729157103 306016481 24078655 535271964 840005199 981250494 506001206 864213600 284493653 639363690 8372730 396886282 348118558 188289166 742043630 16060381 948384086 65064114 452924767 341867283 
645713717 609924856 812743366 31670213 513666319 393538637 651919334 872273767 473782907 104213980 808920103 860866610 78731710 265386626 754443318 971779875 321382111 401931165 632779916 67068801 689495046 247510814 675404145 898781956 4284677 
855963332 35428170 357046819 456279757 362471724 63727558 935888931 461686766 384954079 732941044 288258373 940992041 902315531 702584377 32183560 346104687 323883906 400168135 52564296 479656544 485103489 364577752 796337496 938075209 828798778 
751048233 802709798 628644770 698657764 141607062 375662704 561867991 876340279 515835445 668532723 696579517 595791580 414856720 373566740 863914447 846148141 437509302 127615218 762235551 271125236 430368457 332850050 51085452 34584088 392701407 
686567285 625539252 735265286 850528601 34956483 462232234 3579686 53556437 209062320 116998646 318449761 524911034 120621725 608241592 501547015 803763876 806338874 905315890 679003784 435247973 996777409 750172307 8605650 702687482 979315382 
912105625 414837006 516972893 349128374 439714794 471935675 922237020 316283245 928193534 198252549 267545850 680450539 806889208 21674786 961761231 353429718 844969412 292460716 553589415 894359984 584163480 70367733 502198869 848272609 151772668 
930401353 779531557 266836179 893303762 963838227 204024881 490490480 688821669 458800481 862662664 712891694 188667420 533247038 36307678 650202479 363946442 957739595 113441148 993140198 455436150 758851062 991196344 215284925 303938187 883690416 
763151148 514209314 615898424 626801821 709422362 200635542 87638312 189329856 407795895 187605533 546356079 375938483 840893080 256265917 85162391 864087252 201487011 179549830 40604200 388522953 882743816 412930988 160287111 397029797 214788685 
812725944 982909758 243247386 785415916 916706341 549938003 128114443 909364935 767757145 156164447 198733551 824361242 250917133 953750693 885254341 84223172 555621357 444257879 242252513 45046216 466665115 80580049 892667391 559811771 904177029 
262858608 314507845 945831944 388440468 541247926 260127462 598487700 23197862 500313715 703894279 952650011 120622678 650788522 73918491 420237506 167723978 283375661 188798437 721197759 350051174 898707233 228854638 667103799 801020653 502587093 
194980409 175289926 152117782 400777204 159360528 818863477 916254922 143392864 18790032 140714273 952467306 398116913 378460745 717219027 497346879 491445891 464991740 904283825 320181420 129266399 886711228 518151497 691035506 610994266 281101947 
853179359 693621351 704531677 683501679 728377246 642502821 543748724 512334145 12853115 473166487 130304169 826512914 850840714 584822698 696503313 700894064 767107802 804929521 255125167 767574289 733694384 510905470 884900183 380216884 131819090 
578553097 181312215 513841880 821695370 11861075 374474532 32516871 493702257 397780885 70608436 50670998 740814321 545753595 793799703 334024706 45948761 897222577 803525804 913094030 927503195 521223997 88490813 205260836 142791912 842607680 
155366010 643783377 776673841 371699048 418320723 482923592 879095600 160685876 196541152 178591305 662403374 566170892 7759750 778136902 972309880 200080280 190663951 595876980 25383252 369269636 652126768 549477899 514864203 399857405 599962530 
374431419 29284495 824973933 25391512 702185566 338376117 189204702 134127485 902744796 236698365 109271934 979063003 133598783 316168967 450595877 777814997 213246747 772366111 201886064 752850970 655555546 612232055 166066756 130322284 605215857 
976285727 212439528 632309719 653929473 972451948 916575338 554609639 70599453 916762448 668110530 988361343 242279814 427670322 297909635 361806951 705659483 755046315 172863717 675829387 531722863 443411919 22846059 931881640 423290500 663200823 
768731836 95701857 977076504 475473869 689611443 755437208 657353050 777340210 416845868 625145764 174085227 367350288 470053697 768232756 994044090 500878812 454551068 173424339 322967618 237537213 19483818 124707606 1606702 84491305 437649059 
748712267 179736253 588497205 918496812 570488578 960058182 2495787 759309184 707488281 582934104 727668769 82943073 715360945 395371233 583308680 595218046 171916677 409741912 395726320 619144318 75303861 464718203 183256127 631908650 826171092 
484422437 979574236 179001152 832932497 746000789 60197452 945480683 132686409 376059577 483448273 116264611 842107985 971610854 284608005 545794775 715482517 28922588 815113804 594765498 142427466 159646629 113081467 289380156 958855807 199614697 
870333924 858703723 680053607 269507954 545818235 290223135 119560060 743285892 633507284 928322904 609253742 672335869 173665775 678271537 691894300 211432257 998683467 873103327 24524369 43142152 455474197 962360365 594778210 129358652 730402263 
204132597 460817509 535221704 92432326 180590937 941470323 204779795 898339703 665067704 225187581 922108617 751797041 622224212 706603286 463850963 356438957 530759663 949708682 676871147 266211976 926080094 36819626 120352525 21955135 492415953 
93103852 762760901 682861344 250252859 981147134 456099266 306963757 844383592 473139823 423446223 138188711 861361280 101957078 591396986 729446724 552781907 830650616 907270504 1200238 879306199 518089375 409047044 35133118 456708810 489756596 
96471344 143131647 836597094 736473255 600399752 870338537 360517023 495367222 395837040 725803808 648759044 390838612 349074005 208343670 642927742 705972083 51838017 776488242 943853893 889100800 701530549 411301445 890813857 414162421 576003339 
649312514 443885224 993473723 351437709 974690555 87232170 454107608 897682686 646806917 585268156 903785545 803569037 703859834 340511345 687839231 479761374 978968309 382564056 345617768 623016652 766799829 285369040 406695151 186471539 787485353 
54950645 587299646 972659480 428746422 186072800 562189787 52743891 529286167 33257931 233619726 519309999 862132850 514194044 372906901 351164959 96316906 822551803 842187467 94052352 988092360 571766556 228963411 225057193 824255787 961447487 
214089408 105996655 797963543 241000670 521068361 246248411 738398345 474520148 296328023 732013805 157504088 328254669 99455233 13595516 234430233 549043185 692087076 529126688 704230173 721840511 673925632 557181597 741548117 853892047 857584463 
52631102 781531074 893119335 583414459 621999682 193764279 723396673 733338887 831414344 566065144 541523450 603248544 562011005 762064099 297107916 725582251 770777655 743614894 309051956 160814113 173939208 653678755 609408116 665345089 81987109 
391776107 93427837 157898886 495262143 176397851 457578554 812915915 330363516 304057125 516411251 61802282 897021259 831151517 8112054 105185645 525481491 27994400 471630696 56796188 168709111 535116405 196476411 729493772 914214590 965996075 
902657728 765559519 366735204 792406668 283072006 141493678 445162069 663718994 684007536 757792459 265471628 176695706 945193412 588596223 659817347 955767964 674034297 546055831 253972431 471181585 93791322 635615009 313416887 726801351 687634991 
387796904 114710018 196022325 276557731 828665519 875116389 596096974 463547596 971812612 374779236 198000453 211760279 160175027 129744611 47421454 592841076 687425121 328490621 105306589 12584951 24186017 297745481 919965670 286786500 866951913 
57712789 709966506 552563135 35250103 308024596 955120921 200506811 831308692 387505776 387158882 359157582 125561273 407940046 694922966 169849907 184860526 186132913 738023865 711659533 551443990 18501565 746403182 236748869 615710780 825889194 
148975525 539441334 644311411 222326619 888754834 951308618 222057270 123364894 590964416 33529796 333284171 677010179 396945239 743625875 413934707 476488296 973450500 649512642 170654297 310726917 232399190 639816948 827463620 871902244 259312331 
366210402 245630519 520873838 248238984 700220135 711821465 812598969 332419880 102011228 439335733 179733961 373453648 893492459 382004828 795865340 770965787 788746855 717963745 807819302 468481621 170767155 167705035 977888791 919304296 142068682 
196935180 685836020 588766621 820547893 241102240 845461628 686557586 555028276 721222757 774134610 166294916 945905825 490497823 487117044 121974434 475738964 733566781 857002267 343710866 602458273 357464399 475411764 369955408 295185862 522793190 
342040866 45368415 561681208 999773334 757246621 183218760 23466251 9153510 422619850 909376403 541669441 897760470 706574634 990534943 50250234 359566442 947502841 279500707 287778335 39525742 698540479 778527366 99601363 429035246 223327809 
702740771 241040811 669950898 873900306 661397227 636909591 490216108 86163826 564653814 686100382 3341142 424278446 966565582 970205929 625278888 89393782 485007626 362391092 355418050 964225145 638036265 375611556 231919776 246234170 441512262 
326054037 347059468 448099533 565371747 448143052 544403583 107901280 763174364 34083665 455142054 420666958 724331938 449145667 584401613 927979577 797132087 880803035 955183783 906473146 402699371 55006262 83936725 342262616 424571233 435861501 
113350408 609126037 954313035 482091555 702270216 654055295 493480484 425685369 420997557 744041972 11863537 470311768 35217358 659811475 730052253 255070441 264304341 491064026 378446010 783065916 341424584 248266419 250775728 387012734 721006030 
359096766 283930502 638974154 734990325 133506501 688352792 485699083 358717363 703965593 586776603 755174291 681623028 369863669 786118586 828362041 455462894 275839361 321647511 850219709 135375446 716774171 988037859 863797636 46511625 415227192 
620424606 735757553 440566893 814115470 629386873 232386599 820557206 30743629 559063301 279805113 763271426 473742575 359021305 561283825 904059610 625368478 334722083 501783613 678238499 157692056 985335786 919987538 892676660 368587750 713955406 
899369522 155744958 83383242 716772865 223236319 155155836 845238411 880425558 902425508 259310859 903655146 788655487 913001875 427217743 274057977 554968911 462013381 383037600 401717278 203019162 6755273 921771137 129181379 893651218 640815827 
148457334 314730004 24305555 100042889 536353667 162155442 352242229 580338206 841681203 499618988 445418336 421950077 625389571 584307646 896828696 136020048 991863214 614666407 67065837 519148910 932114065 790970697 312861044 588265081 230720564 
336701109 645640548 489324231 941377021 180715877 198403093 851800750 979322275 84315572 65948871 36001291 876738700 298471028 771072329 121544969 998203334 363377224 813662111 188072026 137964365 291626856 851458620 511832360 392340957 257045582 
894336528 219305671 843170918 679620392 60929926 970942204 977467876 194611830 766016783 605358808 189793125 355041877 830346815 415312528 31703543 576176896 707114798 340510719 193520513 830610813 380249898 486330499 799311923 697202969 650991730 
752213831 301041402 456619111 281192004 205497290 937882770 176172079 38020246 527773342 351891938 576273486 453775543 652990299 446970786 943283783 845485876 7695554 389406326 381885204 888758446 739845124 731534952 143810912 651078559 592304155 
792108578 728002704 84085403 521182766 228459269 693288611 284428015 91073187 247474247 303518405 692092745 686792148 932646342 437563014 327889895 293060433 439297322 477501633 48929710 288264842 176112291 699337388 664372528 535195133 747592206 
289671531 232338385 676026469 509927459 251448201 808860162 553664238 15284256 598497275 251697458 7774184 811833269 583321494 621791351 104792746 481243010 538801071 16797453 174845713 51192310 55960484 246829891 219542407 439715922 99389376 
861818347 418892706 251377287 391118139 84407070 782223065 559504640 830307331 556433249 615673194 977501126 674764691 761882733 42500557 184398372 181481481 558745112 954045601 523102763 440486295 637362474 113009535 184584578 60774172 896898115 
241561941 782914247 792904913 559073833 839038713 47632601 784442580 173923381 222119762 774302209 404233804 678893680 503687450 197777388 743482407 482861879 114257786 841992459 528159420 155193486 454687171 158966302 890869571 174292681 114749871 
749438257 184888935 101797660 640009016 399338579 578655686 298513450 553888405 111594197 771821761 869273768 235871517 306756075 353114069 902918526 479008346 973270670 657121696 870191789 377383067 831328363 751977831 296987506 17977909 733514238 
601378689 653977172 166867922 815606594 877968629 247583949 284061671 531879720 7393770 548572249 295906252 727084857 301841970 531115765 301234064 602963963 899136984 647616114 412725431 7433188 238879803 599022583 855979845 653351642 244382684 
724080225 216776216 948197644 251076142 741109948 742129021 624670523 963866447 217245409 174598503 9760772 580082596 107871448 814855722 119587464 713085166 990029432 529367854 408487841 166046613 792062447 278372090 788042516 279705347 807174310 
655497018 288274617 930904064 910911857 381846124 893658282 670517174 584667942 67415296 246651975 859094976 713357387 631251488 926587136 989611085 744204937 99731654 779296650 980024893 843227721 524306108 537227967 992458250 115508984 165962009 
586740917 466153164 151939630 801380912 750518536 875077335 584621038 849334503 460128915 958335515 259671761 457324576 423918582 331415422 463267216 220460719 19221157 743229694 637196230 129255540 721363046 467049247 542366089 559037454 551408494 
889064375 793363859 779478148 915469382 51788061 732915296 103862283 30091713 931898821 348158836 604883179 915251250 279730183 876577888 676177880 528622722 782802272 848217171 386767721 277942723 691877383 929212177 979213790 806930060 260118328 
371674504 1129952 256236830 664020645 356268966 195673732 682926038 415823494 115645338 868891799 768469453 353539698 882589607 276205486 284686779 451555848 150457577 815417748 700694154 112021828 945105961 298867960 787196695 887708357 11793003 
661471854 829109224 755896633 363882872 17843627 301149064 361880816 235039954 730238678 267185761 2607863 645209340 92163815 827453395 302957286 433071280 71609254 935318369 123267226 14656260 317379303 117013915 266961029 907438584 229036382 
979277994 932282590 243916825 210671111 456821639 952045544 281306964 782403517 203488378 149523201 506468829 300127793 113997544 148985737 560630679 481642064 33918891 778568618 828142757 631659196 970631330 557543590 420216237 479601109 607290884 
386512142 900576955 227904937 86264725 203436148 824340046 391637811 419082716 159739053 144043886 459737496 763925353 249554648 616115300 865986529 983356734 582164652 227990979 326248302 455857843 205504574 403014975 746100380 437449000 722077264 
156308772 953864624 474455187 214085119 442421813 118491668 237158235 515499190 825859587 506891411 818940807 869851921 22149311 958504540 302138849 358893512 537698766 806213204 334658345 131927935 522256408 557315834 814033067 511935928 899973568 
289638380 178449318 704578590 301062859 975374250 937269012 892122144 9819122 832284229 35402245 294525700 360839998 591956198 711239639 874758489 115158401 829907549 271424521 302838402 753293969 683776953 49843068 261786327 609917639 514750312 
154247584 773432829 845184452 277496037 428201867 227148209 280350742 155178577 987389273 904663565 277683636 114919829 253400792 317579870 912193819 288206706 157036059 821855578 61186121 915918348 957359544 960832462 352108489 944911107 540362142 
827988744 775903404 22559753 320245000 604774841 945825322 331010074 474541413 788832378 739236379 637421010 480249784 173214877 218657006 963612589 309083429 711362459 91524227 834501799 575584646 605492346 477077710 878547670 233270923 978047086 
969499475 911855647 292874426 615925790 680621731 861196014 642924006 618097545 524092057 179758217 234201590 958346857 499282264 745065320 256875409 394954321 770011020 997943767 840090345 67122917 722777016 932475016 890721729 344709638 187398257 
545485776 780522148 734656436 827109340 650821677 546816532 31639686 553400882 423579846 399437710 273109598 544828481 623817836 900967044 715916899 271832060 27690365 882205674 369927271 335375568 573253001 925762909 60128756 27401065 896462040 
554752372 603459043 677690141 367005603 702668202 319920624 107155211 170185759 490302259 405869658 207550846 704902984 172630623 808980821 869316606 901267997 345262786 470035369 791313580 184601957 126676513 903184363 357085752 955133012 738012247 
704443385 225537631 18745876 350580568 306403072 827035857 368008526 140838548 353087758 142999686 648025508 36793945 783627437 368146346 437457750 602417170 146713717 643027386 905011229 871933792 429123377 186531940 167821819 19294189 373356414 
747598746 295530540 58645573 502563267 766442971 756442825 934121886 343587410 562739655 550522496 262977043 652672454 517903880 439124237 746763927 886064693 987840870 87498521 152274116 224041284 443882579 620174059 960519035 834543810 351482096 
580481943 294618527 740832337 206075470 355388464 437659105 374040213 83124483 862059557 990293487 261544374 137964347 332316459 596302375 252829012 333856681 346945225 583267179 965258432 855825383 346939513 613714207 662837459 837298621 226111956 
781055163 229130917 143962866 608848748 472855370 186177297 41907279 362868432 492901999 620479845 246174910 152975799 673783803 631882746 696551162 757291477 422972456 717241402 21936104 719447173 293218481 638259057 722134132 540545698 55147676 
792390139 21712666 750335037 936568831 986287564 50031928 206634423 229525201 781010705 788106060 154951716 331667787 689620950 110408773 226028360 141596408 873301166 511054945 694136194 555700102 558010912 544357334 171048108 544975315 131453024 
344802628 186414078 583544710 467053188 350825692 590206191 633760751 198159597 634684407 489306633 977037711 391198373 732935194 481954969 448004865 472355744 639634349 986072313 528187310 34157910 791558370 218475642 530499210 94191267 89419294 
905555367 632577550 104941903 823239100 357231473 301722698 459548270 931102516 100639098 50637860 649995957 972090277 344560298 658290511 959545816 726617469 929154016 720537695 664869148 310791176 550629872 606369101 98518804 926459899 997238293 
731699219 741479051 711459746 84079209 428354632 762313457 339706206 552934382 746477238 943795020 326741554 756165092 470709686 408704255 799000960 196433787 372306761 908734028 493557603 217301344 521694204 952642029 113886603 920020771 929551597 
486127293 524860153 190367334 479042755 336449244 592882320 804220647 561908692 625399544 193343566 277495022 892171183 158804171 362693640 581340815 731214992 536483464 510580780 530526765 878624335 524323715 223498543 54938442 32884792 404343284 
627564362 443447636 142291449 402674820 825388972 117994622 597752069 561201863 582456883 109620111 335653275 332051604 101329969 224811546 1810794 419343561 631083281 820691671 950091489 709483263 837938355 500884212 578469238 567107758 2462029 
501721610 816027002 476469089 691139319 8420127 679170812 497451528 767887300 638260679 18988912 623755552 328139900 806495973 87083499 108519920 810445754 354442394 673117973 764434021 590625643 760636500 856187307 995413634 328526440 499165545 
943713421 221164053 762625680 96485149 644304503 652919977 248355228 936203048 900007717 940616878 398843699 65373910 714306433 668213493 683675227 333763611 698290184 729163023 598166114 241983709 499410694 659995140 47179850 262657301 176319940 
513180924 790591463 122435239 359710642 344922890 133893647 446289449 214734199 372874726 653863523 194771519 852061871 521854919 285993122 390286358 501647510 385483165 596056853 623190508 333228583 657498686 200324965 567414879 813896734 492093812 
675748838 223916848 513211301 31543585 495527782 139328534 114279852 793185912 212844074 445032425 261375189 919553735 336460399 215973413 110754515 224487580 272883840 224253772 208998471 780568763 205374024 967667812 974419190 199204228 448308605 
718264879 370834383 377461210 393054362 854917246 569639223 893513753 807993319 425342925 123944525 564291363 434433654 573893467 864527520 2735558 77413201 935013316 305705756 259766129 753478123 816914273 830814696 785352081 53760869 587579803 
930236644 819730901 332294775 827031340 97184836 273175457 281981617 328964455 90784515 354360933 212259599 690034173 374177016 413523817 868513424 195267060 118575794 586012433 527750185 982280936 999962999 839149494 593778944 444349485 663519722 
112089692 935497067 332447554 561472044 740746872 536720372 8890915 249669030 141021150 785514408 189354504 662728395 943745235 261637221 576716841 78830680 876171806 786125593 63890011 267744219 665355799 896895428 350271144 183455289 338848872 
57506794 706014392 449736507 75925499 909735490 615381396 814276366 75827304 627665268 894373906 718731463 417590849 28569271 698296496 919165687 37982560 678184941 526962736 543410305 322366322 993417169 501038124 486375673 219420722 534421439 
859309614 148012724 708086589 242196038 808943279 776820119 827194508 398538111 118115544 6355337 885502122 473560385 36879018 596962315 229073417 354327279 157628532 210122736 860082450 770302860 26486267 409442956 840601448 990416143 669363490 
468022057 186177340 484458084 257924300 345914046 307121052 491085760 887619415 453403951 886155372 378659695 205831742 820114199 331447006 282980605 289272352 669826884 107559667 507727787 735424271 381469705 557024518 409024670 696961343 759337515 
752562074 656755733 751767225 647651685 340286989 770901834 850574595 269942913 372176704 597465155 885647646 253583171 889470561 183081212 679550668 781304570 454174593 141417644 663333869 311052398 253142332 330650523 261719668 850183672 790257823 
452632847 910187657 38498279 624845714 821547919 641870105 514279869 598362779 740953660 330853027 771198427 817067067 264178566 664239957 268672317 688763437 622278705 391718801 53120467 642733176 986068845 536959395 351828950 418685119 82222861 
23612046 51821299 784523299 442558700 905865109 361695687 168565831 833121234 283812686 451888095 386924319 114462208 444283969 411632620 53969965 545729028 57859936 793445461 28842425 777349434 282870783 530104203 268147491 431282698 502037410 
295584763 87056855 262785140 504359296 571343240 644741151 21717322 832899821 731304080 102158922 256267399 258683617 298883526 964415965 742939170 531581049 395798015 532666475 322779833 859410204 219051030 508770584 602217615 225671808 382303540 
518485521 89190424 973968936 986794734 131838538 906933914 848435751 523006373 160815536 551319619 204695360 737571763 189683120 20385980 990245261 602215775 622936768 745990100 465643824 889057609 403687877 941322848 42332978 514604043 78532461 
178496832 51629774 229914259 711208649 898006886 904590782 474068301 548292933 81645048 395008878 687203955 710536020 607852053 430192029 250536345 219481717 957943469 497009055 752604442 4235746 661206282 399479902 777547249 640219298 381713620 
124737731 324966834 953237537 397014396 482085642 213114712 902107447 521485992 558364918 334194774 901739328 793755044 442239738 620589204 563859042 382551003 50190719 968595560 693279140 772562219 317010957 750361950 527550636 869525706 692413902 
70001753 600210022 71308023 50529366 467216898 319088039 613978479 919173500 623751792 759595573 70768372 38603402 776007682 373348388 792398917 157054587 732770144 83648577 919704216 912811423 621794605 587437601 732279597 773604972 830247842 
670681449 898729376 609114753 327386893 574010082 504466242 187051517 209680002 212731128 800669143 51783480 739027908 148032933 870813051 873200490 891675248 993994069 900672477 270942635 437549121 382241062 783874829 296842385 358863775 680052019 
648045334 309860363 5266046 750820012 564337171 376135851 55207586 655887109 293949798 435210193 965726806 959467347 473463182 646046620 613332923 675934579 802411987 160514223 149729474 844244564 442290360 259767508 624514017 555264082 702307811 
623504860 997696996 76021320 609051938 958086997 750169689 993687007 492001281 535405924 29679926 511621842 614966133 603035199 686302534 781236221 656990974 684043612 91253398 315459915 53702156 118934189 121452338 953809700 589382540 479585985 
755000920 22294303 723201294 847994786 987555621 688211669 593714390 907051965 177573834 437559582 483279239 875741056 518854822 22727722 68855212 385556939 289108419 328433459 359969794 290477102 192595471 535882184 418937171 294209527 915587645 
528456243 571346735 284407195 622329973 587468739 334595056 710360098 337549234 898273989 858089055 251674861 900960192 411589709 156536730 611802049 13229151 442406516 152711598 226907602 788300929 532035361 695165361 268048777 244261920 804457616 
367023398 637904348 368115422 827705515 545908819 847190374 960553736 826829006 43076686 663911043 315901339 192622864 145088684 953887689 561030198 857472711 918800742 283354662 839800561 924938352 311764713 915430833 679247627 227728883 540463029 
103119294 382418552 662437494 791776715 843516803 638870584 521221369 606872383 969412929 401043720 886380256 62070466 454710425 956571172 440493318 395297175 436113971 426660557 71473601 427681535 483831546 810521090 938244099 263712899 999006553 
774907225 935095949 151195239 554290829 924562909 264348426 899745382 383246467 157103480 858170031 709432579 517550350 18377960 31882416 381130574 689954109 531825880 827348801 452204101 205251434 616104455 114162907 708532424 64112903 467228653 
996177337 288348665 487335139 225618286 921800159 135722956 62007198 486887900 114593281 539687755 26391452 974472515 178754365 684009252 603608468 929019232 347247460 872795664 998311204 364609388 575105000 417026489 827046740 112065871 789304717 
249530212 774264304 835904150 861153467 169719484 596355629 442300961 698094551 317045659 76330959 97066073 567605498 965639567 610303378 507617942 210895272 389436509 665387200 132525885 860062980 698587333 337769265 20920750 340581435 373572985 
654755971 862873655 395302706 27199609 92381704 979975892 207562797 278511859 48017148 200901488 892959771 245594723 983991156 316823869 245587787 22355776 988021876 517277544 58050793 659829080 738854688 370551701 320416250 340044932 158598417 
875236588 119107902 592727065 732956611 775655332 190558889 899006180 873397215 529208802 687192099 890114867 578162484 917592554 549732285 562615070 922350758 418791617 998345839 338129407 548299556 238739830 361812068 789620375 4221187 213748133 
83270859 999959598 547645898 41143816 255747635 262937817 281553186 411159223 101859007 359557656 663177732 433695805 760451850 660889089 751540929 602777072 246674109 377435417 803193597 73941083 29130062 400476567 388551433 921858714 486428989 
156828403 209213729 665301846 838374992 994652170 485729476 561484863 470369394 38275935 178401403 33456951 517479302 401117070 889292025 967594609 306252040 490466934 708881455 591237005 872542896 838705063 800240850 298642373 295123373 155834311 
284883398 600654951 138112484 345977454 733781359 65156164 60807271 722562759 606986799 858920077 529651625 317911384 743915657 943331169 206394461 346224570 379030403 121818232 453706954 802024984 594486123 78146336 151139839 895992820 543833534 
951006433 965754311 816151788 469854815 598081905 781812571 671721944 398189794 210182494 363726927 380968258 185872978 886032904 650954310 179193702 761768244 732989096 541387535 193675217 755192280 516258650 477129649 767422380 66012417 555803716 
369467395 7835115 446037534 190462086 523121731 268718717 84825415 880486077 687884910 219422926 460396445 997012308 641363996 723397478 461627529 439359740 577273663 189722125 453790893 434899035 296089371 761135665 367665668 433816454 663927181 
530394191 925374944 488914013 483883436 187798184 682959769 243196582 374480469 562161101 823096587 940545387 261664355 156054511 753400776 419812612 279485905 728642054 887605713 409279328 454144213 182257132 184200295 61178947 257299002 540655541 
404839418 405993718 251495590 836718045 980468047 3247899 803703991 169905286 886328239 326639332 474723787 328256460 210473018 587221583 770191584 99446320 479180319 484380081 637089947 225296060 602410484 843062149 639102339 951590663 766874610 
136192021 130143020 457452516 761814894 219553143 815049284 69518321 337625776 110204214 593243867 495330724 622773296 712694986 110715794 960043363 572196280 462513108 219194272 683046385 343618370 871983639 732188758 246944491 761124600 689049813 
299574764 594745220 115988949 266737980 560764545 568345215 43895982 833084524 503556108 515572457 236579051 650317107 805206306 142068336 548065085 126770663 707597315 857909098 214234182 629033589 657765350 288531605 220241832 578695906 993500820 
485489193 447593490 658788881 280488931 400078568 996000681 403941654 948401445 319465415 998778223 526182292 827763711 902242455 258285378 193714250 959106991 386265635 25931821 937113185 996806937 103088589 491606031 838887220 551328646 702528159 
111488303 473766427 975487219 554277469 756851415 350915679 186528242 920296202 510867981 189094823 341775926 165946433 110093012 875187697 156002197 336633688 504788334 666416766 836176670 888828802 254892680 652478855 245202069 721729841 753984311 
399198688 382623944 979898088 698386030 367352841 158313176 598709593 23452773 988640162 437018069 922345075 882837359 495900448 426373990 721324096 172793104 736331372 907912188 451837143 333457197 829109544 173097074 43392856 174831703 662093134 
320114675 382343318 181288360 743797765 691780263 849528553 494041548 210930628 40370850 50641419 986890466 581735222 810212150 159070831 949618387 933874316 453523320 449625713 799639009 760340024 755602260 293402329 232978508 54136178 498416516 
682051868 434527320 470668958 239779771 800091175 235010144 101343762 272909867 879451949 427143445 578705726 936000698 607241702 876002125 340907332 540500994 645570834 586158857 857728805 889447590 106953950 662246335 353777816 492027155 315861512 
387265966 51820211 367327544 288512144 764423934 659058560 48797404 930376285 904562351 931564967 702979612 878756315 527709683 149009522 768447787 998772726 469954638 960629925 845966315 765623996 84416872 909823035 321031681 703018218 114203733 
578085847 86877466 978033285 825581695 871890415 872202760 66841954 168297902 93903878 997764564 534814899 197101505 298762507 613684808 699053262 646655145 807325371 622436253 503994519 886087206 438852875 465856294 437858562 558735443 975750180 
76138943 980579113 63741403 932330939 968633275 251993606 932222482 494753952 34615660 510492365 634744127 419093225 410863983 687751286 657417141 645056505 499024142 459917479 373227371 190360541 733399105 385877730 930330045 949130930 684326043 
306931241 152166549 107637063 343512891 792575673 279639483 995717990 387729108 736185966 296829130 896716048 155967653 868878189 559738266 74053333 846985318 602148003 244572046 401245362 137824311 200031373 494868176 946641869 2060686 997753779 
843417066 713386290 960967996 706890864 779387946 901447807 441317737 779893539 774213089 188474888 734977692 32802896 21676939 924000956 68501790 406763077 220576285 798605136 647855485 555010867 858823171 266666948 172899576 725279499 226333677 
190751433 262723684 994371767 867607 348434026 524342346 488777044 965218571 186212616 774123244 227344123 155889010 864840295 715247461 727392107 797088021 687279757 42037960 704854604 108727257 921930769 211615550 653949043 152050654 453936384 
344853608 524057510 215327630 388371613 416858581 993524436 953134843 222073999 59042947 308874281 89357754 53905723 396554689 727205447 855374603 248005075 687393153 689430482 726404161 328362112 374305198 689505555 85197570 172950655 21362260 
161061436 493911850 211532494 901984611 948065197 897227696 371384363 162023591 675211080 999672448 762578432 584109904 197815794 330202748 887997150 438577262 298679422 327750387 568604782 905387948 794988596 126982480 272436806 177573264 180868062 
46279045 462206896 829606187 647542137 725986634 756100935 722745594 284835953 505817638 521613416 112928516 829214476 79995414 940081003 23091608 736956261 154442696 291339446 529842079 702877822 118159225 22240055 778647843 411475914 801532830 
970426561 183110472 836777261 539175629 969363144 207340491 435946383 770604946 745913804 156908180 222305964 532209817 515635944 11859312 219268090 195246697 791174697 295900276 821724644 212958670 675874276 133365045 608601301 994270499 562781279 
285700078 806608549 17134870 972679271 966378185 907319552 23311406 565383728 151778286 655869710 406341028 27519317 900312806 362543210 370080543 586694908 462572984 363944658 298387453 35102090 192961347 956254594 903818884 729614935 195076923 
279557140 802738022 340732086 910337770 184737293 153330840 449588166 813708885 991822022 834917305 389047823 178149621 645336045 864179686 718333997 708929119 298893807 890794075 169705647 530507061 111872828 815836027 602674616 965999815 976660939 
519070486 543813589 357079572 201427868 855030420 472405297 569068341 686600882 488100654 799842400 993882677 55364126 131569849 551304969 521914749 557122026 301324080 945543946 797869007 118407287 995667809 363560675 344694559 394633878 474034381 
204037516 906726799 328163291 860504331 396508223 982570447 549067309 119524783 815836910 87741153 104085238 579434311 613452919 360069959 56342010 247231865 989179757 831504363 813976527 43386264 643717488 694597078 680920875 772212848 529381886 
910267824 528015295 383972536 638471975 786247285 127041126 220256725 742771050 599313596 508437763 224093299 736302373 471598824 508261158 437143808 538644104 673813019 40359532 889799365 862787530 495930512 454231322 476788370 536944213 388453292 
833049720 365809386 976407786 959320908 780309972 769205355 733062484 552549113 728992979 398819847 445652024 857307968 489493573 564192493 830717532 746911127 91544 682971229 619525566 587676114 753964553 629963718 850103316 861504423 347249094 
674977456 525832260 716863695 469128162 108774116 458166904 704485221 751964940 642175257 699629165 499846609 202063716 468470739 681089333 667335748 361090936 971630042 760126122 582736678 58007350 495236236 527629786 555265220 70374546 286906128 
557646312 990466622 917653454 733965932 530706219 453059100 261253781 829665206 51998441 378130885 430769639 428029598 551879809 592509318 463481935 121228734 675157682 220145575 854177262 441048513 250483582 396165787 260961609 17111289 886951404 
800127117 608926789 972208165 224823620 806365700 917973931 888502938 907432931 52849010 285995149 242473811 498811216 390276651 665956239 666466678 894923450 947994985 621069803 108787189 11067245 854528114 657102960 26966450 79389906 566078049 
317423063 152037745 622189353 652859173 633717130 962223833 394535938 778208584 285111152 832738720 768778048 275956119 439684889 607308416 893380771 653799805 230184622 194417653 936754425 452993463 181580259 150747640 961685420 835896036 259382600 
593955438 359855717 561027329 339450271 834456612 949962716 377622406 789717689 348224866 951355284 447193910 538735490 384333778 556192047 31524145 421131856 672360912 46473144 570704039 486147373 598415243 89320420 561822667 463979686 922317809 
987159056 867874765 105404832 514460970 914296037 319125304 154276093 126542418 887663141 446420533 27137459 1057054 468142830 460810091 422542445 82871226 657017452 616275309 350213579 271751157 528402497 812304111 787348082 764946729 942242332 
298088320 844467540 168770504 243215804 966526446 140773710 102093867 357198374 676289610 159847171 156418914 72294089 490257903 809686156 116253356 299080585 458959570 593975178 714840832 445810091 243184073 31632377 917204816 926582944 31812110 
610603006 740579872 21829328 390011578 882477079 504704749 633863209 610549124 730626616 935701568 46817528 423817709 677861204 742478811 894450834 154047613 202392974 818466608 881091000 196211364 331981857 354961858 542508027 599639968 283527811 
467841637 231526513 711203831 121501620 907929591 751786576 32566809 850034565 220800055 191318913 790779915 2598642 733336769 362773258 522513227 692321433 393815980 271191000 900669860 581196248 22920698 799826859 997172362 405003173 595475908 
506392405 552037971 700039943 192088576 545763369 525869149 993765054 496942575 748285250 762456468 288164605 913040318 259511903 355086091 106587867 772069791 24543577 442248040 689892068 36700745 992298875 531063056 607160105 863031385 13377378 
137717422 359886727 154331772 666530124 138529950 986070027 63759379 523913989 566346862 226810916 324196325 946428429 414033880 408837369 41580770 458882108 992378138 429791676 170845757 912861153 505654958 356726696 694557238 476782986 210822468 
974560025 352248721 904499538 773379384 888464643 493591653 455027888 421332125 104049261 5050840 589880791 564663327 368949854 582976735 649690961 625909465 640428974 770304682 318186894 195246271 659471820 821977425 519773509 859062408 977076053 
691669836 271756415 511863168 738025967 949400513 420959435 80961332 810724342 539432419 340152766 837105527 614626827 274814180 311423619 825287763 561360737 492288286 180884043 370072501 48302453 511792983 989910994 8868017 458520961 883585643 
405656222 308715028 70872080 78904454 585184331 773844066 492655766 304261887 744976395 187454851 739771615 750095813 60583218 33634795 386612563 548441385 916697795 690025492 301771978 322029826 361455658 414237601 757107761 961243874 28067864 
393381361 927337004 297273251 847738668 194396731 957007277 992260712 862365714 500471750 887597539 131395534 194010125 421914086 987740273 526346984 653044744 845212528 223776577 152501094 821831234 116662993 586538327 628321040 403211603 722145794 
334017867 372097083 418382854 318370198 277369683 900285760 839394365 163415942 453813567 822733925 173859468 53361032 701022361 661886218 450286685 27064246 256285953 223050302 303037119 54537500 708638298 253647256 673371202 454843984 506115780 
7865416 527129966 389099580 128491459 482640252 182397877 50017005 950122639 904133406 57008799 893062956 733072847 705487220 496742887 353203611 72693792 729461482 639130504 857802010 622789033 414067860 881755266 898320528 511893992 848182852 
796891079 197259219 401245818 256529377 255477232 101311680 744877931 780995218 749270890 78775541 317041722 62662119 442284758 178526254 479819210 928674706 80291957 596037506 120955380 880631472 572299863 247885909 119545351 825405794 623509396 
374401635 243468307 9078254 345317284 956782415 899670172 371287107 898406284 855899622 930435454 522196102 649171942 635495353 756980020 16321904 587065085 361247367 767988161 331051184 572214851 299470959 229199288 675670176 58632944 260340603 
625546569 462230805 546750404 713625772 587924052 959353717 987852666 286505868 711275597 49393767 891864322 300385752 974204727 389886838 405597683 399130916 261504330 242554326 735116127 323292949 690669292 961987833 150941224 208704052 203715531 
299114344 827430653 770104052 80199002 268643544 333146187 224826795 217045912 93757794 551443828 186166448 640053392 51608675 197983348 553331054 692200890 635639578 782523532 609998358 513179473 843909290 184731207 241777572 751123858 57343612 
385651820 437212046 295238911 550055658 223986429 40495697 136862680 579894255 434930937 297065962 882831346 927840081 817281482 499519101 816949159 764391092 473552276 402380814 981400974 670039780 352236368 18984056 8448300 583610913 677316326 
100450105 21415361 105056247 487139723 926016910 305635115 14064534 16504088 857982917 770368058 725515987 975612697 467519435 379339355 981790389 466022839 678133423 797093283 837939718 814735242 929532437 758636784 981265007 63186802 318604563 
841079718 314431336 79369442 855543815 854797892 54792328 329894021 179859209 903843039 998852912 524111668 432040116 696632943 344818638 575068623 645418630 950227978 659124902 417614436 23508313 87687449 725385939 796863281 826578611 955510612 
661943695 640219174 951164390 983310118 17745519 46186362 536644181 150612921 984418078 296556588 769143135 748066689 600001586 505752393 787632816 359531660 980588278 246821428 232514908 946995489 822450966 816806147 746722651 609303556 779765112 
99182194 403330212 877144358 475066954 898073145 840016380 413001303 907433860 805967605 847460517 245454898 443002088 485593275 584232946 776917937 491589842 418143244 23595544 199601480 804902754 63550758 326642183 941497602 37673535 174088331 
266231993 66584165 159422489 475646364 313891155 45633597 31465303 790900444 639127800 384758759 276734630 754947355 156716545 740598887 200274531 856168462 126676987 602248906 102866490 568492860 405902856 277911694 600824102 431640198 466812398 
106234047 276949166 833655157 381377864 954465294 406455927 863414742 201767713 778764669 816619871 694900674 426374905 886667858 573276680 760406354 626533918 849481421 388021429 839756376 973880145 290858733 752666609 937643395 771275409 698207674 
586732881 240000509 795253556 518101365 807745472 672864347 615914042 873025809 425052976 162971084 640398080 872929787 187325180 963382230 389464970 199281368 551383954 629778880 461316488 655795349 630912483 344549857 734945789 8654151 568085468 
184462824 243349063 451019017 412482648 945456486 200729368 401497438 679160509 880861272 498078078 938000495 971671576 952726589 443100652 910110491 198606508 417877139 744958415 530949449 859963964 81174108 42722000 891787933 121458678 474637602 
939039154 255645495 775292129 296333740 560208114 892940079 610424921 551848366 974834134 410061055 902300731 304102381 585800838 748481615 165936281 257009117 794788597 592747247 979446174 217103804 891109393 537001222 530456679 797859964 515236562 
728755794 384425093 839950279 852078242 675619482 995196977 884157201 535513854 687112065 794423389 838127421 950681350 461072290 638885595 895246387 788585428 401889561 755796594 125615454 138579647 411554508 703537395 393669679 171048261 133698125 
544709330 182370741 302003951 394962015 852667436 332801965 935475868 225032067 819303713 780316431 22798914 495871754 53077561 949779940 775024611 702576567 858114938 338301664 490122347 403926900 52447891 759417394 205593805 68737368 637118424 
509968986 926253368 41787716 988870011 885380413 574643437 193786566 334110505 693022298 849353427 354783162 20255317 488477879 494727709 53551757 163819274 216625011 681331481 526690895 777911498 931732757 304084617 247242028 216843968 959185390 
920190877 540448868 387787676 876580688 958271597 585491633 422513551 708220028 794832828 104134944 731949174 285110899 318975130 477273875 860656808 564343622 159010774 356897194 27761265 515108955 613604516 800049558 713801801 761870396 663900162 
238698383 613525139 627232313 342334216 334490049 834614198 377295658 442880770 813221051 846191450 409808114 403544126 124132697 769223984 540167872 419700938 339378422 577316951 605958575 236570730 141296095 293833455 935872346 198341864 827543474 
209589121 931259183 299248652 956961546 658416612 592441907 446043564 314922792 922750085 920251615 711444332 316477190 842248743 132315585 24726986 329598599 101178190 448814146 487254136 687063167 197394626 697859504 347427315 683516512 57149869 
958991849 767393514 36766183 503431065 909823064 118281292 404886649 47612055 132596739 151251829 597758958 12018005 263723147 567286885 822800364 72749900 122777675 725190996 438111738 332280517 323198957 500017333 959539509 804670983 352600234 
888589268 91229892 430243433 809690536 366766646 135718481 540762749 685050274 466879967 537877763 886548598 560375684 648620488 87735871 436881977 752701809 33816271 866829878 511580306 795989706 10043167 253879281 884902939 840166800 279601945 
234935044 156183162 128003121 15434793 396902947 94376469 826516232 23959685 720931974 212803830 121852657 184580034 910500258 87910399 154125460 136599006 100419373 805045453 476531761 896332744 900782281 300556971 127506531 582149925 540416965 
29027927 577434298 448386353 744712890 643796630 661771338 350288181 893142861 611719593 233765785 562773194 578901182 381063831 888651854 593946044 560913324 209876733 966855522 620784649 357676654 757718390 583990178 822328272 489032570 985667132 
287827018 137604856 50448743 579528773 867620494 109740003 580695671 364857605 19507452 713540552 533598711 580729876 583358266 358707040 708743882 256179627 92262576 472082120 133060526 271174927 771837325 977204614 325365570 305017129 473583357 
268006480 891858483 155471225 801548442 229866254 883129668 947335842 369524295 369242846 514979242 296321820 423444690 187758858 984580904 620440518 202687328 852284646 488644679 895992700 339216162 487179023 650533536 977656357 829482584 222114355 
534265427 587994575 948508878 173519668 853972312 889033417 297503093 666850435 173998257 942238631 931301535 112837700 821699609 741486947 614476516 777236779 479252852 226451893 789363568 265346565 137304443 244271219 346045859 292252937 442253574 
884470170 700101764 334423583 904768791 771084194 101129969 685308085 729351175 706709473 132000348 343895567 696761957 665941878 712598407 474335472 428533163 374866826 640621008 53266973 180069377 997616041 779273927 28929449 287788777 811155819 
407620740 536071235 648397947 978055734 914071416 675573531 291110365 159878485 149966142 693367605 530998765 132785487 742852345 680820702 579324667 51805220 249145173 515951224 925561431 244542258 804110518 558058662 924886675 854641024 979843391 
745241266 616914970 301141827 228009476 316713312 619832533 450196711 929623045 363368743 952323045 419265437 185929842 517540497 417869117 552341648 759535507 155921949 17437062 749055334 665060512 185833580 608715558 963660642 821964535 875515003 
245807512 857993283 576028649 717061230 357213522 542151334 72535633 783918076 98510281 92483916 153487281 236529453 613057883 771907208 432958605 562279738 990137831 660885042 917672860 207930773 446811551 402529955 583004781 809328912 816161562 
975690184 254886020 381977305 652001346 53437171 897125969 100565256 767332443 101498387 906343129 577004226 428234050 314017038 466819829 145336207 656447097 638521937 362831843 330151510 785222897 893392315 643083068 20841909 708928126 570349735 
389117732 56359554 801554395 132695843 702182722 173257182 225843458 866529326 788991216 828560757 716736556 892280234 165318254 773392606 82050000 398896554 621332660 606406119 773592001 467912983 617686794 139144060 511690495 771509369 731276656 
797534614 664187446 904340505 33042445 29604760 557901127 791218687 662828341 637746862 539843944 654602899 970306338 11935993 724778600 609250126 73829106 389387912 70333267 389636203 320572834 927728238 378944390 805496029 910976199 10384198 
514288661 427428671 476902923 567524439 663129723 501817532 97558583 207502700 475238767 638263550 304610025 388391631 980871281 249076159 252739882 431037039 301437809 738038743 777748873 874704803 642981234 977161870 548726320 852971206 478422765 
203101888 544465844 201772 283385054 314768796 237693598 60032130 547166197 7587959 455765558 221064304 795968461 855014610 708280906 359997225 883433586 51351948 842961047 786812437 93206719 342591487 108836596 322903967 628934304 9269292 
349825696 191873271 337368110 750710932 794500431 497787392 935888563 158664282 844646613 337495303 516341196 180865313 749282927 740459901 362315645 146570017 883299315 685605943 339638840 679418297 137453951 42454755 586916092 367032991 616244773 
678669063 786391334 93292127 337110888 182903229 548490317 658419177 974639879 829264144 473477422 195800080 864836773 626775038 858688656 52695415 779901768 689120517 543904787 434557616 542246454 756483015 964174937 152654765 558207126 563526793 
952005497 125903379 252566088 212129539 401689392 559643618 372480093 534843551 231084801 386800734 822062274 670753316 800112588 112623902 551238868 184234585 75434747 373219145 312250576 249035312 813761707 999180284 357490275 455441978 452021756 
22537925 631150686 437767125 37735049 72082678 595555071 85881093 896247324 252144556 304549339 47700515 88754220 397623108 873208097 174309684 568029792 841268255 121562779 192493498 702489452 612059607 122224319 233767888 25182066 806214734 
147762882 17234933 124662483 887507901 964026956 227567747 785779334 61625564 295316862 224742115 53466272 860165142 15463349 707772950 838732853 44450437 922352239 743521211 539722245 895085136 5742875 142801879 715378635 710467830 8892906 
550328387 560467547 723660251 436660976 136760379 623932771 887376733 991351568 537911235 950906190 264627307 21780492 128351979 634400389 982111459 69807272 701291877 291562850 192542994 152983386 207856277 829493272 279049636 927239332 312258120 
886567390 768378510 454863301 759288997 41236030 63627563 926592269 552007678 868866216 985509317 145134033 22730197 679554811 226695249 57515971 687687570 205429902 237955821 626128068 407947855 290447207 838616182 667587539 115017186 763516703 
528134037 170595800 385092341 787474710 333600457 484206868 39158949 836067015 678496133 82694 903038133 848332523 237600534 448483070 231545309 495208954 145032239 653720194 665025540 849089148 724768253 852057650 630943344 2926632 869057048 
14583558 106690762 662422353 913273701 498051588 400662131 763489182 290415965 446998398 394260716 577334767 625200747 647348912 47838538 202644468 487244507 548590909 958665906 279335527 712871867 203563870 449610192 587087427 755786537 122734719 
475168621 592020049 295589237 402637642 157403585 365682709 823463668 992533349 447863819 883927221 44409400 409068274 458904658 860207794 345241850 469202584 600211263 297613096 957751655 346939560 289828649 738287902 351112596 42385841 594564488 
179878904 382436176 507274251 821191797 530636141 394755888 432743305 851949506 54421156 69740239 507909595 60570554 730034101 218142923 834139240 111187807 634164139 979463180 320249455 148864265 732061679 268779345 214247481 243537689 866185909 
403017826 73512616 150665909 143801924 308623980 387128440 862406653 743983800 489430394 888652156 946514264 278063363 961263106 498081080 481981658 913971624 980950504 213363492 511715792 745626753 846436402 667506313 792055975 928931817 312915674 
550750688 748263843 521934339 352532993 36188283 520219297 77990095 112576722 222620039 38998341 565663609 842031274 763298811 644439009 348540634 181735362 839051706 330885183 348891066 957711319 2051281 518233957 593477667 898052492 208852712 
79017085 568779634 788318454 683043939 478545395 110558604 467926013 264448354 415006427 581174031 989534425 906328348 9438755 705983882 571216500 442368350 164680716 63654183 700287635 267806711 718554174 242061259 991993098 821309672 537152457 
186758354 318765273 198031698 548075418 592443622 638323538 440220442 185480668 1441023 687942902 781353667 175567402 926666686 241801179 745451175 177420942 191031310 817521425 710825619 960036523 24356457 649977092 111160709 700116560 513118145 
283984528 442406449 101878051 577570805 433651354 597181307 587393982 409580917 239297545 232979141 287445375 536563533 394628950 577407420 346112210 507061233 637047782 518418725 651115953 784379167 734033329 931126706 309902041 985558958 621808444 
885292537 661157466 565239086 201941965 93069260 358560895 540277200 550949678 826875845 494063068 361934610 336752601 413248439 427454497 909482313 256365245 97257317 88915469 994548825 228787698 815982505 790498686 733870659 36677870 629479254 
323491745 236098949 764370010 506247160 903968354 295454574 582757383 157492702 431814792 789266783 899072052 851594867 69286258 492905162 556894543 497763770 710082312 274976070 402852055 248652096 770985068 480839839 979859728 471916405 192617867 
204740554 998200772 727482746 922501900 466435903 513292871 826996180 242262013 959526937 478369103 533337063 804466651 94039145 255181874 257845999 219813561 8583026 200788851 557855920 910205238 25435897 114067745 695517090 824324679 115565766 
78777540 571621800 600623793 415569164 73854601 455720636 340120389 23008072 515371574 453749759 776704689 403457130 49715090 690992687 802115587 146534019 715724387 390620233 251091844 156891833 98792243 681095319 344385538 792620356 508765230 
739236351 229353700 32094198 230922459 627061408 155606837 744058319 775432639 327134994 629066675 515590285 321087253 772803690 681744637 26938592 807913045 641757333 334414684 703636401 222673673 31346373 11578959 26190165 88833681 929356739 
637439189 833391377 498300305 125223581 460185484 717962492 400654071 393417737 421913040 458443458 723031214 76677511 731671010 507222506 988121523 303089049 722742522 301925289 607682300 725895423 144522215 890800391 253945762 921436755 938344058 
282586862 912903676 205251244 169814846 800721123 730351958 905922025 968829379 347107963 605990882 52109663 973304717 149761322 870621651 81025978 527154992 15506568 763173050 997275989 649614615 559016081 589018353 618722602 161379904 911122916 
409178086 381826273 866607571 176710500 121511163 714154717 481399792 942724255 67579748 19278525 90820111 664390966 836498020 352680389 731238225 290541520 917121886 523880568 495311095 433649384 45322019 282934733 925976108 27067386 273176011 
825946398 393107365 156220420 352333994 813265906 812614406 844257751 74974325 725262495 646638210 499159695 720113358 952530017 197438869 468570276 867805384 95138345 729734191 93947224 929677140 463189039 395344739 54278675 359137605 411339904 
233607909 27455694 814547647 245841376 312943075 921992546 880835145 314824741 990648405 577937287 441023617 494584677 698687073 919642482 762161395 928898205 223261360 319323348 758220129 479067498 181858663 772213227 667450704 774954741 231704253 
870212808 266039161 413602274 154776471 467801186 707080309 308609521 759093952 22452170 882200544 234834362 983259734 26749045 481497018 366399337 60516047 515464108 773121947 216864848 999844617 454192388 891885655 57866979 537482015 294828756 
388332864 143503678 966496241 989454766 139958553 467248673 164238939 412679747 651795381 786450376 90569361 101587783 594711453 197898681 21437569 844838624 976694927 762433782 256159624 362063115 121710288 287234692 130171661 674687901 772318746 
656829970 878798931 668810704 610861488 904669564 22089151 125243009 23567250 413018861 199046380 876754890 44399335 654648208 451385317 685265702 796503092 652184315 764274550 600941971 482708056 663058948 341601967 418644371 991333296 694542724 
307622163 675987494 59719437 60328741 168860816 168910649 108590851 955461535 747387234 723974850 793158545 412150383 713053457 442560199 152718319 179700588 139884949 126128004 551936971 991579930 1288208 631727411 809619030 123929397 458547332 
755772188 364267615 814066229 639586776 305070555 880187511 625518394 286434934 952383082 488072959 154480656 234252653 133930621 959613009 787576053 575042561 905037757 965140181 281149960 277281988 618141120 55431826 773114851 663400697 570080096 
595767607 446066722 979942876 721431406 205583321 658747926 867784700 675956586 237851205 80494005 276045918 178919827 309327376 13028546 994698118 356350761 29747473 231786982 828833096 848590358 962471098 717018460 670004983 439676502 154290371 
519877265 287529025 852178967 724140624 941570025 665709955 550138566 828223912 568087642 823069867 973779811 950855005 164322755 574040215 919334320 884516320 317877579 231423343 781376826 390033018 529147244 991650603 268091072 610815841 689570217 
376521867 529108970 84800500 167662222 248029300 564775053 346479487 405238576 681441311 869270875 7492521 223710578 609951200 602543573 825812063 560052550 945004720 888060320 506924242 85706940 482039707 743501112 380013858 697527116 448121877 
201201332 230115117 145843267 387286581 585510558 927725339 938803356 179631629 365710108 930881894 660751069 535761943 773386486 40904498 518243936 449377545 133682173 522807358 672473143 377870508 213940538 901494411 956828027 140925728 852071718 
767012129 103682341 325645093 223859960 984675717 657736460 743058244 616223885 629878228 128617068 638736922 47141465 76133247 907282188 178800336 489124856 150820770 707929052 686408815 555891783 949252296 865569780 747284849 924743302 203202279 
31915490 610832029 713458027 85062339 443004522 129882840 795677440 32738058 185638166 771828660 759668612 557864150 579021297 44911761 264765254 75271392 213904515 242063732 816996621 454398473 35776572 239266076 849323445 206400484 193848939 
449409503 739934621 45045321 498799015 473993522 700985630 65872386 98903889 593196713 321075231 284193033 750111979 888136331 215621904 809652058 305283763 897304321 892097184 80271511 771440701 961349093 389675088 441340792 80182529 539472500 
99760480 76968773 120915308 948668359 398345612 22477139 947590350 439165826 680753319 362503593 829072834 887791458 192810 254341110 545715869 976397706 492209849 750483311 489750673 824433557 794191105 928437259 311964534 593936700 391806927 
