10 8 12
97577716 157939394 957754479 744631464 578942082 464445966 231437927 744778515 
526458075 564078359 876285091 866401309 949894384 532199600 238421804 44020754 
498733837 623393881 210138195 814355628 645656 568432539 690367375 462994408 
953050320 847239679 258919544 51725962 314697174 797929368 470412311 715147788 
178011600 372128324 316878338 51238092 233982067 985284678 535586995 2422601 
625272810 724145925 257439729 606064450 819620572 66298140 638008006 647485551 
571743077 1273637 258804171 859382758 681318408 948479812 661304465 865897353 
887376152 676797430 413445422 679926045 641192320 735992976 769687422 710653731 
58612389 663401369 246546351 592422904 360155597 491064901 31581823 98620251 
616434896 878156772 308860045 782351454 386433136 558048133 849446454 70747361 
