2519
11356458
954 1153
9174 524
2168 1742
2191 5189
7848 2561
7723 5439
3329 2601
1314 3995
4319 6769
6903 6352
9108 1144
2993 8506
4565 7001
9027 1143
9425 5287
1909 9501
6146 1627
8452 9550
8179 6248
4489 4441
7894 1490
8107 9107
1735 5365
1064 6312
2642 156
5393 2619
5838 5956
2862 677
6495 1623
2977 3030
1828 3414
6407 4713
906 2844
5563 3797
7763 3395
1504 5945
6445 2520
9069 2047
5637 9016
5708 727
9057 4304
8138 5799
2702 4093
6674 6922
9623 2755
2172 8671
7643 9078
7337 9
7910 957
9364 1855
7258 13
4813 443
2070 8490
5053 9422
4864 8668
9948 1501
2660 349
697 2856
1970 6615
3910 2331
440 6588
3280 2806
4792 2502
9134 2715
3550 6918
2833 9038
5807 5463
9146 524
4980 9339
9632 4263
4288 2159
1177 885
8702 6406
713 5954
7213 1791
4231 9717
3313 6921
5832 375
7940 7244
6487 5645
9089 5186
4864 7807
5755 6161
893 1831
3837 8430
4146 3189
4496 888
1472 6411
1458 139
5263 8728
3269 4406
8824 8792
7426 8928
1950 2423
6683 6704
3831 9304
3917 9064
3545 5448
6578 9045
409 7162
5120 7918
4118 7212
2444 1500
8258 4703
4066 6234
2597 5741
8494 6341
6194 4958
1847 7780
9989 8746
4621 2894
5756 7104
6906 5455
1363 9418
1348 3597
870 5778
3839 5950
454 2239
1478 1376
6106 686
2967 6382
3103 8910
8530 368
2863 9762
9831 4683
1677 1143
2080 4919
3164 4622
4124 2086
9553 4414
6265 7561
4998 2645
273 7392
9921 8748
7315 5461
4107 8513
8181 603
3358 2522
6772 2035
4290 6990
4778 2084
8099 8026
2830 3405
6959 8114
8169 8382
3854 4612
7878 5239
9947 7907
5287 8278
5891 1817
3188 4937
4923 8569
4692 928
1679 8154
5619 4416
5014 3175
267 4201
639 1671
3905 8831
3072 2638
1256 2553
8037 3351
2409 6454
3107 629
5451 7656
2601 3201
7968 1365
2419 1575
3339 9527
1655 784
3106 126
3859 6749
634 3679
3625 3309
6868 9686
2493 4046
9253 6254
4738 3016
3554 558
8115 5214
2297 7129
4183 9257
6970 3668
3502 7688
4396 3931
5246 925
7428 5937
5503 8746
3057 5072
2176 3325
7798 7712
1878 2860
7350 9358
4890 3476
3711 4690
9470 6248
1431 4105
8009 1621
504 7775
6892 9958
8958 9652
9540 1613
8658 4501
5757 2677
159 8213
9883 5111
3881 1777
3269 9466
7959 2388
8162 1197
688 5596
9129 5984
3348 7
5093 8493
9397 979
4055 9009
8968 18
5549 7284
281 4530
3047 6151
4996 986
6893 3335
4705 9322
6241 4269
999 1112
1683 9773
5075 2492
4093 2861
6340 1933
4080 9516
9158 2820
5267 6203
9792 4214
5189 7720
9008 1803
8298 5754
4706 6440
267 3196
3190 4874
9631 4214
7332 8461
102 5948
8687 513
6914 9461
4014 970
1855 7743
721 7046
8859 7136
2036 6634
4900 1675
4271 4783
6925 2342
9471 8721
9853 5041
6754 628
4352 4175
9735 6827
6702 4087
7206 4462
5297 6386
4834 3554
3521 1120
6480 1314
7565 1497
4357 1521
2860 1780
103 5853
8783 9650
3953 2685
5710 8812
2723 931
4855 8960
8386 9091
6961 1184
9021 7314
6468 8200
8635 8974
1501 6199
180 3584
4082 9014
6007 2531
1998 9303
2851 9138
3692 6146
4003 8919
133 7094
1662 7807
5357 2006
8470 842
8251 7082
8564 2647
333 5908
7440 319
2937 9775
8424 4028
2746 7283
2915 1385
6738 7611
5340 4964
4051 5274
8571 1295
7585 4961
9725 7816
9585 8028
1289 15
5692 8251
9412 3469
3475 7115
3855 5478
714 8705
7360 7783
7549 5155
8179 6912
7716 4488
2110 9564
1631 219
7398 5307
2936 5361
8212 8778
6580 9496
3760 3418
9438 5093
6379 630
3730 1007
1683 9978
9038 7847
4981 421
329 6624
2558 1482
347 6244
9536 3562
162 5962
4170 532
8674 212
6578 9799
1172 3260
5150 7797
7669 898
549 6650
449 5390
6546 2666
8391 3277
7488 3713
8517 8500
987 9568
6965 2828
3795 8157
3283 909
7959 6114
1109 8726
9479 6139
2413 190
3331 5826
2115 484
4851 2870
3948 2797
768 8074
2298 9657
3822 2415
929 5839
7265 6414
5414 426
1989 7961
7816 4770
5853 9346
4155 6146
3411 6359
4134 7287
8465 4770
7478 1671
3358 9644
8040 5448
2509 7378
5732 6626
7410 7087
8645 8784
1824 8918
9422 3664
7398 5083
9989 6909
6432 3750
2534 2362
8261 3780
9958 5910
3837 3927
7442 908
4162 5872
21 7742
7889 4462
2841 7952
5175 7490
1731 5874
8978 814
5572 5552
2491 6205
53 9113
2617 1788
8152 4683
569 352
3324 4139
2001 2528
3534 5982
715 3482
2265 1242
1782 6158
3163 1095
4735 3883
9863 2998
9121 2253
896 6132
5158 1038
2911 3476
5628 9479
8673 9379
4512 9273
9511 7327
9724 5074
8814 2110
6031 6456
7997 3989
8893 6975
1107 3657
2149 3258
6226 8995
9239 6652
9425 9967
5521 2006
526 4783
4019 2727
6673 9995
4768 2517
7779 4752
6918 5011
2367 3464
9211 4163
7302 2512
8653 1362
9333 1232
2001 6416
9054 5752
9883 6635
3227 2516
6134 4645
9306 7265
4776 9104
4738 6245
1744 4385
4713 3127
4804 3247
4582 7763
7305 3235
4450 2159
6264 2692
6387 4526
6599 7805
539 7773
8672 5601
1136 5376
8488 2814
6471 812
6006 4623
8445 3754
5113 4033
5518 4333
7060 9566
7969 7133
4362 2355
8519 6638
4305 338
5716 7298
8814 7360
1930 3885
3239 3975
6827 1620
5503 3129
6116 8468
6073 3912
9856 7150
9318 1780
3840 3448
8961 9968
4577 1258
344 2041
682 7361
4872 3291
7698 5822
5305 482
7847 708
2080 645
7415 3014
576 4438
2205 7764
4649 2561
1582 8244
8165 1503
6575 7966
6168 9125
3484 1308
3978 5410
3880 5543
2383 1877
749 7614
9707 1278
6925 6674
7842 8312
7046 7005
5800 9231
7211 3957
9521 5581
1916 6536
1113 7082
1516 9143
5177 4387
77 4192
844 1096
7407 4783
6073 4011
790 1635
9910 4188
8724 3231
2634 3805
8447 4981
324 6903
2402 867
1208 6724
4775 3196
9782 1488
5063 4015
5337 8845
11 1672
5193 3831
5 5805
462 5423
7759 1591
4999 9742
1560 5105
5304 2541
2772 168
4479 7606
998 2670
6400 2228
2502 5223
5468 7226
9493 5489
2248 5476
1381 5197
3874 2612
6518 5753
6936 7530
384 4806
5782 5467
7882 7801
6709 2753
4735 5875
5874 2093
9792 8020
1155 5301
7840 6178
1863 6798
3937 338
8199 6525
5474 5054
1380 9514
9411 8145
5332 5541
4965 1663
850 6798
63 5477
8326 8198
2676 9666
310 7965
5823 2706
138 1113
8039 7741
6229 722
4276 5491
1874 2112
2131 1429
2854 3654
5584 1066
2134 921
4477 6128
5125 1733
9951 1429
465 681
3896 5821
3719 3872
2746 2487
1404 5538
9026 9038
1530 9868
7584 7725
6106 9943
2492 4510
5876 9590
3981 9100
275 3423
4408 966
3979 2021
4808 804
2060 1375
8861 5951
5348 6404
5677 2870
2164 3640
233 9852
8491 3907
4744 1572
8481 9525
2786 941
2067 7339
2577 6035
362 4721
7644 2679
1453 680
754 8174
4748 2983
539 1035
2616 5198
7596 6703
5698 7021
8814 9803
9657 1560
6372 2548
5384 9066
5038 9597
915 412
5021 606
7840 6908
7047 947
397 284
8559 8650
6174 4831
4933 687
3576 9753
7483 6625
2097 4336
407 6949
7685 2171
6853 4090
1253 5438
5246 351
9097 1297
4384 7106
7913 2678
4701 9315
2318 6565
7021 702
1689 9338
9596 7422
3894 7940
3565 4624
8536 8958
8292 794
2028 822
3514 8496
5696 4869
4651 2235
8701 2520
791 5435
4821 7133
4945 8155
3535 3354
5061 6764
4091 8311
9893 2509
3319 2908
7791 2472
6868 3856
3591 1720
7838 5511
3388 2406
3564 4374
6386 6243
2707 5336
8260 494
5095 1563
6803 199
3234 12
7323 9830
3711 2145
4560 987
5240 3841
5974 9654
3456 5241
6255 2258
2344 9805
9246 5944
4133 1095
9456 7989
9140 7265
1263 373
3444 5705
3901 9288
2686 1294
2044 4136
7634 3138
1463 9088
919 7491
4156 2830
6903 1262
2163 9862
9405 2883
8872 7076
2769 8907
9781 7277
431 9914
2813 8237
3885 3794
3810 9738
8141 5158
4305 4631
9784 3833
7223 3261
7104 5087
3277 4765
1702 4808
7156 6512
4171 1001
5802 9956
5686 6810
5363 1987
6078 2787
6474 926
6054 4537
3717 4481
88 6133
9843 3371
2587 2750
5695 9661
4874 8413
5663 9947
6642 6393
8227 6059
2908 5580
2573 465
2264 5541
2762 5858
1127 1207
9168 725
5747 3059
2197 2136
8438 9522
8838 1472
8985 318
4136 540
3058 8181
8249 4416
7818 2190
9860 9757
8724 5678
6576 2725
7343 753
9518 4304
6281 946
2415 5520
6347 6247
4696 3074
3322 2415
1078 7519
9808 7451
7935 2642
8479 4546
4704 488
7494 1939
276 7267
4524 4552
2736 1050
1501 1663
4702 6063
4239 7958
865 8092
9335 6287
9957 8400
6633 6804
600 7211
4892 9008
6144 4846
2300 7445
588 6529
9256 6291
2563 4819
3602 9998
9418 1003
1772 8305
6312 5957
4054 7729
9101 7760
9808 2990
953 587
8978 2075
8630 8643
8230 9518
5927 8566
6244 7239
2780 3793
2611 822
2900 691
9214 4493
6620 1459
5218 4549
5094 8298
8914 9611
6360 2721
1805 642
8192 9399
8886 1889
8541 3913
5240 4468
9096 1653
4610 7744
9731 8935
4554 5233
9815 8912
3240 9482
9694 9783
950 690
673 7619
9746 963
1181 8351
1828 1475
1924 8323
4280 3336
5126 3677
6075 4136
7672 6947
1716 3595
3340 1707
8015 5372
7696 5854
4895 3544
4322 2137
456 6859
772 3994
4683 8240
4142 5055
6108 7902
6842 66
9223 9406
8569 7849
3919 4877
8129 343
877 3496
9366 1266
9117 6522
9795 7648
5101 4929
2318 6858
3725 7863
4801 9374
1951 7778
5482 9309
7888 4684
4162 7787
9033 5991
5883 5362
25 7427
415 8443
5263 5489
8905 2966
5527 33
3809 7290
7141 4831
6655 2533
700 7256
2380 7648
5383 78
4006 2447
7515 1687
3956 5738
7578 2550
3761 337
212 2357
6920 2176
9569 2928
6415 1260
8632 1792
9525 6491
9203 2945
5743 5688
1069 6691
1535 9635
6624 6427
440 1765
6434 3928
9348 4738
5031 3311
8003 3161
2906 7306
5515 6585
4871 541
6180 1192
6244 3475
4029 9201
6202 2087
330 5631
7175 96
943 1498
8275 1330
4334 1829
2324 1265
3893 2769
42 676
761 4411
4785 4279
3003 1392
2932 1306
7911 4149
3955 9231
2366 9562
8282 3692
4931 3331
7654 6167
3422 2218
3699 9397
9923 3899
2546 2930
2355 1536
6591 8425
5567 6683
6617 3898
6562 792
8078 2784
2950 4051
9193 635
330 441
8371 7651
5579 2090
3643 5279
5254 8449
2632 2049
6648 372
4487 7317
4740 5646
8214 6420
4548 8896
4457 1429
475 8949
3926 93
150 3247
9131 2805
9190 7612
6282 9452
6041 4106
9091 6045
6753 3793
6848 2390
1827 2819
3639 1393
2373 4530
2740 1582
4526 4903
4208 2437
4725 5107
2806 7761
9076 1073
9748 5256
6842 1990
6294 1841
1659 1532
2946 5199
3905 7978
683 2034
2563 2995
4746 7982
853 1945
2110 2091
4110 2205
1776 8833
8405 9461
8964 8944
8370 4508
6420 2237
3496 1245
417 4034
3017 1672
8565 5148
3289 295
1882 8461
7930 2798
7586 1021
4803 6922
38 8268
3723 4162
6806 6461
503 5483
3913 5295
1592 2271
1315 6032
8833 7180
8894 4015
5973 3847
3764 4477
7904 58
7079 9720
3383 3296
6222 8584
7409 2810
6866 1565
428 7133
5973 601
3193 1351
2808 1189
6863 9306
3828 3869
10000 5387
5482 8819
130 1066
8868 7406
4661 4639
8427 4873
9267 9824
500 5695
2024 8226
3462 8901
9994 9379
7205 5154
8835 5076
5363 5530
6285 8996
3580 3405
6137 5535
6264 5022
3871 3331
1542 9658
7375 8878
7126 7100
7635 1641
5112 4452
5601 1788
2427 9547
9968 5492
6039 6188
9779 5934
2413 8346
4974 7319
318 2751
8671 3992
1618 6355
3939 2327
8685 4195
4240 5377
9182 8543
8457 351
193 2171
3004 2506
4632 4464
9204 9253
9542 5084
2447 7014
6419 6682
9862 7576
1708 3988
6565 3534
9419 1435
8983 9060
3335 8850
226 6440
8295 55
6000 6051
1471 6652
2835 1470
1172 569
4702 759
3380 2131
988 9209
6337 5929
2009 1564
2385 945
7274 5819
5245 2699
1434 3475
1653 6090
199 2333
7487 351
4105 8613
5227 3898
334 1180
5116 709
5484 7572
4218 4523
7037 5538
695 3222
2938 7503
4270 4934
7928 742
9185 1781
8679 5527
519 5528
1283 8686
4060 8989
4811 6362
2533 5367
9967 473
4364 4536
6121 7282
6718 8018
8187 8024
4381 7607
4651 8976
5310 1796
9742 9411
1585 1066
4219 5457
7534 8984
5529 4484
9734 9502
854 4901
5937 8579
941 9350
9159 6739
3158 7763
5139 4415
5391 7798
6548 9324
6283 9886
2395 5256
42 8135
218 3134
3713 3789
2976 4054
2923 5875
3641 620
461 5551
7069 5254
928 7881
5833 1489
696 6786
2647 9182
7331 1645
6185 7911
5967 9746
7251 2815
4215 3355
3059 3348
18 2700
129 7932
6424 4136
1812 4711
9079 8335
7540 1185
4578 7285
5501 277
2132 9118
1036 2581
6799 3752
482 3062
2300 5181
467 8049
5521 3665
4521 4680
5232 4960
6827 5230
8316 4751
6817 906
4383 5748
7104 9859
4932 5504
9502 8531
4650 3525
5709 4752
9597 5387
1966 4390
3424 6672
8997 7592
8446 4029
8119 3713
5428 8828
6409 9157
7905 6315
9368 840
7192 7025
2359 8351
4090 2896
5686 547
3813 9416
471 4389
5257 8850
659 3716
3418 7199
3377 5645
9566 1257
4352 2874
550 6683
4035 5650
3556 5533
3792 7358
6893 3307
6289 772
9453 818
5553 1469
9533 449
8229 4373
580 9371
9717 4500
4713 3178
3246 9330
8968 5694
8906 588
9494 817
2538 6925
3865 889
3882 9523
152 2641
3130 3583
7892 3095
2489 3165
8398 1917
7839 8161
5085 290
2686 1919
8569 8146
1772 997
90 1152
8744 9005
4252 7629
4112 5143
3027 1100
802 5603
8284 127
8181 796
9788 965
6105 6987
7409 3196
279 6016
9417 2656
844 8261
6308 3476
2562 1012
32 5297
2718 8992
386 4031
4039 9559
3256 2669
6186 7000
6086 4837
7248 8326
6939 8549
6887 284
7702 2437
8905 4790
7782 1512
326 2695
6261 1653
5893 2834
623 4586
8557 382
3368 2868
9385 8161
5656 7525
6807 7205
3002 2681
3304 7879
1366 6793
7340 296
3970 6300
4615 182
3190 9496
2641 7204
5706 284
2376 7038
5196 5998
3090 1719
747 5750
8586 5596
6251 3910
3704 4431
597 1101
3811 7143
5791 1600
8107 1362
300 6186
8463 5918
991 8612
9676 1740
9435 8717
7816 8746
6460 1453
8277 346
2376 2131
1423 4664
7900 6468
9625 9130
6192 9774
6947 349
9196 7740
5480 4363
8987 4293
8533 7722
8104 5044
2432 6680
1993 6597
3362 2879
9092 7160
6283 4374
715 872
9355 3433
8939 6471
3446 6734
5547 1966
4659 7687
195 8304
1388 3774
3564 6278
53 6127
3769 2550
9449 3408
2795 2318
4870 4051
4496 2336
71 7103
425 4453
2270 4262
1138 4127
3513 6826
4448 9804
7186 1288
1929 4428
5227 9816
9186 7724
9152 5813
1583 8255
5609 5696
6800 9145
5281 5969
1877 9322
7912 8649
5640 7362
245 6417
5372 3911
608 2548
5723 5942
3689 8286
9061 6711
9755 8737
8954 376
3571 5000
2299 9945
5677 3710
6334 2984
8516 3371
9009 2525
4593 6320
1898 5429
1728 27
9665 8498
3632 5686
7497 8152
8220 8346
8561 2793
1253 3021
492 6165
6915 9418
199 9161
9946 5056
8664 590
9378 4360
3400 1139
5139 4195
5381 1321
4607 6366
3890 4582
2379 6595
2116 8203
7089 2853
5333 3750
5528 4507
9778 9006
3738 7685
9599 149
2492 2524
7923 1258
4413 8910
7274 851
6281 1904
4286 48
8846 1162
3406 54
6540 4776
415 5858
9903 8065
3798 8908
8534 8415
5753 7139
6974 9398
6716 2734
4154 9096
1740 9549
2997 6731
7352 2131
3702 1612
993 9491
5731 4176
2987 1089
9246 845
4701 7233
6945 9817
3335 70
404 838
851 4849
2318 2822
4276 36
8465 7436
5433 9043
7061 7769
8164 7953
6824 8782
4113 3239
4301 7715
4195 1871
7174 7839
7906 5696
5772 5868
6627 529
6264 5177
4787 7226
9672 2823
3241 9383
4116 1028
7465 2286
97 4412
8764 5375
6455 1659
1313 6443
3823 9304
278 9810
6 4117
9846 3750
2786 1742
2085 6473
7857 1381
5687 703
5692 4867
7730 1020
4088 3985
8483 5381
746 3246
3006 4839
1761 8471
9531 4241
6577 4986
7489 7962
7283 6439
6494 9500
8714 9496
321 8964
2144 1954
9041 4553
7468 2691
2821 192
4795 4397
4461 9133
1919 9749
6312 6149
2274 3103
8235 12
8701 4802
6785 3108
2386 4028
2717 4726
1055 1500
7623 4311
8899 8505
9124 3227
9668 7076
6426 4654
4210 1751
6800 370
192 2576
5289 5124
6432 5792
4250 9232
4133 4710
1977 5245
3077 4323
1509 5788
8805 5901
2533 4895
8645 4484
439 2177
5923 9351
49 8245
866 8592
7517 3203
3064 5530
8156 9509
2293 457
4431 1322
4943 8766
9914 3566
1214 2318
4610 9901
4462 9792
6105 3901
7148 6130
7509 254
486 7803
7672 6098
4503 5954
7331 1321
8322 3782
2192 4359
5454 4760
313 5009
6670 9842
4732 8932
8673 8629
1388 9116
5368 286
2952 3624
3758 2551
1143 3888
3209 2749
3956 4182
2504 4409
7609 7541
1141 1875
2346 8681
1995 3916
3765 3411
6987 8284
2727 104
1956 4125
5555 565
940 2392
8640 8980
4280 8670
3273 654
196 7821
429 5379
1143 8916
6810 8656
7317 4875
6818 493
1089 4265
392 4377
3380 7458
4335 3622
5280 658
1287 3878
6309 9467
7747 8273
4557 8537
3292 7780
4649 142
403 2102
143 8524
4494 5861
2715 1375
6544 874
2945 5427
4782 8823
1603 7671
3476 4699
2231 6591
3737 4483
5057 6880
2785 7558
4460 6142
7605 2557
4539 1118
1101 2418
3499 5126
3085 9065
5554 2018
9195 8812
918 412
2079 3250
8994 1934
1142 6423
8777 4778
5357 9881
9151 3381
2069 8473
8427 8003
3528 3932
2313 9992
3269 4334
3657 2220
3767 8906
9684 9164
3025 4355
2506 5209
3477 7612
5181 5480
9806 6696
1106 8654
121 2948
8111 6342
8396 5429
6038 8183
8695 7568
5741 171
8099 4057
3352 1374
5767 5569
1263 6272
202 5488
98 9616
8279 8304
9186 4334
369 2322
6312 3248
7791 4524
9489 8248
1706 8679
7122 1834
9039 3875
2564 7363
3366 9956
3164 1610
5280 5625
435 2468
3403 7314
7187 737
6797 4006
8100 932
2595 1974
6959 2135
5442 4627
2242 9484
8929 9939
5937 6849
6231 4096
8763 9383
9979 2368
7487 8121
6916 6737
5151 3636
4090 2304
812 4043
4829 7659
8415 1963
6560 2897
8567 1709
4944 4423
4498 9284
6955 9147
393 1798
8971 9543
6664 2921
6233 6027
8938 4618
4354 8081
9595 1870
4841 1646
1814 9560
4953 6117
4387 4008
746 1949
374 2271
5427 8554
1498 1668
9220 2263
8700 144
2175 8285
9884 2887
159 6540
7914 2855
1768 8830
3882 9233
390 9513
3180 1922
2844 7840
4630 4522
5408 7643
7275 8844
671 5048
2688 5717
3028 5242
485 1980
2140 6367
6327 6614
459 6196
7429 3824
1611 679
2604 6721
446 5526
2390 4369
5554 6856
5436 1206
7021 4894
2009 7829
8171 6849
5494 6775
8975 8486
1526 5693
845 8180
323 3154
3994 9799
1094 7244
1912 6329
6207 2144
2013 3859
5139 6794
722 3604
1702 4212
3740 9827
6836 3347
4745 9635
589 9087
973 9938
8868 4368
2957 8286
288 9765
2850 4884
2235 111
215 7494
4921 585
1862 8271
2755 9199
4946 4404
4629 980
8937 6274
5086 2563
6177 1154
9784 2126
7518 4204
1287 1853
5008 8827
8267 6164
6220 1223
6795 6705
3106 4887
5869 4408
5284 4774
9189 539
9759 3986
3805 6096
6977 7041
2674 319
5295 1984
2666 4620
6756 2493
7764 287
2996 5536
9173 8883
4020 8889
9354 7003
7739 5595
9433 4716
4036 7646
1564 887
8359 463
9681 1733
8876 6123
1281 9449
459 6247
8603 4134
8772 399
2549 544
5886 2507
375 8165
1002 3045
4032 2381
6635 8449
3016 4779
338 6494
3820 6562
8425 4096
3540 4033
3523 4662
1009 5528
9383 2500
9050 427
4504 9099
9869 6325
8664 750
7059 1272
7781 2384
7187 1274
955 1600
9699 6507
4163 548
1446 7827
6614 5719
5177 3492
5766 861
9970 2671
6561 7168
3179 8909
5286 7789
2322 4340
8510 3665
6518 8496
8987 2004
8310 5516
2443 9736
1227 698
7622 8334
324 8867
2119 4801
1509 9759
5508 3259
8573 5842
1308 7547
5247 1322
2510 4684
6751 4203
2422 2124
1694 222
1159 3288
983 6531
8501 8047
6565 8700
3084 463
9786 8348
952 3463
9628 7287
4510 5344
288 8228
2036 5796
9206 5234
8096 7959
3763 1530
5929 7556
6309 5075
233 4204
9827 196
8394 5143
9227 719
4229 9702
1458 2085
7650 6977
560 8195
1499 3730
9301 2373
3650 4925
4608 9854
3487 7657
6603 5804
828 8428
2922 3501
4824 9660
7066 3540
3936 3822
6099 3340
6827 2899
8530 7465
1213 9530
28 5197
5048 6459
9401 1000
7463 9666
235 4818
3599 188
9651 6456
609 5524
9883 5407
3925 9656
5418 4790
1896 2593
91 8382
5623 2479
3930 224
3689 8119
4810 1892
845 6564
7168 5852
7232 3625
8848 5541
943 472
4562 4730
3328 9376
3848 4430
9947 5172
7661 7201
5510 4522
4538 3688
6896 6341
1050 4450
6749 913
1488 2835
1557 4983
1484 5052
5988 8936
5985 2011
3267 1794
16 2510
7406 159
6344 8805
1694 9337
2987 880
5931 151
8589 6016
3982 9977
9464 145
3844 6570
4400 8509
5644 9451
9089 8616
19 6456
6796 8107
9797 2435
2602 7640
9183 2830
7444 7420
4133 6322
9623 2782
3884 487
2452 7706
8748 1876
5243 5962
5855 1235
392 6653
8178 3442
171 8506
7501 9732
7496 4865
2858 1056
1025 6922
6283 3376
628 2702
8005 2882
9731 2496
6845 7370
2538 9035
7223 8032
2925 4684
7462 6600
3192 7146
1216 7257
4880 6293
1956 9121
5714 1632
2278 4990
564 4497
6168 1964
9526 1008
7436 1926
8448 9973
643 3759
3234 7228
9973 6109
7644 4283
2822 5197
1020 6887
5436 2903
2431 1098
649 2760
8501 2444
4611 7722
5886 5097
1734 6612
8725 2366
5372 7759
2876 3798
3057 3456
1934 4120
5287 3325
9758 1387
3775 7710
575 1205
4141 6635
520 584
1632 7918
6406 9376
9602 3359
6500 7551
7051 2732
3321 127
4337 8739
568 247
400 5147
8596 4663
3368 2567
9666 908
3168 581
8932 6457
4828 832
2732 9831
6532 2690
4328 6375
6963 3805
5134 7712
2604 5089
7803 3912
9691 2727
7455 2668
3093 6904
5751 1374
3179 7302
9614 3239
1129 1711
14 8903
9231 958
782 2109
678 1486
6538 8449
7401 5292
8139 9959
1939 3675
8749 2187
4747 4845
5085 3461
112 274
252 3015
998 5459
5640 4962
9449 9093
4640 7366
1639 82
9215 7275
1740 1327
653 51
725 3854
8732 2916
7700 4319
9003 6178
4366 6399
2688 2946
1855 9005
8082 2911
8013 6042
8173 5286
7077 1049
5522 9320
9712 7936
1240 3010
3197 3355
3898 4173
7162 5469
1976 7451
8126 6981
7827 6115
3111 3869
1570 1888
2289 5015
2555 5179
942 4663
97 1406
2328 7894
2725 8147
431 2400
9543 6222
899 6922
2537 3992
198 3553
9282 9598
2169 6622
5396 2737
204 7087
8252 3895
6860 8381
886 4630
1728 1420
5944 9819
9569 9157
4493 8486
9942 3138
2419 2948
4162 6775
6026 9033
2285 8835
6603 3163
4072 3237
3210 7900
4759 3501
1778 2347
1889 489
8033 9811
6619 4520
904 1993
5085 5745
6087 9214
9242 8740
9039 522
3856 2122
8124 5308
1006 8575
6247 4156
7394 7055
2471 2429
6725 1519
7368 6360
7311 7455
1963 9581
192 742
4789 3968
452 7015
3093 5791
3142 8822
255 8607
2051 296
7235 3338
546 4964
4975 1346
3587 2459
7339 6496
1354 4693
7661 6945
9938 441
3672 3088
5182 9501
584 621
926 1755
8341 665
1161 9229
2478 7143
1535 2120
1080 6974
1350 2152
2086 9324
2842 8698
2624 6698
6994 4484
5140 9598
8223 1981
5953 7354
401 7147
7643 602
3347 1981
9939 9880
8401 4020
2228 2837
5074 9642
921 473
4901 8953
7981 687
4017 1357
3800 1616
1509 4080
57 9220
5691 8233
7988 8677
7191 6230
7631 6795
220 6539
4060 1118
6871 483
1042 6259
6500 5316
4437 9836
6357 3529
1424 9422
565 3911
4225 2190
4803 9913
3713 410
8607 2632
8897 8560
9089 8729
6741 4444
7369 4173
3197 6042
7433 8963
2402 7392
652 6857
4402 1840
866 6227
8433 1459
8826 7707
2259 8303
3773 1586
383 9099
7310 6628
6539 1443
9026 3532
6487 6182
8296 8920
952 3118
8286 1512
5337 3409
7390 831
8053 911
1888 1592
787 7661
6924 5695
6755 2381
729 2202
4180 5381
9865 2623
3133 1064
5832 6636
4554 2594
3189 7445
6237 2793
8835 8927
1148 2015
3811 5893
6060 2746
8896 1194
7412 1316
8563 9316
6896 8193
9200 7669
4749 7899
7696 6772
4430 9086
4145 6019
3757 9197
3995 4990
4207 2333
4837 8499
4839 9910
218 517
550 337
870 2573
1433 1554
6882 6711
869 5411
5869 1150
2623 675
1296 7823
4150 262
3576 3677
2644 771
8027 3516
4004 4528
2124 7305
6502 8466
906 7778
2351 7019
6014 2432
7203 7594
901 5685
7445 5718
2541 5237
6659 2220
1371 9084
4470 4660
2064 1293
3541 4272
2427 8132
1233 3943
4336 5274
1034 883
628 9200
5307 7898
3175 1431
4308 6097
2709 879
3414 1468
7116 9880
9710 1811
8389 9937
8203 2608
6649 1529
218 2917
1146 9119
5891 3065
2769 7702
1437 9820
3720 9893
6448 4076
5983 1559
9625 4646
883 6311
6113 2683
6476 4775
1197 4451
8836 1570
2988 9394
7113 2209
758 4858
4974 1937
6369 1717
1937 2572
3556 3759
7294 3556
3038 2617
811 218
6359 3331
3108 4586
1136 3133
9341 6880
6915 3526
4410 9860
4763 1230
9562 2711
860 7755
5057 7963
4677 9670
2028 6810
6684 4546
5529 6364
4707 4461
7692 8526
1539 5993
4646 2967
5304 5869
4060 1022
9787 1868
5838 5428
9106 3131
540 4619
823 1901
5402 7535
7174 2450
9392 3758
4697 7782
470 5818
3067 2625
7046 8953
5969 7759
5386 8333
1102 5493
9787 8851
1783 1733
5139 8226
2678 3098
9695 3053
3244 3269
2915 8670
5714 5802
3945 1727
5265 2145
9586 9875
6342 1238
9524 6528
3154 2393
8971 8950
4065 9278
7868 5400
2069 6493
1162 8721
5141 3809
2448 6133
8898 5998
2475 6187
2676 7661
3576 4061
6155 8749
4562 8216
3838 197
6294 3733
1200 17
3189 2024
5514 9983
8247 3227
7059 5649
8105 5437
5702 1211
2515 6622
3989 6178
2467 2266
6622 9736
1153 9977
9202 2607
6166 2277
3550 3310
3021 1336
1457 404
2119 5
4968 5659
4937 438
8325 7232
6853 3785
120 7189
1339 4633
5864 1091
7178 961
5438 5243
2712 7746
5849 9390
7736 5181
2089 8130
3896 2818
3823 7454
3064 216
4473 2372
4710 2526
3402 2058
2429 8638
4515 168
3631 1414
8929 1641
3251 4601
2300 5154
3679 5947
2338 1496
4677 1898
3455 2077
2431 3840
6918 6117
6066 3649
5408 2035
4456 766
728 300
8231 6145
1784 871
2231 1377
6031 9082
5883 6295
5865 8914
3124 7461
7613 1765
7052 6432
6228 1851
9242 3647
3870 2747
2506 8601
694 2709
3467 6353
3185 9355
7457 948
4422 7501
9476 4290
6259 9412
6678 5298
6555 3202
8460 5438
7462 8456
2116 4200
3139 1725
7603 4167
3587 5436
1516 8392
7274 739
676 2455
4446 8387
3376 5991
9780 4732
6041 1002
3177 4482
5998 8757
7930 6210
340 2562
8291 452
9965 612
9197 78
3139 3993
3980 7568
5044 1049
5576 7257
3893 2955
5087 4139
1337 5184
341 9988
232 6642
1830 8137
8386 7394
889 7181
1638 4735
9331 2195
5469 1392
9889 9375
8384 6028
3427 3485
4993 1036
7259 9876
2151 801
9568 5511
9983 1575
4676 6903
7202 2269
8039 7999
2517 6455
569 6760
1224 5727
8542 6978
1955 487
8589 1107
7678 1229
2427 5787
7275 5225
3878 1195
3389 9364
4223 6500
6142 8974
1692 8954
8501 4831
9030 7826
2869 1287
5694 8726
6163 7780
5707 9802
9004 4956
9298 8579
9435 6265
6645 6514
9466 7212
1402 729
7621 5710
6730 6798
4879 8630
7742 4577
2747 9954
6854 8003
495 3575
8422 3335
3788 2327
2457 1782
2092 9042
1067 4293
6775 4231
5225 3941
7540 765
8090 3888
6513 810
8680 7651
2462 3299
1723 5813
4061 5086
3467 4031
5918 6053
4395 4029
7738 5181
3645 2452
8502 839
3964 9773
5530 579
4318 9612
6280 5792
8583 4698
121 4372
110 8899
1072 3740
1703 1431
9288 3651
5739 2916
7223 9398
8066 9827
8327 7323
1425 2248
4540 2991
9365 3946
1244 5081
9063 9841
4203 4388
