7600
55259108
8645 2574
4575 6609
5435 3034
2393 194
8013 1621
7616 2409
1660 2829
7124 1244
7996 8155
1612 5870
8612 610
2961 9693
4120 8518
1353 6333
6717 9211
2560 1429
8620 4253
5462 683
1981 6190
5721 3177
4913 999
6197 3374
4779 493
7009 2516
3752 186
3815 9189
5724 7849
9671 9840
2642 8907
2239 747
1934 5913
779 1224
484 2257
3948 996
6438 6422
7094 1113
6483 2296
1997 9797
2624 3638
2990 4507
9983 8931
6517 1505
8072 6567
1973 2440
8855 6774
5 494
5628 4409
5023 6601
4878 8775
2811 8348
338 6059
7019 1429
6008 597
8583 3841
3669 6741
3534 6031
1851 3039
6872 77
3607 2522
4176 4174
2972 2180
7091 5809
2284 5776
9610 5213
4286 6549
1225 6525
7922 6519
232 130
8299 6265
2407 4998
5175 5527
983 8187
5391 8379
2742 8148
1319 7299
7236 4755
3664 9489
6625 7803
3561 3429
6574 301
3120 7550
7281 6385
9443 2152
4100 8789
7805 4854
1234 5819
3085 7497
318 5848
1816 4025
9885 468
4052 676
6935 3725
4668 9427
9858 9733
878 5901
729 7695
2563 3388
5207 4860
3591 967
1832 897
8484 6482
1835 9909
2341 8950
9367 9915
337 7014
115 4252
9787 7084
3215 5863
3566 6952
5983 7112
2283 4575
8756 5494
4246 3991
3049 5381
3287 4793
3603 6466
8921 7904
9386 5911
650 4677
1560 1199
4362 5342
337 9847
5537 9769
4657 4897
464 1239
1045 4260
856 8496
7994 7710
8526 1234
3786 7081
6050 9109
1631 3946
1477 934
1591 9884
7602 5981
2787 9139
953 866
3957 6003
750 78
8643 5620
1282 2587
3591 4538
4036 4417
581 5208
5657 6281
1490 2454
7429 8624
4101 5909
3267 281
1276 5811
8915 575
775 8199
6158 26
9991 5987
4440 946
6363 574
8797 5616
8968 6394
2739 8292
2068 3480
4032 8854
7200 5247
3172 6653
6882 8810
3844 1976
4197 2076
6502 7274
9480 1515
3362 1280
1650 768
9148 8993
6025 4781
2723 7180
5598 3677
7544 739
4607 6222
5677 9473
1533 6899
6554 4792
7848 8960
9499 8663
3043 5205
9782 4253
2063 7608
2638 2484
8176 4091
204 9453
3148 4086
4537 5465
8098 8345
8905 6409
8602 6689
9380 9397
8321 4512
7547 2949
227 8136
5513 2293
1316 9513
8534 6185
8425 377
9055 1126
7083 7519
519 6721
8052 2882
6666 4347
1491 8367
3146 7900
733 1306
8882 9864
3067 2552
274 7703
4031 1822
6619 7201
3965 6726
8026 4975
3411 7121
5995 6983
7786 6173
1990 6580
4167 4604
6558 5311
8321 8899
1453 5616
7067 4644
9719 2633
6427 4238
4761 3096
4183 3403
8878 9279
1739 9086
886 3534
7255 7802
2541 2812
9221 4295
763 7451
9561 7778
1402 9771
7421 2190
4870 9171
2246 4414
9267 7023
2960 4822
6532 5711
3360 6844
688 6426
357 8365
5169 3213
790 6594
783 3470
9909 4192
9056 6347
4168 8098
4897 500
9666 1481
3070 1790
5711 1528
8252 1854
1795 7537
2906 1239
9459 5712
4141 6304
9994 8227
5002 4223
3902 8187
4924 5415
7267 4524
8455 7177
5822 5138
548 7639
7669 9256
3508 921
7052 2799
4563 5113
494 3504
616 1128
6133 9326
6614 3337
331 3544
2234 2390
4325 819
5386 2043
1597 2094
7429 1485
7871 5920
3018 3680
2916 6348
3322 5697
2695 3414
9602 1265
7587 8409
8127 2871
1674 1813
3037 741
9878 4151
3364 6102
6485 3840
1954 7448
1420 3498
6469 6993
2791 5543
9993 2325
4378 4160
4896 6228
7900 2894
4743 373
41 4476
9669 9811
8856 8509
9215 2863
738 146
9674 7680
9934 4226
4706 1696
914 4610
4098 5822
734 2404
8023 6845
8321 717
7290 7054
8696 6684
1526 2538
8571 4271
27 460
5669 4621
5849 3289
4563 1727
1343 9160
2291 847
814 4246
3694 2944
1389 4341
5582 5609
1069 140
4624 4788
4438 5165
9604 32
3063 4559
4998 6252
8933 7038
9675 4858
4136 5679
4860 4807
8045 4702
9224 7744
1456 585
3305 1898
1381 2193
8620 3573
5360 1465
8544 6617
4640 2495
8531 7537
7004 4703
9243 8704
616 3944
4581 9071
8581 1114
4210 7326
6744 4521
9854 8747
9594 2722
920 4384
9111 8536
5129 6704
2281 8116
3564 4839
2489 2195
8222 8310
5106 7600
8545 349
8223 1738
1385 1174
7247 8343
6807 6825
1025 9497
4790 5179
1446 311
6092 3249
4746 1438
5472 5726
8222 5403
6773 2688
356 1053
953 368
8672 9219
4373 7199
9351 770
9089 6713
4595 7035
1184 3535
9674 1067
8247 7014
8691 1934
4324 8630
8445 662
7145 8995
9757 9344
9029 126
5628 2412
3158 2907
612 5619
522 8211
9908 5001
3387 7608
8579 945
2625 882
8037 2918
2689 2422
5741 1074
3726 7823
4099 3553
1083 3976
7531 7965
9316 4373
8252 6832
1920 1398
6101 9265
5094 5550
2888 1081
5076 4308
8840 5247
7185 8693
7975 3819
9180 5005
8418 497
3609 8637
319 4522
2950 1494
3675 4913
5146 2084
7068 1622
8516 115
8447 8892
4209 3778
5748 2879
3168 2191
7634 7635
1126 1684
1012 2046
5767 198
502 7369
3366 8868
7224 965
7188 3028
6553 1854
25 4889
6275 1382
9356 4515
4584 4978
4110 3301
6630 2626
2966 4755
6248 9416
6995 5801
7272 8629
1066 3459
278 3656
876 4010
9002 7635
3758 8733
3534 5668
6316 1653
7147 1886
2043 7937
4731 8050
9556 2549
4264 9605
8467 510
7809 7125
5926 1739
8817 6209
3083 5691
4025 5798
1361 8524
2457 9609
1834 8167
6121 1672
4343 4962
2414 6429
5072 1389
9574 3106
600 9681
9027 6436
5608 7068
9465 1278
312 8679
7593 230
6219 1799
9963 2744
8311 9532
108 8643
3081 7369
5106 2554
714 3259
856 6482
3307 5091
4006 5469
7250 2489
8021 2361
3884 4141
967 7761
6612 40
3134 4679
2708 3790
4104 9891
8095 4625
8362 2666
249 2413
8137 3834
9559 1295
7733 5778
134 9064
8399 4571
293 3469
6316 9217
2802 6725
6942 246
2008 97
6908 9851
2211 2080
790 341
4760 4277
4502 468
1183 1526
8852 21
2309 4898
7857 5000
3292 5747
8997 5740
5261 5192
8517 3300
72 7467
585 8206
3114 2470
1799 1958
1912 6638
1744 2784
1744 5387
5730 1155
730 4059
7132 2108
1285 8433
5281 1157
7071 6361
2209 5617
8781 9279
7451 7196
273 7043
2521 6800
7848 5185
3440 7902
8982 2326
1185 226
6513 3242
3067 7764
4867 5418
5964 6055
7916 2740
1229 899
8817 3538
4780 6148
4382 4998
3430 9147
7899 939
3854 5670
3570 8002
8822 2153
683 6091
5834 1098
9438 6508
992 4860
5965 3218
2206 5226
3432 2274
8180 5180
6678 9820
3135 5637
7347 2741
1562 6755
7009 6630
9737 1132
190 3303
5763 6588
4377 8105
2126 2163
6957 6415
315 6751
878 6772
9962 2861
8307 6445
1589 576
2913 6244
7178 4424
6786 470
6785 9303
4143 6801
6805 2575
5574 3533
582 6435
7023 4553
6812 5499
4244 2312
8750 7343
1649 8172
2650 1710
2885 5525
8215 3090
6798 2669
876 4555
3493 1585
7232 640
1080 193
9161 9991
1849 3584
4245 9416
5007 7427
8656 7192
4425 8528
4338 9816
3553 4750
7411 7133
6143 6315
8581 6523
5601 255
7073 5702
8281 3084
5944 4750
647 6081
4873 7544
9430 3823
7634 4424
9296 1642
2156 3689
5442 6713
3564 8320
7521 8920
4529 7126
7362 2083
5190 7169
9736 3853
6903 9603
1208 3537
3827 1994
7464 140
5991 5658
2332 4208
5100 9029
9561 6359
4327 4174
5514 2941
7959 1144
5804 5515
9669 3016
1719 656
5156 2919
5393 3024
8559 8382
7767 3065
1899 9442
8790 5693
110 1942
3270 5556
1096 1557
752 3168
2156 4652
3735 9708
8786 2766
8504 8397
8527 8849
8682 5253
6987 8544
9838 705
245 3342
8203 2265
8544 2705
9235 7708
7064 4433
1804 4333
5532 8207
9996 4008
4710 7007
1525 4739
4520 6561
224 7159
6893 8702
2677 4589
8228 1012
4805 6780
4429 7489
8231 6064
7600 9520
9996 5037
4385 3324
9353 884
1612 280
8054 3297
7385 3260
8169 9198
6986 1786
3093 7906
3802 7843
7015 1286
7643 7905
4636 9236
7885 7699
7765 1438
1370 1301
3638 257
902 7832
3895 2605
7046 4718
9367 7655
6365 1790
89 4886
6962 6422
1950 2606
3179 3527
4250 9989
2835 8096
8732 5273
3976 9267
2951 2268
7546 1913
5977 817
4166 9613
8500 7789
8637 8153
1495 5085
1535 7108
9720 5567
9656 1810
70 6180
5144 7238
1866 1337
698 2190
9348 4317
8565 8531
1893 2343
3642 5318
9826 1954
8224 2823
497 7810
3291 164
3534 5306
2186 8691
9815 8386
5232 1880
7060 3173
6367 1908
5601 5562
2588 9102
9384 9280
7287 139
5835 4594
5161 7752
7720 3394
6752 3284
784 4124
2989 3006
4857 3761
6720 3076
4656 2680
8623 3523
5942 6497
2036 6965
3663 2480
80 3786
7237 8626
9298 3792
1882 7603
7332 5306
3503 1491
9503 1523
1756 9934
2053 5974
5625 6534
9985 3536
3612 6314
5967 8978
1751 2540
3560 787
2680 4480
7423 2728
4285 8378
8276 7279
8271 6729
8716 8271
1583 9872
8398 1264
8005 9011
4950 2005
9935 7026
2087 6995
7087 875
8602 6699
8842 6685
6528 3755
3693 3610
7851 2958
8122 2278
1343 8774
331 5626
8594 8586
5379 7705
5503 3473
3433 4872
6340 6455
5108 5262
4389 1193
9528 16
1969 5868
7233 337
4381 7311
6406 9893
9091 6025
255 5618
5625 1521
7325 9733
7801 5029
117 9234
2992 7156
2920 496
2695 7607
5385 9368
1953 6174
5785 4273
3883 7545
1180 4254
2395 3417
5326 3415
9720 562
8598 4731
9701 1165
4650 7916
236 670
8407 7794
5948 5644
637 1476
6671 8915
5928 7568
1389 9577
6697 9723
4837 3445
1081 851
9743 2468
1060 9293
3951 7254
9975 2990
1396 4316
473 8616
3816 5279
7013 6460
1327 9939
3753 3492
9435 8658
5890 6229
5420 7805
7040 9702
7397 9067
4929 344
9238 3637
1733 4378
7159 1069
241 3452
7793 4559
1119 5751
6494 722
8430 1774
4030 8150
6170 4748
1457 4275
1793 7058
5302 9080
4929 2353
4782 1481
1981 4039
4533 2543
5375 5832
1580 1384
7079 6012
966 6937
7945 6148
4137 1066
4739 8166
6006 3807
1684 414
7339 2855
9966 3346
5475 395
7452 9941
3899 3240
3858 2789
3638 1015
7023 7070
3241 9039
8239 269
6742 9976
148 5134
2934 3298
183 2224
2561 7757
2752 1206
3965 9987
7802 1032
8288 376
3077 3084
895 5328
7856 8845
2102 3688
5652 6905
5563 5945
4965 4875
6773 7148
7433 7657
2223 9412
4885 5851
3830 7359
7811 4255
874 6790
1698 9292
4684 5258
5713 1608
4440 8518
3467 4134
2491 8244
3313 2200
8758 3965
2584 3096
3208 2930
723 6201
3443 4024
8108 1302
2452 5375
6705 5630
346 6703
2597 2043
7109 4953
5502 1725
8657 6590
4426 7545
5479 3887
4917 6442
7382 8692
2240 4717
5897 4058
4583 6941
6319 380
2844 4069
6126 5713
5113 5813
2093 1993
6429 6079
3802 1708
1789 9302
8259 6490
5078 9023
7289 7556
8663 2261
3136 5809
7973 7504
5059 8150
6447 1893
9355 7179
4734 7174
3930 7614
6912 2836
9218 7579
9288 5584
4814 157
3908 8342
8739 9609
2392 9489
3598 4774
9444 4014
2650 5195
2658 6057
1665 8185
814 6809
6321 8142
2076 4589
9527 7086
270 2615
9850 9514
7500 5314
1210 699
9055 4441
1183 8637
5339 2244
5546 4071
2713 1434
7526 6165
198 4923
5044 558
1516 3745
3725 8519
9160 7151
3957 9177
5980 6551
5288 4048
1820 5508
8669 2640
1091 6690
7220 9001
285 347
5633 4672
5187 421
4755 2428
7491 4103
8849 3804
7370 9832
9465 3111
8324 2951
4158 4039
624 9009
8039 7541
7827 6993
6044 5470
182 8166
5436 15
4118 7383
7662 7204
8677 3292
4882 3360
875 8670
7564 3118
7589 2073
1059 5751
6185 2168
649 3227
3907 6452
9348 9620
2275 4953
8190 1145
6804 7796
1220 4193
7793 5378
1605 7653
8581 1781
711 8811
5972 4875
7180 2754
6498 8997
5545 3551
6736 8363
8393 3683
2253 2595
6508 9899
5162 3218
6337 6227
5056 8983
5251 3787
8292 9971
5415 624
6597 3448
5552 7006
6422 7175
5206 1904
597 6030
4178 6123
6631 9513
3665 8175
2390 5151
6060 5879
617 8428
9669 1833
2366 8068
5633 5148
3646 1411
1965 976
4711 1304
8231 974
8612 119
5547 1010
7120 6483
9786 4502
2920 4873
2988 6218
4210 510
6527 8665
1574 5724
5246 5576
2068 78
4 4802
2897 2893
1270 3792
134 9704
7851 725
6790 855
9576 9923
2990 2996
4153 1013
2123 749
8638 4978
6396 8704
3437 7836
6471 2270
4414 3593
8050 4665
769 2280
8980 2711
9021 713
1977 6006
7142 9834
5403 7324
8205 1031
8669 4314
3333 8995
2658 2848
6051 5651
5473 9682
7875 2601
7340 2983
4555 5239
9567 8894
6638 983
1529 5327
4181 2125
9859 8897
3144 4712
8904 6629
4431 8715
5519 4999
4746 6460
3979 6254
2932 8910
720 2907
6258 5649
399 2429
8487 1760
833 2221
6744 2025
9548 9638
7430 9153
7845 1972
7006 1246
1608 6967
2770 2466
1576 6918
1653 8345
6472 918
8499 8384
2806 7924
7420 1023
6850 9836
4861 9394
6314 9020
1377 2395
6155 1062
3481 5529
4889 6862
7398 8189
9366 680
4612 8121
9945 5772
5785 3701
6796 2420
6651 9345
2971 8292
4468 7174
1559 7927
6024 7430
7731 3298
685 7203
2535 8597
1456 8867
3818 915
2464 6635
2799 9675
8543 1347
1880 9809
3190 3040
2854 3477
5813 8835
5872 6271
9751 7642
5372 3686
1626 8867
5873 2048
6726 9004
7518 9535
8339 8715
5683 1836
8222 8585
4009 724
8933 6489
6038 1872
8513 6220
6330 1693
6421 470
9006 6886
4197 716
8628 1681
4136 5033
1097 2043
9687 7050
6921 3401
4700 6880
6441 6869
2842 1200
2989 5458
2101 7757
81 1086
5886 2804
5308 2347
1761 553
4555 9584
76 7414
9988 5540
4130 5931
441 952
190 595
7352 7511
8956 8855
8829 9090
5881 1118
119 1171
7518 8162
2436 8619
7155 9018
4401 3639
9259 2182
8331 6675
2850 4413
8587 573
5565 9629
1545 769
9799 1624
7370 6940
7578 6610
8987 1134
6724 9693
5372 5981
9227 2048
5790 2949
5764 619
5881 9309
7077 4820
816 258
1811 5812
4810 2421
677 5073
4636 305
6503 8909
2442 8183
7103 179
81 854
5869 7946
1103 1691
1289 3836
9297 7929
6140 4993
2231 1550
1808 3460
6401 2602
8025 7510
8606 9700
2588 7305
9929 8742
2899 2507
4366 3133
5682 452
4501 9014
2750 9050
8896 6940
8614 7082
2948 9023
3939 6882
5438 4043
4750 1676
7431 8227
2399 6326
6311 3367
593 2837
4281 9373
8481 9646
7937 7118
1208 1223
6530 3746
6765 9407
4335 1162
4824 6558
7523 1660
6567 364
222 7574
8087 2803
2285 1228
441 3511
9499 8008
9945 2645
5152 3205
5136 3846
2743 8692
2419 2059
1663 966
2893 4954
7832 265
2626 9885
1059 3954
1039 4962
4136 5509
693 18
693 7052
3949 1033
1331 9373
274 1292
5536 3515
3827 7003
2241 4833
2779 4250
9758 535
2852 4906
1232 5513
1693 7501
7070 4258
1244 7350
8 358
81 1483
8681 3677
7673 4179
7238 7899
2653 6739
6062 4099
3135 1071
4138 1825
5659 9789
5243 7873
3099 4211
9321 1567
9169 5442
7110 7662
8993 6328
429 2714
1558 3917
7300 7342
3698 881
1734 4242
6494 4369
9138 3910
9318 5688
3300 1462
424 7576
8693 8787
576 8329
3188 4624
4966 2940
241 2511
5136 5794
7292 1073
813 1980
8238 2337
19 4032
112 9021
3272 8294
1583 1177
2473 3754
7978 1755
2258 7681
5464 292
6271 2010
7361 7995
360 1925
182 5976
5079 3905
82 8757
6690 5217
4994 4870
2733 4454
8820 4841
2798 9180
3174 8468
9908 3219
7794 5204
4655 8111
5593 518
581 9424
6209 2520
7373 3804
490 7313
7786 3862
6743 8932
3244 180
9275 3359
6798 5559
8615 9778
603 7303
6387 24
5042 8200
5436 9062
6188 3043
5780 8616
7532 8438
5324 9809
4764 1506
6617 4341
3843 124
6144 3034
289 204
8974 6010
929 9408
2898 7307
5229 1876
8404 3736
3739 7427
1419 8869
7552 1220
2207 7019
7159 5650
3236 4779
7422 7405
1377 5626
7713 6598
9482 3717
6978 7793
181 6646
9697 6602
7632 362
5280 722
6810 4678
9162 6231
2040 9961
1187 5550
9926 9652
8366 8476
8450 2540
2537 5148
4859 9655
3841 1100
1827 7385
7483 4557
8434 8474
7716 8653
9594 2475
9451 1729
5116 1821
6315 8669
1195 7640
9742 9596
376 8532
335 201
3898 2001
2012 6297
1691 2622
8254 182
8128 198
4604 2264
3764 1259
1506 8563
8979 7851
636 9844
3770 605
5953 5222
4273 5077
5581 5504
8851 7084
6594 665
4929 2767
921 9295
2987 4174
5895 534
4725 5599
2450 6640
8970 9867
2304 861
4811 4003
2987 8538
4880 1050
9382 4387
4459 7136
8303 5627
2917 2358
7934 9566
1565 7931
3361 360
3808 4152
3792 6558
9502 1113
4662 1468
4402 6961
8596 7683
9868 1470
9237 1727
1144 3489
6899 522
4408 7396
9047 7155
9495 5228
6429 2690
4761 2642
7718 6264
5000 8848
3400 8477
5021 7579
166 2785
2122 3766
3995 1621
2331 4057
5167 571
9514 9449
616 4783
6742 3558
6669 4112
4260 5024
5381 927
4443 8556
9515 932
292 8294
1925 8447
6601 2742
7708 4557
4214 659
2032 5848
3009 2842
6898 6750
382 9442
3161 2956
3729 9878
9006 4962
4571 2470
8307 4624
8080 8433
5045 71
138 870
789 5920
2441 4089
8849 9372
9469 1098
858 7688
8910 670
9112 6270
7533 901
1126 8216
4541 1706
3975 6603
7322 5633
191 5844
5459 6631
5498 3996
5823 1299
8121 2468
1245 7078
230 9686
7393 1449
2847 4119
362 7286
9157 1403
7361 180
2760 5146
790 3705
4226 8305
2565 75
8072 9091
6689 2131
7461 2210
7129 8543
769 1958
2584 9338
95 8216
3805 4281
4887 1999
2419 2552
5537 4519
2489 769
2633 7169
4754 1708
4294 7244
3822 6383
7880 7842
8975 70
7252 6533
690 1469
4968 3070
1754 5434
2487 3854
4709 2327
9856 3578
953 6168
5192 1216
8104 88
4250 6131
4272 5172
4566 1005
2113 4325
856 1433
3669 4228
3732 543
4072 6734
875 8754
9656 3354
7835 9986
8552 1041
9597 5295
3267 8965
8670 3003
5881 9757
9365 6007
4093 2941
952 8031
8347 6309
7641 4146
3778 3133
6477 9025
9273 2841
9441 4525
2120 1744
7737 5992
4302 8833
6304 1518
9450 3358
4194 8833
7032 2333
3649 9757
5495 9634
96 9539
750 6778
1538 3315
191 1521
411 9554
2472 5103
5073 7530
5131 7456
8858 417
3536 5839
5519 7189
8957 3572
3218 1577
2866 569
5253 627
7475 8871
2346 5825
2803 4790
2643 2304
2814 8338
6934 3087
8499 8638
6141 8573
3917 7981
1459 3665
6585 4572
5859 2401
2901 3839
6665 9460
6951 4976
2063 6803
4102 1954
8281 4630
9567 9882
4960 323
684 5877
251 2187
3148 4474
3760 8109
2966 2448
9781 5437
1225 3683
6762 2767
6629 5653
7047 3253
5098 4003
4813 6243
5062 1886
8670 2828
6568 4366
8901 3547
7274 4308
5366 9261
3906 3159
8591 9751
6865 3630
9610 3419
9056 6591
7845 9381
3898 7273
580 602
8892 9794
8744 9338
7097 6396
2993 7626
6650 9596
3617 4859
8042 8074
3513 9742
386 8336
2030 2255
7169 5592
4527 7321
8500 3191
7889 7744
8083 1886
8046 8096
7429 6721
8403 6611
2923 4196
7689 7500
911 8439
9575 332
5257 2861
5831 2540
4946 3819
6196 2617
631 1485
1758 1298
5266 5636
6419 3612
2465 5359
6586 8491
4328 7557
2811 1476
1953 7096
153 7433
6233 1600
9601 3577
8091 4082
376 9907
793 8701
4957 3912
7204 9059
3818 3769
2456 5967
29 1550
903 921
4048 3745
9236 8980
5991 8154
9347 9594
5299 544
3523 4407
5201 2603
7394 8499
1607 4280
4846 4747
499 2041
9945 6846
7603 4906
5739 7965
1622 9148
3619 2943
7095 4820
7181 8401
9037 1122
8322 9406
8806 5680
1633 9589
1353 2473
1923 6380
6787 8142
5483 8520
536 5980
9970 4205
4826 8004
4704 1128
3879 9025
3444 8194
6713 8679
2620 5140
9251 2048
5359 1682
4244 4823
2000 817
8669 8348
4279 9818
5492 5320
9111 4374
5934 439
903 2395
4455 8452
898 7101
7164 289
460 4939
5762 828
1136 3806
1151 6187
9753 1476
105 831
1413 6674
1802 6258
5920 9288
7091 2390
6814 935
7169 7268
4083 9408
5214 9004
1544 5111
3215 3058
8238 2572
2444 7839
533 4416
6660 1510
4359 2778
3282 1840
499 5435
2793 3926
8598 6535
5178 9285
288 9929
9697 1289
3088 156
3800 9870
9605 2688
7976 6635
1700 5875
8983 9263
594 1945
7897 466
9824 9157
3917 9573
5031 6587
4173 5007
5381 215
1954 2126
693 1597
7856 3713
1309 3803
3116 655
8563 2817
2759 7539
7647 7924
4127 6469
854 3375
3020 5687
9738 4456
3967 9680
62 7246
7237 4747
9902 3040
1395 7634
615 9959
4731 7720
9065 9300
8076 4360
1128 3021
5894 3076
2387 5395
5661 9180
6834 1839
9022 2991
6596 7829
1305 1371
5931 5719
5853 2877
2766 3383
8652 7002
8950 6404
4271 7525
6165 994
8347 4449
8175 4330
7470 1739
9078 7760
3021 9870
2114 1835
1520 756
8922 4025
8058 5776
9608 7895
3769 2003
1041 3177
4371 3215
6414 2821
5509 4411
5728 176
8231 542
7878 5877
9677 2323
8044 8324
1885 7494
3091 3241
1908 1191
4894 5591
1404 8152
8332 7547
8855 6252
8999 6115
4003 8790
1420 7290
8534 5494
8395 9644
9267 7020
9943 5689
2236 7098
2421 8572
1824 2610
8264 379
2021 2762
9094 6289
3681 7202
3892 9772
3949 3869
1173 8924
4726 576
6356 5647
7364 3776
753 4869
711 3636
110 156
3871 6405
613 2913
2333 3884
2122 2389
8734 8204
4846 8224
273 4790
5882 1459
4156 5402
7683 9821
8169 4751
9827 4220
7906 7680
3581 2642
8432 5577
585 8873
1237 2229
2688 4707
2119 2814
2549 964
6631 3436
8069 6719
6383 192
4373 8852
9516 3715
9285 3446
1260 2409
3175 7333
2934 4295
7478 9500
7372 4588
9395 4551
7563 1663
7614 4757
8213 3247
7994 2027
6696 7337
1843 5074
2448 6565
9139 6440
9804 5678
4737 6037
3490 2521
6821 4992
4936 6883
8383 8369
712 3193
8637 7147
3221 6442
3856 1390
97 6526
6434 8298
2294 9332
465 1901
6148 5019
6912 5379
2313 4713
2472 2337
7123 4495
4372 2627
892 2062
970 9987
8492 7598
9665 5579
7178 5164
7027 9127
7276 6499
6351 8692
4677 6699
957 877
1987 6000
7038 3872
5797 2088
9366 1831
6777 4799
2274 9930
7931 7551
3118 1769
9064 2921
348 1954
7640 5232
3714 5224
4525 2694
3289 9345
4377 9039
2466 9282
4871 3902
6713 9330
1098 6838
5910 9196
5152 6410
6603 4447
3085 2745
6386 2996
6775 9949
442 8580
3528 7240
4155 7913
5875 8088
8000 8498
3771 2463
9820 6076
4752 5078
5962 9601
9857 1994
9027 6858
2127 246
5563 6123
4555 2390
6766 5345
8193 944
3796 4412
9975 9583
8552 5971
4525 7551
4950 3416
7035 9966
1571 941
7177 8330
1004 4532
1176 6651
9681 4863
7155 804
1140 3031
4586 190
9940 2362
7493 453
246 3393
8759 8401
4901 351
4799 9540
5064 821
7336 210
6629 7320
8059 8118
2258 6558
58 8877
5437 6920
7152 8191
3878 1670
4448 4044
9440 9811
324 9758
8739 3023
3356 6568
4287 3414
5297 6779
3165 9179
5570 9264
9212 6427
7431 4295
7082 554
5690 8405
228 5693
7067 8850
2297 1565
9303 2402
5523 2124
224 2084
6255 1329
7627 6887
2813 8489
9801 1876
9665 1588
9927 5834
3504 3987
1990 3909
9188 6383
159 3
9870 5276
8063 6375
1648 1885
4637 8876
8169 6275
4686 8898
4960 9679
2189 5823
3749 9126
4057 5715
9651 6090
7863 6652
1342 1518
712 4598
6311 8939
7225 807
6297 4519
4780 4480
694 5137
729 1837
3189 8294
2944 3273
1355 6669
1378 4988
1332 1922
9699 8274
5411 4579
3991 7022
4781 5802
9142 4042
3277 2345
7320 6741
8850 5032
8914 744
8875 2571
4872 6288
7150 9107
8 1423
6628 2402
8136 6587
8391 8334
4839 6211
3307 8455
7728 4431
3285 1646
1083 3798
6808 1570
3420 5825
5617 2741
823 7691
8122 8560
646 4875
2555 7517
6707 737
9411 8746
6449 5088
9411 8683
2333 2612
4140 6748
9056 4772
1844 7193
4505 1173
781 4710
9321 274
1837 9022
293 3592
4879 3714
8018 3129
3034 2780
8078 20
19 1312
9811 6211
9939 6577
1078 6180
9210 2024
4479 5311
7198 6660
298 9266
5073 2800
3851 692
7773 3817
9470 1270
1367 9346
7011 6448
5898 3008
5880 3739
6128 7178
799 961
9643 7221
4402 7628
6208 2910
3892 9062
7726 7604
9253 3217
2556 8832
9662 652
8101 1171
7252 9466
2892 7460
3703 170
1873 5061
2114 3374
5925 9942
3840 242
1127 5015
2126 4984
5188 6144
8093 3755
497 4661
7409 5548
4653 5745
8690 6742
7052 416
2084 8304
5827 1122
6048 5797
8654 2274
9127 5000
7993 1854
8412 1215
5478 6797
650 5305
3039 2679
7677 2727
5188 7667
9401 5081
2796 8571
58 276
5938 1196
7243 6132
8969 6098
4091 6720
8745 2246
2076 6234
7935 3012
8644 2377
4998 2006
3805 6768
4792 6825
2679 5172
9157 97
6954 5187
3639 9502
5790 4146
6467 513
1414 9669
507 1575
5771 6864
7595 1623
1959 8943
8289 4850
5440 401
9757 7147
3984 8547
8508 5886
5780 5355
697 3757
5392 4239
7136 1521
883 5355
5167 4743
1859 9084
6517 2593
6229 7174
1072 4792
959 6979
4730 4008
3126 8471
1225 4638
3415 529
9750 3588
5744 7976
5278 8749
3919 579
6941 9303
107 4018
8773 9037
3270 5599
5950 2767
6094 4616
4445 8586
7978 4955
5197 6799
3284 6752
3986 1621
6252 8965
1520 7312
6558 8632
691 7316
5252 9870
2020 8149
340 2187
7062 472
3896 8891
5413 5275
8292 1706
1310 3950
628 9013
2335 4718
3611 3547
2279 3553
480 2757
9824 1967
3795 5897
4211 1311
6586 2692
2048 2474
5865 3252
2409 156
2084 6431
669 9077
9566 157
686 5510
8788 6464
7113 9543
7360 8926
437 2041
9800 2993
304 4376
4952 5013
4476 2383
6060 6993
2126 7680
6769 771
4049 8967
8086 2152
6166 269
1452 5740
9709 5178
1508 7347
6439 6349
8414 2444
8737 8479
7335 7791
104 4455
5773 8905
2625 252
2859 4922
5413 4138
6271 5701
8438 2028
7326 6112
7301 6373
6734 2114
6216 9397
1008 3135
632 7484
4018 7593
3878 7742
4071 4916
4954 312
5618 3579
8034 8689
7762 4533
5585 9905
4340 3560
5956 8511
8371 5643
7941 6091
6322 7583
1815 9472
6829 9195
2562 1479
9789 1739
8189 4046
9672 5925
7931 2547
7005 8979
4374 7395
5824 8756
9080 3586
8879 3834
8420 1073
5889 4714
4452 2969
2513 6945
977 8472
1806 38
2368 8519
9649 7814
7165 3886
776 4661
1045 1257
6455 1389
7393 9142
2373 7749
2869 4951
6026 5792
5227 5099
9849 7564
7325 2663
2874 4291
2135 1657
6506 7757
1526 3813
7668 5748
8954 5328
1396 6897
1048 2154
6119 2425
715 5341
7797 5843
1650 4972
7601 1589
3481 1649
2973 8219
2849 5471
3425 386
1159 5732
6357 9138
5251 5029
7612 1188
4879 5557
2672 7411
1271 896
3885 5368
1336 3419
3707 8644
900 5670
9608 8650
4158 4405
3541 2096
7671 6910
3400 4936
7225 652
7477 2014
1466 9184
905 5725
6957 8622
7537 4610
5300 6802
6627 2583
6870 3479
3477 5408
9813 4093
1674 516
5508 7136
7194 6507
2865 5316
8032 2359
6313 314
4049 8493
4607 6981
3239 1502
9752 3905
9208 635
9660 3506
945 8998
7492 3840
5821 295
776 5038
2037 8008
6485 3824
3683 3490
1994 2726
2318 9237
9721 3746
4924 7572
4188 7742
7427 3618
736 7590
7919 6721
5492 1413
7766 6308
3878 3485
2642 9815
5561 87
4270 2118
2540 8102
1272 7730
4620 6750
9867 2966
9146 6588
6752 1910
4084 2077
7655 1936
2377 1774
8009 8072
8907 240
4848 1237
9605 9074
7114 3627
1350 8343
5179 4756
872 7377
6914 4804
2461 2750
8575 2976
7658 9281
7367 5403
8433 8839
7526 9566
6279 247
265 482
4372 2946
2938 9806
3773 5838
2120 4309
3807 9390
8183 1911
4607 2091
8091 2851
1739 1645
1840 1169
1349 2924
3225 3406
6311 685
1080 3172
9397 4020
3955 7154
8849 9632
8221 3153
2095 1075
5219 5541
6157 4573
5403 5422
5615 4701
7127 2202
5455 2730
4218 5726
5378 8946
7950 7585
6792 5499
352 2364
7105 8695
7325 2202
3869 1604
5351 6207
6494 6110
3545 650
9353 9677
8262 6446
3545 4970
9503 6018
9928 3913
3060 7349
2375 4163
8120 5047
4764 5383
7774 253
4688 9898
5783 1259
2978 8707
3216 8573
3798 8275
7871 4898
6700 940
1628 2913
8543 1521
8958 2822
5883 9939
9140 6536
6670 5452
4728 561
5141 9755
1728 7722
4158 2213
8198 4116
1704 3400
2571 7489
6988 7955
4194 7140
6531 6803
9982 5756
528 1980
1986 556
9131 5689
8209 9770
4289 4365
2029 9978
6584 6096
9018 9343
1718 4426
7384 5205
1853 5067
5717 1174
1212 4134
1805 9541
2260 4860
2579 5660
2061 7347
690 1802
2166 2292
5161 3683
6260 5177
2907 1103
4473 8564
7700 2076
7779 8774
2800 1443
6477 67
4407 3036
6861 5615
4670 9951
1255 6629
967 3292
9250 6895
4265 4985
3778 4057
6499 5209
1389 1720
4555 2625
7969 8689
3655 9922
878 7445
7626 6624
4965 1342
9635 4910
8828 9434
8228 6033
8861 1640
6208 1623
1973 3592
2655 5346
3988 1367
2807 1966
7891 9140
9647 5648
7672 9390
3777 9603
2142 2691
5968 7263
2988 2241
3256 7965
5856 7011
6665 1473
2077 8225
5724 4609
607 1196
6164 1793
2118 6951
5886 711
9931 569
134 3847
6533 411
7481 5683
2695 1571
4327 7197
4676 9033
9560 4467
4965 2246
8588 7964
3078 4349
428 6523
4844 8352
1211 1630
2511 3057
4718 5081
8820 4317
6415 5475
4918 6362
2044 9699
4116 9753
7348 7811
5043 2689
383 9650
3778 4679
1718 203
1342 160
4224 1012
3761 870
1098 121
1570 4891
2073 8541
3795 1712
3295 2269
4156 2988
2733 7198
5417 4725
6627 1069
8819 2716
6730 928
6190 5695
788 9822
9517 8150
685 8301
4757 7020
7481 1930
6507 1596
1559 506
69 8246
5607 5843
9039 7430
9394 6612
4683 8326
2286 584
9405 8797
8498 9520
8684 8183
1534 4279
226 5847
267 2412
3772 2461
5410 8027
207 6545
4999 6410
3316 1104
7323 524
938 2784
2178 4074
1405 2777
1880 8045
3864 1061
6022 3429
2524 1883
9579 4021
4622 4592
6665 5925
1128 6084
8125 1714
751 8477
5741 5952
1009 8451
1140 4395
8382 7675
184 1839
5038 2164
7421 5476
5830 9489
7786 6808
3165 5429
7208 83
9782 7778
4160 207
3862 3113
8065 5107
4508 9066
1970 2675
3531 7987
7559 4245
8953 7805
6870 1787
9204 4599
466 6537
2483 8439
961 2318
9826 6549
5513 3785
63 8958
734 4202
4545 8839
1819 3839
3395 5050
3014 3505
2213 414
1280 2491
3391 5801
8105 2452
8671 7292
8540 4753
1784 5553
3074 1354
1990 8490
9826 5267
6583 6521
6044 8098
5838 4090
2067 1909
9381 6771
7701 3657
9185 887
1326 2431
6447 5709
1922 7195
237 1003
8609 4241
9065 4330
7615 2173
9966 3462
5364 2087
2382 9414
6575 4313
8630 8108
7475 5691
6441 2553
7085 8270
5031 8330
3685 7119
3552 1649
2560 6760
1284 8428
1376 2398
4408 4143
491 4892
5558 6378
1318 611
2281 9877
583 222
6468 3176
8793 9905
3084 7362
4823 7283
4216 6381
8323 9274
534 3643
3315 3219
1281 4158
1645 7623
6314 4691
5337 2135
3884 7012
8612 6214
8136 7373
4356 8900
7372 2061
925 6570
5107 3383
9080 8463
4842 3529
9466 1047
8936 1485
8396 8181
1582 9773
4229 6706
1374 7579
4994 9971
1678 748
4948 2055
1569 9162
4266 8212
2736 3881
6732 6684
7748 5146
5450 1498
5464 599
4575 8339
3672 8781
6432 8982
2065 1558
5381 9885
9858 6440
1466 8116
9677 1795
3627 4918
9278 8483
9297 2807
9770 7250
8107 5525
8558 7112
1949 8967
74 7496
4289 1991
9691 112
461 724
3164 4370
2780 141
1027 808
7646 4096
7363 4197
7205 5854
2734 6645
8720 9166
9996 4327
7879 4478
296 6328
690 9042
853 1853
9284 1238
8210 9818
6400 6346
1599 5192
9221 8129
4940 4870
897 4857
5863 7134
7095 3550
8051 8216
2822 6958
6090 883
6794 9309
7450 5603
9401 9217
3193 4249
5629 807
3449 4066
2524 3794
118 997
6624 6425
4952 2549
7405 1147
6688 3625
4598 5422
2920 821
3236 4713
9353 6339
377 3898
7294 9374
10 5546
2603 9068
5015 7555
9346 519
1601 34
515 288
4876 9431
1167 1709
5939 8453
1943 8586
1162 3906
6299 6935
6815 7172
4253 303
4462 8547
8981 3422
8411 5142
4231 1452
492 6111
3962 3145
4560 5668
6466 4935
6463 2390
9499 7446
7078 5830
933 9912
9407 9592
7119 237
9393 5425
5374 3333
7815 3187
331 2542
9538 5917
3126 609
9965 2092
3740 1224
8546 2358
3416 7952
8073 436
6104 9264
3686 8886
5640 1917
3516 6482
4059 6401
5770 6152
4348 8356
6628 8001
7894 9807
5874 2122
5240 6577
6010 4915
6952 9352
9410 9512
2883 515
3460 2983
7497 3715
2428 9691
1757 3764
7286 9864
2723 7682
9790 5393
7548 5603
3508 6091
5204 9798
4188 4174
8605 6629
385 7639
1620 9673
5855 7881
741 8568
6418 4784
1695 943
1273 2828
4348 2712
6241 9182
4303 7933
6423 1518
1442 3621
2911 8662
6473 310
8167 2124
5393 7340
5160 6564
4409 4834
6992 4793
1106 6510
9485 938
9310 6881
5480 1418
9930 4820
132 3162
1096 4059
2704 3229
4502 2492
5634 4199
493 4533
2025 9187
2551 9963
2957 3215
8480 8165
4115 168
5239 4748
1482 7489
1704 3535
2272 5875
5541 4138
2543 2219
539 8802
2166 4474
4192 6382
9392 863
3087 2692
4470 8065
5194 3590
134 36
7095 9793
9110 7998
1014 7196
8358 8163
523 34
7231 2892
7548 7478
1880 576
9598 2950
9662 2508
6338 32
5249 1244
2328 3632
6303 2528
3555 1508
447 20
5147 5997
337 5871
2608 2823
4074 4836
5008 2059
8707 5971
5209 5008
6453 7557
9243 8102
7030 5148
715 1031
3390 8093
3615 9192
7657 5619
9503 1006
8489 7940
2595 3420
5115 2182
2208 6737
6153 7918
166 1004
2270 4783
1930 9669
270 6123
4128 4860
5456 8233
1283 9124
1129 6861
7233 3411
9533 6680
5593 5530
741 7919
7366 4274
63 6862
2274 9283
9692 4627
4623 6965
3252 6967
6864 5942
1410 8599
5914 7938
4438 1950
1608 459
5149 5770
735 8620
2673 1450
5270 1208
1525 7825
1462 7609
9839 6325
277 8946
9567 5434
4706 2715
27 4869
7156 9168
8573 7836
8683 5566
1848 98
157 6230
4428 744
256 1484
6824 1547
3792 7005
4779 4236
1657 8900
4724 3160
8252 3911
2837 6023
3013 2542
7196 5356
2831 6066
9257 1660
3964 3601
1130 8834
5099 5150
2338 4243
5270 4282
2474 547
7630 987
2726 8629
8553 9024
6834 3911
532 284
9773 1901
2041 8421
8351 2059
5867 7521
9933 5291
9 8243
7300 1528
4396 8434
515 4866
7784 3388
4021 6005
1773 6971
1794 9112
4960 2259
9416 3613
2833 9589
134 3378
3286 3992
3605 2029
3937 218
7088 3613
9768 9506
8759 2319
9434 1847
3408 8236
7635 8300
3448 3859
9344 6931
9186 42
1669 6467
2957 1596
3150 8848
895 8312
13 2675
7174 7140
9172 8481
7997 8557
9445 8992
5289 7321
2538 9812
6429 9712
3544 683
1343 9932
6448 1544
4508 484
839 1598
3326 961
7030 4165
5115 1253
3181 482
5177 7018
97 504
3201 7949
9533 4751
4930 4926
1017 6508
8422 2633
8703 6655
302 574
9938 1570
5415 7981
8397 8247
2442 9875
3385 7425
6000 6461
4083 563
8209 5930
9303 7947
7332 5938
7726 583
8337 6000
1443 2744
5701 8076
5228 8460
5927 1746
9972 2417
1820 3535
1943 2300
1508 9869
7084 6181
7116 1910
1985 403
3463 6540
8062 6595
5933 4886
2701 589
5197 569
2734 7052
8930 3257
1706 1435
6811 6001
3056 334
8478 5969
1814 1621
3664 5005
1009 1397
90 462
2139 2405
7790 3482
8198 9994
2982 38
9386 248
1397 9774
4323 8250
1091 2579
8860 4958
5736 3764
8801 620
3363 3126
7072 5202
5166 3489
9840 1628
8662 6690
8812 9189
2557 4574
7482 9773
7460 78
9032 8790
4549 1310
7108 8339
2143 2289
5866 6675
9606 669
9734 9395
8956 7374
1812 541
6902 1411
2272 7279
7320 5540
1543 4278
5995 8298
9119 6735
1154 3650
1865 1461
7579 26
2349 5376
6977 5688
3235 352
1022 7814
1118 9472
2415 1956
8491 8227
5186 9693
3274 6532
1708 3789
4097 760
339 4577
8139 5337
191 7326
6120 3847
9499 3069
6559 1997
1469 6415
5975 9068
2771 2208
5385 7818
6814 2458
3807 269
8485 9260
9348 1886
5909 5532
2020 2246
3554 1660
4249 3574
1959 9358
1974 3391
5768 547
6221 4958
646 5334
955 20
9927 625
9820 5612
7627 3348
9889 980
7408 3831
1496 7765
3243 8676
2134 2848
7652 7622
1460 3332
7046 8502
3752 9180
7706 9352
3604 4054
1379 9823
8932 3990
5928 7643
1912 3772
3349 4205
1635 6666
5045 1124
2265 1787
9464 1694
6519 9011
6191 5408
5191 5211
9519 2169
3608 9984
6274 8285
7948 8549
7027 2990
3700 772
9325 259
2608 1095
9280 6191
3587 8493
8581 9607
7088 9901
5512 3593
9323 5532
7896 7439
7755 5219
3421 1981
8384 4557
6376 198
9991 4059
7373 4401
4504 4770
6023 1725
3851 8405
3082 7139
4360 1728
1480 2546
2360 8757
8119 9100
6407 3155
7816 2262
5349 9217
5765 4592
4590 6592
7989 1744
8865 6297
2083 5228
3709 7637
4652 6415
5031 3996
1296 6144
1853 2772
2893 6024
8924 6513
9598 3485
299 7063
2178 660
7887 81
8970 2216
4061 7276
2027 4029
6407 3759
5192 3508
9732 2545
2648 1573
3991 6059
6685 8577
1205 5369
8785 1694
4668 4909
4869 7695
2009 8288
9212 198
3322 3394
9941 578
5474 7438
4714 9002
9665 5462
4934 9633
627 6609
3339 6264
149 7381
7586 1616
3377 4315
9433 6132
8369 2913
5247 2029
73 3080
3732 6731
3749 6968
6684 6313
4088 7325
1352 6401
1161 6604
6751 705
9244 4446
4454 1518
3575 5007
6705 6998
8593 4603
2381 1707
2516 2526
1426 2744
8550 8480
8968 5694
2273 1446
4318 262
3071 206
8294 8010
3140 2772
411 9355
6553 9924
6956 3618
1403 404
8846 6609
4240 2701
8988 2001
9991 6956
699 9974
24 7310
3205 6835
3492 2500
5800 4880
3972 8296
933 9889
3017 1133
9559 5767
2108 7359
8976 8463
8092 1394
8574 4870
6440 2912
4892 7629
4304 5040
5340 944
4231 4470
389 7968
330 3636
4725 343
4245 363
898 9650
307 7747
554 5648
7804 5042
9895 2246
4292 7657
4540 37
7677 3470
671 8423
4801 4329
5748 6842
6828 254
4938 2597
1554 8799
1727 2605
2365 8797
7195 8815
8597 4345
306 1496
5889 7526
8229 8701
694 5050
1491 3430
2142 5148
2590 2941
5590 5036
973 78
6001 5268
2945 7454
1467 4882
1228 7826
3341 794
6693 238
2983 9751
2715 5762
8292 3624
1839 3775
8101 3683
8562 4959
375 5572
2836 2345
4747 5888
6304 2714
8144 1233
3412 4792
6394 2638
6367 5750
9614 1400
8021 3704
5986 5584
1237 3828
8897 8117
2236 7682
1596 3946
818 6704
299 1295
2486 1449
3421 7389
2224 9251
8998 4890
7040 6349
3479 1404
7334 7548
7316 78
4095 5090
3578 2608
9106 459
8755 5193
5390 5193
2446 8434
863 8468
5902 7463
4655 9824
3854 336
212 2125
4518 2405
8881 9516
4878 5397
7527 8165
7189 4528
9427 6441
5585 3421
5642 1660
3855 5375
4016 1132
2639 2847
3998 4742
9983 3624
2350 2061
475 6162
6988 9985
5976 6576
8664 4235
975 2752
247 7388
7226 3048
9781 7576
449 1617
6596 3947
9422 4023
4026 8179
619 4985
46 9895
2264 281
888 8438
3493 8159
4541 4741
5781 6183
374 2444
6697 9617
7419 4393
5091 8021
3033 5541
3480 9035
6882 4444
9130 2236
57 3791
9722 1430
5933 89
7657 6643
2695 2673
4082 4717
7483 1415
888 3382
401 4589
562 459
2580 6164
7428 5708
9270 1365
8591 8975
367 7923
1862 2992
5605 4503
6304 3539
7859 1148
2750 377
514 398
8470 6268
7652 3193
7922 2697
6784 518
8281 728
9116 2336
6470 4295
7992 3827
7012 4387
2534 5102
2401 2583
5918 6157
3526 6666
1593 4111
5602 5308
1823 6255
3435 4693
1902 1055
736 3692
4087 3703
7820 3803
6215 7790
23 618
5452 1209
6259 8867
448 2865
7058 4642
3863 2658
1634 1996
86 1568
8282 642
3955 2783
6711 5295
9795 2016
1966 6921
2540 9214
6962 8641
4712 202
73 3618
1276 6541
9763 6468
712 1250
3036 2283
7525 7912
8709 1600
2814 1189
2628 2948
4993 5655
6099 2702
9536 5695
2835 1086
5945 1033
8076 2737
8309 8972
4334 1868
4821 2620
9962 946
7573 4099
9694 7814
6086 855
9005 5738
409 1796
5222 1357
2252 3828
7036 4722
3618 6921
5773 4697
4748 8058
9824 9033
9302 3335
6490 5485
3359 1812
9653 7419
7549 8681
9075 8232
8235 2278
1307 9958
9124 4498
1504 594
4532 25
4723 8339
7326 8644
8833 9277
8281 8659
54 7
5882 7932
1335 4152
2503 2664
1891 1393
5641 4213
2741 3911
6211 9560
1481 2327
9380 8726
9175 8715
9028 881
7947 1051
7822 8698
4299 7071
983 1652
1365 8586
8510 9921
6928 51
8362 9069
7305 3341
5425 9560
5316 4411
1277 714
5569 8145
6784 3991
2259 982
7079 5619
2894 3701
2721 5066
925 3666
2709 101
5698 7497
4097 3277
6501 8983
1179 3812
2079 2022
913 3640
3226 8392
7031 9817
371 5418
3802 1879
691 4000
7690 5091
2231 1857
3775 3839
9611 8806
6370 5700
1638 2564
2190 7573
9079 85
2225 5447
106 6359
640 8223
8592 159
5092 7605
5539 7755
6029 4003
5031 8191
7828 1523
3908 1957
8298 1869
2136 9803
2867 9322
4815 695
1299 7965
826 8013
752 8921
9082 9915
3439 441
6669 9754
1866 1475
2612 397
743 3147
5409 1268
546 7659
2745 1723
7176 4823
7408 8279
6276 8009
403 3912
8099 7124
8227 6328
1863 2090
6459 2066
4706 5591
7118 9918
8184 9457
158 6649
2754 8456
7905 3312
1083 1460
8776 7711
5006 766
5401 7621
2882 774
1237 7523
1668 2011
7202 8074
8251 1465
2183 7837
4582 9044
1137 9976
7254 5387
7259 4184
4027 4007
2094 9461
3139 8350
2975 8748
8213 2586
7036 1504
5089 4181
2473 7855
1782 4406
1130 4599
9936 9378
6309 762
2043 4820
243 717
8067 1612
9490 6378
6054 6549
1090 336
7975 8203
175 425
3934 1282
6989 8237
3233 3988
5879 8041
7547 1398
726 5662
5014 8529
642 6627
6729 1894
6351 8026
2296 880
4177 1218
7852 8214
2238 1971
539 5363
6481 5796
6114 4859
5070 6652
2280 3690
9474 6508
1678 2769
932 3708
4370 9508
241 4863
5550 3536
9218 7372
4078 7011
7010 9810
2058 3762
9540 8922
5899 8678
9237 4945
8055 80
8945 8587
1776 9591
2515 414
3120 4520
5710 3232
5873 1826
9248 2724
7601 8222
9430 4898
7334 6645
1093 5413
5224 4325
7289 9059
9738 388
1487 110
9564 9024
7347 5251
4143 261
8571 9791
9666 5557
1077 9652
7317 663
130 7275
2539 7347
5648 1880
5241 9242
4658 2470
1618 1405
5478 154
2179 1686
7060 9085
7199 3959
8379 5276
9893 2987
8242 4022
9063 3911
7788 2576
2721 7116
8208 5747
2372 722
3400 8469
9489 3024
642 129
6813 1904
5090 7312
5390 582
7840 8276
9119 2824
4201 2938
9908 8375
5432 4619
7886 5725
7330 2561
8015 2337
484 9626
4391 6519
4507 2685
5357 8966
5604 6507
7871 7370
7560 3186
7437 6278
8868 4229
2424 4395
8559 7970
7005 9653
3119 1858
6235 4360
8145 3494
5213 9836
8592 7278
2832 5395
4335 6810
9431 6584
7508 5068
5888 7646
4976 8128
7819 2887
2872 8728
5957 7905
2101 6239
7956 3124
2192 223
2664 7127
671 19
1374 7075
5309 357
5049 1039
8299 755
7081 5913
2525 9311
2163 9888
6687 8419
2137 4959
2522 6442
8980 681
5324 9655
1619 8121
3240 5665
2858 4560
4886 9124
3267 2602
4116 3998
6496 1072
8976 3811
5643 416
6520 847
8724 4816
7157 7514
9968 7197
2000 829
7868 1431
5554 1763
8424 5616
90 2768
615 3234
2321 4190
9124 805
7749 2751
3775 6123
5631 9407
7440 9804
4425 4070
6647 5968
559 8151
414 5680
6088 4989
6983 7332
79 1772
3074 3866
8402 9067
4622 5815
3283 9629
2992 9600
4821 6246
3226 8299
704 2583
8864 5014
9069 568
1166 3870
8120 511
252 9979
6713 938
8349 6917
843 6596
6 5008
9732 1706
1355 3448
9018 4778
2899 9776
634 4463
8470 17
4746 47
8274 3131
5099 160
2733 3327
4094 2717
4197 6904
6229 3658
6961 1041
6989 9158
6831 2800
8490 7309
4068 3253
2294 1213
6349 9428
5761 1610
3176 1205
8320 3651
7065 226
703 1268
3300 6266
977 2065
8243 5365
7101 137
3687 8617
3433 534
8153 1383
9832 2459
5396 2130
9517 4577
1974 5604
1395 1492
8409 8225
2163 7198
6836 8574
3907 5229
1158 2420
6807 4961
8268 6219
8958 6428
4039 1294
8284 5320
77 223
3616 4758
1091 4622
1299 4300
2033 9569
477 1704
1916 3760
4676 9092
2529 2553
486 8689
9394 5855
1109 1955
8260 1915
4163 2435
4849 1001
7634 343
4307 788
80 5099
2670 3665
9134 4711
310 6690
1533 5515
2541 9929
3805 8299
19 624
8401 9121
2065 3826
6365 3871
5857 7203
2218 9370
9345 2736
2328 6532
1856 7930
7254 6381
9742 5579
9974 8421
5284 1807
2731 9705
1389 7335
7433 9944
404 1761
8466 8222
5305 1723
6085 5202
6464 3246
2461 1196
5846 4142
5900 135
5258 3694
1668 9157
9189 9506
7735 3296
5323 5325
95 8177
4148 5547
4146 202
4723 7227
7376 3248
7046 1118
3148 3378
5610 3001
1749 278
6898 112
2859 7380
7394 6807
5842 7807
4167 9395
3509 3287
8578 3128
5851 2940
7529 9741
5421 1345
8596 5638
143 7481
6381 9492
693 8494
4742 3245
280 2266
3381 8016
3673 2254
1038 6232
933 8365
4282 4208
5003 9472
7581 8999
4276 3663
3376 8718
7090 2027
6242 3016
1175 6464
6567 2981
7532 1023
9041 2428
4838 3680
2024 9080
3656 958
5406 9775
2344 5006
7520 5095
7794 8665
6072 9810
4257 766
3165 6932
7448 7496
6459 1916
4319 3088
8321 4315
1541 6423
13 8641
5 3697
5652 9921
7665 3351
7689 1891
496 3893
3922 9136
7208 7262
6975 2000
748 5564
8766 7937
4179 3053
5614 1160
454 1516
3371 4340
152 675
9981 521
5701 304
2701 5510
2154 4379
1462 6702
2630 1143
9321 7314
5459 1332
3133 579
8727 9116
3023 4741
2937 261
9001 5059
9662 6445
3838 5191
5891 731
7342 9647
5684 3865
7061 489
2873 4874
8448 2538
8489 6013
925 4519
2011 1007
8857 7775
9707 4681
4424 686
8528 3581
162 6694
4575 6867
8978 763
3830 7398
394 6876
584 2996
488 5541
7090 2503
7304 3075
4176 5479
4391 6855
1371 6590
5546 2926
4241 513
1478 1895
5609 7887
8605 2766
9632 3160
7049 2423
6359 2778
9908 3980
1313 3313
4118 7854
9060 5865
4936 3018
4947 8235
4582 5311
7568 7603
2443 4866
1675 377
3572 1286
830 7059
4764 1114
6391 9713
7329 4618
3333 6136
5170 43
7438 4119
3158 4157
786 3659
1977 4532
6813 5385
2333 3540
6503 7786
6684 6029
3733 6960
8493 9350
8591 6510
5274 3722
8270 2048
1620 5170
3836 9407
7663 4812
55 4549
4749 7549
9845 6422
5970 8622
6790 6893
1207 9666
4697 5352
648 4536
5775 3231
4400 2324
7527 6426
3900 5271
4959 4092
9371 1224
9442 3731
9178 1255
6386 6735
1255 8836
4267 3965
1038 2292
5090 7697
3388 6187
7779 3394
3338 18
4255 3494
6442 2836
9774 7133
1771 6645
6033 5963
4393 3830
6502 1329
2679 1630
3292 2607
3402 622
9711 9144
6126 8563
4459 833
3250 1878
9692 3237
2763 7512
5575 8332
6989 4381
391 3538
5353 337
8293 4424
1909 7934
2345 4875
1165 387
84 2114
690 1792
7001 6558
3870 633
6741 2136
2386 6621
8595 1612
4182 208
9747 9842
3156 9436
226 6317
430 2831
6654 8873
1870 7954
8956 1805
8465 8858
7065 7167
4223 6365
8540 1462
9926 6363
8843 6838
2463 6879
3380 8513
595 2219
2284 237
1970 713
6826 6012
2310 8677
8308 3240
2481 3475
7034 9599
1200 6840
623 9624
1021 7285
7893 830
4579 4335
572 6187
5146 2656
6927 4359
8764 9133
779 7502
1888 5929
5144 4738
2586 1022
7737 6813
5995 4607
2678 6694
2291 768
5458 5484
1583 2813
4071 4790
9096 1768
3711 4655
8354 3553
2432 3610
405 9833
1119 7879
2039 2450
4978 2861
5075 9156
1481 6659
7323 3462
1702 993
682 2419
8659 1907
7771 8987
2955 7036
1185 5635
6657 6362
8664 1130
3058 4969
3052 3220
7472 7048
8157 5555
7405 8425
9 9433
8349 6609
4702 7268
9520 2447
3379 3575
7221 6319
3403 8715
6856 885
7040 4064
4550 4662
9665 5712
7324 2629
8458 5654
4134 3674
8756 6874
5862 6778
3174 5856
9831 5492
3170 6688
9752 3679
4625 6643
3251 66
708 5428
7138 2958
6171 2663
4747 85
8543 254
6551 9755
831 1122
7244 6367
738 2220
9209 3649
2405 1010
5564 7504
9514 2595
8219 3572
8077 5112
3154 4225
1172 3489
9415 9017
9041 4982
192 2073
6927 2377
342 360
296 5987
4377 1498
9008 9236
2944 5888
6892 9769
5966 96
4016 5411
3264 9372
1891 7400
416 108
3632 961
2107 767
8286 9652
420 529
1303 6899
1237 5166
4590 2199
2926 802
3205 5952
1367 4187
3166 4074
5928 762
7924 2874
9048 9809
7083 3724
998 1629
6078 1683
5746 2556
6197 7822
5996 2106
6617 2406
8617 9227
4571 8488
2457 7394
1519 6307
762 2388
5036 3261
5306 7707
7438 417
2089 8983
6642 1343
9741 9912
9952 7531
7202 3913
9994 2542
8161 1044
7340 1967
8003 6039
9958 1654
6269 7034
6921 5965
2940 1180
5546 2946
7287 996
4722 6460
9968 9354
1504 1375
4331 3054
5191 2274
9122 8072
2945 4489
1912 7080
4541 4611
9430 8120
8558 511
308 5923
7493 979
8161 6308
7702 9397
4086 5340
943 4621
4920 2150
650 7030
4056 7610
6186 1438
7145 7240
7291 5480
6302 3225
9260 1911
6082 8224
6486 7425
2669 8886
4582 4068
5919 9652
5783 1044
8820 4703
5357 2851
3979 9888
3508 1014
1597 1225
1285 610
9321 4136
1185 2767
6906 3199
8931 2253
7603 2178
7451 5763
5268 2112
9570 4493
5380 3722
7468 592
1145 7309
4616 4477
8547 6373
7243 5600
1313 1322
5562 8563
3895 1215
5000 4589
7029 4746
8274 1098
126 1301
2232 942
832 4976
6141 5491
9632 879
441 1684
6841 3802
3912 9394
9833 5073
2017 5263
4130 6987
8458 7911
9040 3711
5315 4022
2849 7422
9354 7887
4245 2168
2928 5053
2095 839
6752 4777
9002 7695
6366 7419
775 9622
907 2456
2746 7574
8379 8301
1739 4436
9648 6330
6496 8288
3106 5622
1798 9731
2454 5013
2738 5827
9078 6065
2796 4304
9937 7397
3520 9823
5364 7553
2741 1597
6024 6638
9028 2844
1738 5358
6896 9704
179 6110
7162 8633
5179 1920
8856 4019
2900 325
5470 1876
5467 1551
545 9989
5527 2848
3983 7796
3750 6040
3100 2531
5887 3968
1144 7655
7723 1753
8248 7192
6002 8330
5671 287
8304 3788
4141 6685
1980 5157
9700 2843
1421 1601
3936 3079
30 1666
3837 8401
4112 2888
1763 7628
6159 3583
7724 5335
4455 3638
7311 1381
1996 5979
3979 3151
7355 5948
6097 2308
6291 6072
2533 9390
919 6738
9324 6951
2228 4263
4858 2991
1132 2507
102 3667
3065 7556
9591 9397
997 7470
1001 8635
1175 1087
5337 5363
6115 9400
6182 9440
6362 7267
5062 3487
6448 2535
5746 2
6835 3297
7759 7726
2146 7507
181 391
4642 2345
9054 6731
1566 7928
5650 3489
8336 4244
1597 8751
2659 8261
1703 7919
9919 1839
7362 5280
8057 4305
3161 31
7398 6048
5050 7201
4224 8219
6438 8729
2802 2675
2712 7102
6905 9362
4632 3005
8908 4337
6364 1555
6088 6127
777 6709
3059 763
4930 3060
7170 6700
8824 8507
1840 65
5271 6547
92 6135
1973 5600
612 7036
4457 3601
7300 1377
8649 9044
3977 9464
9848 4477
7896 2998
6784 2348
9159 3713
1602 7278
1457 8340
6829 6591
1017 9712
4834 2862
34 5342
5826 4994
8481 1418
7556 8632
2969 2369
1763 4422
9479 5828
459 641
854 6228
3837 7362
291 5242
6598 726
1755 6658
5263 4957
2029 9592
9306 8537
4366 6624
6456 8053
4627 7674
2278 5453
4292 8116
697 1311
2421 2111
8923 6803
3101 6135
6326 2931
7993 5507
9211 2298
1225 3075
2900 9559
5493 701
691 2927
7578 7737
5413 8050
1972 2192
1901 5011
4035 6789
7882 487
968 6105
9969 3462
5466 9764
5441 4049
2291 2758
963 2844
6398 6750
4638 4053
1588 7069
9235 6706
2091 7007
2709 478
2102 5790
9824 2039
8702 3941
9281 4995
8624 2444
7910 1409
321 7288
9173 2532
9469 5883
8063 2854
5518 4086
7269 926
4204 3418
5103 3092
2206 2821
1760 5662
1982 5165
7259 7027
4776 9
7882 6595
331 6278
5666 9897
5296 3585
9143 6907
888 6814
9852 8835
6918 3762
5790 8140
359 9381
2868 3815
3247 6510
8943 3835
3512 6893
4417 4293
3822 9499
7170 9098
8812 4406
9018 7267
339 7232
4515 46
9250 9920
1104 2582
3328 4171
283 6341
5515 2687
4279 997
4610 9264
4780 7510
6347 9724
6315 4366
9041 839
4436 7551
4471 1429
3182 3841
2960 4847
1357 9733
8876 9775
6769 760
742 4366
2989 4846
3739 6641
4396 1481
1620 6710
2179 2805
4770 2058
6137 9739
7066 3419
6461 948
1342 5633
5444 3195
4605 5926
1785 9260
7241 614
2612 7083
6471 3974
9339 870
9665 4034
8308 3297
7218 8417
9786 5024
8605 9780
3335 3900
7741 2248
3087 8134
392 4496
7798 4812
3723 11
9881 1014
1361 2399
2874 7248
8905 69
493 9245
4799 7726
1325 5663
5564 9222
1727 4606
4223 9593
3753 8899
1875 4369
5759 993
2658 8126
3750 5459
1986 7061
9240 5986
9883 3257
7106 9706
3844 3815
8032 3495
7792 5051
7187 2832
3039 4264
6399 4261
8701 1850
573 1834
5804 4330
9985 4668
9077 6579
5507 6444
1511 925
5644 4881
2047 5099
6397 5944
8386 6259
4514 4693
5914 9990
3336 3066
9389 2899
7277 8955
2045 202
3251 5056
7345 8573
1523 4085
2082 8287
9619 7620
6043 2658
969 9010
2204 7346
9912 3343
9636 1593
7160 2104
9120 2860
6040 8515
6277 738
6676 7359
5736 1493
7115 754
810 7883
9977 7
7980 236
8477 4085
2681 4739
232 6016
2423 5845
8778 6186
7332 8688
3238 858
6423 4355
6393 8475
8777 913
9725 3217
9060 1240
2615 1899
7881 110
3478 3202
1350 5760
2511 488
1237 416
3161 5267
4957 4506
5142 6451
159 566
3654 3417
8623 1473
9761 3505
4042 4833
7682 1792
7573 8102
9622 6128
7669 685
4005 6398
4124 5954
9825 6517
9416 4200
6859 6979
6072 8655
9525 5931
1702 741
5089 9419
851 412
3859 8786
1062 1069
9242 4328
3722 855
7221 9059
9133 4568
5985 3573
9400 4288
8441 3221
124 5616
8184 8354
1262 2219
7793 6516
9253 4154
7518 205
364 7015
6067 6106
7727 3154
7693 4498
9138 2737
5436 5885
230 7825
2153 4924
907 5965
301 9398
3494 2287
51 8791
3581 6077
5050 3873
6197 3640
7400 1536
9286 4869
7257 7932
2534 8754
8626 1023
491 2133
4256 9966
3944 821
5473 1163
8319 2406
1703 6450
2361 5265
222 4030
3487 3453
8886 7319
976 2123
759 2477
2027 946
9279 3245
8250 2713
4655 5150
7640 279
8100 1399
7096 7639
6510 1476
114 2057
3110 1303
7531 4397
3339 4607
2725 6325
1296 1524
8602 2554
8242 9283
1778 4282
346 924
45 8691
9289 4522
5556 6008
8730 9896
6385 1206
1485 6686
9250 2766
1867 5478
4677 5742
8178 2953
1447 7163
3451 2707
4806 3300
7885 4731
6165 6821
9619 7765
9670 4047
8706 6509
2847 5704
5322 4416
4635 3306
4559 3616
1048 8217
3206 3565
5489 4408
2469 3354
4123 9097
696 4591
8544 8572
4872 6902
6672 629
849 6398
6201 2614
2200 8044
3022 9206
9050 3937
4900 8541
2172 3574
9324 7967
7815 7488
963 7580
3461 410
3119 9534
174 2372
2193 6960
3589 998
7782 4864
660 3450
1280 2118
306 9061
6195 6947
4570 5439
9284 9619
9073 9942
8031 7992
1379 4688
7454 1349
1946 7523
8924 3408
1824 1381
678 1874
431 9130
9702 3223
3873 8501
44 6987
7367 260
4989 8616
2632 5107
2758 1301
2108 8631
9981 1616
3127 299
6021 6176
8532 1869
8647 3672
180 257
6516 5042
7620 9003
4182 8086
2180 831
3489 2582
3972 2630
3524 9100
6962 2724
3429 5295
3876 5670
5291 6752
3257 7620
2026 8961
4099 8827
2030 580
5021 5916
2158 7096
9796 4714
3021 8651
417 8777
2736 111
9077 4710
2976 5683
9021 6792
8063 5754
8193 1532
1278 6849
6439 6551
2677 205
9250 9251
1598 8462
4332 1350
6802 8665
2030 2488
2718 8330
8176 9815
5575 3026
5046 7695
9570 8658
3965 1570
808 7840
1797 9428
5600 6025
617 508
2360 3690
7736 9951
2048 278
3354 9
3270 1763
639 4301
2626 435
6326 8974
2566 9267
8118 9311
622 8503
9772 2853
9855 9417
9936 3000
9348 4803
1675 4095
4466 1153
8445 5931
2484 8130
2278 3382
4459 1551
1945 6493
1427 1807
194 9457
7121 2659
2417 8422
9057 774
2923 3689
3016 1501
5623 7878
2180 3669
335 4898
8822 4331
5289 2358
1958 9325
6212 3767
8235 9189
6339 3970
1594 6504
9126 5893
2969 8117
2228 9008
6457 3258
394 4125
6442 5854
9007 2933
3000 6780
2121 9580
4841 9614
1315 436
9716 5532
8193 5376
9327 5220
462 7562
7703 6202
6888 3350
9805 7134
590 2421
1434 4573
4622 8691
3134 4040
637 5184
4894 2821
3765 7838
3086 5817
23 3477
7367 850
5920 1402
1492 8397
9787 5959
1332 5992
7456 9043
7967 3341
4312 1560
2996 6038
9326 939
8291 3295
7779 9359
6521 179
5114 3410
308 8360
3120 4577
5834 5166
4847 7499
9909 2545
9310 7330
4011 1352
8961 6846
5493 4360
5914 9721
6638 7822
8341 5783
6158 690
8174 197
5890 9580
5842 6822
3448 2456
8384 7532
1278 7453
2861 5671
4491 2774
4779 8096
6105 9577
4399 4050
1432 8771
9325 259
5356 3131
3584 3374
2765 9455
5592 5977
8832 6387
9338 4342
8850 8442
3880 2502
3223 7578
1660 6363
713 2326
1485 5210
4480 774
7753 2113
4620 5549
3261 5744
2452 3981
8213 5455
7585 4660
1475 5969
7266 4614
2045 5198
9346 54
2269 7705
5252 6420
8521 1760
6138 5425
2585 8046
1511 6431
3786 9938
2490 4354
1456 9154
118 2893
7184 1764
3014 9221
3432 7090
4242 2791
4718 8001
6265 5936
3991 908
852 1155
1553 3638
3978 7402
8861 1082
2519 5506
6496 3430
7588 2153
6780 9756
8159 4232
1645 7903
2845 5501
2643 1969
5381 2618
327 4671
5392 5190
7361 1120
6386 32
1924 1414
1032 6190
8689 1441
7934 265
2835 2901
5799 8288
6082 6282
1049 1688
235 3825
6983 2437
6122 9260
448 710
2944 7341
1557 9235
5919 889
5608 4323
5942 3955
4558 2704
3811 1300
3618 1738
4309 667
3268 9885
7950 8861
6686 4403
8294 4307
6926 5547
5492 6740
6904 5153
1376 7074
5290 3941
3946 9682
1246 5724
6456 3441
302 7205
2708 2727
6832 5303
516 9586
6243 7983
7079 8052
864 5105
624 9694
1257 4850
221 1232
7005 8070
4596 8206
6462 9393
3836 3610
3232 2505
4604 230
3039 2536
4947 1765
5137 1756
7795 5726
283 6928
627 5817
6073 9513
4084 3525
7075 5747
570 7547
7127 7762
6552 6277
8474 1845
6903 5612
6373 3575
2443 2297
8589 7417
9499 8921
7078 4567
5217 6738
2897 8422
1624 3093
3294 6413
7822 6506
8763 7281
1665 3887
3611 4758
1467 6826
4577 4479
5466 7389
1532 4225
7834 8584
3519 4818
2354 6723
271 886
9274 623
9200 6420
6129 1927
2091 771
3777 4900
8603 4794
9844 1445
7768 7703
6204 109
7460 1745
543 3811
695 5183
1044 5546
380 5184
8753 3292
2287 1654
2212 6953
5390 9399
4394 582
4978 743
1404 9159
7500 7858
8277 6164
6466 79
3964 8093
7130 6993
9264 5902
8047 220
9301 9435
4807 3743
2241 488
9507 6689
6348 2920
8635 8841
4927 1429
4589 8014
2200 7263
7894 1522
7462 3489
9982 1572
272 4144
744 1133
4977 6077
3406 3943
5477 479
2752 7734
7831 8420
3624 4914
1511 662
8 651
992 2129
5231 6951
2376 2414
7960 948
509 1007
710 2943
3156 6449
5082 8556
7469 3517
9406 7945
5941 7973
2627 9335
5814 6795
9413 241
3646 193
7619 9393
6935 9404
8796 5439
4399 5952
628 6799
5199 6896
336 3604
1302 5062
8963 343
5626 1937
859 6278
6425 5160
8586 9941
6910 5581
6328 1730
3061 6549
1234 5057
9044 630
8349 7056
6191 8872
8421 6272
3723 7472
9528 2770
8907 4191
9504 2328
7373 5217
6887 8175
7998 4702
1394 1021
4477 5334
1720 1731
5961 9454
486 6736
881 9243
755 3414
8822 4116
5965 327
7558 9967
4504 1808
2731 5181
4761 7446
9688 3192
5898 8164
8292 1099
5689 7250
431 3809
6701 195
7150 3639
6825 7902
6907 5671
6474 8135
3660 24
9408 7606
7970 9874
4 875
444 6546
544 3551
3521 3930
7757 6553
1803 8913
98 4200
1342 6242
9176 1832
7637 8056
8102 2830
748 4090
5331 424
3913 9459
3711 5768
4291 9800
9035 3048
8175 4195
1447 8178
8413 2340
6698 3788
5341 6406
1997 7674
974 1530
9359 4593
7466 1932
7916 1459
2775 3526
4662 9590
6765 2909
6592 5679
4779 2079
1488 8193
3183 7820
3778 8640
7939 7249
7437 3392
6971 331
1337 8768
4696 5246
665 1185
9588 8691
2303 336
9416 6084
3056 8874
5997 3116
9828 7943
4695 1150
6959 712
7260 5111
3439 7949
5675 5586
8032 6781
3053 6060
6925 9315
4817 6853
6697 6288
5473 6172
7468 3966
6217 4241
2955 6613
2971 5371
7280 4377
9111 7510
2182 8963
4359 6413
6773 9434
3083 3245
9912 8086
9447 7982
9139 1712
2344 8409
3094 3131
2674 5729
140 4681
7980 4181
1618 6550
9651 47
4559 2974
6768 6610
5447 4748
6801 4459
8755 4344
374 2736
3871 83
5999 7154
2804 729
877 2322
8895 65
6356 4036
9728 3184
4480 1136
2458 6776
3297 4871
8006 1521
8682 8335
1078 4027
1796 7377
1520 9851
7011 6950
7203 2173
3812 8365
3482 9804
7702 5565
7041 7521
244 8317
9573 3532
8506 8820
1508 3140
4958 2719
3606 1956
6978 8408
3389 7270
4557 3050
1337 4857
2683 2239
5723 8608
7865 4571
9890 7293
1465 4249
1851 5234
6723 3065
2060 6544
2078 4267
5058 2952
1536 8156
5229 8567
736 4040
1874 3700
7652 8747
3340 3747
5001 5157
4778 9009
6736 8689
6974 8153
4870 7232
4032 1814
4331 8942
9537 6066
9901 247
6856 9779
8929 8914
8596 8926
3519 5695
8878 4357
2620 8171
5061 5578
9656 5560
6436 7806
3591 7273
3859 2715
3683 1883
718 6286
904 7382
3927 1979
5070 4829
1569 2362
3304 6485
6173 1626
3378 4880
3118 6661
3304 7997
9251 4545
9291 7574
5584 2160
2061 888
8611 766
1616 9446
8837 319
55 8763
4645 643
4631 6904
3084 1287
311 4550
8165 1491
6117 6639
9335 577
1933 2501
5318 2936
8390 2295
6115 490
6189 1400
9829 5280
3457 6438
8684 3970
6284 9491
6505 8050
9864 9749
7317 3622
5020 1491
7500 7862
5869 5007
7135 53
6958 486
5265 3241
9189 8457
3373 4830
5154 4951
9004 2782
7235 8360
2170 5468
5255 6735
4717 6128
3596 4624
3588 6237
6969 4155
9695 3382
6484 7967
9485 5963
5527 4827
4271 5071
161 1744
4913 1542
2953 6734
2869 2929
8021 9336
2139 2382
1935 512
611 4890
7458 594
5064 8257
3672 9812
9994 4385
871 7523
6853 2610
7414 515
833 7435
7962 8537
5941 2789
9206 8515
9132 2536
6769 1224
3271 7184
5332 6270
53 3648
2482 4416
7556 3622
8953 8475
3159 3977
6127 8269
5331 8016
9689 6775
152 8327
9378 8944
5916 2421
6079 2142
7780 5217
1231 8501
8906 4025
8853 3572
8517 365
3620 1486
4321 3644
3157 6780
7310 7189
143 3073
9803 5213
8460 6066
9778 5690
9106 6376
9843 2691
9482 8530
6388 6410
6368 835
1394 559
7695 7711
6789 7814
5373 5163
1131 8231
7732 7325
5139 2759
4322 8143
1296 9707
8464 1336
9493 2710
1266 3245
7605 4800
6896 2789
6114 1581
3071 5728
5228 3562
481 2028
692 6345
7160 2138
7164 9471
847 1256
3131 5058
1119 382
7972 2928
570 1151
7960 7314
4340 1467
541 7352
2293 2846
1063 9580
570 7457
5972 1976
2738 7836
9797 4767
6863 6386
1719 4734
9786 4142
9626 9350
2237 5456
7568 8597
6440 1602
6733 278
3582 7621
8803 698
5416 7746
3099 675
294 9653
9484 803
8783 3696
7644 7525
525 4699
6126 2544
5794 6400
4499 879
716 6922
3527 8835
3406 5819
8086 8563
7844 4135
4985 1745
6193 9373
5921 9322
9348 309
7422 653
4369 2755
4886 4163
9238 670
2729 2753
2119 3202
3208 1308
502 3828
3328 416
1461 9385
892 1654
7035 4325
4904 4194
8995 6030
4349 7729
5513 5586
9543 6042
1520 9352
5743 4711
4672 6293
2251 6522
7519 1612
8233 5033
4116 6107
860 1200
4526 2819
2134 5979
8209 3055
771 9044
7741 7266
2731 7487
265 8494
321 9003
2737 4131
8655 5966
735 8258
2625 6840
1385 132
5857 9908
1117 7241
4677 377
7330 615
8779 2566
9623 6113
2996 5278
1584 6260
1349 1301
6813 7248
8023 4584
7060 9283
9234 6806
5560 1555
7245 9138
8150 4982
4948 8422
3164 809
3222 7497
5727 6084
2019 9096
3336 4735
3733 109
9158 6355
5853 4611
5220 224
2217 5604
4244 7096
8562 7178
6049 5797
7782 849
3000 1020
4077 2442
47 6349
7870 723
1799 6949
9480 8207
8163 6214
8523 1125
1128 418
444 1709
4707 1350
1965 2258
8313 5918
4874 5147
4786 8666
9699 3929
2446 6349
1310 5756
3979 7369
5745 2786
2122 7779
9915 9914
1396 1370
8101 3737
1229 5329
4025 938
321 1967
5398 5952
3822 545
6413 3892
8445 5033
9950 6720
9760 2237
9114 6067
9398 772
6329 3903
9624 2401
273 1689
7569 2643
1346 3223
2276 7925
3573 4717
8386 677
7947 2584
1680 5694
2524 9802
8381 118
7296 7473
984 8168
9759 946
5583 4824
4654 1621
1543 5469
1249 4694
7873 4565
9407 3695
3555 7555
1160 849
9716 5190
8374 9584
5362 6246
7196 194
9352 5419
3278 2968
6072 5831
2949 9488
4787 4278
705 4768
459 6271
7763 8007
1414 5385
6514 5302
2534 3009
1617 8904
8375 7653
1593 237
6152 8980
5010 5042
8126 5577
8255 9952
2257 3810
6483 976
2510 3024
1514 6650
907 5537
8854 8117
5391 8873
6049 7005
3092 1799
2967 6580
4718 4205
7682 4672
9469 4780
7455 4347
9625 2227
8759 5694
1322 5785
7530 1638
3593 965
8334 6175
8968 5435
2613 6434
2433 811
6024 1672
7518 5230
2593 8891
6870 9519
5367 2665
9313 5389
5789 4538
3782 7491
8963 4591
1332 9032
6311 5815
4064 956
2157 4466
9755 6601
7662 3795
295 6381
2300 9992
5003 6784
7678 969
5058 2766
5718 9912
7059 1268
1434 999
2611 7288
9528 2542
4756 2980
9341 7906
6023 5871
8097 7192
1298 8868
7510 2205
4510 569
1942 8301
2522 3454
5059 617
2928 6166
9861 9347
3230 5110
4803 8825
7256 8130
4731 7415
1479 7517
3864 477
2307 5963
884 4019
1558 5097
9067 7430
9104 2914
264 2116
1068 2043
9489 4000
8908 5769
6916 3016
7325 7162
6582 7520
3911 9845
4358 8709
7752 4725
6612 1636
4147 8888
1208 57
7470 7670
5073 5067
9982 3140
9642 9551
8381 2794
9136 6274
1698 7669
2972 1296
4832 3700
156 3833
4626 5878
6615 5464
8425 846
4573 8378
719 5144
8924 9713
7854 3263
5592 8243
6178 6186
3829 9134
815 737
5035 615
7590 7112
5304 2777
7907 2307
4119 4662
2995 1959
5921 2361
9897 7928
9043 3569
2926 7134
7520 4788
4779 8665
1924 292
4337 5688
6781 8651
3792 1453
7229 111
5057 3358
2680 8125
1463 1042
8499 9989
8422 1688
784 7335
5983 5215
5725 9118
8759 5793
9511 953
2769 4643
8142 7632
9081 6683
750 2408
7914 2901
4698 6477
2904 6179
841 5174
1479 5586
2604 18
6151 2479
4890 3752
7295 636
4985 2065
753 3605
3532 6954
7158 9389
4259 5237
4120 4972
8708 8513
7838 9462
2890 6894
2344 3171
6748 324
8043 1790
8894 1538
4311 4112
2886 6083
7803 3969
2883 646
3275 738
7146 8969
4142 7981
7401 5024
497 869
9439 762
8799 4400
3010 5523
5412 4866
1873 4290
4974 2098
1032 4219
9716 2874
9926 3935
7893 2343
7839 9843
5390 5445
618 6213
7813 8925
5842 6575
4451 5601
2268 6900
743 2044
1858 7326
7301 803
2976 5245
1404 4975
2863 877
7974 965
1692 4859
8905 9341
3289 2926
6243 3557
3422 5622
1552 1368
8784 4313
5401 4445
5801 5482
9264 7202
6227 4603
8831 7773
4892 803
9629 2029
7652 7280
3418 3432
2594 3080
5129 7103
180 9292
2351 5675
2634 581
1424 4635
5241 2602
2742 9725
1955 493
2604 741
4525 8418
5224 6555
5586 3964
440 2020
3866 2971
4800 9818
9100 4205
8862 6820
9951 8125
7197 7784
8591 6842
4043 7188
1576 4445
1098 8882
9406 7924
9192 5825
6449 7361
2946 610
5531 204
2337 8872
6299 8949
5364 6298
8606 3490
6039 5498
6641 4600
5745 7981
6362 8855
3068 5
6349 4309
5152 9183
9120 8041
6693 8665
4374 2170
1314 7477
5925 8869
6401 389
2720 130
2470 8207
3629 6587
1215 9590
4309 7187
6069 4102
6010 1532
6507 7608
1937 2352
4304 645
8384 5662
5491 8789
5795 9370
4408 781
6262 1403
5084 9710
444 5172
4801 1800
3320 1478
675 4309
2734 609
1923 8974
3579 4182
5671 516
7506 8277
5794 3693
3156 3460
2465 1000
9524 3664
471 7897
3785 9963
846 6367
9896 9690
2485 2154
7721 5415
6773 8124
741 4494
5439 8131
4496 2971
1534 3559
8121 8017
1030 6895
1686 5450
3273 3840
1045 9207
6158 2430
1057 4775
5113 5575
8494 193
1497 2363
8006 8807
9092 2001
9170 5204
4265 3743
5985 9849
592 8586
2815 3312
7855 5470
3920 7826
5840 1014
4103 858
5390 5042
8030 2888
4134 3691
4484 803
714 3354
7561 9124
7406 4091
817 9854
213 9976
2107 2011
996 2746
5089 7302
5723 4331
7692 2464
9932 4332
4334 3262
2830 7314
1905 1575
7050 3960
5226 1089
6203 6244
3582 1007
6497 7566
1427 4531
5463 6374
8876 8007
3311 7551
1987 8966
6427 3943
2643 4918
8700 381
2670 1655
3882 3115
9021 4838
5810 3649
8643 6572
8533 5943
9792 4426
967 4858
1388 1084
4065 7951
8786 1318
5143 9073
4764 9703
7816 3444
6834 7961
2244 3553
9983 2949
1253 6398
6849 2758
3244 4584
3772 8724
1704 2548
1869 7588
5050 8023
2769 3916
2247 1861
8691 9366
5407 5169
807 4611
8512 237
1015 8832
8923 349
7311 3429
7096 2642
9360 9582
163 3189
7642 7828
6705 3813
2677 9840
9883 5810
4295 8146
225 8457
4631 7566
7035 2871
5492 8597
2080 5353
7519 3879
7406 7738
2981 3912
5291 5423
8951 8394
4095 6384
1379 1248
7263 1066
8915 6492
3100 4909
9085 9640
1780 724
6116 1401
5713 7854
4787 6517
1915 4516
5652 994
7042 8845
3515 7478
7931 8009
1809 2527
3644 1890
3763 9401
1963 576
9888 6996
2993 4005
4025 3313
6851 6638
1473 2789
4570 6115
1682 9082
4553 8011
876 508
2275 193
9337 4597
7511 6384
7190 9696
977 7535
6829 7523
6073 2006
7465 94
8998 7700
7849 3829
2452 8853
5757 8471
1168 5843
1483 1326
70 1582
9519 1250
530 2066
6887 7076
6332 7698
3160 8540
749 4914
7017 75
7748 4120
2627 2445
4987 8009
3262 8877
2713 6596
2179 1647
240 7684
9024 5231
9938 8654
4607 8293
4811 7967
9483 2970
2417 189
3121 6349
2138 9236
8160 8404
9068 2486
2973 3624
6631 5257
8494 4602
1160 3418
2281 8822
2896 1525
1021 1525
1843 6577
8716 4622
7471 2295
5238 3863
7097 191
6724 9775
4992 9566
9441 6878
3402 6154
455 5570
7540 1554
8729 5229
711 4123
5277 3832
132 2807
7527 5299
5972 6994
409 5503
9476 9056
4077 2462
1207 5233
6510 3346
4664 5802
1207 9577
2397 5674
4661 8037
5046 765
9875 463
4099 1199
8724 3484
142 7584
1970 2902
4724 3082
8922 5485
7150 9949
9387 9975
1307 2345
1413 7366
8308 3944
8083 4137
7591 4613
1818 6276
2171 4617
1439 3476
576 9568
3470 2294
4166 7663
7841 6084
135 3196
6439 1000
1284 6425
6380 9045
604 2506
5254 9794
2357 723
3372 127
8745 4230
9233 4952
152 3053
250 7592
7412 7829
8626 1824
91 368
6794 5083
8291 2895
1925 8127
258 3206
4105 3615
7859 4672
4842 1560
134 9509
8302 1584
3427 9440
2960 6630
3884 849
9533 1379
2549 8581
5662 7316
3920 9907
4705 9812
8192 2353
4065 6613
1448 5786
5138 9617
5525 1300
9066 1468
850 4980
1746 7340
2535 1071
417 7420
415 2027
2545 3259
6212 3642
7676 32
2941 8217
9572 9489
68 9768
3686 6969
1500 2336
1736 8276
2398 2334
3434 2150
6962 2860
9282 8388
5838 2598
1133 9846
1500 28
6414 8346
1776 4790
6527 2147
7129 1033
2729 5343
2751 957
1315 797
3526 7455
4863 4524
1978 3308
7632 770
497 2932
9644 7258
3372 2647
2903 719
8980 1126
5712 7258
5636 9195
8453 5634
4529 4426
1607 5371
4490 1308
7340 2096
1399 9757
1806 5757
4475 9022
5205 3648
6560 6538
9937 8033
7116 4745
9051 2735
4302 8615
9823 9944
9714 44
2757 7573
3272 967
7123 6840
2106 4300
3690 9280
5893 8808
3308 350
9853 2153
2877 3335
2015 9674
830 4354
1229 7269
426 3942
6784 7552
6742 5082
7949 192
9844 4662
2828 5873
6212 5743
1065 3319
7824 4846
6715 6357
2735 1653
7251 9845
6835 2400
2586 1782
2212 7693
318 9378
7983 3196
9074 1337
1486 7862
8790 1858
9925 2308
2353 3213
2564 1704
3445 7433
8675 9539
5475 4835
6793 3397
1910 9684
1654 8220
4414 2544
1716 9841
9885 76
2951 5512
5454 2404
4154 8141
3043 9026
6426 2428
3926 9749
716 5806
1978 7169
2286 9057
7910 8212
8000 344
7387 8784
8582 301
2816 8851
3697 8295
2198 4929
5494 1346
3610 8954
287 2491
4190 931
4895 6940
6046 5911
1988 8310
3602 1150
6865 4020
2832 1559
699 8832
5977 4460
2873 8157
8066 9098
169 4814
2124 7339
3988 6828
6040 3984
4081 4520
3246 6511
3959 9351
6722 5516
2362 7966
5007 5657
7049 6636
7448 7646
5225 607
4789 2768
3791 7598
6135 5241
1793 1160
2371 3214
1989 3279
5750 344
3609 7491
3632 6793
2096 405
6545 2933
9909 8819
4346 5994
1449 424
6788 9735
6913 9742
591 6314
1129 5925
4986 24
7558 8043
3666 944
2100 2073
5242 7981
490 6278
8572 3492
1962 6470
6531 4599
5953 8004
9779 3960
2347 7477
5160 4398
827 8196
1973 9282
5203 9978
1022 3480
5447 8727
6585 7387
6590 5278
487 5942
306 1096
3209 6991
6536 9217
6950 9813
7511 9921
68 8555
7057 2705
8854 6063
9637 7328
5519 733
8157 3271
8122 4843
4936 1439
6161 2112
1168 3375
8784 9004
8961 4842
5867 7264
4636 5137
1407 9762
4423 2580
39 5973
5585 118
4887 8408
219 7724
5114 853
9814 168
8512 6227
5174 543
3139 8435
6140 9870
6757 4244
5411 1597
540 763
7885 4729
6789 1321
5077 1919
9485 1807
6449 318
4388 2086
3502 482
737 4697
5739 8111
7523 2312
9339 5127
5010 5049
2718 105
9759 6870
4586 8887
8923 3459
4672 1115
414 5985
9401 8120
9341 9223
3444 458
5014 2068
7517 8031
9951 6505
6866 7482
1898 4765
2682 856
2180 8675
5413 5767
1073 4709
1421 7078
1225 2697
9009 4846
7522 7734
8676 3971
2115 3717
3360 1775
6130 8390
6852 4498
8598 431
3129 3910
6664 5882
8927 8872
9096 4112
8871 3610
6071 6711
1690 5568
9034 1603
4036 1005
1434 142
9406 5307
1894 5078
8741 4157
8746 896
7999 6494
5494 9471
4037 1159
6980 9308
5547 1825
1526 4140
6091 6353
4360 6123
6290 7902
3283 1078
8204 1668
9903 8805
285 8632
464 8308
7252 5854
6797 9821
3897 2214
8623 9891
7194 5287
6706 4976
2014 2895
5491 1856
8241 2104
1525 9687
8656 1060
190 7483
334 5260
108 466
1622 8062
2906 1656
8942 600
1610 5974
7752 8998
6493 5819
8205 2159
1979 2474
1465 5909
3595 8743
7888 1587
2024 4935
7079 9017
2400 8332
5789 2617
3736 8452
6609 5356
5990 4582
826 6745
1846 8424
6017 2669
8884 795
1195 4090
15 4809
6953 7148
9020 3256
745 1061
1460 8594
4019 8693
540 4708
9514 9075
3090 2629
5114 4223
2070 8863
8054 8129
8458 4870
7421 6735
9041 5127
9431 5569
2874 4436
966 2852
6664 1277
2650 1513
2172 9853
325 1134
4194 8570
7959 6576
4171 3948
3836 622
9627 2656
9127 3310
5754 517
8903 3117
5127 1263
5002 5913
1051 3081
9621 6581
7961 220
306 8981
7082 3939
7648 4620
4947 1682
3553 9149
6025 4287
6896 7664
1036 9369
342 5786
4010 3815
1466 3391
1 4579
1477 7251
3101 6844
500 7694
8762 1877
9466 8870
3082 820
6111 2068
908 1735
7200 3227
3688 8907
9646 1422
8111 8736
2868 6390
1785 2837
4185 4993
7074 5727
7455 4023
5203 358
4961 7929
3997 2568
1421 3876
6802 6538
3088 5979
9681 3617
6817 2181
878 2430
6161 6884
7272 3562
1447 2417
6295 5931
444 4290
9507 2732
1144 4532
6052 9551
8350 8844
8847 4515
8011 5194
5719 4675
6240 4208
2855 9176
1520 5723
9277 5856
562 5710
5296 4948
4729 5774
2873 9280
1311 3664
3159 3154
736 8170
1456 5021
3910 5308
6819 3197
5783 6947
6880 7347
9819 5340
3858 7095
8567 5967
959 8600
9805 2405
2781 8641
3515 3000
7127 4665
7812 2195
9324 4643
9430 5632
423 4959
3786 2467
2760 1479
1093 5596
3751 4564
1096 752
4662 1996
6131 9873
499 9959
2741 5563
97 6747
982 6822
8507 4383
8212 4796
6439 702
8076 7708
2552 3239
4584 60
6924 5800
4373 1488
838 975
8751 2978
2990 8746
2718 7421
4902 6410
7453 7391
6660 6884
9237 6288
2130 2766
6033 6849
1188 2233
5789 3323
9108 3851
5762 3489
3065 7918
8073 8110
2052 3436
8760 712
3876 255
4798 4626
149 9250
338 5082
6194 3824
4820 8999
7352 3962
7677 9717
491 5457
7726 281
2978 3636
7404 8952
116 2466
3350 4431
8263 7232
7274 9049
7588 9677
791 2343
3595 2499
1852 2666
9308 1177
7770 6225
4321 1371
58 4741
1292 8943
7707 7164
9942 7663
9261 863
2181 8858
5625 7950
6192 2319
9243 4807
9430 3219
7587 5405
4381 5503
7252 3830
744 274
5117 3698
7121 673
7892 260
6280 1143
3443 9810
2273 590
3250 9774
7840 6156
962 9686
2588 6196
1913 4133
1210 3661
5494 1714
8138 2228
1078 255
3869 8765
4752 8173
7036 1455
2958 5940
1758 7113
7162 3835
2495 817
5386 3537
8139 6095
1360 8707
4997 3301
9602 5936
4254 4955
981 5235
3818 4926
7079 3856
6300 3122
86 691
7086 7134
8669 9181
6888 4227
2617 6078
4270 9816
707 2955
894 4186
152 5583
4080 6688
7426 4739
9144 9370
207 9791
8044 5837
511 8349
6556 5881
5520 7986
2909 1487
9128 5628
7059 8006
5505 7114
1763 7614
9237 7350
237 5292
4844 8390
5478 6681
2177 3721
503 4888
8456 6002
7935 3844
5168 7977
6102 4471
5577 7905
6651 2147
4021 1298
8429 6743
4339 9130
979 126
9172 2855
6022 3955
720 5063
1614 5083
718 8989
929 1070
153 4568
5614 8178
6961 6588
8163 2751
8168 4962
7432 5030
4434 3582
6609 7426
2184 2641
2437 6853
7064 7414
7414 6639
4834 5392
2156 1890
2796 4052
4384 5868
1399 2590
4730 4601
5530 5822
1111 8409
1381 1994
650 2862
8851 463
4969 8109
2724 7079
1869 2539
5251 2623
4900 7388
7363 7364
1493 1262
6652 5429
2694 5293
2119 1421
3150 5510
6938 4639
5800 307
4208 7209
6527 8581
9993 708
9647 8529
4819 9149
7517 3772
9783 7107
5970 4050
3774 4953
1412 6063
3359 466
1886 5641
2215 6509
5583 9362
6722 7028
5227 1634
2030 682
1614 5199
8597 7446
1745 9741
1083 8266
5935 5441
663 5732
2732 8889
2062 7142
4156 8999
3080 4011
2583 9443
4867 8055
4435 8173
1763 4039
7441 313
1982 3085
6705 6480
5640 3722
9399 2118
7124 2666
572 4779
3161 6827
3892 8019
6917 5927
7047 7312
9872 4342
1808 7745
2327 295
2215 5060
39 4252
2787 2671
3786 723
7408 9136
6786 3541
4024 958
5302 3279
9350 5399
5836 9829
9575 5457
6846 5482
7187 5178
8345 510
8319 2384
1299 1255
7169 9759
8106 6804
7686 434
1986 1926
5099 4258
3586 8298
7829 7215
7366 286
8744 1869
3069 6295
1639 8834
5794 9641
3985 5412
4368 7673
1452 6031
5769 7201
6428 3216
1802 4536
5535 4477
3646 1917
137 9431
4267 8321
2246 9681
5204 4908
5537 4134
7330 5607
5950 9190
8650 4419
8555 3743
582 297
410 9505
238 4857
1252 3920
765 3397
8831 1090
3446 982
285 6434
4806 5374
1271 1792
3371 2033
1421 7664
5255 5544
5529 9961
6687 7152
9256 3931
6832 9638
5855 3605
9340 3364
7990 946
7399 1515
6597 3188
9029 8757
4305 3346
4597 8377
5461 2176
4557 6458
5380 4727
4130 2898
6255 5781
4586 492
1963 9903
7528 1133
9690 8049
5195 8612
2302 6124
6255 9386
5764 5905
4228 969
3976 3082
9 3454
619 959
1343 6035
4449 1824
4589 8384
6624 5704
7093 8423
3980 118
5666 5246
9193 1550
6181 7289
6547 6287
1539 7894
7870 3502
3882 1110
997 4925
5107 6366
9375 3339
8535 3856
6427 7512
9206 9435
6603 2426
8630 8272
9444 8613
397 7959
833 1601
1859 3834
5943 1441
1535 6407
852 9805
6141 5876
6015 4544
3329 2577
9686 1262
2039 5449
7819 8848
3233 3457
9055 6182
309 350
8770 1140
624 8955
506 1871
7890 2173
7632 2259
6418 2360
2935 3237
9350 1312
8352 5533
344 631
5121 4352
6301 613
8200 600
162 7718
2107 3055
4893 5458
9773 9932
9190 9430
3216 9698
5759 8478
1968 8812
9310 9552
1884 4705
6639 8540
5455 2060
6735 1544
935 9437
3466 6695
6994 2127
5191 209
6255 8446
1852 7238
3137 8660
2133 4001
5025 7684
8586 7047
5152 70
3912 6750
8802 6297
5723 159
5209 5636
7818 2163
1329 5885
4473 9004
2837 5966
8091 3081
3604 7829
2145 8969
4086 9371
3876 7448
4868 7765
5217 9383
5963 9741
9875 7346
9806 4806
2361 2517
7601 9316
3397 3896
7252 8780
647 9939
596 1948
9320 7460
5846 2321
2176 5371
5912 5658
6851 5849
7357 1913
4277 2967
5421 2372
306 6209
1531 3690
4131 9469
6961 915
8894 6103
6385 3273
9647 4606
6877 8341
95 4209
6913 1018
9029 7551
4924 7549
1637 6744
4647 1603
9510 7751
2223 5993
5744 953
4380 8759
758 5185
8298 5164
241 2410
3273 5027
4838 678
506 5540
135 3895
2721 5293
9557 1370
2428 2435
5241 8773
6692 8007
7206 7975
8709 7911
6347 4602
3288 9346
6602 2141
1978 7643
9610 8089
8194 8764
8128 9944
5091 3066
8345 2106
228 9319
5458 3246
4542 7491
9243 6685
2747 6205
7606 8439
2556 8728
9612 4048
2304 4133
4493 6847
5489 3342
8512 6237
5929 344
7672 4223
5584 8702
2381 7149
9928 7307
1107 3905
6524 6312
1593 7900
5846 7550
674 420
9390 5368
7253 3717
7767 2233
8744 3541
8659 9336
6355 8694
7014 6165
761 9069
4042 8687
4216 5911
397 7914
7867 768
8380 4492
5668 8995
5074 9593
7902 9163
2665 7094
5916 325
680 8697
8582 1023
717 5313
717 4886
4942 9182
670 9816
9255 934
680 9175
3924 9691
8561 4848
3780 275
2311 6947
9243 7743
4694 4474
6630 7792
6944 9533
4714 2915
8545 7867
7071 7654
9101 7643
9315 940
4467 3231
9212 2953
77 5219
3325 6715
9729 3174
5170 5482
4770 1253
7601 1779
7950 2551
1061 3569
2965 6106
280 3330
3570 5095
1433 7626
915 7021
559 6794
8325 2702
7427 7859
7548 2955
694 1881
6627 7819
431 444
9078 4803
807 7252
3108 4113
9509 766
6787 5042
6521 6144
6274 7717
5089 1031
2938 9699
1340 3589
2615 3002
6981 4059
4920 691
3 736
8335 6521
1348 3014
2905 9385
9862 4947
6876 3415
835 2669
4317 5030
8628 8373
3896 4942
8529 210
5540 1333
646 9485
4003 6325
9356 3128
2645 5362
2984 9843
9416 5085
1617 1214
1498 1275
5836 7505
5654 5397
1098 8576
6644 146
2526 2551
9650 8995
5416 8576
6568 9416
4352 3471
6543 1647
7946 2987
2708 733
9947 5427
6813 8188
163 430
7305 1927
5483 2779
9725 7566
870 8907
8962 4939
5389 915
2740 7331
6681 739
4907 203
3403 6247
4570 8035
6609 4725
6576 717
5745 3253
7461 8357
9045 7910
4139 5651
8870 4771
397 4603
9431 733
475 5287
9581 6669
1291 3098
6738 6677
8879 7063
3160 225
4736 1770
6118 1559
5845 4691
1685 7722
3119 4533
4900 8305
157 3690
9363 9564
1528 6510
2283 6840
6608 4819
9116 3335
7038 9888
7504 8490
9555 5836
3903 3333
3411 2677
1239 4527
8911 6402
7309 9477
4529 4786
3858 4843
5604 4044
6416 5975
5238 900
4806 5276
7824 3857
8013 5477
4334 3284
3387 365
3218 1016
3654 4827
214 1712
6084 7134
6339 3412
5604 8753
8190 557
3539 6315
593 9374
9849 35
2423 2501
82 8492
9498 562
425 3021
274 3341
9926 1705
2757 2467
6825 8235
9082 4220
5679 7570
5353 5571
7787 3324
7006 5342
4147 2479
2289 4572
9741 7163
8386 96
6448 343
9166 9373
106 4356
3837 6682
3780 9478
4451 2333
3266 4057
2485 6120
5034 6460
3090 7787
9080 2362
6581 9761
6610 763
9220 717
8509 7606
9377 3289
9720 9551
7721 1558
7001 2421
3858 1494
1442 7217
7791 4396
5837 1506
9376 5342
4371 3204
5807 8099
2324 1432
9979 7233
7623 6413
1818 7444
9483 7854
2951 1163
1179 4012
5921 9027
9268 8973
9612 5213
1305 9222
2308 637
8050 7984
1577 8420
6987 9821
8249 7604
9820 5234
1055 6894
5989 8519
402 3390
348 5064
3009 7017
8084 6172
4759 2329
7891 216
6731 7043
8612 9341
2495 5359
8992 1051
4206 7563
4065 7805
5503 9900
793 2462
8189 779
8193 1755
151 7486
1669 4789
1758 1887
989 9806
5289 221
6298 5496
3843 7080
91 8089
2113 2093
242 2306
648 2445
