416
98428596
5378 8748
8096 8152
3901 3015
6883 9269
6943 8046
3809 388
5369 1205
2683 5083
8535 2039
1220 6966
745 7584
6578 4851
5200 8563
5824 6336
8567 7179
6590 1468
1724 1518
6126 8873
2883 8464
5867 5981
9221 2267
2537 6471
5408 1911
655 9698
2899 4791
4699 5889
1330 7118
2035 8472
2590 4021
705 1569
7929 4966
4999 5945
3398 8377
9604 2715
846 23
6996 7673
1921 8877
2957 8970
3139 468
5979 3103
1659 1311
9507 7769
6760 5457
459 346
5474 6465
9738 5439
5715 7975
4303 4948
1949 9431
5469 2145
1129 8223
4485 9665
6559 8862
4239 5383
4945 6451
8703 6711
6094 7183
5425 3229
4212 7322
7423 2960
2264 2022
1323 7110
4490 9118
7113 6542
7343 2486
9355 2198
3216 6156
9535 9940
4139 6982
5288 8426
7919 941
3119 4233
7036 9799
2728 6513
480 296
6261 6364
9532 6927
6174 1420
6949 1303
8174 4723
1561 6701
3284 6045
9301 46
5317 9189
6603 3133
261 1272
9609 3071
8217 1879
7872 6830
3521 7174
2235 489
9004 6750
9097 4756
1793 4192
1104 5822
3446 1393
7167 2271
7240 5085
3924 1006
9783 5063
2789 3767
5316 5060
3057 6303
9894 4468
2951 2597
8815 1064
2209 2881
1446 7880
7415 3347
5984 5182
1292 1315
505 6590
1391 7349
6665 4220
4416 6732
4991 1301
9656 2291
3855 7277
8110 4543
5256 490
7257 5697
3696 6593
4318 8259
6702 4742
1463 3397
925 1240
2544 5886
9304 4475
5240 5847
6705 4032
5548 9031
3185 2142
6085 5734
423 199
4323 9903
6429 6736
8873 9611
4856 9764
1217 4751
6092 7702
6223 2639
5600 2881
2696 9766
2156 3342
5100 910
1548 9816
2246 1051
8169 8569
7990 36
6239 8316
1604 6254
6197 3723
8194 4149
8534 7481
5911 4138
4629 7944
4961 387
4380 150
7503 2299
1950 8876
7717 780
5314 2199
3343 9064
7519 2392
7962 5439
1120 3108
2838 8088
8178 7616
8771 7311
9980 8325
4699 98
8379 6032
1689 486
441 8451
8154 6102
6725 1933
3518 1924
5333 448
6475 3547
6672 3059
7259 3923
7835 352
9299 5670
3147 2097
1719 5385
2016 8802
4172 1473
3969 7854
9634 8116
4467 5115
6896 6555
7174 8543
5077 7254
2169 722
7488 1838
8006 9066
6664 7168
6564 2954
4314 9627
1502 6699
9373 5592
4911 9874
392 2615
1728 493
3177 2809
8977 4786
8721 2533
1461 6209
1322 918
815 5953
1155 3091
5345 867
2322 6648
2334 4713
7763 7696
3888 8050
2292 6518
375 9008
3488 9336
4357 2930
8932 4830
2286 5037
7859 7150
2503 9979
5563 9943
1367 4379
6984 8626
3875 9553
9014 7367
2793 6145
7422 9349
859 1447
7972 3595
7921 1875
4642 4580
3846 6015
2899 7769
4235 6770
9637 7585
9659 5436
2761 4183
6379 9060
7398 8222
2367 2923
9924 6037
8102 8225
6642 3801
260 1262
1781 6202
574 289
1087 1850
5524 1979
8412 3907
3662 1633
2354 4181
270 7778
4758 7317
4694 7348
6514 9699
1386 8338
2119 5702
3947 367
9967 174
9672 2847
9282 245
3751 2105
8418 158
1715 8197
2952 3866
3242 5171
8685 7271
7517 1201
1539 3689
1034 6807
657 5468
8339 6352
7087 1516
9318 5154
7643 1855
3967 9077
9295 3433
5423 6864
7035 4869
9823 3986
5933 4557
2442 8136
9234 9532
1640 3434
3652 8039
2370 4781
8028 4198
9500 2743
9220 8588
7320 7512
2465 7506
622 1235
4750 4446
7282 9690
7889 1771
2426 4644
8771 8909
4996 937
7290 277
5134 6147
8777 2409
1462 1577
5030 2547
2497 514
1223 1017
4504 8772
7868 9812
3232 102
1337 6920
1511 8949
2975 8970
7326 7469
1708 5637
4178 2314
7173 5928
96 3420
2128 6356
3331 3483
1916 6134
1463 2308
8682 756
8800 6097
2545 1340
7004 582
6635 1971
1347 7055
3582 2075
5362 6228
1255 5514
1758 4387
2002 2320
9171 4200
6979 8653
2546 3068
4230 4939
4292 6362
6917 7050
7243 6707
3505 1646
464 3794
7503 7670
9316 9
2437 6201
8494 7070
6617 4622
1354 4225
8452 5234
8955 1151
6492 634
4150 2240
4207 5540
4188 9048
8593 3043
4291 243
2523 3379
2946 3671
1811 4890
4204 7195
9725 281
598 918
9297 375
186 5856
1513 5097
8169 8362
4972 7732
1822 5987
5448 4058
3278 2524
3523 6531
9626 4397
5087 4566
3999 308
433 5620
3943 7628
4797 6249
6609 8081
2906 6483
3404 4194
3981 8903
6382 9046
7921 6758
7732 2872
2495 9261
1455 1309
8513 4104
2511 5255
7137 2733
2228 1178
4552 2227
7133 7273
3045 6252
1791 5196
3732 1587
578 2111
4183 6801
4889 5812
8872 4992
7384 8428
5901 8275
1324 7458
3031 8953
8402 5409
5687 6137
1306 6651
4853 5920
5000 6318
2065 5305
2615 1501
1525 7857
8139 2436
1955 6249
1610 883
1157 8179
