3769
77674190
23 8900
6938 4904
4300 485
4552 1449
4402 8963
3425 8006
1902 363
2234 5619
8388 4482
1344 6213
4252 5292
7648 7360
4465 1042
7624 9503
2650 7512
267 5806
4528 9867
294 812
8273 8824
4974 2918
7098 3346
1206 2318
7371 2564
1484 9292
238 633
1475 6904
1341 8615
3992 3364
756 3927
5844 5523
5290 8002
8825 6092
7924 1516
8363 7639
1965 3398
3196 7673
1199 9927
1479 7873
3991 2738
4982 3291
7866 18
167 4003
5029 8694
7195 1408
6463 6583
6750 783
8966 8745
7240 7256
8647 9710
7630 8764
8959 2142
3662 1551
912 1099
6224 8584
1317 5701
6163 6355
6054 441
3469 7050
9646 2118
7192 5315
9763 3666
8636 8937
7632 7816
7233 6725
6454 8474
6503 8572
1202 2499
3683 6882
3163 9482
3877 4429
4742 9554
1812 2319
7433 5707
9422 3491
8463 2432
3270 1116
238 4270
8147 7368
5165 1738
8426 901
6056 3547
1546 9263
2354 5888
1188 5151
2041 9714
7394 7400
4596 6456
4499 5706
6474 8720
9561 7912
7502 861
396 6107
6599 7726
6998 2729
4256 6588
7715 4464
3547 1042
509 922
9022 6809
3227 3660
2440 4043
7828 2036
9091 5795
4730 5063
872 6017
5360 7593
5106 417
3942 3311
6568 2932
5084 1143
7152 1049
2364 9403
3243 1404
3032 4802
1631 6823
5019 1044
9854 1677
6706 3755
6667 7528
8225 8538
7211 8266
2526 4090
6701 4489
1581 3914
1527 4894
3069 7638
9146 5815
3220 9660
600 3591
7506 267
3165 2025
4755 9804
3020 407
8868 984
8395 1634
1276 5599
6519 4417
7828 8704
742 7030
4994 5936
8155 1616
8476 7979
1329 7487
5702 8654
3194 5592
5324 3994
3703 5904
1770 3728
222 7338
5567 6857
5951 4985
9000 6101
6563 9569
993 1880
7361 1098
8102 6609
5577 6410
6615 9071
5752 5574
5525 3681
46 5309
1798 199
8247 7769
2674 4130
7557 6844
6597 9325
2054 2095
3256 5625
3147 387
9970 1853
2299 476
6250 6612
5412 2688
8673 1024
3211 511
2463 3020
658 361
3465 8199
459 324
1857 6392
7558 8533
6030 7979
9351 5753
3771 4856
4128 4486
3271 4936
1246 7972
2500 3722
9533 1666
8647 3903
4528 2356
7978 6518
3502 2960
7691 8743
6306 3275
2682 6758
2881 517
1325 7923
8149 3954
8054 9780
8929 8845
8742 3153
2630 9774
1183 7703
1903 2481
5842 9722
7130 650
8903 6573
5640 4795
1026 4089
2703 597
167 1058
1087 5436
8053 4154
848 7948
8211 758
442 5249
3368 7789
6399 9672
2165 4517
3921 4145
3437 170
2680 2098
2551 9085
1638 3845
5287 3730
3578 6773
1166 2684
3534 5419
3625 3094
1595 6103
8964 3112
5524 3593
5204 761
518 6900
5259 4746
3157 8931
7979 1113
9170 8310
4673 2626
8737 5586
3916 142
3262 2986
8755 9820
3198 9861
2615 566
3243 7709
4996 685
3919 2501
6390 9258
1225 1518
7165 4752
988 674
6413 4734
6440 9027
5336 9375
4337 8154
5802 4368
479 6963
2877 2207
6843 7978
1445 9817
5422 6744
8624 9527
7854 7688
1302 8062
8512 6456
8588 4379
6869 3135
7355 1608
3195 3719
5506 5242
5604 2081
8844 6809
2367 4994
316 2267
2277 1804
9418 6057
3730 7075
9420 5414
2476 621
7997 9766
8885 7590
207 8628
603 4538
6190 499
6752 3765
9406 8514
3527 2172
6826 2170
7127 7036
9524 3941
3361 5624
3765 2700
9023 8349
6445 7144
3843 4998
5286 4185
3802 7406
2074 2202
220 3537
5104 9047
3396 709
6828 1802
6547 5320
2104 8359
991 6161
9098 4665
9951 7091
946 8686
4086 9019
5997 1693
165 3844
9932 8555
3696 6958
201 2915
1672 1769
5472 5500
1851 8524
8184 9431
7343 6706
2907 3700
5207 7649
5629 6608
7161 8201
7033 8201
8882 9865
270 5209
4616 8530
9639 5344
8190 2372
8080 3465
478 7942
3613 3989
9618 7597
5054 3495
7254 1111
5272 2471
4487 4446
4656 787
9443 451
4990 9384
1403 1970
4806 2740
9844 2556
8304 4343
3400 7903
3012 8134
1881 4998
7355 966
69 9684
648 3147
3546 5932
8548 675
4244 4481
2019 320
1906 5206
8338 2916
6776 1155
5439 5048
9856 1730
6882 6768
4879 4285
3937 4380
3023 5833
3642 4220
3352 352
7135 6454
5644 8570
8355 473
2693 703
6443 413
3459 8085
1304 4690
9393 5829
3336 7842
6507 1294
7551 7298
9362 2626
2006 9136
137 6628
3485 9531
3952 3240
607 5597
6066 6144
4954 1257
7219 7221
5189 5698
8883 188
1838 8495
3626 6728
6116 2950
6158 7886
3007 649
3668 2241
3811 3720
8579 6459
7373 9183
3297 9018
2498 4217
7327 5219
6442 3073
2709 1068
996 8103
2670 6580
4261 2346
7962 5860
3828 4465
9092 332
5481 4090
8636 7643
7289 9101
1176 9029
7784 1683
59 8751
906 1070
8393 6881
9894 2553
7121 1707
3487 2498
3527 9540
9087 8375
4575 1889
1288 7817
9750 2017
9350 8679
9603 1488
3597 3175
5623 5322
2541 1241
1975 9302
5543 4069
9261 8570
9150 3786
6632 6790
6971 3061
6373 8316
8619 9065
6524 8106
5655 1989
4112 4446
5721 1510
7980 4366
3470 1072
575 4156
391 9857
2736 2883
750 4200
9479 282
6267 8959
9625 8407
7226 1956
7067 6005
8569 9202
3309 8439
7939 2199
5916 5924
630 3021
6121 6315
7255 3614
6256 6010
1583 4695
658 3445
1666 2910
2355 1727
4185 2383
9485 2437
531 3686
7514 8706
4012 3025
8201 9886
6630 7597
956 1344
7772 8834
1783 7757
7755 1227
1485 7396
3865 8592
9103 7496
8021 354
3305 948
4936 30
2788 920
6769 7600
5927 7077
5068 9877
2726 5635
1397 9036
8947 6097
5082 704
6014 5263
3571 3234
8902 9441
8103 2839
2115 7041
9014 1400
207 9054
9077 2521
7149 1513
9549 2165
8153 1198
1435 714
761 8258
2108 6580
6807 7590
4526 6571
4034 4452
4621 2915
3404 8415
3296 5309
9163 330
6491 8307
5799 1403
1413 7872
3184 7098
3205 1062
409 4608
9753 9685
1125 1866
9013 6080
5407 1598
3523 6198
6511 7544
5975 7852
6282 1032
585 2255
7720 6995
6243 3708
7502 1964
4622 8541
8225 560
4658 5256
3529 5518
6908 9042
9539 2327
2909 5458
4723 1112
8692 5814
9909 9701
833 8662
3708 4898
5671 3172
2870 5607
1682 9467
1143 8362
6193 8462
7467 4766
4643 937
5910 1274
8569 6546
2296 9808
6378 1587
3921 7649
6991 9723
3571 2492
2475 8923
3948 3359
5989 518
9882 2371
9449 9351
9504 3022
5748 2519
8707 3500
4315 8398
6420 1010
1916 3365
8562 8049
8894 7422
3777 3728
6323 8247
1844 4450
3811 1117
1335 926
6775 8676
1261 7509
9187 8640
2688 1314
6345 4750
950 3396
525 5767
1043 5210
3763 6033
1209 5955
4981 872
7591 8455
3642 3856
3946 6113
6378 2205
5217 3866
4399 4256
1906 6247
2420 9734
5374 3699
3187 8593
8096 5149
2007 9240
5723 9338
5615 4405
9809 5210
2159 8038
7007 4655
6038 3546
7459 5231
7054 2230
9341 8400
3373 3240
8562 2304
3477 4192
5969 2121
2235 493
4889 5817
9920 8621
5942 369
504 5757
2851 6059
4637 4028
4673 321
849 8356
6404 470
8319 2892
8364 3461
5785 3509
9852 3244
9656 7623
8705 2310
6089 9336
5123 7622
1014 4728
6782 2615
7910 7109
310 3605
8461 4441
8837 3635
5669 2004
8865 6118
7071 301
7012 2758
9206 135
2637 6530
7537 8637
1852 3665
3021 166
1659 2503
5967 8448
6076 5501
4113 449
4462 9987
9427 6284
9245 9315
9691 4143
5620 9464
5681 4978
5698 4999
5867 7443
5699 3108
8614 93
6202 2079
9376 8485
779 8644
8743 5882
7917 6502
4138 5393
9661 2374
3140 378
4451 2866
6106 2335
3591 5376
838 9052
773 5921
2635 9547
4339 8307
5977 23
9367 9661
342 899
4851 8277
5618 6966
3447 214
6126 3171
4517 24
3871 2877
1035 2268
5370 8800
5708 6436
7875 5724
1250 2534
1445 154
6539 2625
7375 6068
3815 4995
2378 5878
6499 983
3679 4612
2182 6024
5017 1077
4162 4656
8546 3607
1427 6409
2767 3332
1847 5949
9579 3923
6919 8275
7956 5307
100 4197
474 9220
4139 2453
4771 67
3219 4755
4305 6915
104 6938
3852 3949
2302 9732
7032 7855
7291 3397
4008 7695
9098 9539
483 6335
3488 352
1660 5264
2089 6383
7564 6970
7484 2492
2484 7902
3324 6611
9337 9755
844 7899
1820 5268
6568 5068
2958 4196
3290 3754
392 7698
9626 5643
4718 1231
3748 6327
6274 9420
5326 3421
1048 5730
4465 275
2103 6564
3772 4679
8288 1825
2521 4573
9529 1026
886 1946
6351 8581
377 2578
1413 3680
1732 6507
3905 9003
8595 8692
612 1324
915 6787
5970 6319
1253 6736
4473 7876
2865 1984
5245 5657
527 858
9713 4380
2677 5929
5726 7739
4483 2359
6801 3024
9149 4155
4458 3799
4762 523
2002 1879
7466 4198
101 9764
4167 2502
1723 6903
6873 3618
53 8629
4976 9689
8340 4846
2879 8399
1257 7611
7119 1382
3811 4431
8495 4549
481 6303
2859 360
2563 5887
7954 3663
8381 5127
8682 630
4027 8158
1131 2567
2747 5196
6108 8319
1999 661
5766 2036
6523 4363
4475 9636
791 2886
3997 4326
3832 1749
8721 2863
3637 9467
4950 963
8730 482
4667 8238
7035 7699
1853 8704
482 2403
8787 4731
9799 4401
7583 5387
2665 9488
4232 2349
9137 3503
1521 8495
3134 4163
8404 4614
4630 3509
8187 153
3163 6915
4674 8912
8383 4410
318 5585
4789 6655
1358 2680
9603 9923
2591 4953
8893 6746
8166 5709
6114 4777
8556 5719
1215 64
6486 8575
4980 7111
4373 6053
950 1827
2174 3552
1758 4804
2782 3893
7771 6496
8671 7270
5893 4160
5924 1242
5824 7416
1247 2019
1721 2649
1647 5040
6674 5629
8436 6773
1592 5089
4496 3757
9460 6885
4549 9138
2760 4728
6163 8213
7689 3230
1526 9364
602 5606
6662 7215
4253 8113
4671 6379
5057 769
3237 6323
9565 8592
7531 6976
1415 5488
2149 4751
3756 6572
348 805
6464 5781
570 255
2262 8157
235 5063
9543 5956
6000 49
1081 6800
5247 5253
2963 6256
1079 9653
8806 2679
7457 4940
3524 7128
1178 8350
4822 7021
851 8148
4939 5655
5177 7187
4279 5514
2937 637
9063 3584
7754 8184
4602 135
5584 8519
9803 6768
4930 8023
1379 9482
1496 9202
1474 6726
9425 5202
4939 8685
1551 4116
547 5381
2668 1833
948 6214
2683 9465
7016 7235
5884 5551
2027 486
8058 5239
7062 6254
6774 6982
6742 1219
8305 6178
5021 9579
6136 5283
5637 95
5389 88
9447 2323
9195 4593
2024 9966
5642 4040
3680 2739
9184 3590
7906 2069
734 1839
4141 4283
9401 7919
182 2704
4221 1772
4060 4831
4032 2660
4485 7404
7269 9831
6631 2377
9129 9252
863 8119
7636 2126
1107 6070
3992 2388
2538 814
5340 5649
5934 678
9118 7565
5406 4880
7791 5859
3654 6497
2369 2685
8527 4681
2111 7372
9238 6524
1056 3352
4137 7215
1885 8649
3494 5034
2778 9023
5715 5084
9796 5502
3580 8820
7076 6924
562 8971
3116 4168
6588 3129
3508 7871
7158 9151
8393 8474
2157 9911
7490 7865
9410 6729
7227 2499
6327 2941
4519 9599
966 7378
5320 7060
6828 7909
3350 4143
2232 1655
7251 977
8067 8661
5609 4042
5567 5403
3784 5899
3962 1354
2678 8442
8249 1809
6312 7678
5988 6724
8372 9400
3610 4687
1334 1566
6796 866
8146 2968
7979 6234
2302 1649
1970 2832
8709 3629
9713 7185
5939 7437
4373 8733
5792 6474
267 2038
6820 3699
2858 8251
3165 6082
5425 6136
5724 9010
7479 7011
2992 8691
4606 9737
349 4139
6575 7990
9342 9713
589 192
725 8567
4904 5247
2250 5174
3985 5
4662 3494
1581 9391
2932 6877
2132 6647
6697 2411
4610 6489
5772 2937
321 563
1878 8067
700 7575
9367 1939
4954 5299
639 3169
153 5076
3031 1931
1779 8359
261 7782
777 6665
8169 9311
5938 4662
2088 7104
3873 8069
2193 8313
919 5344
5016 2621
7531 8150
4226 3048
1223 6275
8987 3669
3089 1732
1383 6605
1826 2163
5097 3131
4869 887
891 8875
5262 309
4567 8557
4563 8315
2415 6328
8920 2376
3311 9723
8188 6821
5612 3618
5026 9099
5413 460
5137 1760
3039 7083
9223 242
1190 1236
2487 9558
4905 749
9436 9945
6426 7323
7237 1432
7064 4959
7220 1110
1746 3907
9888 3028
6186 4232
5431 8383
7075 7773
2318 4719
6581 4263
2381 6920
5457 6836
9201 524
2483 1934
7873 3833
2530 2105
1026 3089
3808 5647
4687 8463
5939 8437
815 8068
7354 4747
663 7956
2865 7408
3269 8459
2465 5038
7301 4601
9914 9237
9856 4693
7098 6010
3085 2655
9870 9544
1478 4778
3417 6734
5011 7291
8221 1264
1900 4555
6171 797
6615 7737
3419 9287
7297 591
3854 6163
7872 1107
5491 4512
5881 962
8137 6614
5401 9978
4364 6961
8149 1833
9607 9805
5215 7152
2665 966
1809 4783
7613 3790
8205 1668
4669 4249
9961 6139
5509 2465
1544 5225
1326 9051
5396 3836
863 5549
8947 999
3312 871
5231 3119
2777 2394
1748 8060
5490 3214
7370 5306
5967 7746
8117 7229
2962 9525
4594 3623
3726 3427
5918 713
2412 9341
9270 7070
1476 9268
9892 8021
9389 270
5869 6746
2052 1297
3876 4701
7160 6772
3620 511
7876 3026
7898 4710
5072 4408
4215 9522
741 3981
2518 9141
7521 4451
9739 4335
1200 5904
3714 4957
3242 8809
7623 8857
2985 3369
4027 3937
8197 9979
7605 8800
3024 3287
8093 8688
1702 4022
6121 4622
1408 7135
3130 7478
5895 4748
9904 6548
4742 1804
3617 8894
1642 2310
2187 6897
5150 7624
4159 2939
5625 6563
9110 7008
9626 4570
1175 4423
850 1048
6290 8376
5045 7144
9588 819
6056 2299
9486 7142
6072 3012
5935 310
1446 9783
7514 4518
4857 1713
7776 4733
6404 1529
6093 7089
7894 2452
5066 6155
9915 9689
325 6527
3354 4761
4439 375
2945 8785
5131 1014
4042 4037
5748 453
9957 8851
4668 7795
7281 9097
5210 8706
1098 2707
4340 9811
3609 1871
2241 8450
1401 6421
4763 3055
5737 8480
7952 4668
2577 808
8515 9343
8440 9645
9917 5991
9340 1636
1112 7051
765 2254
840 76
1060 1228
9279 2576
7230 1578
3744 7019
8161 751
4825 2847
8144 4194
582 8477
4554 3204
6783 8545
6878 9044
9649 2951
72 7248
1582 8741
161 1429
2765 428
8545 314
2653 1303
310 6014
6495 7432
6775 8772
1130 2944
1254 9164
8796 2238
9375 3370
1333 5415
8245 5137
3872 1357
1256 3437
1069 6227
4079 73
4131 5650
2618 4259
4301 8622
8468 7559
1099 579
8572 803
8632 4087
4162 3175
2754 3424
1108 2126
9242 4175
727 5397
7563 2176
8585 8801
2978 99
794 1635
2801 635
5933 5311
5979 9279
9693 4002
8253 4884
3328 2772
9281 4099
1859 4747
7343 693
8091 6181
7076 7190
8093 4419
7559 9841
527 4470
4495 9195
1605 6393
8292 6549
8203 3313
117 2870
7498 7626
6686 5865
9755 4099
8922 5997
4754 9667
4705 2188
2600 7848
2898 6936
1194 3941
831 9856
8029 6815
9276 1097
5870 7165
1827 9405
7312 7294
4988 1050
4603 7554
9336 497
1882 4376
3769 9032
1145 859
7176 1205
7992 5023
7770 8533
9402 4555
2035 8606
6346 1931
5341 3845
2186 2535
2421 1864
2418 341
746 3516
3066 5634
496 1744
1672 7531
461 9718
6263 4398
6216 3414
4889 6629
2971 2547
2794 7057
7621 7159
7628 1379
8516 5593
7005 5468
8291 576
1173 8574
5306 8585
6399 5680
7519 6891
592 9126
3866 5182
210 6779
8627 7608
7171 2371
2363 1570
3580 1032
9963 3678
7911 789
2455 739
7415 103
7727 5617
9413 3815
710 4066
4397 6681
3541 7797
2388 4545
249 4666
4917 4176
9059 5570
8710 2592
6851 5929
8060 606
1240 402
2157 8348
441 3654
5317 7433
7272 8637
3591 9284
3450 577
6903 4052
3291 6012
3690 7555
4633 1297
119 7437
1515 9942
9996 9068
3656 7796
7855 5165
2299 7728
26 8120
7284 395
5722 7069
199 9807
3648 3602
4919 7681
4561 1364
2379 9922
9395 573
7616 7593
8426 8716
4924 7186
6407 7976
8154 3762
9517 3350
1853 6043
6973 9078
9391 6778
1617 7981
7578 7098
4717 4062
5928 6750
8856 8516
5818 6005
7424 9073
6444 929
3538 2584
8710 4266
6944 5470
916 3078
7104 6331
555 313
8972 569
1372 8593
7910 7244
538 7304
5957 6206
5606 1416
6443 7566
5271 2566
8034 3509
7320 958
1017 7729
5864 3100
5387 4579
3639 3388
4189 8042
7755 4011
7877 8980
805 974
9097 5357
9705 6761
3026 5512
2883 8883
9558 7329
2543 3726
8197 3856
656 809
5385 2723
7622 5083
7621 7671
2379 2431
2326 782
6174 2698
619 8703
8572 1932
138 5338
1 6371
4526 7551
9877 2040
8508 7204
7484 5207
618 4169
3334 4627
1994 2347
8252 8854
2065 3093
4998 9476
1723 846
1688 9709
1658 1819
9659 261
6658 5443
1829 5943
3442 3029
5609 3293
43 4342
6067 5726
7549 4211
4154 5088
6414 4775
2881 9826
1464 2125
6927 7047
953 9778
4680 2944
402 2956
106 2439
7453 5437
5155 6044
1512 8999
2321 5995
9498 1009
2278 1233
7505 1246
6936 8562
6157 1247
3745 9831
2953 9029
1065 6604
5767 3335
7273 4103
6020 9436
778 6806
9060 51
7327 641
2406 15
2015 5075
4291 1006
5398 9062
7082 6709
9249 1802
5302 9520
3446 8500
1344 121
7988 8638
1075 1284
6567 6877
6024 829
5752 8387
5830 8002
2773 8597
2599 3851
709 645
782 7440
4796 5697
3576 3796
5092 724
5065 6097
5218 7806
1789 3979
8679 3469
4455 6683
5990 1533
6335 9647
1167 8295
2500 87
7100 6096
4400 9539
8618 1597
7680 1437
1489 6680
1233 4807
7028 3546
6326 8823
2570 5117
7787 9309
4559 1737
7376 3450
2820 4567
1333 2789
6541 5406
837 5411
7101 9176
4411 3956
4885 8293
5553 6867
5995 2813
8002 2708
4709 5574
3935 9947
1885 6625
9123 1288
3439 1133
9746 9037
4365 4560
1416 9014
4206 6060
1377 274
2257 7145
5157 8068
5962 5203
3649 9476
1614 6717
9827 389
3303 1016
1988 4054
5705 737
8991 6269
5555 6142
4621 4910
9769 7645
5718 1962
6326 4314
323 4682
6964 6685
5515 3947
7101 4087
434 5330
4520 5817
7426 6820
3131 2794
5235 7713
7476 7605
1119 7907
2061 4006
2027 3425
7009 1668
9460 5760
4607 8711
9773 1979
8958 9490
1280 5634
7182 74
2953 1347
3424 7643
2854 4813
9948 1637
1393 3523
4223 2014
6528 8409
2210 740
5383 1587
6223 9078
210 2006
1435 8352
2903 5527
241 5177
7452 965
6138 9090
2179 5444
6683 1460
6158 1274
5193 9211
6054 6854
500 8929
8040 4156
6125 2671
7646 6936
2543 2777
3447 2189
2255 286
1818 2074
9175 4520
9684 5920
6515 3787
3539 1264
8381 6469
4978 7056
5307 8419
6464 1295
6361 1788
3618 5804
2723 8252
3555 7246
3441 9545
9424 9730
8666 8302
8395 2598
1097 8639
2290 65
8084 2571
5343 1074
770 538
4908 817
1106 8106
2050 3974
1837 4004
6775 7001
1594 162
4414 2517
4194 773
7640 5753
9255 4604
7312 6466
3421 4011
6786 1599
8767 8947
9628 8115
3531 5833
3683 1579
2868 755
4740 9514
5051 1190
5257 7910
6122 4932
6751 3706
8250 6800
7968 1640
7994 6773
3717 4369
1096 9141
1150 1638
5356 3600
1564 1206
7175 2233
3765 7275
8285 3056
2177 7647
1390 8705
756 993
9689 3418
9750 8092
7858 8540
5193 6328
6838 1801
475 8950
5941 1829
1373 2562
2194 5272
9097 2161
6990 3837
6942 858
2754 5349
427 3625
4331 3857
1153 880
5733 8203
5540 392
6716 6239
7480 7985
4264 2934
445 7137
2902 1931
2310 135
4794 8774
824 59
4860 473
2179 7990
768 437
2310 4096
4003 9180
2083 4711
6350 7084
1246 7047
5267 9031
6052 5560
6904 7177
2552 6745
8658 281
8803 1310
4669 3826
158 705
5693 3727
8629 9683
5410 3552
6922 9284
4929 4260
3189 7131
8618 8695
7514 1989
2021 3549
380 3525
9216 7503
578 1066
7395 7307
1572 4947
3636 5976
5220 3728
7339 2685
2943 4028
196 9783
7031 8383
676 9409
2491 3938
8206 1144
2257 674
3582 7121
2497 4731
5874 292
5621 2883
9272 817
3860 8362
4093 9766
9585 6472
5570 4520
6643 8654
607 6268
1120 4040
7822 3925
836 2135
3912 3449
407 3402
9194 6959
3240 1941
7437 7217
8231 7250
6548 1250
3289 9378
7767 4556
6276 7638
297 3923
6028 4167
3963 3163
4878 9646
6258 597
1790 7507
1512 4688
7804 3540
4738 6341
1076 3025
7832 3114
4227 4504
7543 371
2324 7313
3022 4857
8341 4713
2350 4902
5273 6774
5102 3553
6331 9274
8842 8877
855 7209
8410 312
3293 6824
727 3335
1162 6611
3730 8390
4574 8104
9193 1710
4332 2064
9854 2007
3954 2128
9875 7194
6997 3983
622 2414
9878 6974
5268 929
3220 3302
6604 274
7632 288
2529 8912
3697 888
1325 3500
3870 7544
6452 5154
8184 6869
2755 7290
838 3250
6670 7723
2315 4427
3724 6420
4086 2708
4185 9207
3339 3652
3108 6483
5681 1500
1029 4961
9619 1975
5983 3462
476 9272
3242 7652
4711 993
9665 8771
8147 5737
8859 6936
6135 6506
6642 5486
7475 870
3880 9388
9864 4523
8773 4284
1845 8816
3729 4643
4174 5491
5008 4404
9496 6983
763 3466
7037 9685
6470 9957
7733 6976
5507 5268
3735 8913
9405 5109
7258 8542
796 8126
9854 2154
203 989
8689 8553
2337 2924
2766 5719
321 8140
7594 2305
6421 6178
5262 7041
4290 9969
8400 6745
5256 9924
9116 6235
4888 4901
9998 8746
86 1049
8527 6108
9000 4204
9986 5796
536 9749
6926 9259
424 7534
7456 1395
4398 2930
8327 2806
7218 3092
3878 6796
6316 5096
4492 7143
7138 9091
3447 3923
5180 2297
5058 3011
7878 3672
284 9117
9051 196
5958 4510
7599 9518
1061 7134
6340 9435
3908 1892
4488 9194
7432 84
2433 9747
8132 3273
3299 2289
3901 6336
6082 3835
1839 1081
1411 2506
649 6216
3344 7329
3377 4520
740 5147
9581 59
7542 7656
7840 2665
8586 5274
1059 2493
8370 4269
8826 6701
8258 209
9033 2446
2468 4135
4191 4925
4325 8769
4379 3447
9589 4772
6411 2054
9406 8766
5287 7878
2462 4839
9859 491
8216 400
7371 9247
2703 8482
6225 703
6853 4735
9487 3436
5045 847
7808 7164
3982 4275
1376 8460
5511 4372
311 5798
9656 5611
6818 4140
1462 7324
547 5669
8113 6515
8096 4793
1224 9749
6156 6558
6807 716
2731 4809
637 7670
7068 1725
7895 4436
6126 9517
6220 8948
5102 6059
4603 8276
4952 3747
5396 8991
5547 9300
9334 569
1163 2060
9366 3286
9903 9774
944 7784
5080 993
4966 2892
9359 5536
9522 7435
5117 1902
5776 4658
3313 190
2296 91
9701 6687
6146 7469
9159 6238
860 9916
1005 8020
534 8551
7541 4302
9815 3611
3005 9203
9674 5898
7044 3005
2679 7939
7152 2480
9793 4747
2144 4848
259 2016
5529 6059
2897 7103
9652 185
6828 4035
3600 9148
5235 1351
1196 9289
6166 1133
5797 5469
3120 3983
6229 5503
6997 6579
3938 1908
9335 2865
5185 9765
6867 2162
8515 4001
6052 5464
423 407
6680 5393
6521 4071
1297 9156
4458 7918
6112 3886
4340 1621
315 1222
6186 6907
5873 8448
3418 1257
4091 7869
7308 1757
4777 1442
1332 6686
4659 7117
7651 9737
7166 9756
21 3261
5239 9296
8619 7666
6802 6488
6244 3711
7414 7262
1354 9674
5589 6996
3986 5562
7692 8765
2100 1761
9918 6680
7347 6767
2446 9281
5848 4987
8708 8014
9418 1685
2653 2969
8163 5001
405 7543
6454 5264
8846 1335
5593 4822
860 3205
7311 9887
9354 5344
3061 8644
8850 6827
5728 6702
7543 632
8057 2068
2331 8561
7793 669
8045 1553
3815 3723
7249 4925
1282 5474
8362 8569
2096 9297
7575 6497
5106 3428
3012 2591
5498 2452
1461 3165
2878 7880
4849 8050
1982 2990
5564 4781
6541 1040
5314 2388
4382 4042
5902 6347
1783 3796
367 8963
2548 4438
6313 6151
3211 2624
6856 6246
8851 9640
7407 4787
2729 8411
4844 8055
7085 5550
1535 3818
7476 3760
6615 4228
3938 9417
5642 2949
7712 5439
9908 2101
5330 3130
2518 9309
3822 4692
867 8529
261 3879
56 2585
936 1280
1088 555
3350 1125
1021 9420
9903 1285
3715 534
9540 5767
2624 3930
4470 3515
9285 5541
2618 3434
7092 5504
8659 9587
7934 9888
6421 5046
2819 8731
483 9712
1949 9180
7495 8391
9617 148
36 6661
4066 6685
5887 1872
7062 7837
8909 4615
5731 9881
1142 9765
3807 9461
6218 1583
3737 9024
7754 1175
3532 2214
8251 826
8888 5341
6169 9547
9613 1341
3964 8308
4416 5727
4952 4177
43 4422
6721 4089
8288 5544
8144 2453
2415 6567
1330 7172
2696 9564
5211 7546
8779 7565
8548 3176
4619 7759
8268 3438
6378 3315
2338 3189
9322 5395
1322 1401
3290 3231
5174 7276
3164 4605
2586 8725
7608 3551
1293 9661
4922 6270
3764 55
1990 2357
838 6527
3773 702
6350 8610
1300 6124
8334 2015
2551 3607
1063 1254
5602 6482
4682 4575
5877 1520
2286 5390
4265 7351
1442 1857
2115 2268
6106 1288
4623 1512
4094 7505
3380 6689
8928 8373
2394 4616
3396 4884
6439 6057
2731 8385
3593 985
213 7534
4275 8665
628 507
9754 1761
2440 7180
8020 3443
5002 3529
3159 6381
2275 7582
6027 764
1900 5032
7132 9309
1121 5631
4024 1733
3811 2894
5194 7325
7586 1869
6042 4986
8157 8279
5888 8018
8357 5366
1985 9314
97 4202
5798 8837
912 8450
8627 351
631 3111
8138 5026
6919 5060
2982 9172
7265 4498
9695 1836
4242 6493
5666 9060
9905 9452
5652 2040
6619 208
1933 9942
5054 6547
5251 7513
7038 1215
6543 1327
4744 3594
240 3962
125 2523
1054 2806
2537 3149
9015 2081
6199 9319
7656 4247
2157 2404
6713 9513
8188 7463
7250 5779
2735 7323
2039 4913
8721 8846
8386 4078
6030 510
2682 1975
8320 9418
8500 7059
3780 6830
4256 8475
1588 2153
8599 3327
3798 5003
1191 783
9174 5138
5193 9263
2555 1663
1500 2745
6064 1107
5569 9663
8664 2278
5672 1148
8421 1233
525 851
6761 8962
3052 5594
2560 5342
2113 3645
5845 3114
7686 4743
9884 8462
3541 312
697 4150
8682 4142
3860 6862
7054 404
5185 8463
5921 5050
2234 3148
6200 8436
1172 8494
6824 4131
3478 5140
2946 236
3384 4114
3996 2303
396 9743
2842 3969
3456 4951
9542 352
4813 9252
2624 3993
4199 7818
7707 9289
9100 8146
7469 2185
3326 9977
9318 6382
1994 2289
3936 7909
9730 5744
7653 2498
7191 127
7082 3796
3528 904
9769 7547
9300 8526
1909 4482
5877 4043
6581 91
1335 1510
103 1087
704 2717
1705 4924
1663 8616
4402 4480
9972 6353
1928 1999
5787 2077
4842 3005
3346 9702
3070 2913
6799 9162
4287 991
3821 662
2188 8585
5505 960
9980 2989
7664 8077
2962 4382
1428 1806
2641 2795
8088 2952
7756 3833
308 2227
9764 4327
1484 1059
9601 8488
9864 7087
6518 819
5408 2510
4165 8381
5209 5709
3272 6041
9499 1934
4331 5849
3934 3315
7459 6330
7974 1487
880 2113
6778 3208
782 6025
6468 7212
601 1614
200 7137
1661 5278
7333 1362
7416 7202
4170 2325
3855 2167
2999 434
7126 4159
5781 4488
6809 7742
9264 5529
4568 2453
9459 8466
3393 2810
7572 4753
5049 9490
3129 6612
7309 3723
7401 3863
5899 1309
1858 4057
9606 4142
5327 2487
4041 5892
2693 8247
5033 3190
2148 3945
5915 4105
7713 6711
2052 6105
5547 9933
9912 3147
4747 4331
6427 1145
2686 7098
2759 5727
4539 9201
4089 6086
9946 8731
431 381
8290 3768
3275 4451
6604 8723
9812 6505
3616 9537
2849 9164
7322 361
6591 8664
3319 5002
4091 1934
7000 7100
3578 9284
3192 4765
2696 6370
3700 3717
1073 6863
7863 8718
8526 939
6191 4848
860 2773
1157 2772
3166 3544
6511 1997
2535 1013
4047 8986
4482 4117
208 2090
2008 9635
2953 1143
6998 3529
2005 9953
346 3014
7503 101
5565 3085
6738 2426
3682 5673
7786 4119
5351 7764
5448 2619
4136 2204
5464 6606
9133 89
1978 6124
1036 4090
4134 8167
5003 3708
4024 906
2714 1927
3021 5828
5927 9729
2064 9068
7283 4672
4068 4720
3072 4132
356 5986
7678 4814
6443 2390
3634 9580
576 233
383 8275
9610 5522
4109 8953
4221 2679
9548 3051
6951 1399
7019 3548
9531 9145
3528 7618
8167 4395
2036 8876
1167 8409
3158 7257
2120 3419
8463 7716
4482 1793
4063 2406
5013 2266
6990 7186
6761 821
9495 3552
9629 7683
6131 5874
2291 484
4953 6469
431 9988
2004 9577
95 2240
9664 2901
1156 4989
7436 366
2392 5650
127 5862
6416 5356
7817 3790
6302 1009
5208 4757
3895 9236
8993 388
2915 8624
8378 6767
3810 949
2941 8195
3766 379
9870 1037
8987 2952
7844 5577
4629 9437
6081 8001
8665 5268
215 6093
5797 4832
9017 3949
5769 5572
1304 5292
1329 9732
3266 8941
3319 8709
4184 1635
4274 1665
4236 5944
5150 523
7168 1711
8946 4675
1080 3372
7342 4448
9197 585
197 9033
5771 2294
7699 7164
5250 3024
82 8291
5693 9659
1590 223
5974 7641
160 7705
6695 1558
1604 9012
9778 7985
9750 5809
114 3238
4537 1191
5461 7597
2068 2972
3521 3323
921 1741
4325 8430
9416 5146
6096 5336
9426 8012
631 2819
3716 5809
8212 3343
4566 1356
3738 5031
2067 8478
4273 1396
9561 4067
2783 6622
2641 5468
6088 6218
7643 4860
3763 7040
3613 9296
4684 3527
6524 7292
9961 6425
857 4521
4038 4446
8081 1311
9699 3324
6635 9682
8999 8313
1480 3625
2732 9672
2955 2296
8906 446
445 663
7740 4492
1096 7550
6187 854
5923 8770
8704 847
5790 961
6472 1154
9710 5208
4460 2747
2354 843
937 8843
9569 7676
5709 4751
6783 4917
6920 2146
6092 6971
3663 1950
2482 7335
7081 2661
2603 6199
8068 3989
6325 928
711 4664
8072 5327
7093 6309
5438 3684
8541 1467
5478 6221
1161 3549
8834 1506
3449 986
5317 55
8240 2660
6848 1291
1088 3752
5684 1893
9485 518
9287 6279
1329 3616
4223 2433
9803 1071
9682 4034
5462 450
9163 1945
2123 457
7493 6081
8332 5986
7786 4946
6631 1031
4962 1904
8080 9332
6138 873
1715 7962
4788 6814
8669 4600
9876 3478
5748 8482
9712 828
8362 8809
8077 2249
6505 8128
7576 6817
4750 7735
6644 8189
4371 708
7507 5407
1128 8541
6649 9580
1606 4990
8225 2464
4160 5703
415 4418
4026 5354
8268 9569
9145 3598
7455 5705
896 5361
1982 8158
4866 6641
4301 8873
7321 2970
341 5188
4672 3558
9583 7545
7151 6464
4077 8931
3809 5597
9853 9916
8286 9953
2586 8828
2507 1141
1709 1609
7298 8069
8838 4775
2608 4093
1441 6793
6198 958
1373 4690
3405 5943
2375 4332
7317 698
1752 9659
125 128
3282 5582
6613 8707
3275 7764
5170 3544
8861 7567
4573 3439
2712 5539
2262 9624
9632 2489
3899 9390
1151 917
1585 2248
9110 7410
6855 5429
2484 2762
4256 6159
5062 2591
7540 2105
4648 4898
7799 9640
7605 3903
5089 6161
4400 9005
8104 9562
5007 7905
9261 6935
7341 3604
6946 4358
4625 5934
6017 2973
7992 7850
7982 2487
6425 3309
8440 6700
495 2286
3237 5889
6612 3007
3956 4341
6501 2200
3943 4865
2668 8431
9915 8721
8626 9938
6076 9450
2762 5534
7553 8450
9103 3253
2537 4046
3796 683
8445 4088
5095 1845
5536 7454
8194 8513
7516 6671
5863 7366
9491 7306
3546 5020
3976 5302
4922 8068
2208 3866
3593 7661
7050 6119
2853 37
5524 2387
8129 2675
1891 344
5487 1729
7952 5575
2534 5815
6598 4161
6545 1532
4139 7256
7060 9005
9935 443
5243 2358
7187 6618
2226 3244
9033 846
2996 7945
796 8383
7230 805
8433 9558
1835 8918
2139 784
2268 6172
1641 4717
7845 8222
931 3471
8591 58
4810 4742
7557 7278
6441 9269
5353 312
7827 797
1116 6808
1393 7949
5981 6149
1703 1411
9810 3187
672 707
55 7333
3072 7171
6735 9218
1703 6693
7584 4675
4835 7043
2929 7322
1117 135
888 3054
2267 1650
8097 5590
2025 7240
7333 4555
6517 3742
7435 8767
6818 3307
2250 9698
2073 1615
5114 2953
2844 5248
9808 4739
3344 6331
1185 170
5006 6528
3861 8634
27 6574
8357 5630
5121 4431
9396 3843
3004 3876
8169 8782
6512 8109
9350 919
9395 4365
2828 4244
6213 4001
7275 8279
4010 4632
2835 5166
1463 857
6681 3972
4729 6030
3191 527
3976 8018
5546 1313
1374 7460
9463 7686
3096 5258
9214 1269
3738 2247
7413 9096
7014 8664
3451 8047
53 1002
866 5284
6114 2185
462 4579
9782 6746
8914 9452
3418 8493
9519 5167
1017 2186
6639 2923
6838 3003
6881 9895
9484 2000
65 9990
5403 3613
640 8670
2414 2989
4580 4937
5047 871
8459 3394
9893 8100
8754 7513
4573 2667
4656 565
3635 5287
9319 9321
2698 4668
8409 2430
3923 9781
7860 8942
9136 1006
7543 8639
8411 7074
7191 5047
5631 4115
6982 8290
293 5898
5059 299
1010 6128
2282 1104
8073 9902
354 3601
6696 5712
4147 4801
8867 2839
2956 7984
4102 4919
1363 3305
1264 6354
2734 3351
8971 7663
248 3329
8241 4826
4575 9419
7552 933
1440 9394
2364 3505
6267 5807
6551 8727
9152 5861
518 7932
8465 3798
5044 1193
6936 3480
1362 2871
2703 4290
9066 9501
9366 9736
763 1944
6585 9084
7546 6245
5071 5399
9040 9303
3972 189
5148 4413
8028 3877
1826 3543
9280 1216
2544 3945
5293 6685
5497 6585
7001 9829
5281 5421
5163 1886
9915 9042
528 5726
7418 2235
1870 489
6964 6283
604 9034
2408 4359
3506 3236
6688 5614
4117 2733
3152 3626
2544 8063
8117 9227
1604 491
4173 3799
2479 8712
1705 7159
7879 6935
6010 1060
4671 760
7759 2192
733 9815
5277 7960
1645 6177
5811 8499
6590 4262
4494 9938
2097 6010
5757 7290
7405 1501
8706 7202
7991 2440
2184 4700
7142 4761
6406 9592
9004 3893
929 4045
7978 8007
3648 1023
3936 16
7892 8491
7963 6751
5815 4796
8531 344
6115 4550
3758 873
5480 9359
6989 743
4655 8205
6853 9761
1560 2723
12 3188
3542 9429
4995 5826
6920 6956
9159 9445
1198 6615
9717 7012
2640 3955
3268 1379
3075 9783
1555 299
7907 7939
9884 9835
2136 8750
6392 8811
1742 1735
218 606
5033 6155
6479 8013
3748 513
781 5146
4277 5599
1760 4064
5212 8664
1688 4206
4240 7850
2108 5588
303 1444
6781 8512
3653 9460
5686 9407
4090 1263
1449 6653
9175 6883
3903 2335
3537 2863
6352 5341
9711 8833
7667 7336
7048 8198
4153 3151
5995 9954
2767 383
3521 8062
2517 3797
2199 3107
3218 7250
8060 7735
2372 435
2190 7536
7917 3290
6104 1097
8451 3908
5214 1084
175 1017
5522 9193
4046 5857
8588 3722
4908 6089
5606 2670
1102 1446
1926 8194
8380 9597
6541 2096
1889 7272
6865 9860
5740 3122
5089 4920
4618 2268
3693 1154
3027 7435
4402 1045
9015 7458
7190 4110
184 51
9745 9871
1129 5289
2111 3688
9828 244
7743 2288
615 3090
6344 4563
5645 9826
4367 9087
4011 3225
3948 3110
2747 8709
3314 8271
5403 5472
1045 1823
1851 2635
1398 4677
3052 1911
4264 3102
8753 5092
5437 2560
3197 3513
3237 9496
7518 2790
1983 2502
4364 4562
5609 5813
1517 7580
9067 4921
3179 4760
9851 5496
3106 5408
1882 765
6647 3905
5040 9043
9976 1618
6501 6386
3934 4092
3135 6686
770 4635
4683 5276
3519 9954
3583 1426
1198 165
383 2521
1455 7622
7466 2414
445 1614
5046 8435
6173 2500
7550 6896
1175 9015
276 7504
5454 6978
6542 2799
1190 5144
3761 2753
7239 5978
5236 1785
7290 3674
3220 3685
4258 9637
7102 4601
9852 1648
1493 5331
2982 283
6769 2067
4646 4170
9958 8652
5070 9520
2503 5308
8444 5540
9357 6550
1239 6786
6078 5863
7100 2394
6985 7818
2011 309
1063 9199
4803 7797
605 5824
6000 9589
5801 8215
1084 4068
7099 6051
3370 8243
4274 1119
5178 1474
994 6363
659 906
6711 3610
787 6138
4792 8970
3590 5413
7353 9807
9893 7179
9937 4378
9691 602
8781 9111
8691 1654
8242 999
1759 7908
9605 5933
1313 9140
929 8791
7154 1227
6247 7612
8541 9796
7613 8892
2683 1116
7448 6599
8693 128
9925 7599
8315 3815
5417 6499
3320 9363
2010 4681
8002 8916
9588 2217
8255 9321
9811 5286
9778 5440
3292 9036
1904 2380
1819 3664
7006 3900
8542 718
5585 7885
539 576
2031 3297
1385 289
8743 3765
7277 6345
685 2344
816 4467
5527 2740
5135 2571
635 2084
9822 1892
9251 8082
8894 9058
551 636
4677 4272
5829 2931
9025 358
838 4553
2457 8176
6133 9023
9732 5114
7559 8085
586 7487
8064 7268
387 2641
1493 370
6601 5973
6333 2242
8924 132
5592 6149
4207 6069
1516 128
1913 3409
9238 8282
5662 7747
6705 215
2550 8226
1421 9347
3462 6222
7265 7383
10 4518
844 8890
8585 4575
8728 2111
5469 3360
9911 7330
6254 4842
944 1744
9844 8241
9931 3992
3132 2728
3457 9871
4273 4217
1245 4335
5440 2746
5930 4677
9516 5803
6405 4701
25 4384
1153 1711
9620 4692
4851 6097
7517 6296
4094 7944
8493 9616
9384 2404
1495 8370
3776 3640
8681 8986
6693 1266
2461 2760
2389 1650
7287 8577
4094 9916
5036 8095
6601 5064
4429 4235
1953 8569
5044 3567
9136 4543
1271 522
7881 1705
6565 6585
5238 2890
4013 5856
4953 1330
4667 8320
6573 4703
4988 999
6693 155
6181 9683
1209 2956
7082 9472
7155 3312
595 1678
3298 8855
8747 7106
5809 1132
4959 515
8939 8021
8644 3275
9479 8691
543 734
3557 3018
4626 7508
8065 6214
6741 879
2127 2120
3153 4582
6892 8320
6956 9452
4644 9732
5572 1685
4953 9102
2712 9599
5022 1081
8640 1631
1850 4258
1146 5794
5161 5886
7074 4876
257 9222
2058 7594
2098 8221
1718 1360
123 7569
7647 3463
8407 1575
9517 574
8888 3931
9822 6203
4043 7270
8821 4299
3584 3498
3242 9680
4105 2771
1549 5841
7392 5855
2969 7847
9724 2210
7940 451
1868 684
8220 1159
213 8120
4317 2008
623 7505
1154 1726
4630 1340
6679 1871
9264 4723
879 8087
1594 3581
9220 1582
4665 7659
7040 5156
7719 3587
4100 7665
3772 3070
5657 1494
3054 8428
2273 4702
6012 5456
4215 5542
9553 1690
618 4467
7202 5657
3129 860
768 4680
5927 8131
6753 4667
157 3855
4524 7492
4871 425
2291 7635
5638 6920
3740 4027
5285 3643
2549 6415
9157 680
4877 9329
5657 7035
4344 6197
7846 4982
8241 5303
3730 7105
125 4505
9929 8459
3200 1282
295 7619
7242 5347
5536 6562
1124 8450
435 272
6450 5777
6506 7688
3427 9520
6506 6363
3928 5991
2444 666
1272 8386
4712 9318
1768 763
7665 4520
9716 6923
3539 5386
6931 5738
339 3634
6177 162
8258 8832
4326 5749
9702 6817
3700 9173
75 6331
5460 9722
9685 7
7567 2713
8214 8119
5507 2186
4945 1148
3070 4136
4973 7913
3882 2722
9524 9490
1038 7587
3220 2422
7286 2478
1944 6435
8582 8148
9376 9442
3339 6459
5087 2620
1997 7112
1767 7197
3605 5962
6171 1547
6684 6653
9524 5921
9664 9850
8420 271
1489 7919
3099 5518
588 4108
1315 9663
6277 3396
7074 9027
4995 9840
8099 8153
1189 5606
1745 5010
9624 5172
2832 1423
7203 1578
4298 3994
76 3582
2430 7098
8559 3120
3020 9190
1076 156
8110 2383
2130 3171
2827 3258
7759 6225
9562 3646
6764 4136
3835 6193
1162 446
5402 1188
7173 4756
4772 9068
6331 3986
3330 1527
8603 6166
4044 4108
1990 5508
5876 8711
3732 497
8867 8331
4310 4020
8534 6867
6232 8467
7817 3232
2633 5307
7609 1824
7699 8260
1045 2111
3029 9742
6919 5147
1180 6039
1816 429
2125 7410
9307 8180
8089 2960
974 8325
1787 4621
6323 7646
8705 1133
6469 3584
8725 8784
8650 6688
3488 1128
990 7810
6355 3665
1881 3036
8842 7579
8609 5651
596 1026
4785 8065
1709 4489
4751 9430
3853 1581
705 4716
700 139
7742 3389
257 3959
4325 1033
8290 2415
6801 5860
8136 5799
7643 1187
479 3021
1417 7797
4231 162
569 7013
1001 8341
9349 4387
2800 5021
4223 2283
4278 290
4418 8170
7952 40
2103 7452
3167 2324
3213 3885
2607 5513
1965 846
8780 3359
7325 3483
8168 594
1747 8660
4939 5604
3997 2411
9942 8550
6508 2641
3137 404
4352 6568
947 8817
4165 2618
2434 6499
8739 3538
6257 1893
1444 406
8840 5973
475 4398
7899 8308
4795 9161
1674 903
364 3735
1663 8974
8146 1576
9900 2434
3600 3507
3248 6682
7938 7584
5363 8899
8650 1699
6516 5931
4991 6653
7865 1
1707 319
9277 3501
1304 602
669 8004
5499 865
6307 7748
6501 7804
9669 7082
3134 7877
1887 1488
5446 2608
3165 4613
1520 1406
5592 5489
9560 1927
7950 9237
3367 560
8816 8973
8671 3089
6689 5006
9927 7353
981 4084
1131 3544
915 5329
3821 7326
6544 6450
6537 585
9286 4707
1930 2294
324 902
4 2043
7662 9772
5454 5153
2456 4163
4840 4939
5632 4553
8882 6449
6546 4820
2457 996
423 8112
8993 2448
8067 1480
6656 8739
6302 7980
9295 9037
4848 9318
5147 7606
9855 8719
2159 5193
3214 4669
5630 7917
1280 172
7223 1461
1318 882
611 8308
8354 725
1969 9403
7742 9502
785 5717
5644 105
1874 5847
9814 8324
3019 4807
9203 9572
8106 1910
5769 2594
7815 509
3054 5735
9153 8429
6235 4378
8979 5885
2175 6695
5729 4135
6637 5145
5326 2310
3675 3616
2725 2944
9400 3447
4308 868
9083 2653
2729 6814
6154 8182
2378 1287
8218 4032
8248 1215
3807 5056
9001 6456
3439 5906
4501 3150
2362 7138
214 6303
5421 258
5443 6384
3793 5175
6444 5033
3921 8
7313 7540
7811 3673
1689 1211
5272 5163
4803 2187
8401 3532
2273 1083
8749 7311
9330 6152
4463 4302
9831 9191
1867 9411
3841 7771
659 5377
4585 1221
2284 7260
4714 1568
6978 2120
5508 2938
8325 9466
4239 7863
3378 6506
8956 5561
3830 4917
5626 7057
4550 30
5855 4669
3354 5368
7698 1480
8984 6527
4612 1346
5536 1565
9456 7792
6865 4799
7010 555
6048 4756
4079 922
8976 9349
8859 8338
4282 2288
9186 3813
5119 3275
7353 716
1882 5785
5824 5460
9052 8275
9083 1764
1647 1583
277 1830
4500 5745
5603 1680
8785 494
1022 1431
4553 7606
4255 9
2304 1768
4075 7686
7606 6026
2444 9665
5765 6854
3959 6833
7183 8163
7617 1450
424 9037
4241 2999
7781 8744
8182 6287
4631 2484
6193 8752
2451 1203
5266 4436
3462 6260
765 4585
2158 6362
1989 7854
2180 5633
1251 4135
1833 8500
1224 4951
8501 2600
7566 6949
6537 8049
4687 1630
6684 1137
6733 4773
2104 6143
81 2768
4486 7389
2385 8894
827 387
2771 1235
2969 5557
9535 6845
4748 1554
6317 2372
3103 2436
2660 9206
118 3569
17 5641
1367 18
7173 2338
21 1167
1160 9037
1980 1670
6298 1346
7542 7822
3057 4839
5559 7533
2875 2967
8808 8985
3263 6767
6174 1094
9120 288
4265 1897
4472 9714
9400 9408
1805 192
277 4609
4291 9722
6587 4358
3759 4268
9517 4657
2072 7997
6671 5807
6394 479
2865 1353
499 6658
2986 3242
3650 6352
7039 3900
746 1696
6003 4208
9488 850
