3322
24630515
5496 9399
365 1090
7950 109
1092 5428
960 6292
312 4053
4620 8012
597 847
3150 6404
6138 4913
9736 3161
191 6004
8329 1489
2163 6688
6883 8650
9409 4737
5380 7279
8653 151
670 3990
4991 5222
8501 1009
3982 2459
3193 1333
8597 3654
813 4497
4471 5470
961 8867
7895 9137
2022 5721
2764 2040
8788 3840
4249 4886
1618 8986
6504 9490
8835 7040
5026 9911
5919 4201
9911 2412
5613 2755
8257 6632
3117 4046
106 4192
4115 521
768 386
7008 9496
6693 2066
6409 8146
9847 2439
1950 2196
7571 4469
3630 9900
903 5407
1232 8266
6588 7741
3814 4152
3883 8698
2411 3104
8071 9268
9951 6811
1555 4463
4618 9668
5370 9732
3973 4939
6959 1196
3421 4170
6689 1741
8420 102
8518 2357
8387 5404
6047 6094
3360 2247
3191 5412
6900 4338
6475 9146
9750 2989
7726 7967
2068 6407
4280 5300
7019 3026
5000 6766
6423 3840
2220 8758
1043 4897
7661 2733
8862 3551
370 3741
6891 2528
2180 8535
757 1765
2940 8131
110 8961
2004 2051
7198 5688
3396 5510
1566 4981
1497 5670
3114 7763
4339 69
4898 9284
8067 4074
3020 6826
400 4496
9705 9204
6755 16
9849 4268
9454 8847
6822 5266
5289 1553
8995 5833
9091 145
7099 5911
4274 1913
3040 8039
1843 9678
1298 8960
8239 560
1025 3583
4341 8795
1519 9460
460 2193
2889 5534
4528 3044
1223 367
7185 7284
6150 5554
8441 7346
4597 4634
4041 1879
3298 4616
7555 5015
7673 4418
3859 9750
9427 2261
3265 7172
3807 5177
9973 8530
785 141
4204 3199
6310 7595
3553 6155
3416 9998
400 657
2693 6004
7872 1304
4875 2268
3586 958
7302 3574
8029 3936
3570 8933
3085 3536
7926 7341
298 4484
7481 442
9153 3053
5559 2811
7558 2546
8845 9893
1135 8533
1181 8166
3431 5453
3525 1326
1155 5164
4680 776
311 3203
8245 8186
5602 1629
8228 6400
2906 1269
2362 5831
6450 825
717 7041
813 2925
6459 5637
2390 8442
6317 6177
4130 2289
5714 7911
9591 8536
6876 6287
2525 7618
9634 1855
9753 9950
4385 2587
8641 2320
4088 1551
3397 8330
4579 4111
4580 5758
5343 9884
7080 5777
3541 6520
6768 6334
2811 2646
8660 9135
1143 2788
4537 5937
5313 8832
1465 4742
9704 6826
3485 1861
8440 9262
5660 1079
8110 9793
8427 7018
1341 8529
7220 5717
514 6632
1793 6700
1850 8203
1409 9190
2464 2219
1296 5441
4968 2558
559 9653
2287 4133
7486 9222
2436 4059
1649 2341
8356 6689
4625 667
4702 7081
2633 6528
2175 3889
8015 7439
4569 4993
4726 1204
1620 8911
7986 7721
5167 9584
1065 6718
5840 8091
1440 3770
820 4747
7617 5424
8627 5728
4230 5783
4266 7563
8864 4386
7262 3217
3348 4508
5083 4401
6857 841
8750 3389
6170 2053
5180 587
8740 5993
687 6416
258 427
5857 5461
8563 6679
2701 2551
9518 9638
1364 8196
4036 5034
6791 606
5150 1713
2662 7586
9882 7445
8033 19
3429 3773
514 6674
9326 1268
3165 5469
435 9529
5599 6112
1542 7510
5033 8405
8816 8433
1330 4725
5883 2225
217 2499
7369 9534
7346 6847
3647 358
1104 3985
687 5203
6080 5454
7697 3048
4301 8131
3575 1494
7525 2856
6815 2663
4752 3029
8039 9227
8086 8357
4433 2289
8151 3667
9953 3689
8348 6009
6101 1119
1653 6779
690 4012
6158 5526
2345 1764
881 5295
7724 4968
1952 600
2482 8935
6226 6391
4922 8734
8923 6176
9373 7430
110 3645
8714 8038
8757 9994
1080 9360
7709 5191
2134 5904
1068 9174
1219 6100
126 1255
2358 505
90 2969
542 7012
6403 1644
7681 4657
2956 47
1467 2975
617 1325
9852 5011
707 9253
1955 7220
5761 1469
1651 3642
32 5939
2373 6975
6989 7113
1304 934
5710 4617
280 613
4911 4747
318 346
7874 3441
6102 2914
5443 7780
8985 5809
574 7894
7778 2023
5217 4978
7137 9795
7883 4558
9312 8500
398 1314
8111 8395
4921 301
8645 1500
5742 9330
2784 2103
1796 7530
3467 20
44 1208
4297 1123
5044 9627
8306 9011
2136 114
6062 4661
271 3425
5557 7642
5040 9643
6313 3734
3020 4929
4313 1398
3477 8880
7844 3982
5614 7085
399 1948
7425 2033
5637 9504
659 6165
7044 4821
43 5386
4071 912
3530 5064
4491 1292
7423 5898
8231 300
5383 6692
7740 8125
216 896
5215 1065
6981 3508
8440 775
3271 7393
8176 8684
5615 3874
1133 3639
4028 897
7683 7750
8329 1025
6872 2166
4 6573
6775 2013
903 9512
2561 4190
5403 9970
4526 3933
6170 7847
9932 5958
2404 2041
4526 5842
1878 3926
1296 142
1488 2288
9634 2818
130 4319
5047 5845
4615 4400
2466 6868
3824 2063
7149 418
7112 315
1808 2881
7488 6160
5891 7337
4123 2296
62 9958
2435 6407
6929 8052
4665 7457
5471 1943
8727 2629
3034 960
4758 1418
9566 8461
7184 697
1849 6310
2487 338
7747 7328
5917 1932
6181 4873
5689 573
2719 2802
9556 2177
8829 6250
245 4969
7374 2714
660 2285
5099 8747
5528 1405
9799 3109
9684 2833
7906 3657
2520 7757
3242 6103
7775 1705
8833 2918
8554 2027
4946 7033
9851 5093
6217 6468
3410 5461
3594 6230
7728 4176
7211 9908
8849 7155
6310 7364
9384 1878
8495 8613
215 1992
4788 4984
3022 7198
6201 723
3867 7008
6155 2574
1815 9562
980 4342
621 4624
557 9598
9683 5736
9004 9984
2180 3809
1845 918
2279 6162
5564 6745
1809 5343
400 6965
6534 2709
5442 6659
5778 8723
154 8416
4729 457
7082 5105
5518 8239
3666 3142
9804 1350
2430 7218
5165 1646
1843 1881
5871 3395
9059 8388
5324 5118
1688 7480
1453 9204
3948 9028
4724 5296
4766 5421
6824 780
3714 5308
3673 3958
6965 8771
38 5372
5275 8327
9018 3852
2048 124
9744 8438
1610 3074
5972 982
156 9604
9764 4305
9605 8227
9548 9305
4276 1269
8477 3134
9275 9936
9680 9608
9141 1187
8509 6141
2652 6959
7215 7635
49 6594
5349 6520
86 3325
5063 414
7862 5310
7348 7535
1351 2695
8388 1851
796 5385
6625 2253
1890 4642
6335 8052
92 7571
2670 1218
3342 1940
9147 1190
1438 7449
4083 7802
3043 3602
4408 9850
4449 4650
8075 9812
8067 5503
2479 7662
2288 1482
9126 8279
9300 9590
7419 5068
684 7199
1748 6547
8378 4320
7581 2782
5625 5952
7316 2318
7814 3596
9349 6836
1512 3197
3440 2387
8415 4847
6838 8897
485 1546
8579 2401
1517 4531
9683 867
8403 5708
787 9866
7797 4426
8533 3519
1842 6034
6498 3531
3121 9710
7061 2808
446 6841
4413 6673
1443 6280
2046 5895
5228 8193
363 7166
9851 2140
5804 4237
7065 8991
688 575
1342 5685
9575 6644
7781 9934
2830 5372
2092 1414
8145 2125
5341 7261
4337 9892
2611 977
4331 7992
9856 9306
4964 1472
3212 3906
2904 175
1539 2253
1767 7808
7394 9179
1933 8708
7088 119
7282 8857
1514 3359
6886 6396
2418 8597
4466 1332
8450 1393
9696 694
8978 6737
3288 533
6572 3671
1887 3488
8634 4963
9422 4690
4821 3500
1921 2702
7178 2415
5720 3983
8518 8276
9388 240
7902 7126
138 1233
1842 4939
8494 6762
4727 6064
2873 7768
8655 188
5940 3870
992 4850
7693 2590
1809 8091
7565 9463
2671 6647
6956 2115
9170 9422
6332 1629
9312 7831
4653 1863
6017 3163
1835 4409
8702 9625
5296 6002
1863 566
9660 1562
4851 7757
9534 888
9046 7676
1434 2348
2916 3811
250 7090
1777 3267
4040 988
2003 3031
7022 3072
517 9817
8175 8804
5218 9155
5801 1077
4812 9764
7908 5843
8431 7796
480 2662
1886 5577
7324 111
7767 6575
3400 1161
2285 1896
2756 9611
906 4008
102 2340
2569 3861
5002 7636
1276 4797
4364 3145
4489 2709
5654 9255
5340 6003
6877 4491
7400 5599
6516 4513
3418 1832
6360 8035
6761 6913
5402 369
9548 8767
5012 6037
4068 1312
3276 3464
9119 3675
1055 1160
4159 3104
1741 5350
9422 6162
4659 9844
128 1682
7692 7936
1324 2882
1782 4061
9528 6437
1050 7323
80 8328
2848 8673
4214 5029
99 6603
8440 2154
9158 3427
6920 9963
7773 5758
7581 4275
8422 8054
5589 4559
4482 4544
8322 3212
351 7816
9008 1756
8409 2402
8339 3928
8934 2449
1402 8157
9648 5365
9646 1514
1480 8156
6560 1692
7881 2276
9608 7578
7168 5635
2491 7029
3904 3134
9678 4317
4180 179
2600 170
1160 7439
8545 1294
8035 8109
5551 71
6280 799
1522 8614
1188 1209
8844 7019
1916 8043
2542 3571
522 3860
3599 1507
2904 23
3627 4942
9872 1316
8312 889
3561 7964
4815 7665
6423 3826
161 4459
3279 6604
4760 9359
804 6967
6369 1704
3789 957
5927 8634
932 899
7017 7581
4476 964
4605 7069
2225 4175
56 8978
2251 9020
8915 7503
3624 1751
8167 5036
4648 1128
9251 364
6548 353
375 8451
4710 8538
3846 9702
373 2499
852 5935
8054 666
3142 812
7580 6665
4179 1047
7230 7546
8826 1176
3924 7265
7018 3233
4299 7766
2797 1924
4389 3600
5228 1729
3921 5800
3868 8154
9265 5289
4500 7625
216 9985
4111 2999
9474 489
3323 7171
4515 2371
6676 2616
668 5737
8054 1237
8888 4588
497 7041
4940 4886
4773 5397
4231 8044
5173 6905
4725 9302
3483 4835
7713 9737
3824 1205
9908 1323
1233 1241
6038 1789
4953 5208
4603 481
4945 1800
2858 1943
5263 4167
209 5414
9239 5050
502 6721
7276 3623
1625 3404
5583 7294
9481 5831
5921 8712
9398 7294
7379 4120
3121 9955
247 5653
8096 9111
7384 7924
438 5616
1670 8793
1524 2508
4696 4995
104 8960
9124 7510
6619 6853
432 5058
1131 1802
5192 4127
7530 8572
3093 6604
4714 8194
9601 8916
132 3493
7150 826
2959 8945
5850 1467
1402 254
1647 518
7160 8760
2258 6051
9412 8546
7663 8183
2083 1495
9437 7303
7475 1545
2069 561
4653 6553
9761 6731
1356 5394
6591 9097
6282 1254
119 2405
1058 3801
2791 6383
2740 2813
9735 7037
9458 8350
524 526
1927 6591
712 6516
1914 6267
5791 6729
1173 5215
8123 4833
5671 5909
9357 4165
1700 9673
9595 4998
4110 2582
4165 1957
8854 3617
3147 472
8403 6090
1031 4370
7729 6664
1614 7744
392 7447
8874 7035
1102 7025
3270 9851
1826 8848
5595 6351
9072 2378
5443 9467
4860 9564
9638 9682
5288 9852
2957 7470
4906 3673
5993 3100
3342 6347
3025 3648
2024 8917
9662 1683
5701 8884
5166 6370
1560 2847
9882 808
9439 634
8366 6886
1070 5330
7289 634
2148 6829
3232 9003
9786 118
4426 5998
9307 3233
710 9747
9533 2227
6329 7380
88 5695
5195 3586
754 6067
1025 4299
6041 5446
576 1262
3060 7505
5257 8762
4087 611
8401 487
506 5154
7424 3782
7945 7173
41 6317
4288 6091
6736 5807
4270 2724
4571 9965
5678 8905
5899 3111
15 8097
9520 7461
8534 7514
2691 2890
5779 5723
4679 3446
4335 3769
8995 3178
4521 2473
1015 4813
5706 6240
7446 5366
8895 4666
9780 158
5899 9007
7978 3926
137 994
6262 5192
2749 6585
3983 64
2513 3991
8509 8210
7918 9098
4046 2929
8172 1862
4933 4637
7230 2807
203 930
3095 8533
9208 7149
8387 7680
4750 9198
9941 2328
1735 6161
6309 5779
511 9431
2342 4473
9950 7724
5997 5363
8801 2616
2502 5204
4239 7707
3817 8963
1288 5041
7415 8145
6924 8349
333 2664
3124 6432
2187 9015
8446 9617
1601 8150
2138 2553
3930 9025
4519 4663
666 29
6582 1252
6310 8642
1661 5528
5234 4288
7085 8152
2489 1606
3438 1870
6693 6175
5126 2248
9697 6940
1780 5941
1789 5220
1726 4679
5035 2126
3408 1804
3681 7847
9479 6937
7758 9323
6318 7418
1137 7510
9115 286
1253 6500
8038 2032
2734 716
5873 1964
2657 500
3638 6318
9832 824
6612 8249
2493 6420
768 1636
4474 8493
4018 6602
3593 2499
7595 2704
5963 1726
531 394
8259 1120
1683 1755
6382 9656
3984 8786
8072 1996
1038 2674
3090 513
3797 9309
4386 8209
4475 1984
9519 7191
629 3329
5549 1010
265 4720
5268 5141
3762 8128
197 436
6700 6704
6956 3509
6886 1227
7201 2271
5696 5447
9125 1600
8874 9113
9720 247
8144 3074
2225 8902
4675 2463
6601 835
554 7155
4963 7370
6950 8872
7718 325
6266 7288
9950 1905
7667 5035
3650 9126
5181 6832
2011 1391
3015 8515
5076 981
5999 62
9881 277
6028 203
1668 1270
5964 1461
1273 8583
6556 740
6958 6835
8043 8680
7324 609
7127 2811
8272 6445
2011 1437
5188 5658
9648 6137
2313 8930
6715 7465
2484 7578
3292 6382
3585 2123
8776 57
298 5088
7954 8508
1836 9294
2100 4919
1574 8138
5628 7560
2637 1081
6086 4360
4502 7500
8821 7985
6454 9999
7627 7805
1233 712
1826 7691
6511 9054
5234 5366
2317 8445
6627 581
6355 4597
1804 6720
3115 8492
9657 1473
9315 1098
6915 3447
2052 7571
1095 8135
2093 8307
9979 6967
9528 525
4708 9860
5461 5514
8850 1943
2760 6785
6884 7791
4329 4135
228 6772
7572 3799
4350 4704
1289 2696
7424 6012
897 4976
437 4295
7791 2247
1692 6875
2297 2649
5582 9866
1247 3836
6216 2837
2309 144
2721 9370
8562 9319
39 6275
8638 5522
4796 7906
3991 9589
865 1549
3148 4737
3102 6332
4414 5961
5076 132
5429 5228
3951 4605
5342 810
6565 2879
3754 2841
7405 1080
7911 3710
5983 7537
818 725
2819 6390
7598 9892
5749 1391
1126 2797
4418 8255
3909 5630
9474 3964
9979 6831
8217 2961
1859 3071
1961 4463
556 5552
7633 9551
4851 7357
7540 6315
7425 8945
4136 709
2397 5782
26 1167
6785 7585
6607 5927
5834 9065
3527 9819
8977 921
4008 7723
3569 560
3713 3989
6335 4925
7211 704
7866 3884
4238 2653
7817 5094
4445 8351
4090 9226
8230 4099
8445 4245
6897 3724
3333 6440
6118 2920
3088 9940
5771 3143
3343 1355
6876 9151
1541 3041
3432 7216
1754 3024
6077 2163
7295 1390
7047 5890
4797 5214
4671 5395
9082 4775
3674 1197
1742 8384
261 8375
7708 207
3927 9491
268 6009
8130 8719
9953 9517
9401 5106
8740 6531
2769 2957
8094 9076
1109 1748
3884 5811
6954 9214
3120 5990
8314 6272
8154 2484
759 7847
2796 8012
4783 3815
2816 6443
4866 4254
9703 3033
962 668
8332 3796
7937 9401
2836 2705
9851 3767
3003 6144
1988 9117
549 7985
1996 1437
9423 3433
8266 8358
4514 4850
5768 877
4021 9627
6529 1650
1895 2006
2255 3726
4087 3868
2386 538
6254 6524
3899 6958
4560 2813
5980 7027
8603 2535
7618 5019
6731 7407
6536 3298
3986 3576
8560 3212
9404 1301
8259 5237
2600 3121
6994 8627
3897 7405
6744 5702
7888 4021
4214 7915
6778 9261
9605 3091
8003 2310
6301 8274
7943 6881
4477 6315
5848 3894
3863 2048
4697 1258
9530 6572
2078 4433
5361 1844
4933 7063
2338 6030
5317 5968
7137 8561
6521 3138
7193 2568
7529 5428
7928 2565
4786 6585
8400 947
1048 3898
411 5074
7250 9615
1290 4369
6544 6994
7387 220
6103 7211
4852 8341
9493 1591
5557 9934
2949 787
6954 2868
7491 450
8557 7366
1867 2734
8768 7039
7718 5175
4479 3351
563 170
5389 5147
9747 9420
6272 1391
6401 9197
7624 391
467 2802
9501 3850
7350 181
5777 8640
5752 6836
620 3354
4511 773
2642 2076
8050 9224
6100 4691
9633 3394
9239 4056
9148 4437
9142 488
5895 7112
4469 5469
4129 4960
7464 3681
4223 6373
6611 3312
4999 1449
1151 3372
8235 2809
1506 3677
230 8180
4453 545
8972 4201
349 8471
8985 8075
806 3601
1040 3820
7006 5751
9558 3804
8012 7518
9356 6828
2163 5829
1412 2012
5824 5933
5765 1153
614 3413
6621 8805
3123 6252
1743 971
8427 7185
7000 5321
7769 8474
7611 6901
3084 4867
7595 880
9439 5634
3141 2177
1736 2647
9828 7823
4562 1276
5941 765
5489 7108
3440 9014
3791 6738
4583 7169
4545 6665
8868 6396
7853 8624
6347 8511
2744 1384
6623 9558
1310 1503
3495 2563
6279 6635
6647 8051
7285 152
7919 9927
6945 356
6579 5496
536 6910
669 4201
9288 3094
2157 2889
5735 7992
8620 6679
379 6698
5548 7211
9335 9001
5181 2569
7200 1583
5020 4062
4572 6149
6426 7562
2812 4699
1165 576
9362 1563
8123 7607
4806 6880
7770 3105
185 5699
8554 4764
5182 9356
2051 1069
5967 1362
6956 4475
1253 9340
9414 5814
3127 1032
8089 4911
730 3356
2179 3578
8787 606
607 3788
8801 2997
3111 4323
3404 423
9656 4827
8290 1478
9177 3072
5814 7433
9190 8094
9246 4031
4036 6784
3007 4518
4990 1798
1197 4153
4575 5667
1253 5717
4013 2652
7533 724
9738 9188
5017 8788
935 4472
7393 870
77 4547
4990 6305
4745 3946
2473 8055
8994 2279
1477 9806
841 5654
273 3384
4272 6437
6442 3316
9954 159
8934 9634
8640 862
4340 2035
5624 6437
4299 1803
4831 3511
5248 5710
5886 7961
6946 415
1656 7724
9472 850
967 7909
4821 8679
5960 8687
9048 943
3488 6486
2615 2033
2880 3106
6606 4195
5133 1846
4194 1925
8670 5762
7722 1086
499 9031
4290 5853
8015 5845
9912 1865
387 1388
9738 6821
1306 6018
239 6878
5171 875
9423 351
3558 1579
2254 9108
4853 8743
419 8589
2130 7132
3018 2272
490 9864
1544 4548
5077 8722
5548 5625
5345 9056
2106 7002
6245 8886
6054 741
3685 9148
9800 2869
8222 8959
1120 5571
4878 3423
957 8806
4094 5051
9791 2312
3962 2510
2652 714
4183 3978
171 6786
7349 7768
8070 7892
880 522
9276 1713
3396 6452
704 4569
9385 2742
9254 2596
5201 742
5300 6994
737 9090
1612 6313
5539 2166
9834 3569
9021 15
9373 9459
4866 674
168 8488
4634 6420
3633 9107
5950 6747
6663 8005
4484 5768
9720 3140
7259 295
3730 6205
7428 2146
8668 7880
9814 2727
3781 8365
735 9200
1379 3860
1101 8023
1962 4103
5330 1330
5696 6134
8976 3950
2466 8740
8943 8964
7103 141
4333 6208
4211 8266
3056 3254
9667 1842
2980 7174
3291 6711
4911 525
9429 2714
3172 4329
6267 4810
8743 9211
952 9243
2202 899
8834 9558
6825 5548
2754 4036
2414 4687
3886 6839
9186 3687
7911 8708
6099 4444
6658 7458
1494 8431
1241 1943
3957 7514
5072 1903
6187 7432
1006 667
6115 867
6413 1455
421 5988
7946 7822
6747 5781
5791 3576
8222 3279
6327 5590
1046 6351
9502 3128
8276 6596
1804 1711
8180 4357
6282 3532
1386 3507
6544 7609
1573 4580
6260 5727
2356 5165
2866 7721
3861 4332
4632 396
9396 4946
3486 738
5151 2200
9761 8237
8561 4111
8343 7181
3088 1164
3486 3911
2616 1367
6086 3777
6078 3640
901 3797
1350 8291
6989 2588
5724 5419
6706 5754
2463 7711
9855 6280
3801 4126
8283 3453
1162 500
2292 7618
4000 9236
9359 2119
6044 2991
6772 8917
2497 2846
386 517
6833 730
8448 633
3880 6844
5309 235
8352 8258
5343 4843
9560 6035
9841 6413
87 2643
135 3472
7022 343
4364 918
5611 8113
6867 7318
9964 879
608 4284
9423 2625
461 7810
8786 1043
6245 9789
747 4312
6541 1594
35 6475
1391 9177
457 4880
2528 3474
3087 7553
2292 4602
743 4742
8206 9354
2849 3110
9642 1492
3906 2019
3451 5520
4933 2746
5775 112
4182 4166
2522 8059
6941 1547
9515 3902
1512 2606
1782 9356
7058 2646
2320 7872
8284 1214
4761 9622
924 9930
4909 7935
6404 1497
7403 8962
7037 8189
3696 9783
7503 7524
1194 5340
7020 4827
6014 2776
3389 7136
8578 3931
7565 133
7737 6372
4234 5067
325 8708
2784 8108
968 3335
9793 7434
2489 1791
9045 7643
837 8193
2952 5301
8026 2460
6936 7166
4147 4307
8621 3235
2701 212
7966 4404
8061 85
8843 1567
1202 8081
2110 6171
7660 1178
8606 1827
3911 4718
2363 4555
6396 4711
860 101
5462 6112
9777 5001
7781 9965
846 2424
5954 4465
6408 6527
5919 1066
9938 8360
290 2314
2445 7127
5149 7477
7554 4029
110 8605
2476 1164
7774 8096
2726 6295
3295 2957
6661 3242
5270 7971
9963 1544
2571 1962
7282 2075
1715 1441
8660 6681
7541 6152
4917 2634
7025 2950
2949 5923
1227 9241
4419 8652
3026 6763
295 7475
9259 3199
3010 5311
202 3683
4911 4564
1355 2901
1846 4387
7564 5644
6034 775
1249 7320
2065 4493
7566 3748
7671 1329
8894 3508
3108 2543
2449 523
3686 246
3354 7539
3991 43
2617 7881
8637 6606
1350 1916
7511 9181
7917 8345
3553 7236
1656 9372
5155 3813
6833 8164
2084 6144
180 7545
6348 3378
2632 5189
4627 2651
7162 1883
1458 4171
766 9786
2582 148
4742 6379
2831 2673
3209 5818
8280 3485
6176 5023
1175 117
7916 1360
8011 6137
3589 6414
5729 8044
6179 1548
9586 2180
2102 9461
2962 8855
6436 7154
1123 1015
9904 604
4383 1183
326 8343
543 5416
6287 314
9027 4950
8446 216
2330 1195
2365 994
1687 3522
8208 6603
5705 8547
715 3042
559 3643
5976 4036
1458 1577
131 301
5710 1712
9657 666
8721 825
4189 3063
419 8975
4771 439
4288 5531
6023 7007
7073 3603
8955 5353
995 9729
7636 4543
7633 100
9900 977
9268 9920
5944 5989
3202 8375
5798 2512
2723 3708
6595 1623
9119 3950
9307 3266
2000 5090
6474 3085
3129 3636
629 2545
327 2955
2042 4923
8173 660
2160 1866
7558 1719
9974 3692
9436 8795
4331 6065
9857 4789
8308 8434
2595 5821
9138 7565
4292 3285
6897 1437
2257 5002
7862 6350
5662 4896
7920 2939
9561 6190
4397 3309
8918 9991
4623 1913
7963 7659
2905 7870
8690 7811
3531 8358
8660 1871
1262 8816
5312 8707
3720 8900
2662 3615
4189 5261
2074 9074
5737 4009
9551 3890
2620 1191
6894 7532
9156 9942
7806 4802
9882 8077
4024 8563
1192 7266
2215 9456
203 6523
4322 9921
3159 6913
505 3515
8298 9993
5135 8119
2274 2971
9545 758
293 7117
8193 7102
5460 1490
9050 3833
6001 8734
188 8739
5659 9347
2211 1113
3774 7099
3550 3790
9180 1210
1173 6129
8157 9275
177 108
1064 144
2950 6991
1207 62
873 9663
5625 5935
3268 5762
4432 870
863 456
3493 7675
7345 8642
6278 6324
2010 6800
4092 4277
3755 7063
8855 3585
2215 8608
1262 3735
9102 6722
1327 2044
6886 5980
4657 4385
7987 2652
4201 7564
3246 2989
735 7168
1352 8860
6024 8199
6387 4020
6693 1684
4302 7781
11 7025
8410 3640
5986 573
3115 7269
5275 8408
1285 8479
7586 1424
2704 5850
7791 3589
5338 3069
8373 4204
1397 9746
5979 5781
8243 6606
2680 2081
4762 6134
7517 9519
8798 8241
6128 3394
9766 9775
5374 3082
9336 3614
1493 6179
8158 4006
643 1835
9157 7984
1790 2341
4257 6336
5822 5914
3347 4928
783 8845
5864 7571
4705 9584
5281 5800
4156 491
9073 5456
4346 3781
2331 2094
5217 5480
9901 3930
6149 2034
2574 1475
7884 840
6847 818
8421 294
9674 1642
2003 5587
8780 7651
1611 6378
4129 4014
2978 8663
8071 6352
3994 2587
8830 1121
5365 7704
5278 1343
2773 2884
3793 2294
5710 6967
5018 1326
8341 6999
327 1104
4060 4055
9393 2928
1119 5500
5390 2064
2427 6004
7482 265
4292 8571
5685 1037
4412 5270
9521 7063
6616 2749
6340 4316
8900 1124
289 2861
8181 1216
3953 6712
7416 9829
2771 5774
8227 2568
3786 3647
763 8750
7650 4769
317 7769
4230 1542
2464 772
4644 3472
8692 7865
6592 4700
2198 1248
522 4157
4939 6561
4712 8517
964 1276
2340 5733
665 7658
2591 2447
9425 1133
5078 5251
8754 2879
4652 3054
1641 7613
924 6344
407 7720
9418 1730
4433 8205
4204 7332
6224 2923
3490 9952
307 6772
9430 8966
3093 6904
613 7269
5244 8765
2297 9060
2950 490
1476 441
5537 714
3879 6008
252 2802
9762 1990
4259 2476
9342 9786
3286 1075
351 3045
8594 8371
1936 2895
4289 2304
6228 7133
7931 954
8733 568
547 8598
4304 7590
7113 4080
8969 5602
1012 307
1511 5794
7649 6614
2098 8030
5376 646
1697 3693
1255 4431
9897 2624
6833 3975
1866 577
6962 9657
6541 1502
4295 6405
1804 88
8145 9084
6640 7025
8457 706
3751 1248
5820 108
6892 2313
2442 7713
6916 2245
2875 7666
6763 176
3944 6973
89 6928
6058 1183
2966 480
5152 2213
381 6798
6948 5418
3147 6942
5812 4227
3023 3729
1052 7610
1485 1652
3391 9747
6921 4594
9011 4045
800 4752
8597 5437
8100 4878
695 5627
8105 9501
1102 3775
2269 3590
7304 2728
847 1339
6893 8072
524 6833
839 7786
5502 6734
941 1761
7051 2556
4166 847
7316 164
4768 5846
4727 8317
8935 3379
338 9930
4562 5162
9259 2197
363 8238
1729 2103
1940 8448
609 8157
8005 2186
3121 89
4219 4781
6166 9930
7915 4742
7139 2255
6446 6885
1849 6778
458 8852
8950 5314
7206 9733
1829 2254
2422 4988
4241 9199
9595 3137
2428 9814
8104 1810
6654 3717
7459 4852
6155 4654
4971 7873
9902 808
6936 318
8210 1606
6283 6960
5538 2119
1334 5147
5995 2720
7212 6429
3809 6657
1020 5066
7109 922
9475 2231
3702 401
9934 8346
4464 4976
739 3962
379 5922
1338 7346
7133 9792
8248 7303
7485 7653
5610 2615
273 1775
7747 5428
550 6754
2419 5558
318 7991
6418 3588
2721 6564
5104 2786
1931 9797
1758 826
8919 2753
2318 4835
4966 4667
7545 2161
5876 1940
7079 5520
2694 8378
1515 3710
9750 4815
8169 8475
717 9079
6253 9107
5133 3358
9331 7879
76 8314
2571 7041
4369 4807
9402 2508
4655 7012
8134 6846
7928 2444
5402 797
3056 2074
461 8021
6915 5303
8442 2207
3730 1188
9543 5266
2177 4869
2641 4342
9037 8632
7761 8580
1770 9775
3424 7201
5552 535
5884 2516
7012 530
9189 5551
7050 8074
6215 4661
1155 5510
1772 1067
2977 4679
3320 6286
5775 9816
1468 6029
3012 8519
814 1266
2735 4338
1873 4597
237 5362
6131 9779
1250 7182
7974 4300
5253 7595
7664 9733
8774 7978
6111 9769
8573 496
7991 3399
5565 3565
4032 114
8971 5481
1670 6067
6290 1094
6652 5745
7439 5083
4106 3586
9502 1312
139 5149
5926 8299
7023 1600
2165 6873
6107 6961
212 2544
3105 40
4760 6027
8988 2572
5763 6551
6223 2890
4621 9324
5429 8545
7687 1949
7681 5263
6523 3636
466 9120
8116 9246
1520 7729
481 396
2571 9099
6108 9029
1866 847
4032 7544
7473 8330
2691 3077
7579 8156
3821 9581
2456 1104
4693 9832
8299 6285
6894 7799
9485 5988
4385 6255
3224 3512
8172 3080
6939 3748
4306 1998
8476 5623
7021 1258
8453 3198
8701 9621
4296 7454
3657 4180
2736 4885
8697 8508
4464 1415
2375 8594
2375 211
1420 118
8416 8162
3448 1943
6600 4981
6492 5898
5474 9522
9205 2265
1632 1806
2230 4703
6088 4988
3620 5074
2576 5911
7637 7012
6064 1554
61 1756
7597 2934
8985 9379
6110 8921
805 1114
9510 3442
5025 114
8178 8034
1310 8982
2802 5702
1441 1013
6871 4689
1953 1049
5266 3478
9329 450
457 105
7766 2757
2716 7290
4556 8120
8318 3976
9916 8353
7154 3122
3674 6415
7342 6197
8114 7489
8572 5968
5615 992
1466 3941
558 8763
1598 4409
1774 6799
582 5984
5807 2168
4116 7499
8781 528
2503 6077
9854 2550
2581 1416
1440 4712
8091 3093
2385 996
4104 3363
4366 2584
1455 4888
6735 6707
3132 5443
8708 9398
3093 9793
4059 6939
8084 229
8935 295
6504 379
2217 7358
1202 2350
3771 1963
2703 7863
2863 8451
6018 2271
5328 8971
5040 938
3938 7630
7562 8246
3412 5557
57 6074
5215 4279
3584 527
8992 852
6648 3045
9495 7960
1814 2502
3372 9702
7165 5146
213 2333
3641 1715
3849 3372
5792 5566
7549 4996
8324 3088
9430 3473
7854 1655
4734 5710
8355 387
7674 4842
9089 3009
7309 6982
552 1266
512 4802
7411 1122
5718 8684
2807 2344
3418 5268
3008 1147
7286 5077
9542 8107
1028 4598
3643 1230
4076 5457
6854 9673
1027 8190
5911 4251
7297 9665
2213 1567
7803 1527
4555 7658
9556 5109
8708 2736
147 704
3390 7849
1836 8527
6903 8443
9625 7933
1711 4443
7901 3620
7440 6532
144 3465
1400 3891
2678 5677
9038 1010
8119 2396
2827 2042
2490 1077
5473 8584
6038 9859
7195 6945
8277 1678
6759 2114
4901 9932
5252 9194
8803 483
4776 6130
3345 8782
142 9846
4206 4109
5148 999
6077 5944
7754 6874
5970 8447
1563 9627
2285 2740
2787 8877
8894 1004
1038 2498
5325 9006
9807 6516
9066 9937
817 3303
907 3817
3034 953
8289 4841
4567 3499
1196 6167
3905 5789
5881 1652
4256 2994
2797 5876
9916 573
4320 4243
4169 9730
3637 8020
3997 6798
555 8906
6343 8282
3263 6323
9472 6351
3402 4867
4200 6921
416 1924
2190 8620
9594 136
8631 7583
1805 7932
2256 6903
3236 4374
3390 6101
1487 8464
8490 5416
8622 7016
9507 664
679 8233
7389 1415
7119 1811
6613 2694
3650 6943
5786 3658
2900 6394
3484 236
8809 549
9033 315
2970 6890
8071 3051
8368 1813
8416 5519
5785 8030
8172 7226
5354 1004
4950 9418
9789 9704
5039 3191
5041 5276
4269 9342
6719 1220
5720 8642
6093 2601
4125 7511
3170 4149
3563 7246
3134 2212
7899 4723
3918 7734
9952 4626
5099 7969
5323 350
1092 4660
8617 6995
1043 4673
5087 7177
1604 5053
3694 8058
8238 9957
308 5921
1994 3013
8838 1118
9634 1153
3288 7469
7996 7987
8618 8479
1757 9463
1088 8632
9427 2715
6260 5034
8835 6796
389 7442
762 1524
2716 7810
1053 3370
5136 1354
290 4166
1246 1228
4143 5055
2208 7740
9686 7389
7201 9570
9920 4843
2877 2678
7248 2884
5484 1909
8955 8026
3671 936
3641 9458
8220 6996
1449 8194
1944 2129
8405 4749
753 1712
769 1779
9685 5815
2769 1498
4971 8866
5343 4820
3003 6914
3224 9491
1320 4113
3079 7731
4934 9523
2627 4057
537 1205
1270 9696
4422 2514
6629 3279
9627 8453
7848 6881
2235 6808
3306 1724
9959 5089
2947 2047
8553 1822
3296 1953
5567 8323
2420 8903
3620 5532
3889 3675
8894 5652
8464 2669
4559 477
9657 3570
4805 930
6993 4572
1085 8756
7469 1343
1405 3226
5201 2633
1083 3155
3111 8593
1865 1764
1056 3219
1738 4440
9275 7680
7184 6614
9756 4931
9396 4301
7893 8192
8253 3661
9854 174
6370 7577
1353 4416
815 2839
2954 10000
6200 1062
1140 5613
5360 4067
6172 2075
4898 8508
9098 4276
6901 1009
3942 6568
3636 937
1029 241
6931 8212
6602 9069
6045 9734
190 5230
2467 2476
7559 562
344 9995
7314 3364
9263 132
2598 435
3387 48
5780 199
4636 584
9967 8246
9917 5535
7418 4894
2206 3359
2425 1677
9051 6155
3157 9836
272 5614
4454 9798
6569 2916
4336 2463
8804 2901
6428 813
9025 7637
5365 3920
5516 1187
8110 4599
4203 6307
4250 5955
6775 2777
5033 5959
1009 1772
5129 9096
3696 47
290 8894
6725 1355
7432 5635
3792 658
1088 9926
700 4387
2642 5611
5250 8382
1343 9935
4998 2558
6164 4976
4206 5991
5136 9246
6220 4947
1616 4353
881 5420
1851 8663
1091 5237
7018 1984
2765 6115
3155 2418
4282 9528
6041 3418
8805 9247
9911 822
7432 2589
3841 8448
2355 6824
1820 6554
9874 9368
3686 5522
2252 191
4003 7551
6015 7580
7294 5369
4375 8990
7689 9890
9321 976
7301 6994
5215 3863
4683 3659
1445 7081
2297 7312
9206 8868
3618 6194
867 5106
6660 5401
3834 1996
4688 584
1607 1210
1533 8918
8399 7216
3702 8891
7262 5371
8430 5229
5832 4692
1856 2124
4900 9759
1126 5897
7595 6801
6605 7428
5449 3210
5832 43
2905 1079
7729 9008
3555 2577
1125 7064
1290 7326
177 7967
1522 5233
2701 8110
8911 2808
4649 7730
3082 8043
4120 8009
9702 519
4318 3342
7627 3940
2632 5182
6683 5156
1979 839
70 1
2176 4113
3495 7713
3719 5035
6022 4151
355 9385
3096 9784
1842 4387
9581 8356
2309 8503
1432 1801
4853 9527
593 2321
345 2807
1516 4872
8933 1041
2816 9541
1321 5141
6246 4447
6703 9918
1882 5694
1343 7783
3951 6356
9028 3615
3229 9942
4589 6066
2717 9875
4938 8253
3058 6196
7193 8208
9609 6288
4441 8653
1439 9402
3222 3424
2756 4967
5197 5057
4612 463
5717 7593
6065 4550
753 1168
3233 3730
6725 211
4495 5838
7410 4033
2512 8563
5752 4825
1390 6352
3055 982
7217 8054
5916 4439
8683 6736
9018 8438
874 8988
5956 2092
913 1658
9771 3571
8495 7793
9210 5074
5211 6084
6022 7009
2483 5197
769 8726
1155 5814
2534 6194
9393 830
8462 7792
788 7516
4310 7385
4135 2324
9396 8768
2140 7576
5645 6594
1934 5168
3321 2617
3610 2253
8460 5615
186 2449
2116 173
6971 6067
2303 263
4371 8653
5441 3942
6778 7514
3402 4774
7033 5402
1157 5666
6227 6109
7129 1838
167 8136
2255 7679
792 6895
5575 8412
6291 211
6940 9135
9218 1119
5710 5379
1553 8456
4670 8942
1771 7522
8888 7571
278 3316
4305 2737
9859 7138
3766 3383
8193 4006
1059 3863
9019 6879
195 2694
249 3582
3051 7663
8666 7359
8072 5251
4452 5175
9587 6947
7618 7989
149 83
5970 7730
2289 6066
300 6834
7518 1934
3285 6245
2851 5166
6982 4154
6142 8442
8734 5603
5764 5422
847 427
1426 7778
8407 3966
5866 5452
686 6109
7351 9801
3196 4470
1671 1800
9602 4148
4461 6666
9786 3123
1152 2006
5273 4076
2493 628
6234 1331
7337 5019
5388 5305
2621 9023
1679 8428
9270 169
9417 7052
4181 6080
3798 2492
1447 5912
1952 791
7842 5434
6814 9181
2423 9376
2331 7305
2572 1396
9981 445
5144 3016
5163 5402
2394 8480
1405 9948
2007 4514
2731 8391
578 8774
597 7148
7043 6890
6481 8127
9382 4148
2322 9953
2705 6822
9818 6915
2761 2660
5847 7797
7129 8996
5491 6473
7862 1853
2378 7182
5919 7052
8273 344
5914 2042
237 4510
2672 8823
6551 6403
1562 6624
5846 3643
8915 2051
4515 7697
6087 9241
1695 2413
3952 374
3845 6855
1996 9852
3480 8508
4094 7445
4442 9547
7161 8731
9593 9966
819 3428
8940 7880
5179 2086
3958 5314
9450 9034
5538 2498
8154 6626
6901 8376
529 2685
392 204
4887 8355
3835 340
7972 7269
6804 7915
5744 9877
5753 6101
6927 7663
7685 6269
2941 4854
5691 8872
3959 5228
1457 2725
8029 4466
3368 1849
8203 6694
5035 6522
82 2831
5655 8836
4694 5467
4531 1911
5481 493
9622 7818
7494 1764
7060 356
418 6427
3480 3667
7669 6059
1690 3760
8235 3869
2605 3857
7818 4879
4466 2732
2912 7930
6325 5770
3428 4003
99 1921
4097 8305
2701 4403
8051 257
3268 7912
8864 6575
4042 7599
3077 3736
8808 7929
2463 8509
2879 2086
4252 4232
7554 2694
4171 2887
6152 4562
7675 6521
7577 7710
2496 4534
5595 5556
3593 1766
257 1230
9465 59
1091 4161
8747 7815
1961 7043
4507 9897
7831 6856
9648 5494
3825 2249
2842 7571
1296 4873
1340 5750
8386 2342
6385 777
6935 5688
710 1231
1255 7526
2974 1070
6987 2148
265 6417
7526 1820
6421 7134
6035 990
3091 838
5737 4600
6392 6431
4986 2079
8473 1260
4572 3681
5683 3740
4549 7178
9292 406
5708 9728
3695 6324
7087 6914
5437 3837
7795 7563
3330 2337
6297 1617
8891 4377
3345 2264
8348 2488
5139 1630
2084 8197
6260 4916
9140 5497
7827 7105
6611 3241
8650 9774
5480 7718
4453 9636
2710 4502
102 7299
4549 3883
9527 5610
3065 76
6062 5094
6508 3293
1708 9631
6108 1438
5139 8026
9733 22
52 2147
3965 3637
9609 4494
3155 1424
9768 33
2852 39
2016 5494
5283 1718
2057 9972
4316 5608
9206 2402
3243 5599
916 4764
5114 2877
1024 4998
7707 4314
4474 8793
9233 2958
501 9210
6815 6430
8213 1343
6563 9406
5400 8229
151 1503
3177 3617
5112 8256
3866 2385
8536 4588
8917 8678
8595 1009
2742 9583
2991 7296
3962 4509
4448 2276
7621 1719
5811 3031
6773 1792
6735 525
4311 9077
7402 4536
8810 2349
9867 835
7874 4260
5391 3441
1919 1686
6537 9084
7739 2716
9079 8276
1298 673
4047 4872
529 1144
7104 188
8395 1224
7515 4336
4298 5004
3272 4960
8999 8760
6698 387
9917 6354
4020 6218
2037 7793
6066 862
7642 8527
2476 1919
2417 4198
8883 1419
7103 6107
4132 5181
1711 628
1911 2926
4900 1758
3698 3261
1370 489
7751 5382
8100 9647
5359 2862
1541 4739
1953 3015
2410 6494
14 8201
3988 5677
8627 3632
8829 3660
6356 6249
7192 4204
2631 9027
332 5827
9924 9188
3295 3150
982 1242
2525 5147
1214 3010
6284 4715
872 6510
9004 7391
3553 4447
1822 3681
4581 6652
4805 4086
2805 453
2592 5891
5908 6318
5835 3777
2986 7743
9968 5333
5699 7328
9354 8947
7886 3915
787 4296
4002 7939
4756 2401
174 608
4437 2170
8827 5383
3825 1540
7717 1392
1118 8340
8629 7892
5611 6570
2525 3496
9477 1779
4012 5196
8797 2310
876 9645
9790 4710
1315 1012
9177 8186
5462 6743
4858 107
8760 4947
7474 9887
1582 314
5593 7825
9132 2465
6735 620
5759 6339
5110 280
9961 3291
3749 3779
4756 6417
9157 7305
4379 8680
2262 1187
6663 9292
5732 4546
3073 9636
9008 7971
3109 8525
7467 4240
3959 4688
8867 7775
8338 9004
9555 3090
6279 4589
1453 8271
5642 4784
4170 8648
4369 5590
7811 661
4830 2980
3712 7631
9384 2726
275 6209
8165 9061
7539 342
8989 8848
4560 3548
1752 5978
9065 7665
7340 6438
2981 1584
9228 7288
5210 5157
6566 8588
6291 176
4731 2645
2177 3603
9323 4958
2432 2222
1595 4945
3203 1677
8029 6724
9335 9730
5899 1965
4878 469
6060 1121
3538 3640
6248 2918
9754 8950
3755 6773
9698 44
9443 6037
7993 3588
8085 5840
8345 664
4309 1015
681 6973
6100 8401
467 8409
280 7899
7625 5026
6398 2252
1834 2262
8381 2271
2380 1893
5218 9200
2475 1446
7846 2598
8637 2661
3981 8873
3956 2017
266 4058
5216 7452
9836 3112
1328 9876
190 6146
3358 1054
7283 3422
9115 8564
8039 5301
8913 8885
7046 6165
2742 4387
4470 2584
6565 3401
2388 8119
1200 3469
8931 1378
9729 8269
200 8111
