7556
11449188
3274 8313
5968 4222
5747 3311
959 498
6917 8769
3197 5457
6774 9990
417 2046
506 9982
1 2809
3035 5216
182 7029
2287 2983
5607 8501
781 9329
4914 1195
5083 4947
2961 3307
3098 5293
4629 327
3250 136
2767 9295
7993 5656
5103 7507
163 9885
9516 2132
7978 6025
7572 1225
4111 7978
6780 4833
8671 239
3446 51
9022 4306
9338 4022
6933 847
3591 2640
777 1572
4295 2001
8228 6864
342 9051
9709 8300
7317 870
3300 3210
4112 403
3120 5764
679 7731
458 831
1521 3703
2690 2568
5170 168
3575 849
1752 5343
6774 8112
2428 1663
8279 8952
1730 8462
3901 1893
8771 6840
1055 147
1620 3135
9390 6700
533 5451
980 6667
4385 3876
863 8079
3765 2846
6307 7794
3736 3181
8609 2631
892 3402
997 1421
4093 8315
5331 9062
3010 4605
1691 6696
4188 3161
3341 4285
5756 5389
7829 3491
1888 5499
181 2832
8253 7213
8982 8374
8118 5632
35 2971
3832 163
1866 9531
7625 8640
9707 5084
721 1663
1663 5857
1064 2784
2751 2963
4287 1005
3753 3888
7063 3656
6249 3146
2662 2153
9247 5021
7125 3273
7721 7487
3143 2285
2595 1440
6480 198
1004 2239
8035 3051
9380 4395
4222 8994
2013 7491
7419 3050
1375 6478
9829 9500
8936 332
6816 291
7061 9325
1272 293
3140 3931
6373 4442
9079 4101
1433 8100
8667 6608
5822 1141
4039 2073
6131 5152
1202 6541
5030 7659
7643 7095
9672 5013
2675 1341
2246 3764
2574 5407
3813 2280
7244 3397
5713 4334
5602 6502
2570 1460
9742 8347
9487 1822
5601 5854
1433 3224
7757 9426
4543 4450
9159 4782
9104 5170
1264 3199
2255 2283
1788 390
2701 9406
3470 1869
2353 3826
4115 5585
6799 5231
2621 9852
4985 8845
7452 3979
4647 724
9872 8874
9170 1599
5730 1454
3265 9151
9021 8185
3279 3421
5516 1666
3083 1312
1965 6639
869 6409
9581 6382
9668 6160
2932 4580
6442 3535
4938 8896
7396 1313
7950 9604
6545 7311
6288 6928
129 9227
576 6534
4129 690
1608 7547
7488 8352
1979 6886
8567 790
5296 8960
9052 3140
8408 439
35 9609
9408 8226
8240 6813
5173 5251
9971 724
5968 9310
9468 2524
9646 6860
4892 2203
9586 8020
7071 9273
7972 1636
2432 6471
3392 9343
758 2203
8311 5401
3320 9136
77 2217
7335 3272
4842 9897
3740 9381
4777 8050
1017 971
2202 2867
3293 7204
6768 9618
7691 1449
2254 6241
483 1749
4720 731
557 2050
9959 8592
5214 9974
807 9277
9717 2195
716 8587
5668 6456
1245 4649
1829 7370
5955 9582
1358 4360
3462 3561
3890 5583
5661 919
5917 1380
8107 2162
9222 9577
9642 5786
2442 3982
3964 5100
5266 8901
5591 591
7113 5598
6411 4584
1826 9389
1797 1101
5899 2252
2496 4635
8330 75
5650 7676
3489 7737
3713 8688
6190 8319
4477 2399
1714 2778
1794 585
5274 8372
5237 6658
3643 1253
6800 7820
9643 6941
1035 7320
8065 9923
1115 8001
9368 4545
5452 9494
1436 1239
3056 4421
4519 4449
7679 3580
3496 3805
5579 8481
3139 6072
8491 4061
1607 3333
9699 7106
9799 1374
6442 1052
4648 7256
8466 8249
7030 3069
8049 2369
2069 2525
5898 800
1688 8818
3739 34
5279 382
489 6801
584 7164
3228 8396
5184 5931
1314 9563
8129 3767
1700 6721
4572 54
5322 4822
7900 1134
1869 6775
6878 5415
8666 748
2194 3020
3137 9430
5897 1467
3254 2616
3166 7447
6086 7871
250 650
8699 2529
2541 2329
5654 3529
709 5234
1138 5384
4002 1248
5683 822
2263 4018
7612 8482
2864 8952
4414 3389
9918 4759
6106 7068
4215 8893
4289 5922
9406 6113
2231 443
7995 2521
2851 1971
1182 7469
1578 5357
348 7616
3700 7473
1496 2582
2420 5156
867 5373
4804 1258
3218 7369
6662 7742
4338 4054
3301 4518
8794 2072
9141 2947
7023 7187
240 8840
8772 4651
4117 5318
8260 3603
4136 7890
364 2505
8865 6758
7741 8968
2919 7880
845 8338
1168 5329
6053 7542
9686 1996
3380 4370
9798 5849
2784 3987
1055 900
5026 9124
3268 2835
3865 4822
3056 6058
3537 7051
3411 8380
596 4367
3638 2124
7245 7402
9993 2479
5962 3493
2016 1144
2448 4158
3915 6918
780 787
3434 7309
2752 374
1412 1684
8054 7889
4642 7153
2617 4525
6496 3652
371 1027
9629 5238
6775 3564
7960 2736
5395 3310
457 8403
4416 8880
365 2613
8381 533
8093 9408
2928 5489
6373 1621
2686 5578
4779 2410
9660 3256
2460 6220
4584 4084
3703 2127
6743 2690
7241 3701
5920 2519
3331 8697
1272 9984
10000 1849
6946 7625
3046 6054
2045 357
1218 7221
6428 8088
1650 4975
8699 8842
7760 9651
5445 5213
8547 6970
9052 3891
2921 7194
4932 6316
3744 7
144 2080
676 355
3876 2745
3260 9551
4995 4351
7764 1462
2816 7722
911 8981
6760 6767
4963 2354
4375 8984
1277 9574
5646 499
7531 4144
1481 1876
5296 2108
6341 4438
3191 5721
746 3524
5912 1329
8521 2683
2566 7631
8651 453
1295 1020
6270 5198
1229 6101
9230 2252
2216 7180
3546 4426
3888 853
4685 1214
151 2907
2985 3974
7570 4479
9674 9723
720 4716
7669 2634
1614 7614
8414 4756
6553 9388
9999 5507
4321 3757
358 3758
4893 2770
360 3815
1774 8770
1815 9359
5497 5769
6924 635
1786 2540
1568 2787
3336 6444
189 5875
4490 9214
1509 7162
6560 9179
2609 7056
6568 869
8151 1799
3674 8652
9327 9522
6080 5560
5199 1172
8125 5284
7578 9733
7442 8925
4773 5304
7610 6639
3175 3179
4013 9688
5969 706
347 9729
1598 2275
9607 6821
1966 6064
9875 9338
9420 9238
3068 1653
1273 7905
3614 1390
3563 6709
8165 4316
9936 5866
5410 9986
7593 4532
8202 2943
9822 4720
9847 4379
8606 551
4064 654
2277 6862
6113 6570
4339 6300
3037 7378
8986 6927
180 1384
5304 542
5730 164
4193 3521
2076 4762
9523 830
4626 375
8552 3518
8055 9834
1847 2204
9284 7810
961 4839
2758 4751
8762 463
6088 6773
9350 3153
7447 2716
8670 353
9248 3453
8783 9421
2675 9069
3585 9352
6362 14
7304 6861
4436 4058
3479 8258
5339 7690
5930 6941
3440 7924
9597 123
9877 2253
2302 2386
3312 7488
4433 4417
4273 9712
8691 3627
1044 449
7984 4060
4426 7425
476 5742
3561 9499
5256 605
7185 2990
1075 2365
7525 5530
8474 1855
9193 8670
4016 8253
5163 6505
7392 357
926 8961
4574 444
3306 4013
3400 7060
143 2894
4087 6028
6488 1412
537 140
85 9089
6512 5363
8727 5540
3658 8335
8214 8333
2721 9247
7879 6463
7266 1175
1650 6094
2012 5916
9202 6008
1347 6086
7802 9758
4912 6310
4407 6278
1362 4352
4460 1813
8488 2103
5135 5622
9694 761
7091 9918
8500 198
2306 568
8469 803
2294 953
4513 5150
9984 1112
1101 1615
9995 8183
360 744
7727 7737
8373 4484
8884 6004
786 8713
553 281
7424 9435
9824 6298
9401 7295
8594 1616
3470 4054
9856 5814
597 4517
4550 5834
5364 4397
4383 1314
8507 5771
6296 9454
3054 1593
884 3779
392 9939
3706 4917
2152 9925
8499 8760
1812 6372
6872 8433
4090 7478
4116 3631
2346 756
3527 8656
581 2741
2921 7260
912 9928
1136 3236
6661 76
280 5898
1471 756
5128 7122
8899 5622
7980 9686
202 3171
8748 5979
2197 5253
1283 7978
2252 9559
933 8919
8826 4030
5908 7798
3911 7009
2948 9764
9595 5997
9673 9409
3097 7557
7329 246
7452 4037
6350 4457
8110 4019
5794 8540
424 4901
2356 2942
8380 2932
4560 4767
4882 8674
7314 1675
4749 6331
3300 5477
221 2270
8963 5866
4705 9119
10 4190
4455 6722
4089 1518
102 9115
7423 1438
5081 6797
9206 2246
8656 9154
2258 3021
2442 6945
3198 1701
1295 5985
9513 3575
6338 9327
3294 9025
7925 1017
3086 9091
9004 73
6612 2470
4946 5256
2071 403
7926 1737
898 3472
1641 6242
3702 8861
9960 9379
5755 9195
4161 1959
4740 7491
9136 5068
7300 7081
2258 7965
8806 1355
5841 1308
8776 4629
2889 9821
9434 1038
1655 9821
3143 8988
8289 5226
4590 1682
8095 9566
7843 470
3333 6273
3866 5094
7694 7802
7757 1422
990 2245
5682 4167
6866 3275
7532 2025
3121 1957
7873 8728
722 9057
7921 296
4545 3146
8240 3211
1082 7426
4276 6091
5280 5544
8142 8105
5696 1792
8141 924
8718 8471
1836 5085
4328 1907
4905 4461
3384 2983
9079 5144
9562 2067
7427 8112
2402 9032
5345 3245
6781 7009
3765 4802
3886 7159
5152 4248
825 9206
5102 5589
640 6817
1258 8932
7075 2315
2315 247
4940 8981
6750 8177
4048 2991
3646 3757
8793 7180
2308 5285
2808 8995
492 6078
8761 8612
965 6976
1247 9541
5590 4006
6286 9125
3548 4530
3930 1139
443 3578
8081 6508
7152 8416
8597 1508
6733 7738
1344 9239
1604 505
8116 9962
6360 7631
8343 8511
8629 7533
8819 4406
2784 4516
6383 6111
9461 388
9151 809
4619 5545
2272 2170
7999 695
4275 2590
6392 2612
1349 7538
1228 6937
4328 9776
3869 6155
2408 1877
2957 1143
583 4935
6374 1377
1128 894
4693 7429
1753 7007
6892 9933
9132 978
9208 7485
4873 6170
6771 390
5308 3653
2212 6477
531 12
8765 7366
3801 7246
428 5529
8724 1642
2399 6320
6523 383
3110 1809
7215 6982
2972 4003
1541 919
8972 2201
3972 6452
9830 7009
3406 1699
6091 9327
864 5632
7363 2969
3610 5600
9700 5518
1309 62
214 3673
6374 2957
3852 1088
1267 9240
8153 6599
5235 5847
9915 3640
6549 6402
1816 3585
5521 4054
5453 5800
4517 494
846 4275
7144 4876
9709 7009
618 4839
6045 4388
9417 9122
9474 8534
5839 9626
695 3121
8690 4490
5416 2782
9960 3060
709 6046
7236 8006
4959 3665
7694 8975
6828 9396
6440 4165
4591 5621
1502 1746
4348 479
8085 2023
614 6049
8697 991
1848 5634
9113 2335
500 5257
5111 3252
7595 1411
2883 7371
3610 6349
4081 442
753 8416
9608 5977
853 8051
6337 9383
7963 8892
9569 8883
6469 5307
6077 7630
7704 4109
5187 169
9932 5669
4927 6206
626 6656
4469 5821
8378 9560
2149 4506
4674 5224
5091 1069
6590 7927
3488 2463
1465 8542
1493 6683
6259 9970
9041 7195
1522 7305
886 5054
2120 4478
875 6996
1786 7342
4499 6808
6305 601
5386 9900
3623 4465
8284 9396
2662 9721
5022 4297
4109 9326
5338 3268
9653 5264
8573 6229
4729 9782
5114 1781
3170 4907
9423 8059
1744 76
6685 6964
326 484
5384 6015
6632 6694
3323 5325
2426 6585
7609 3492
6832 5793
3304 5128
3676 6342
7458 9448
8138 9887
9875 1789
9487 5144
1152 917
1517 7771
9523 6519
1940 3385
2876 692
6492 7970
2733 6511
7243 4281
4293 5484
2296 7234
1880 5071
3639 8567
7012 5864
4546 2334
2677 2884
2362 3096
9019 8023
4141 6902
5217 2859
2761 5182
7098 8864
7857 5252
8814 6551
8498 7880
9300 3516
9910 1671
8330 1778
8640 3224
4874 3930
2846 7924
6044 9462
6150 8221
9044 8030
8762 1193
5702 8815
5636 557
435 9641
1095 8336
6248 7413
2334 1155
9136 1013
2213 3690
8686 9202
9667 2215
6130 2375
7351 1488
3152 6565
790 7390
5190 8356
797 1997
1095 1225
6051 7250
9417 1484
9820 4307
9 8319
6512 1324
9843 9789
7 4674
3132 4412
1416 8788
8915 3809
1435 4942
9887 3122
1310 1609
889 4229
1511 9245
3146 6268
7946 2553
6833 8880
3092 4531
8618 7903
371 6480
7259 3502
3616 5712
3538 285
9686 8260
3311 3577
9027 3392
8723 7030
9799 5704
4033 1926
8427 7962
9122 2567
2376 3609
2998 4200
6298 7212
4447 3268
36 8408
6886 2382
7397 9486
6273 8838
6934 1914
6114 8665
1993 7309
7962 4804
739 5844
4117 1507
7530 4249
6958 9306
4572 5096
4896 7551
6250 1959
8129 5900
6683 8583
382 2864
3346 5246
4474 2361
5437 9354
8673 321
1517 6823
8346 3206
5247 7510
1432 3093
9099 1702
7989 4319
8061 2620
2490 556
5830 8195
3704 8552
1160 8164
1958 1563
7902 3150
2266 511
8050 2425
8315 6987
1474 4591
110 774
7879 1976
2929 6887
5651 7740
7974 4883
6609 5081
6296 1744
4259 9120
2608 4999
539 5101
8554 9197
3100 5371
4770 1439
6188 3701
7910 32
967 6347
7368 7632
5025 2695
6631 6923
9985 4430
1723 8156
4089 8856
2314 3265
7469 113
3558 6285
7903 2460
9285 9134
358 4356
2883 4078
6734 4871
6999 8626
8984 2448
1477 8237
1888 1022
5935 4492
699 4180
4406 677
375 7261
9372 1277
6233 4274
9491 8351
5036 2602
5954 3266
5483 9735
1770 8208
3665 8606
5943 7195
6356 4426
1288 5209
6864 4994
5660 5968
4702 6844
894 9243
808 3361
736 2544
2298 9664
1140 6781
5180 3410
385 9993
7147 129
7928 4033
6103 9206
2960 1443
3414 3468
6911 601
6679 2749
9118 991
9663 213
1020 3349
6682 5747
9596 2466
3311 6676
934 7852
7850 7429
8673 4467
2464 4564
8536 8697
7661 7376
407 1058
4360 8084
7731 9996
4603 1263
4615 1641
9635 9656
5903 4652
5124 7889
8074 1667
193 7041
691 944
1391 4719
7897 9777
8396 9631
4837 6381
9589 70
9436 8347
1704 1073
2500 7186
9945 2633
792 3981
1387 1769
1100 4555
5932 480
7177 228
3719 7132
2098 2566
8604 4526
9721 4751
8057 5152
5648 8926
3346 297
3260 3745
5890 5275
5947 8928
82 456
3442 1646
1036 403
290 2527
2317 524
84 9477
3713 5795
8055 1705
2569 7896
2034 7284
8712 2144
2451 814
4809 8640
1802 2256
2113 1745
3503 715
4310 3476
2017 3642
4839 44
514 2550
3468 5563
7253 2639
4826 3235
5359 3351
1181 1391
406 4175
9547 6213
3971 2372
2478 9441
7923 1192
4357 4932
3698 7834
5782 5381
5781 6417
3516 3251
3633 4922
6825 330
6563 1566
7638 8570
431 8440
7909 2063
94 8625
6675 4131
7068 793
5012 2087
2573 2710
4988 2275
2060 9775
3200 4432
8529 124
2152 2951
3189 4783
2380 845
6126 1091
6351 2007
3977 2003
2543 8345
7407 469
2392 1380
5922 1707
822 180
2459 233
545 9406
9398 8992
9628 6387
1005 7034
6826 8605
6904 9454
2843 968
4583 509
5157 8152
5778 3851
4548 6297
8625 5133
6363 9433
4208 6833
6402 3649
6015 3219
889 9702
1383 2476
6217 3056
5911 3262
1356 9108
3099 1842
1934 8822
4625 5765
8712 2045
1192 375
5789 3655
4965 9778
1171 308
2674 4131
9888 6564
7765 972
2383 2741
9889 5387
9851 7500
9904 5502
8945 6333
5852 3951
3081 9994
2147 2419
4242 6208
7056 6611
7193 5670
3466 7195
723 5211
7822 3866
7526 4745
3213 6601
4317 9099
8957 2961
9076 712
51 2158
6686 9807
4546 7968
8372 1935
8424 4807
7606 8911
2813 1615
5109 1361
7168 4465
5129 5072
5046 337
5945 2454
2778 5526
1085 6862
309 3008
8044 730
7745 7101
1422 7949
8995 1969
4672 3997
2461 4692
4095 5801
2014 7884
7835 22
1236 8042
3033 4432
5261 7851
9059 8749
1810 8017
7437 118
7566 6622
5853 290
376 7751
7445 7062
6264 5006
5800 5831
8397 9606
2698 1301
4647 7516
2054 8557
7032 7694
9425 663
9500 6026
1298 5096
1406 6074
6602 4065
5313 9543
7373 7938
471 8125
6218 8336
7466 7960
8888 5398
9436 5848
7316 2595
3862 3419
7408 1084
4016 1649
2029 594
56 5729
745 4959
9692 7779
3697 4223
912 4592
6448 5852
2765 3149
5236 9470
3179 5458
8038 4063
7519 3397
6119 9928
9491 9675
6280 3753
1647 6092
6382 5208
3141 8412
5048 4115
7730 3553
4801 7469
3745 7069
5960 7196
3042 2777
8602 631
7509 7497
7979 6448
2289 4299
9463 637
1177 8115
1000 716
4948 4035
14 3530
1018 4298
1413 8500
3285 8389
2196 8661
652 159
2184 6985
9822 9778
575 6591
5654 729
9716 5763
6151 1700
308 6970
3708 4984
2785 7320
2936 9266
1062 284
8249 2042
238 7008
4796 3139
5429 3398
2240 9150
9820 172
9315 6868
1189 4714
778 7647
9423 4521
6520 9172
2934 2485
7951 2183
474 2699
9542 5032
5378 9857
7231 455
6710 5670
4552 4375
5266 4025
3012 7126
8991 5215
4006 3564
6997 685
8351 7944
1528 2501
9142 9637
3436 9412
5203 8606
9587 4755
5878 9666
2123 3727
4480 516
8243 3518
2354 2402
927 7055
7727 100
3164 3636
4671 8575
9370 4678
965 5551
4480 7886
6836 8620
8986 2445
1293 6514
996 7318
1968 2953
3087 4664
2647 5380
4867 7521
6240 9760
5599 3130
8291 9101
5912 8494
1282 4248
6297 3462
9463 7761
1827 2503
3897 9574
2456 4724
5329 754
1647 6466
6121 3534
8721 3546
1972 5202
1893 8640
68 5336
7019 9990
4855 137
9152 4044
6572 904
115 717
4756 5052
7843 5187
2150 822
9252 6250
5671 5926
5594 18
7466 9150
2977 5418
4746 8208
8373 655
7695 5304
5229 4946
3583 4398
157 6033
2071 6344
6722 7253
5373 1233
2007 6613
47 6422
7154 402
7871 88
8098 6826
8029 8086
6549 6620
780 1020
1602 6800
5839 3778
8452 4464
6956 7434
8963 9490
7942 8931
3654 8300
294 1317
5549 1775
6995 3359
8375 9296
3802 5409
1783 651
5913 3031
387 8786
9513 6873
6143 6934
5360 7956
3297 8737
9209 9360
5719 9103
5831 1936
9257 2964
9168 5407
7820 8775
6923 578
2646 8447
172 6719
3029 3793
7439 5855
7631 4931
3963 7426
2090 818
5101 7561
7197 4213
9732 6084
915 5970
854 3529
5391 1945
1774 3556
3082 2863
4468 7468
6224 5748
6744 3922
9780 5262
1767 5514
7475 3619
6949 901
2651 2237
2968 4294
9823 3330
3246 8007
7348 3312
9379 9938
4677 7335
225 2860
3681 5217
7588 7773
2803 9472
5061 4635
6553 9418
5434 694
4768 2649
5292 7741
4426 3852
1475 659
9683 447
1393 6967
6316 1473
2115 4664
3288 8751
7901 2260
2841 3387
3908 18
9531 2686
3512 6907
2020 2876
7836 8130
2313 3898
2249 740
748 3256
2212 9346
6395 8093
5174 7176
6787 3104
4325 4932
3946 1595
4241 3718
615 3471
8855 9000
8595 8158
7706 3683
5053 5529
8787 2682
6266 4656
1010 2466
7616 4873
7221 9672
9871 5896
6653 4956
4773 19
4628 4311
6533 2236
4345 2260
4732 3117
5473 6604
2561 8227
9 4725
401 1946
4857 8598
8396 8572
9922 7298
3375 8124
6919 7215
5758 8964
1792 1148
9810 968
251 7675
7689 6101
8257 8470
5878 915
7010 2785
7214 7976
2342 7168
5869 7622
8935 2338
9347 6796
335 5407
7423 4443
7848 183
8758 5965
8001 7035
5695 8591
5656 5280
4033 5673
5274 289
4689 9924
9514 2646
9314 1624
1394 8131
4932 8517
4244 1139
8196 7931
3917 5506
7737 9972
1353 5870
5362 9324
147 1101
9292 156
5537 3512
9325 7843
8238 2655
4251 5770
7937 6423
7853 2822
9371 7061
6574 6893
5758 6140
3143 7612
9253 4954
3067 6429
2140 2561
5628 9846
9638 5936
7870 4324
1079 5490
549 9180
5760 4406
2791 555
4799 8499
1597 1332
8210 974
8163 5195
2016 2601
2450 4346
4579 7390
8459 135
8604 7866
1499 4740
2740 8511
7475 4946
8680 9680
8977 6157
5844 2372
9466 5171
8895 4615
888 721
4313 3133
9850 129
8921 6415
9152 6762
5405 1243
9413 2385
8730 38
9546 62
5142 9963
8000 7967
7222 5442
2287 8913
2452 1357
2512 1389
226 8966
1252 675
2960 5892
5775 7216
8636 4268
888 916
3940 2223
8209 8346
3804 7084
3297 2039
1290 3708
5758 1405
5738 2993
1521 4531
395 7477
5120 5728
6538 9656
9497 4047
1511 8720
6040 5716
3082 7495
2437 749
2901 9529
3142 6522
2888 4043
1151 5377
5998 1199
7893 3818
4453 218
5366 5662
8801 1231
1009 4232
4826 9314
4587 6858
753 6811
6326 2552
1083 5434
9903 1604
3546 6785
3791 6574
3994 5955
140 7066
5942 4940
264 8906
8354 1352
4937 6105
3080 7108
7738 4121
4427 9788
9495 5472
9539 8225
2628 1502
8439 9466
4217 4656
2638 6747
7506 8278
897 9759
417 4420
7777 8630
9254 5433
5516 2851
8004 7935
1740 2433
1834 6924
820 9409
268 7471
8446 3176
4627 1331
4283 3707
9777 5542
3503 3118
5080 3005
2724 3812
8791 4674
1819 1728
6548 8501
7451 4466
6242 6815
5773 7529
3774 1176
7363 8265
3560 3907
6252 3847
303 8078
9794 9625
3964 500
9822 5212
8132 3314
5682 2503
5711 9907
9296 5526
4080 2053
4871 9681
1885 7020
3897 9538
2727 6875
3289 8609
6558 3425
8687 277
5287 731
8946 9628
8630 7474
4672 8791
3407 4604
3178 5696
2264 8917
2415 446
6706 5419
1315 2326
8399 1544
6108 3788
4217 465
9568 3377
2731 9217
1856 5648
4324 3578
28 6834
3727 8727
8315 8831
4705 9709
2530 1540
7849 1524
4332 9672
8509 8499
8664 5674
663 4481
6509 1440
7390 2384
9219 7451
4583 3088
8379 7479
2221 7481
8745 6844
770 5299
3993 2978
7426 8398
7384 8572
3521 759
3244 6999
2667 1171
1641 5955
7220 7547
7848 2448
7742 6818
9991 4075
5561 1749
3951 6774
3914 3965
9920 8436
2693 5456
1965 8437
3178 1570
6000 5785
349 761
9609 2379
8271 8067
9526 5453
7099 4940
3842 467
147 7648
8108 3657
6846 754
3900 4664
6183 7515
4965 348
4739 2696
1950 2076
4271 9880
4194 1150
1063 1182
1460 5725
3007 9454
4206 3015
111 5313
8028 9845
8374 6879
6565 1031
2281 2880
2477 7078
3794 3818
8983 796
3304 2553
2777 8800
6941 2404
9844 955
3858 5639
4265 8337
3159 6983
9713 9230
3725 525
9301 3053
3649 478
3563 5532
2687 7275
955 4940
1095 5618
8873 489
6700 2289
8821 6430
3954 5308
861 7135
3519 3778
2985 1688
543 3019
4950 8125
8290 4833
7969 7629
1227 6420
3831 9117
3320 180
2645 7282
7238 1708
6451 7118
1279 802
6093 6056
2896 2546
5551 5065
5154 7777
1504 6212
521 7428
1258 3024
1294 1236
2597 3047
6561 9846
7620 8220
3266 8099
3675 1922
6702 98
5625 6175
4128 5059
3923 5581
2530 7585
7452 4722
3062 8231
8897 394
2258 3888
4222 9957
66 5026
6881 5886
6328 9441
9535 9495
1611 806
9510 1085
5618 65
6082 4397
6121 9486
2037 5807
7164 1700
4645 3481
7108 7208
8404 2637
7438 2396
7911 7766
6049 5024
5058 4800
765 3974
6522 1687
6779 5866
173 8963
3096 7950
3028 3656
9720 7252
9069 817
2041 8471
7640 302
7814 4796
6540 2395
8655 1990
6280 9022
5186 2940
849 2290
5690 7674
9649 5816
8815 8205
1576 322
5817 2463
406 2789
5142 741
7053 637
8938 5871
2484 5435
5453 7293
3900 6560
4165 6178
7512 5708
178 3802
7230 3285
6981 6678
6746 3138
1993 3800
2698 9124
4308 1352
2803 4583
9036 3476
8653 6374
9711 26
9322 4821
6344 4652
5930 8909
3383 2670
372 2409
6776 3424
7624 4176
3255 7966
2442 4567
4098 5952
5665 7132
6475 366
6796 5556
6523 3667
4848 8504
1532 4308
1454 952
877 5006
2135 7723
2058 732
8611 4100
6119 7927
9456 9917
1759 776
3496 687
9193 8542
8563 3641
4382 7070
9391 259
753 5256
4734 5144
2072 9985
7600 3079
786 6773
108 1761
2949 5339
1472 8588
6218 4165
9491 2577
6327 4137
4926 7011
5769 4765
2676 3148
1435 5658
8295 9896
4296 7379
8233 4085
7471 7659
2581 6759
2745 6634
9085 1936
9650 2950
2177 3954
5917 6555
7918 5562
2959 9861
375 7749
3912 7289
5990 5181
1058 1492
5504 853
3020 2236
5950 3263
2311 4434
3796 5441
1346 8715
8837 8923
4660 4015
1024 3411
3506 860
4625 8180
5129 8371
7084 6735
8302 8654
8281 8163
9008 1165
7873 6821
2459 4874
8177 7788
2150 3265
4092 8579
7839 8377
4353 6027
4065 4771
2808 5633
3476 3681
4451 2651
3602 3693
4403 602
1135 6418
8198 3785
2753 456
6944 3562
4072 6002
7175 2727
8725 187
541 7438
2429 5145
5467 3341
8449 2732
9056 5481
8599 8057
1486 3502
716 311
5573 2772
9375 5207
2352 6631
3428 9565
2457 1929
9294 7957
4614 1573
525 3193
3642 9033
2402 6795
5489 6016
9823 5193
3772 7245
3591 5147
5819 8642
8380 2481
3925 6738
145 556
4472 8526
2103 3736
4167 1809
3328 3033
3621 8670
5433 9093
2800 8149
4213 5522
7883 3105
3089 9211
2118 7097
5358 3812
2433 3057
4045 8422
4322 4327
5151 4224
8816 9914
2122 6820
3683 874
7336 395
6939 8489
8778 1022
4816 885
8352 163
5705 1845
5296 2871
5770 408
1834 9360
6164 7690
9011 4867
1870 2128
8924 8039
9453 9768
3058 7430
1305 6064
9104 5696
4251 7290
1893 246
1839 280
301 5013
9441 7442
8216 795
2721 6493
3443 8296
997 2446
3823 314
291 154
946 959
1661 1985
343 7576
9974 8263
5359 8272
7908 649
568 7834
1262 8763
3161 591
2972 9974
2765 4655
2780 3660
1344 4237
6054 6015
2435 1343
7625 9523
9910 6909
708 3878
7530 3130
9465 8939
142 4289
5267 2440
5773 8005
3603 6628
1873 8510
99 4526
6890 9601
7721 4818
2825 9689
4414 4414
6513 8016
7308 2577
1750 6693
5736 5928
4340 7831
133 5392
7315 729
58 2316
8443 2586
1381 5730
9247 3884
4644 2315
3199 3707
6411 1447
9185 1559
5025 176
9933 1604
6794 3135
9199 1684
5532 1954
3382 8171
9878 4432
4739 1326
9957 7361
162 607
5623 8779
528 7506
41 4983
5736 9711
7675 8339
6517 1557
15 7011
1573 1240
5339 4653
4146 3435
3664 171
8739 7128
9736 6832
8172 3961
8378 4837
2605 3462
5804 9757
7342 1766
5773 593
2506 8027
9693 7986
4862 6741
1158 5437
9481 1503
9248 4731
7135 6839
8612 4172
6775 4001
8099 1807
6561 2784
895 3475
1253 7657
8569 8587
2277 1612
9217 1174
9633 7493
6197 8592
5216 8789
2096 6153
5041 4893
7915 7021
3044 1819
4285 2901
6409 8540
2138 9662
6913 4311
1631 8173
3700 5730
4692 2626
8337 7785
687 2883
4467 6877
7237 7522
9156 5956
7181 3507
8412 2003
2916 7816
7769 1884
2938 2487
7892 4926
7841 9495
2627 7505
5946 678
1392 9555
722 1121
3134 9322
3371 1780
9501 5448
7583 1234
9255 3910
6812 5727
3931 4975
2202 7867
5767 7265
1262 2124
6307 3400
7857 7751
7453 4552
4640 2135
9307 6320
7688 9837
1089 5211
6488 7177
5564 739
1104 644
6689 6453
4275 9399
5989 5201
8874 5772
8094 1984
3001 9297
2875 9857
669 4632
5850 6162
196 4571
4144 6275
6814 5825
3365 6615
6033 3757
4260 1438
3815 7333
1402 7070
1447 8411
3047 1223
4140 6759
5749 6026
3963 8720
3424 4918
8602 3786
1378 1389
431 4183
9715 5928
9134 9705
632 5186
7197 4575
3251 3270
4876 4904
7216 8855
318 5572
8464 615
8085 6788
8275 9629
2181 5116
8706 6725
3856 6048
3838 5273
5388 6579
9727 8113
847 7418
3408 287
3229 2764
2561 7741
2981 238
9506 6409
3817 7639
5896 2770
7702 9949
5175 9527
3452 8802
6573 1941
3986 1009
2157 2835
7187 8508
673 1906
6593 9413
2020 835
351 683
4730 895
5583 5656
9 7203
2427 5000
4932 29
4760 3844
7966 6748
4109 8881
3495 8253
5849 330
2066 1510
4578 6022
546 2910
1975 4605
7413 948
4009 6946
9792 4693
1167 7393
8359 5971
4582 5740
4704 2826
7219 6164
6440 6185
3635 7409
8083 6259
8376 1820
5489 2809
6531 6148
6695 2652
9082 851
6891 5073
2692 7897
6010 7780
360 8077
8834 4284
1549 8376
1820 8712
7727 741
777 195
7491 3998
6703 8043
8446 2123
2129 622
6570 8177
992 8602
6684 9454
9285 9665
9825 1330
6062 7257
6791 2500
9792 2328
5221 3035
8526 2659
5882 9415
2558 749
5701 244
9142 7572
6944 4852
3262 6663
3869 1835
7877 7084
2420 1055
3369 9249
8225 3107
4510 7936
3481 9523
7599 6357
8826 1
5354 7167
1910 8522
9427 6419
153 1442
6186 4067
4855 1679
212 7329
3940 4727
7396 4601
5655 6206
2673 4843
8055 8326
1457 789
4805 6875
5664 5427
4366 9439
5040 5954
9420 6574
5742 904
3267 2044
7132 6290
241 7932
3029 3845
1680 4122
3548 4367
6251 3423
4486 3478
5538 3497
9663 80
8305 2072
9798 8128
112 3401
8232 3629
7514 1618
593 73
1422 4669
296 6632
1496 720
934 4244
8319 2941
1831 3391
4347 8980
2485 3956
171 4715
8029 904
9904 7754
1488 4131
69 7318
2089 9678
3941 3318
3757 833
8049 8526
7900 7165
3256 9145
3523 7606
4366 6399
8031 1521
93 2870
294 2708
7727 3614
2941 3734
7595 5596
6323 9462
9081 3682
3939 9394
7872 4210
2525 8025
8781 9758
8030 9576
7059 2146
6837 7855
2222 3797
8590 5330
6861 7981
3155 6520
5757 2950
8914 943
5972 2196
3752 9064
856 5384
808 2982
3180 3297
8265 3201
3032 8778
657 5055
4593 5883
8475 4489
4282 9781
1370 8099
196 5484
1601 9
7297 8913
2188 3876
3398 5257
6799 9866
7365 8322
6327 6242
1210 94
4097 2777
6877 1139
9556 7457
2934 9926
1335 5922
1796 6845
8097 7385
8315 7723
4991 4476
8160 6131
6572 9006
9423 7462
6419 9986
8432 8229
5420 6316
9216 199
2104 5162
7037 9403
9753 8569
3734 2597
9716 9067
4848 698
8389 8336
5386 1426
6898 510
8980 751
4600 8894
5740 7869
1707 4435
6157 7524
3964 1843
8988 8751
5950 774
5833 7886
9510 4873
1630 6767
2868 3290
8717 6431
940 2156
7047 9367
4654 4472
5022 5522
6888 1849
1744 3995
8451 5161
9680 8852
5764 5594
8640 2174
191 158
4688 5803
4407 5812
3026 6072
8411 5818
2230 2170
5784 7188
9987 6782
5240 6338
8709 2704
7041 970
3196 4408
5706 1811
8515 2906
9036 5556
8936 7220
4461 7945
4204 7237
3751 3523
4932 9434
6783 1406
1453 5091
5950 6039
260 5984
1529 3490
7564 2341
8408 7251
4108 4783
735 1628
5120 3696
4996 2684
6601 1511
2412 248
10 7211
7499 5449
6725 649
5261 7321
2844 2273
4649 1929
8167 1934
5834 8575
9965 7418
1908 4505
7195 6905
5014 384
7424 3068
9027 5912
3797 7032
3706 2529
6940 5350
5208 3532
1865 7807
4659 3417
2088 7356
4964 2645
3879 5118
4534 2027
1301 2266
9353 8742
3536 8532
852 8546
1985 5737
7208 1614
7759 9065
1190 9794
1035 2130
8324 6534
2025 103
6916 6391
5053 8754
3622 459
8258 6087
1686 6527
9105 9861
6835 2202
3780 936
2359 8398
819 8212
4086 265
9570 4914
3924 2853
5087 207
5781 1135
9429 1270
5661 1565
5183 4932
4045 4331
7904 6116
3000 4722
102 6449
2250 9147
2068 4435
378 8222
363 6705
8442 3077
8138 7208
4994 2738
3748 8717
8053 4415
7896 7412
9112 1163
8350 3028
3804 1844
2479 3721
2801 5429
8414 7124
1107 2482
2126 8852
6255 3589
1981 5110
1896 1251
4324 1250
6051 7708
3146 1693
1627 7509
934 9300
935 6116
9539 8677
1680 3851
5404 6915
5815 9097
4006 4529
7415 8286
5549 6730
4297 8032
1328 1098
4230 6441
5357 9474
9941 6280
142 19
3365 5224
485 365
6242 1573
634 6336
8406 5403
3788 2685
4708 5922
250 1503
3343 292
7560 4487
7938 421
506 3249
2615 156
9852 6794
4057 7833
9260 5946
7883 2452
8112 4520
9852 6547
7288 7807
3474 9922
1289 4317
7681 8761
1046 3428
2833 7478
8598 8519
9682 6531
4466 2130
3181 2381
5222 7599
431 3313
2188 4308
2827 4807
7345 7077
2260 6975
760 3671
2875 5029
8153 5178
3977 4257
6135 2489
2310 5752
9706 7368
2721 3934
4815 54
6579 4124
9577 1702
1463 8092
5706 992
9437 7782
2039 2905
8004 2015
7515 9600
9211 5320
7700 7081
7982 3001
2829 4008
5150 6574
9814 5550
8402 6745
3792 9680
8115 458
6861 2038
199 4077
1393 8317
6227 9382
7608 3553
8440 1813
5219 7434
3029 2147
222 9309
1114 5339
5003 9114
7236 8722
2439 117
1797 4168
3457 456
3970 2688
861 3867
6764 8073
673 7961
5460 2138
4304 9099
173 1894
8295 9643
2085 787
1629 1731
9218 8448
972 1978
6441 5102
1276 4057
3886 2460
1343 9919
4290 6829
837 233
6972 7407
8705 7658
782 4302
7759 4250
7506 4022
4283 9613
2120 3755
9346 9741
3074 1703
9937 731
2310 202
6247 4533
7439 3248
7801 2078
4484 557
4561 5716
3233 8008
4888 3085
6223 9337
5649 5721
9874 5024
2210 3755
5390 1737
1451 7542
4765 5550
4711 2270
8550 7491
9751 9567
4607 9951
3100 120
7331 5463
9648 2588
3040 5276
6703 753
9384 5761
3199 9122
4785 3438
3795 5367
8729 4256
5858 2611
4988 1455
9141 1810
9933 1525
3601 1202
272 6269
2811 5134
5703 4589
8153 233
7005 2549
8987 5684
7332 3246
2518 9456
129 4
2700 2603
4880 6099
4265 9638
3009 2243
4170 8471
2731 1979
7562 2593
4486 6563
8121 8992
459 2868
382 1201
7030 9751
5132 1899
2574 9597
8817 812
8382 8767
2120 7045
262 5828
4108 864
3697 6008
8779 2160
2013 652
6915 3513
9317 7854
2263 7039
8474 4157
7240 5876
4184 1877
7712 8265
5965 735
7345 3582
5421 9397
6898 8085
5166 1029
654 1421
7776 8505
9322 2040
3916 5338
5853 3088
2778 6
6440 5100
8161 4356
7436 4059
2733 8842
7301 3503
1332 2278
8675 5459
6433 2683
2033 9375
5889 9823
421 4848
877 5195
123 1088
4879 1374
5617 1617
1407 5259
7988 8314
836 792
9956 2771
1677 4192
893 928
2366 1566
380 5040
4531 5105
3481 4903
7821 1408
6169 8621
1080 8279
6304 5869
7640 8313
173 1330
4298 729
1230 1010
1655 91
1293 5263
7867 8481
7782 670
6326 1513
7403 7447
818 6793
842 5320
7214 5995
256 5818
9073 7897
3479 534
6108 8203
2483 7005
5124 4842
5836 4486
3792 4656
2691 3329
9249 9726
1079 4349
9323 1224
3741 2499
4399 4542
5007 9823
821 5028
1292 1154
3574 438
6229 4992
8804 752
6587 9501
4706 2481
6262 2499
4280 9551
9322 2206
5302 7012
4401 3558
9587 5571
6302 7963
3603 2221
821 8781
8168 5452
8438 1922
9531 8163
8829 497
8601 91
5563 2436
5783 865
7258 5385
665 5630
1768 2015
6549 6746
2686 791
6828 686
9444 2948
1477 5311
964 7336
1849 6297
2741 7539
4682 8353
2007 7586
3124 3934
7976 5687
7769 5721
3696 3062
4552 9668
2587 1990
9235 8179
8057 2046
897 8567
4848 9341
98 5410
1694 8572
5078 2071
8348 8280
8931 8221
8842 501
1729 8767
9619 8436
9308 7476
242 7056
8849 2508
8221 4218
5529 1428
9341 2690
3611 4157
7210 1815
5654 8106
2538 1267
3202 9064
4961 7568
409 4168
2891 9702
4379 7244
2251 759
9781 3223
1181 5031
3871 2439
4897 9786
5710 4999
6089 2900
964 1179
8447 595
4775 2211
4115 3932
5421 8269
4266 326
685 7411
8568 6230
5918 7912
8700 7233
8799 5277
2633 9325
2390 196
6682 8854
935 4580
4856 793
6205 2942
8011 2597
6566 9816
8391 562
7172 4214
1126 1554
6145 8448
8944 1797
3702 4922
6500 5161
647 8258
2819 1072
1898 5354
3419 6799
6152 4617
2780 9717
9675 694
605 3537
6653 4043
4606 6801
3024 848
6289 2544
6918 6240
7304 1150
2711 8369
8406 9721
6287 1806
5467 6412
3019 9040
5541 4556
746 4170
866 1889
3520 5514
5855 8697
8492 8958
8821 5165
4904 1027
9073 1201
1758 3215
361 5972
9267 1595
1357 3768
9830 8360
5125 2499
4997 9962
9109 6565
952 1413
5200 256
2394 3882
683 9732
6688 1656
8673 8485
3731 1387
8641 4692
9757 7642
415 7872
8869 9851
1741 4851
3077 1682
6081 9633
434 2003
2661 3884
9907 8457
6584 2462
7288 8325
373 9586
1164 4152
731 4034
9217 32
6364 3414
4678 2988
1618 529
4973 5604
9278 4484
8139 9173
4455 1586
9902 4363
9681 8978
9342 2901
6043 7674
7403 7809
7642 9906
8465 5364
7993 8487
9892 2785
2276 7674
3711 7393
8377 9968
7248 5963
8968 7645
4832 8601
2054 7459
8110 751
6635 2231
9913 7874
7875 5098
4706 2228
9705 687
6633 4687
6406 9256
4286 8705
2034 1303
6992 3753
8777 9326
6645 7045
3577 3716
4948 3042
7347 4466
2931 2987
7267 5603
3895 2826
6117 6481
3438 1712
8104 3190
8533 4111
2179 2641
5003 7804
629 7471
2922 675
3172 7588
8970 9278
4029 8030
9802 4648
265 259
495 293
8313 8960
3044 3039
660 147
4468 9285
1030 5322
4897 8435
3931 3807
5719 3873
5102 1023
8424 4720
4575 5733
9767 9113
4590 3347
665 3397
8593 2337
9058 8359
5073 2049
9367 1820
1250 28
5827 7421
9922 8167
1854 2287
6859 4488
5426 589
6807 4225
9927 6545
6660 1450
4820 6071
5045 4522
7324 1142
9652 9119
8885 632
4478 6449
3177 110
3818 9594
3628 3247
8529 9712
2149 7762
9534 2638
1316 4750
2829 2149
8354 1938
2148 6963
9198 2751
7801 7317
5939 6491
6028 144
4720 2782
4041 8847
571 3146
546 1729
4016 8295
4263 1483
304 6618
3597 968
3801 4528
4644 538
8309 9
2814 1021
7958 3369
1738 6094
1781 343
1001 6958
4287 2188
2030 4738
8070 3163
3958 6167
2431 3481
873 6322
9103 2020
2988 5559
7650 7528
6178 5768
8121 2661
4375 4141
1780 5301
4230 7582
8486 1258
3548 7260
1751 6112
4037 1305
3037 5888
8621 7716
7923 7551
8789 2400
6456 6570
1777 2318
3042 7754
8123 9963
2674 8934
9792 2417
8003 6233
5985 7802
966 2020
4513 2004
7026 3487
9784 9894
2657 5344
9070 6292
1113 5473
4844 9782
7325 4223
7540 3697
7434 9520
4276 4387
8183 2410
1350 8564
3336 3381
8215 2158
7165 6839
638 1106
169 187
1989 1511
7018 1975
1984 7261
1798 6665
6554 5798
4615 5920
5711 1788
1297 5014
4330 4496
9107 7747
2177 4839
9006 6513
3324 2287
1689 7939
4017 4395
3496 6718
3612 9458
5702 4432
6971 565
2506 1794
7320 3203
1360 5828
8648 1998
5645 8586
6027 5749
1870 4554
6255 1153
8579 3322
4636 5429
8071 3469
1107 7914
779 8374
9239 6594
2177 1728
5221 7733
8606 5522
5178 2241
6640 5707
8398 955
986 4328
2104 1974
7466 136
7363 1052
9548 7777
5737 2917
3037 1392
8966 6191
8791 5823
3314 2560
3703 8261
9637 4143
8426 9623
7865 534
3364 9596
229 1648
7835 5588
6529 3017
7184 4250
8918 2167
1434 3786
6497 3722
7468 5327
4051 5979
3907 8057
3851 167
9231 752
4137 4293
9136 1824
6466 1266
8955 9485
5974 1100
9484 6003
423 8783
6587 7204
1994 6655
5211 1179
4786 263
1844 10000
2729 6438
6277 7722
8438 9286
6735 4860
9264 7352
1140 6357
557 7892
7086 4690
9536 453
6033 4957
5920 6426
2222 604
7032 2803
2553 2510
6963 6699
8470 7934
9627 4364
6219 6655
3838 2622
9197 2166
2896 2206
1360 9605
1963 9174
4783 2060
3422 2341
4900 6420
1073 9456
5223 9100
7090 3573
85 9585
688 9468
8367 2867
6064 9096
363 9429
870 3832
5187 4441
542 7153
4018 7369
4560 4163
7489 1763
3918 5585
4938 291
7591 312
1833 1
4316 5847
4170 8427
5072 7675
7615 9810
6735 4534
7995 7136
245 8900
938 2476
7267 1813
4083 3695
7077 221
1160 2584
5318 1505
3080 2755
7834 7829
4606 9539
3138 2665
8541 5966
4068 723
2740 7376
2710 8287
1174 7623
9049 7080
5302 2851
6825 2448
2014 8467
1747 6353
4710 6639
5845 9641
5231 646
3387 7095
8242 5826
3418 8933
4993 5919
5056 8025
8325 565
9635 2977
4710 3462
5367 3983
6188 982
6294 1306
7353 2816
2096 3040
149 9800
6989 3552
2998 875
2743 1961
454 6237
4160 8495
9786 6540
7736 8932
1233 6321
9348 7654
8150 9219
1930 6352
7641 4365
1826 9568
8528 4772
491 3849
5939 2413
8918 6478
6758 267
8614 8512
7742 4266
5676 5901
6400 7861
5404 7406
1945 3247
9258 1374
3045 2616
8360 2119
752 4693
2703 255
7325 2720
6295 4189
9766 4675
6691 4050
5444 5445
8614 202
4327 8245
690 948
5057 1893
1325 5755
1959 4514
7445 5037
7186 2531
9313 8872
4319 5000
9148 687
7667 8933
2830 301
9268 490
452 3738
3501 4195
1955 4461
7917 3871
8942 4530
9272 4752
6032 6427
4021 3557
8950 8083
1622 6879
6794 539
8083 2566
3439 6980
2817 3295
9557 2198
5027 5388
6695 4378
3251 9034
6383 7005
4289 7607
6223 5184
5093 6242
1953 6690
3413 4521
5967 6735
1668 6404
3618 5680
2474 4519
6959 6713
530 2343
6978 5933
6932 3400
1023 8644
3483 9693
1366 2111
2374 4930
8142 6836
7562 6643
8404 4147
5625 854
5299 6596
1961 3808
4809 8747
5668 5423
1320 6348
2327 2293
4780 1910
1627 5943
4749 2455
7077 2129
3509 3597
1459 6829
6557 1374
2770 6841
6333 1783
2616 4656
3708 8623
296 2263
2405 7571
7635 8999
8906 2011
2333 1758
497 2321
4586 1438
3128 280
3524 2550
3123 2193
5503 6654
988 4017
1874 3364
670 6369
6419 4650
9645 5190
2624 4898
8348 5848
6781 1773
2023 8004
2198 1196
6829 1931
551 6421
1620 8680
1607 9736
525 4164
531 6044
5209 8560
3818 3116
6745 9584
2862 7923
1139 3202
2875 6546
4342 6058
1452 7829
5412 508
3491 1765
5632 5587
9946 8892
341 1376
4097 3726
6719 7017
298 4488
379 6829
8830 5912
3936 8862
2506 8955
2546 5072
2631 5155
6555 5694
404 5857
2741 3655
4712 4019
6121 6319
9249 9067
8742 9228
1002 9320
8727 6674
9233 2003
511 1259
2114 7845
9149 7177
4662 6715
4698 5294
8876 5147
1682 3967
9676 1969
389 9729
374 3309
7382 4431
3950 6952
770 7966
4991 9616
3926 1263
5799 1598
1376 3004
8500 5031
6425 6242
3209 5602
5460 7907
9629 807
6916 3969
3825 1599
343 6660
1918 4255
6574 6145
156 2359
6372 5112
1004 1069
6336 3080
4290 5980
6534 5144
8120 7390
9014 8174
5400 5975
4086 8562
2551 9854
387 9833
5628 5432
9639 7689
5461 1615
2902 8128
1868 7922
2166 2875
4855 4435
8432 1327
6335 1008
3630 7288
2941 5946
7854 2148
8712 1873
7205 8384
8844 2223
4860 6123
3265 6705
7403 1624
170 2775
666 3973
8087 5189
764 6039
2341 5842
7277 8849
7094 5153
8838 9602
4110 1282
5294 4054
4485 4525
1473 763
2925 8727
45 9399
549 5856
5177 6870
9934 3269
7981 2989
5810 5892
7804 3921
1295 3601
1777 2810
1751 8647
3013 7254
1994 6184
9303 5005
8590 6400
1631 2265
809 8001
223 9264
5731 9190
689 3514
4308 7911
5100 1862
7444 8304
8671 8925
7817 7801
207 9218
5267 7946
6187 5852
9426 2178
2858 5539
690 5010
7905 5298
1588 7831
1877 9188
1138 5800
642 1681
3118 1809
7989 5459
5357 3478
3086 68
1852 5689
5691 7937
6781 9782
117 1940
6178 945
6164 823
1007 7271
1466 2059
9994 1555
2142 1261
1456 482
3049 2550
4790 3317
9296 8559
7994 5717
8101 1082
9867 7719
9073 4717
2465 7456
1427 1046
2817 3077
4949 9284
6999 1357
195 513
6472 7055
8855 985
3972 5867
6052 5257
3173 5761
4050 7934
1808 7803
7341 7668
6998 2591
6204 1020
3716 7686
935 4258
9783 6708
5371 2854
1145 9442
6346 9746
7972 7134
7842 598
8225 609
1557 7884
2002 5038
6524 7715
6803 1049
79 3097
7808 3877
9433 5888
692 8638
9034 317
5644 6009
1066 8973
7734 1690
933 9753
1774 33
3134 1159
4787 2454
9309 4142
9156 1483
7419 1402
8354 4861
2664 791
9170 5765
5008 2005
4271 6592
7140 89
255 8639
8694 6320
5370 4091
8059 5539
3337 3906
6150 6742
3282 1200
1644 1979
1031 4234
3719 5590
195 7285
1999 9639
2233 4240
9976 9865
9728 9066
3369 6404
3240 6310
6370 2619
5764 5338
3118 8710
7964 1015
9914 5967
5617 4419
8257 5120
6764 9895
3109 3463
67 445
7099 8660
1160 9164
6642 3518
927 6441
3795 1323
4052 5706
7408 9206
3051 52
9208 2094
5240 9093
1073 9196
7986 674
5050 7051
7160 4539
8030 1833
6852 1123
8653 5010
8765 5971
9728 5582
3576 8926
7712 1746
6644 9938
3937 3885
1897 8284
2639 4990
1207 3816
9524 1942
8410 1215
4126 7692
9143 3526
9855 7580
1193 8450
1365 5314
1514 9573
1789 5800
9476 9444
4583 1664
9422 9867
2235 9720
9684 9109
6396 6814
2742 4976
3203 9382
1312 7572
71 5833
1258 9405
4590 418
2025 6056
7641 5864
3291 1759
1412 2790
9692 8158
7031 256
821 8136
6594 8184
7614 9170
4313 60
9534 155
2303 1310
4647 2748
647 8077
8738 3863
8596 4006
2083 8961
9598 7866
5799 8023
9496 1423
5702 5675
584 9163
5597 1079
6123 8484
9395 4165
48 5628
524 1705
206 3521
4130 8044
1546 3023
4608 7288
6563 7430
795 8527
1823 1655
1271 6752
6491 2108
8456 3664
5597 2715
258 1203
2498 7817
6117 3251
6099 9717
562 7611
923 760
8342 4477
847 5629
7510 6645
4431 1082
7258 7378
1120 5238
7154 9126
1422 9686
8746 4073
2494 5419
2290 4104
691 5038
6931 3872
224 7766
1733 9148
7542 6376
8708 9474
1169 76
5979 4107
916 5548
6576 8970
2167 874
6592 9770
867 2613
5987 8753
7006 3637
805 7812
3029 8336
106 1678
7789 5356
5362 74
6315 2316
1374 1419
4011 8819
4930 6904
428 9021
2651 3344
4557 6749
1060 7541
8434 9282
7768 5420
1090 3490
3788 5333
7276 5908
4848 3830
9431 6214
9930 7852
6940 5504
3441 3758
7135 8124
1983 4617
67 3366
6228 5164
9224 6793
2376 5697
6469 3935
8221 613
8932 3631
2422 146
682 1808
6799 4200
9961 3762
5538 9043
2055 5293
3783 4380
9053 3393
6498 9330
6140 1590
8262 9157
7926 6221
5839 2125
2280 1555
4273 8041
5853 2828
7185 1417
4415 4430
6040 2618
2837 5756
9711 536
8846 7806
5842 9683
8015 8315
500 9635
1240 2224
958 487
2101 8812
296 3284
1891 4576
2973 4334
8332 2126
7448 8075
1050 3577
9472 997
263 2362
8545 1979
9160 6086
4693 6808
1973 2639
5957 1938
7085 4036
7630 7442
2195 794
9655 4469
4524 7218
9181 9764
5990 6167
414 9102
8509 3147
3353 2259
3057 9819
1485 9430
6199 9115
5238 1387
2611 5891
2466 5213
1136 7369
9726 9177
5118 3840
11 5485
7884 5535
3857 992
9238 2232
7909 325
4660 8935
5583 7148
7754 5058
3851 5140
4098 6794
1090 4150
5644 2711
8958 6637
5469 7613
3786 5777
5926 8288
899 7039
9261 5941
7259 3757
5435 9521
4345 8027
8740 6947
1286 6651
9826 6183
7324 6486
2113 5879
3918 6610
3126 7191
2330 2707
1326 8772
9167 6018
3815 9694
1665 6776
9397 9663
2760 3164
7486 5624
6021 5817
4243 323
4275 5104
2981 733
3749 9666
7706 3696
2919 4878
811 3307
6870 7264
1262 9125
931 7307
8449 2393
341 9304
1661 5909
6649 7022
6089 7649
8115 9838
1837 263
1262 9464
7419 1031
2107 7707
8602 2571
7179 8014
6963 7546
6087 5591
6196 2347
2520 4651
8251 5229
8794 1187
7826 939
9865 2027
3601 7343
1695 9059
4602 4297
2648 5111
8449 6936
516 5531
6453 8941
645 3097
9862 4336
3036 3566
9101 5279
4581 7470
88 2758
60 140
5160 3406
4526 8078
838 191
7466 5212
6762 9821
3606 9238
8495 3901
1290 7532
409 4357
2064 8407
8648 501
9222 2575
5933 7507
7888 8973
2409 4383
5162 7981
2304 7531
1308 8442
3971 6423
896 5324
4902 7935
3640 9650
9514 210
9965 3195
6386 302
8463 5705
1622 3442
5234 4006
4219 5369
1285 2537
4617 8356
6280 5615
9640 7762
3588 9550
5361 4185
8804 3157
91 354
766 3430
4691 8788
304 1783
2259 3163
5165 9416
8562 7220
3650 1769
6739 6652
7255 9380
4962 8314
8931 8535
4746 8937
4551 1273
7450 7537
3863 2354
6232 2053
2379 919
7855 4390
5520 8853
4051 1089
1726 4708
5358 1372
5089 5836
2097 6824
6874 7113
3873 3651
6890 1306
6003 320
3135 8849
6178 7532
4276 7150
5566 6907
6255 2390
2449 1566
6860 8211
3136 1058
704 1853
7618 9629
9819 2588
8877 7741
582 3264
6714 2685
79 3031
6373 794
7861 8790
4595 657
1480 2349
449 6647
2676 4480
7010 1090
6292 5017
594 8560
7992 3441
1971 4886
9386 696
576 6546
8882 7790
1785 8491
7319 5030
635 4834
383 1739
2444 6197
7888 2874
186 5057
1888 6807
1222 5857
397 8471
39 5330
3224 2159
7359 4531
2866 8062
9034 2089
1553 5288
7921 1603
3401 3719
2133 9726
318 2213
7740 8616
4575 8393
6646 2652
4779 9057
3576 8806
8866 6334
3133 9881
1728 9513
4615 4315
4825 4400
955 3320
3880 9928
1693 32
6841 2214
6932 1880
7327 8721
8372 9028
6862 1667
9937 1318
5733 2845
6962 3942
7949 9360
7177 2495
7890 7562
9295 280
846 1871
6800 4959
9833 3231
3881 2484
5393 2834
8006 1553
7581 1741
3954 2264
6871 2810
8951 8288
4633 1736
1702 2906
563 5889
1405 4826
7452 8922
6978 3170
6141 7556
2313 8081
5428 6692
527 4284
6864 7083
3886 9968
7400 8251
3734 4945
4283 6441
3836 1418
4697 3642
6123 2678
2034 3016
7122 8896
3430 6490
397 3571
1810 8305
7334 2703
2591 5882
6952 3116
7593 9627
5971 686
7995 2299
2992 2124
3053 8190
1152 3652
6071 3326
1152 7610
2033 2386
9928 6082
6377 9756
2865 9004
6338 87
9213 6292
3023 7945
8713 8119
7963 4503
8031 6009
278 9579
7105 6097
3833 1216
4408 2459
1334 8728
2808 8617
5967 6276
8867 5137
7717 4565
7962 6017
1346 7619
417 4525
6412 4958
3245 6180
7540 5748
8568 8149
8278 8836
4392 2068
4148 2288
3026 1053
9373 8140
5141 6487
4154 8627
7757 8163
2398 6354
3140 7643
4139 8498
2898 4695
1770 2371
7866 230
6314 2728
3872 1324
2669 2001
3251 8646
5479 6567
9535 3325
4530 6106
8874 6107
1975 4358
6574 1571
4997 2141
1280 3769
2587 8867
8648 9524
1291 8957
5932 1212
6471 5069
2336 1128
610 7002
8378 5796
3463 9473
9523 8372
1263 352
3562 4964
9868 1543
5643 2249
2489 3574
1955 2449
411 5116
5545 3006
4699 5526
6148 7056
3907 9373
5069 7303
8547 8408
8662 2495
8886 8582
1163 9015
8135 8024
8635 3591
3666 1390
9694 5107
7253 7214
4661 8405
6307 9175
1456 9539
4219 84
4227 4091
8834 3361
2149 709
655 7797
1208 7120
1481 649
7284 2210
8581 329
5543 4380
9800 7829
5051 6572
9691 7528
4505 282
2629 1943
9255 6573
3694 4665
7328 2908
251 3110
3095 808
8342 9778
5621 4068
3299 7492
4613 8532
9144 4285
5365 9976
351 9482
1838 8958
8402 3989
5010 6274
3592 6381
9712 1074
2775 3484
63 8449
2113 537
4796 1382
7690 2507
3456 9141
4993 6366
8158 1089
7010 1970
6712 7492
4713 3839
9310 1177
5226 5754
3630 6655
7600 554
5828 2082
2719 2676
6808 7761
5608 76
8658 2934
8505 9302
540 7520
301 9971
9227 6107
3117 4547
1316 7515
1135 425
1927 1644
3700 4818
5393 6328
4710 2523
239 1170
2118 4885
77 6892
943 7439
1296 8847
2370 9280
2465 5812
9813 9256
4389 9701
5397 2999
7343 660
1201 1903
7123 7827
2289 3658
8374 127
6367 3742
3504 458
2209 3193
8759 971
1587 6668
6127 1363
5008 212
1350 1622
7977 1751
3982 3846
8838 7820
9373 4677
6945 7776
1227 3598
1422 2819
3241 342
7226 9263
2592 9283
4012 7870
564 7353
722 5516
9702 9320
1966 9149
6894 6488
1211 9294
2270 2903
8272 6386
5666 966
3507 3748
8701 6954
8177 6271
9059 4046
5915 3458
1525 8270
8575 9256
9320 7433
4358 5807
2368 1377
7690 6632
1311 4591
8423 6917
6875 4428
4975 5395
5967 2213
9284 6226
3669 816
7095 8642
9598 9888
8382 9798
962 5272
7164 2991
4340 3405
5474 5330
4831 8097
1446 7135
9610 327
8524 2526
9722 4505
7953 1521
277 7006
6080 9301
8141 8901
698 4749
40 3709
6921 1680
3238 5874
6676 7461
4774 1769
66 3384
4501 5907
3848 6410
5122 3214
6011 3487
5371 9704
6475 7031
3805 3826
6061 3103
2182 6269
8703 6938
5462 3734
3331 8656
9863 1821
6328 2242
9697 8801
4414 4799
3286 5276
7303 6959
9420 3058
4838 1346
8976 6208
5826 7824
9369 2994
9087 3790
9874 8064
749 2553
1893 6042
9369 5157
6919 1573
3648 3841
6900 9415
8611 4685
6889 2590
1970 9815
8425 6648
6688 1581
7705 3384
1857 7071
2739 3860
280 8056
7146 272
7527 8545
1553 8376
455 1345
9189 8793
7205 8189
5054 8084
2143 1795
4099 613
4436 6536
6931 5137
6165 3443
9133 5348
2301 1787
3855 4200
5806 8902
4944 9405
8512 696
6345 1119
4683 4315
9130 5617
258 9889
9937 8288
803 8792
7110 651
278 9498
1934 3318
2462 2718
2626 9710
2286 187
1815 9473
1142 7805
6437 5861
9900 5096
7672 1723
1043 6969
5626 8856
6317 5572
6796 9852
8721 2070
1584 9771
8052 86
7115 4176
6322 3301
3010 4672
7787 8485
4785 6989
9218 9815
1955 8801
1501 2656
3056 9138
4417 4860
513 8377
8367 9587
3007 5269
335 1329
4769 5516
8829 8241
9684 7316
9925 8939
1823 6814
1264 9965
1002 1559
7286 9021
9594 2899
4532 9346
683 2858
6726 5140
1140 7412
106 3782
1601 6742
1457 3509
7311 4134
9123 1058
4014 661
4104 8718
3539 1180
6204 5106
5577 6004
8405 9542
5557 6252
7914 8054
6744 3850
7497 7909
9997 5415
5732 4960
6898 3050
9641 7187
5739 6554
6870 1764
8795 9191
1824 5234
5075 4196
4490 2049
9204 5825
4925 1729
8740 135
4148 1824
4794 7592
4369 9676
8793 9069
2774 1917
2320 7766
1616 7257
987 5584
3980 4299
8113 4322
8687 1222
8921 9970
4986 863
612 97
6685 4553
7860 803
5490 1612
7712 4699
9093 7600
9250 831
6605 7733
996 1111
5474 6688
4066 9951
3262 6809
505 5834
6035 8651
13 8543
8748 8952
6118 7112
6727 2023
9782 4952
9036 3583
2347 7849
2012 2860
3069 984
1371 6673
8682 2337
1374 3434
1837 5401
9165 9272
1972 86
4129 4413
4842 2681
2162 9596
5366 4532
3197 2512
2146 7432
6162 5950
9758 672
5278 7574
1162 4597
5224 6249
4156 903
9953 2175
4927 9265
9080 7202
3550 1065
3366 7598
4012 1302
5364 7194
5343 2391
7305 2830
7137 1229
7158 9942
5600 9782
6021 2527
1717 5467
1911 16
2915 7491
2614 6565
6071 2247
5751 2337
6696 9920
9489 5571
3709 8022
519 7234
9007 6944
2866 5283
4622 8479
5385 4397
5119 2560
5072 6241
3419 9149
4704 315
5931 4392
354 7725
7840 3600
7811 2082
5163 6874
5717 4702
4385 3382
9068 1638
8065 1379
8105 7546
5378 1943
9645 3092
7894 4226
3823 3854
2856 7153
2141 6601
7285 2569
846 8342
5376 5606
9194 9807
8377 7917
1505 9588
5669 7729
2153 2486
3787 2522
3570 8167
6684 1057
188 4442
669 3098
7890 8229
1625 4851
782 3574
8439 295
5237 5517
6429 6024
272 8772
5553 5413
7146 5388
3489 1141
2790 5609
2888 258
2837 6415
4087 4720
3630 594
1656 894
1264 1231
5007 6004
4416 3974
4669 3107
7465 4151
4850 3111
6888 2041
3357 2136
188 6299
8017 1077
7723 1923
6222 4872
5056 3307
3055 8144
4121 4876
8284 6136
3052 6300
6822 1962
2094 6568
458 3196
9532 8151
5376 8127
7617 335
1796 6957
2613 7639
439 9185
5236 5877
1761 5293
4421 6306
2491 5354
6960 7415
9967 4017
7986 4572
6964 8212
157 7031
5824 946
7364 530
5931 4646
3025 3439
4661 2740
6944 7163
546 8395
3153 60
2557 2068
3155 8844
8734 2035
6624 7741
3640 5576
7531 2362
2325 2910
5468 770
8987 129
3861 7558
9137 606
4460 3608
4862 2184
7101 3408
6173 5659
1221 523
5430 9073
3995 6839
8616 7661
1611 6867
1218 4210
4843 2940
5601 2409
1201 5517
5966 6150
8246 6039
4857 4697
9291 7442
113 1939
6035 7588
9343 8863
7094 4756
593 6652
9214 4954
7453 6803
7895 3471
6012 8871
2604 5971
949 6998
3755 8554
4412 7225
1963 9890
6452 2857
4734 4866
5724 6427
6820 7950
3683 4065
5471 6431
5649 6403
5728 2580
1047 4990
344 5753
216 141
1589 2718
8420 3813
6985 4991
6788 906
4918 5965
5286 9453
2762 2042
6805 525
6658 1139
3316 9363
9587 2592
5443 4205
249 9574
273 8010
4136 3910
5396 9800
9746 5001
9133 4797
3083 7604
3245 3890
4977 2983
343 7612
7319 4495
3125 4850
1762 4391
2949 2455
5727 2738
6778 2837
4319 8066
523 8099
7644 1544
5771 4590
348 872
4994 4534
6905 7070
6535 4211
3736 8076
3814 886
7072 9664
3548 4157
8012 4869
8924 4632
5643 7761
4496 8128
2033 8386
6601 2395
7836 6010
9468 4098
7907 226
4138 4995
6323 2735
8040 8488
8540 7723
3266 2300
7870 1011
3801 2724
4112 2240
8409 486
4155 9961
9054 29
2320 4761
6917 8200
3706 2054
3128 2225
143 580
9523 3611
2542 1593
9630 4533
7785 8289
4993 77
1288 4496
7387 9641
1269 2052
8530 6036
6891 7995
3116 6250
1416 1256
5779 4667
5976 357
9313 2393
181 8399
1252 4246
5413 9974
8318 215
8455 2922
3802 8276
6260 4655
4075 6576
8975 8831
2819 9718
7499 8223
6777 9998
7860 9994
328 1158
2839 7347
7573 9986
1998 7771
5495 2662
1155 4464
6491 8259
5170 6015
7144 2399
7650 7578
5379 5206
2593 4471
4835 5468
9211 8640
9488 9208
7891 3894
5726 4861
8532 2575
9940 8021
8410 6924
1552 3563
4507 3968
5572 4067
761 9454
4211 2190
2033 8983
7057 8062
9558 8065
7824 9054
9759 5779
3732 7008
1721 7626
8630 6913
2675 8160
1221 4502
9985 870
1684 7942
5957 3125
3388 6056
1306 2784
1496 1889
3693 8436
9175 8789
4274 5174
4531 8733
9553 9726
8992 860
6256 4058
2141 5200
9862 3454
8810 4975
2757 8172
4491 7803
3534 6698
9254 4379
8265 5178
4597 2755
9853 2874
3297 4272
4875 2179
3655 5945
3666 3403
1580 5062
5852 3591
3325 4707
8067 2948
2436 9729
7279 7873
6767 689
8385 4888
1934 6099
3709 5052
4192 6511
386 6184
9510 4846
2409 1577
2610 4863
8266 6590
701 7788
9410 6111
5204 5314
4078 4107
2183 1580
2643 3662
4930 893
5820 3076
4479 991
9573 2436
1374 3320
1577 5553
641 2123
7125 2939
1365 9088
7157 355
2495 8006
549 1801
5633 1485
2574 4919
3020 8075
1787 6605
8433 4522
9081 7594
8539 7162
2972 9788
6348 1392
7179 3133
5303 9728
4911 3140
6571 39
8134 5159
1601 6413
1137 3612
1525 104
182 2125
5240 840
3598 7940
50 1827
9656 7916
6014 5810
8308 698
3482 4666
1428 7281
2951 557
9855 2669
9889 5578
4754 7711
9333 8149
2027 57
4997 2435
8716 3851
358 4924
6866 5327
9347 4055
5977 3095
7274 732
5312 3154
7172 8187
4527 7414
7676 5696
6649 6544
1977 9542
5772 5047
3458 6111
6775 2291
2019 2446
6939 2330
5184 2740
5825 4349
3166 2739
7936 9651
2924 7219
6771 2685
5697 4221
2907 9009
3118 5729
9701 6563
4396 525
8175 5541
268 4485
6494 9541
785 2541
9892 9525
256 9095
9681 5542
1278 4156
3380 9047
6245 8025
2861 1881
4421 7740
8282 3960
786 3197
116 7311
3307 2893
4399 7704
7267 6439
2468 1206
3178 8798
2064 26
4309 1889
9665 5508
601 6543
9945 7603
9399 9396
2205 1400
7815 884
5489 5220
6347 5901
9882 6297
9895 6127
2310 4990
3684 7422
3371 3672
4489 2835
2259 7580
6672 3185
8016 7765
8366 6074
7831 6900
9565 9333
529 1887
3135 2582
5711 5451
7237 1249
3380 8663
5092 5827
9109 9600
3268 2415
5316 2747
2634 9633
3909 7030
6615 9636
8471 4364
6398 7077
4121 3214
2323 7055
5424 7155
512 8931
7758 6479
3909 2004
1287 6619
2902 4432
5868 3835
2033 5492
3592 2778
4788 5023
4725 2039
5887 6364
621 1503
5887 7206
8229 4512
6075 8637
74 4029
272 7707
8902 6372
687 7520
9808 9939
1790 5732
4033 4132
4633 7715
5936 3372
8000 9502
4121 3086
844 5725
8447 1567
6480 7416
8411 4490
5553 9230
858 5983
4116 6327
3584 7418
3730 6596
2932 6346
653 16
4660 168
4961 2996
3237 9115
9762 6399
4083 1044
7352 9266
7783 3395
6104 8384
199 6867
3597 6211
103 2061
9667 8426
5116 2282
3644 5784
4945 1153
6812 5821
6210 6145
8320 8930
4055 6396
8325 7836
4266 6356
3626 9614
54 5155
8871 7578
9512 7640
8119 5642
4490 8620
6038 6353
7743 9530
2198 600
2334 2905
8897 3041
7877 4767
7146 5714
7014 8336
6613 6649
1996 4505
5587 2141
5037 9102
5490 3794
5284 1931
3278 6861
7067 1141
2813 8619
7330 7259
2468 1851
186 8157
3492 5840
2242 93
5218 411
9671 7003
1976 8948
9045 3061
7313 9211
8944 6903
5317 4172
7809 3782
8065 9792
2383 250
2559 6866
4090 8106
1161 8500
1049 2867
376 4934
4044 2012
5262 8747
1013 5272
9644 6618
4120 9323
809 6781
3453 2725
7148 5941
7606 6819
1078 8352
5695 2931
1806 9620
6799 2294
613 3764
7501 2221
6525 4422
5448 5031
1080 1136
4774 8295
6079 6621
9717 8729
5521 4537
9959 2303
6157 4180
9986 110
829 2851
5172 6567
1194 8776
5412 5308
9525 5175
2234 8859
2062 7506
9565 5998
9412 3506
7008 8820
9272 3355
4653 6942
285 2975
187 4176
6263 2388
1921 7243
1566 3242
7827 2559
7924 6648
6273 652
9641 4922
190 4933
2621 1528
2701 8573
8463 7743
2273 3024
6147 5355
5937 7629
6528 7073
4159 8065
2324 9846
6342 3350
528 397
8115 5840
4982 3782
2304 9021
6599 2216
7782 5108
3916 46
7999 7439
9292 5333
1065 179
8101 9325
6447 8933
5188 787
8603 1858
5616 6174
3779 3950
5874 8624
4209 1719
178 385
5204 4707
5625 3725
4550 268
5622 3006
8485 7617
8551 9286
9875 59
8684 4455
7028 8479
1408 1907
9160 2166
5845 1776
3550 8841
1551 8376
9454 8347
5592 823
5834 6033
500 2226
8364 5564
8822 1220
7710 7069
9788 3626
4684 6624
425 914
497 982
2575 4398
7379 9683
9256 4510
5908 8815
490 3639
9209 548
7246 9586
1785 9604
5330 7737
7828 4136
3413 6048
4484 3869
3549 9981
5278 7814
2571 1674
206 8310
5850 3252
238 7669
9710 6677
2294 2790
4467 285
5196 8971
8396 1887
3118 2736
14 7352
154 6066
4140 1329
6980 5496
6579 2817
7236 2676
8312 3129
5604 6005
2084 3157
6407 894
4015 7844
2439 8445
1981 360
1185 7409
9915 4093
9688 7140
583 5497
9118 6222
3437 3161
9957 5739
3384 6858
2763 502
3272 7178
897 4591
5490 2875
3432 9197
6784 7921
8604 8724
4131 9908
4822 2853
10000 449
7863 9875
7562 6168
235 5919
6701 9707
7290 2803
3074 6134
7099 9219
2078 229
999 224
4677 2168
7910 5039
6530 954
9553 9797
6950 48
5310 5273
4491 6431
9961 7874
8063 4953
824 4371
4425 3792
8924 3317
3810 3678
2030 6778
2008 3728
1370 4131
7410 254
4563 237
7387 6469
7329 4794
180 843
9115 6984
901 4193
6806 802
614 2877
5487 4793
58 6055
3150 4779
3433 6491
2191 9695
7136 4240
5665 6770
444 3483
4131 555
3473 3682
723 8068
2641 3892
4986 9285
7250 5453
9509 3444
9531 7367
2490 164
4735 7017
5244 7280
783 3737
5747 3477
2395 9738
5041 2343
5193 4013
5557 3351
1000 4143
4261 9604
9068 9306
8832 4179
8978 9862
8343 2136
2576 9469
7707 5081
8373 4728
1527 1216
5790 9108
1662 7413
5249 9286
2148 9541
6065 8118
8330 4178
9313 7699
8631 2683
1376 3662
1600 4855
4141 2682
8991 1977
188 1477
1265 6344
8925 2140
9206 2991
1545 3752
7030 3457
3065 7014
3940 3844
9042 1748
5553 641
5182 1406
6746 9676
2893 4415
9406 9608
595 3505
629 399
7019 2328
6320 1600
9875 5336
6433 7271
3365 3823
3543 5154
7388 9619
341 3401
2455 5820
1201 1904
2851 857
3399 1903
4875 3457
6731 6009
6001 7940
5732 2856
924 9412
4110 1355
8848 572
6267 2594
7381 3274
5388 7450
478 828
1502 9803
7882 5213
6018 4832
4239 6981
2121 3489
4093 3429
8763 2206
3966 2973
5506 7287
3668 2255
3854 5055
7594 2598
2335 174
7377 2646
7686 1805
6539 891
5169 2435
6203 4670
6919 9048
2037 8383
9171 6804
8478 9458
2175 7651
2656 1137
1799 7943
6811 8121
5854 3274
6684 7307
875 3895
350 1167
9664 2038
9372 4137
3846 2891
3152 1308
977 9773
6510 6834
9255 5661
8050 3498
3145 1511
4810 3399
7137 9795
1094 2848
5944 282
1209 7855
7945 4517
8598 1084
5420 1176
4282 4609
5731 7851
2572 5097
6972 907
1577 928
3589 8283
8924 5386
3652 1296
4716 1512
4898 3065
2052 6702
6100 9195
4316 2780
2620 7697
9549 5098
8010 6956
4822 9366
1394 1894
4577 2865
9000 7883
4269 6464
4341 6852
196 3026
1211 5383
6812 517
8451 7157
6493 6522
9745 9199
6511 1399
5488 1560
7513 1767
2432 6919
5666 4609
5185 3798
5500 6030
4397 8430
7310 2188
2019 5313
8709 7694
3809 3906
7449 4775
2925 4109
9605 9619
5553 683
4170 7026
5985 886
1786 3176
1061 5584
5850 7092
6933 2004
4929 9225
4593 3304
550 7864
4291 8172
7308 1746
4085 6944
8957 9955
3298 3870
3885 9616
5726 8505
6520 1406
4265 8237
8866 1547
662 3641
1126 6392
5888 4346
4371 8027
8509 5781
7879 7334
2208 6749
275 5643
4631 9890
8849 1466
9412 1556
4133 5213
3955 3755
8956 3896
4789 7032
8619 1251
5785 3740
4313 8518
6273 3649
5364 274
7219 8634
4648 4703
6901 8414
5491 5698
6534 1860
4111 9519
1386 8435
5135 3433
7389 7255
412 5554
2479 8250
9184 1436
9522 9343
2871 7187
7451 4390
4780 4731
708 6571
6159 6926
5197 4818
8330 225
3259 758
3200 6814
7449 5302
4906 3108
2096 325
4880 472
6301 395
91 3209
1946 9392
2588 4230
7919 8161
59 4842
1882 8742
7640 77
3637 1540
3524 428
9337 6100
566 9256
649 1459
2473 1946
3945 6498
8343 5863
6830 4583
5512 761
7048 4460
845 4809
1601 6196
4875 2928
681 7623
6968 7318
3196 2678
1059 4697
1021 9071
1961 8343
9772 2914
625 6480
7669 2452
6991 2488
744 8957
6134 7527
7894 4891
4818 3471
9597 6341
5726 9447
3252 5856
1727 7238
8584 4616
4523 5708
9780 9081
5273 6157
9762 2052
2381 1011
1822 5622
846 2943
2930 108
5280 4948
4357 4155
7008 355
4445 1987
7213 8816
9288 7352
9044 8209
7513 901
6906 3469
1509 6809
1687 9165
8036 2733
6256 8321
4473 2393
5510 8958
8667 3453
6757 2578
882 14
6824 3695
8949 1592
9105 9363
4571 9806
4917 4025
8673 1403
3957 6081
6411 7246
12 4248
7744 1891
4847 113
1179 3432
9283 7432
4696 4990
4625 2906
9292 7126
1757 8422
4781 3716
4044 4664
1744 1943
5087 1324
9001 2201
2004 1742
4467 1471
4781 3515
5973 3075
8841 9402
6916 8342
5914 8721
4865 9789
1725 4230
5484 831
6272 7379
6776 8592
6065 4770
945 5631
3107 1941
5209 7959
5023 241
8966 3072
4253 4912
3910 8247
1589 8879
8440 6064
9636 2452
9061 3596
7787 3888
3386 6390
9166 8739
7198 855
8372 5427
3308 8839
6766 2834
7232 8113
294 3237
3860 1358
6486 1449
2433 9382
1093 3301
8254 9349
36 7398
9826 3551
6153 4366
9060 7215
4830 5066
4126 7298
5771 1115
5577 588
5937 2341
7180 9305
5047 6626
3971 8702
4875 9317
3140 6413
8232 6271
4131 150
9387 6593
255 5242
7479 7909
4363 4957
6609 1235
7254 8307
6014 765
2506 5411
2050 7225
4393 8969
3697 1890
6731 4803
9786 905
2250 723
7791 8222
9462 8564
167 2669
9481 4582
1393 7513
3932 4508
8531 7228
2383 9966
7527 2233
9152 8328
8363 2010
7634 5485
4962 9411
4931 4565
6676 405
8350 4856
8385 6112
540 7138
8799 4480
928 6848
8991 7715
6889 6728
2201 5657
6518 2890
6476 309
5776 9563
859 3417
2958 5746
471 9912
4038 14
8521 3492
9522 5890
1734 6504
6211 7039
811 7794
3299 5591
9599 3480
7762 1074
2471 2908
7171 5771
4209 6494
2955 6012
2503 1342
9538 6645
1832 1660
8620 2613
7626 6238
2432 2595
49 3030
8627 5096
6173 9668
6300 2833
5609 8124
7226 3620
4410 6103
4443 6696
2704 6736
4473 487
8592 9438
9701 2813
6387 6368
7734 5
6513 7806
3946 6626
2687 192
5388 8561
5709 4763
6024 4868
5214 3885
3879 6730
6077 4309
6146 3526
4840 5714
8660 6529
3210 1371
5247 4332
3830 3275
6176 9522
7141 1657
48 5508
8749 2675
3737 3583
8608 5092
6508 7533
9745 8254
9880 8079
5602 1462
1685 675
3037 9210
1364 563
4053 6952
2654 7293
5868 459
5240 7619
1429 5175
1954 1594
4011 4754
3240 2264
1921 2756
8997 4009
7537 9860
1972 9078
4263 4036
5271 5486
4099 5336
2025 8326
831 6518
5638 8186
4334 559
8486 4154
4035 9136
9584 6791
7187 3970
763 2479
1751 6915
3554 588
7473 2392
3723 5323
5972 3819
4787 4682
4597 219
4090 2308
9869 5077
8418 8205
2960 8406
7286 8741
803 1277
7747 3215
8296 7125
1428 9138
817 6432
3065 2618
5774 366
2439 8039
2402 7768
4161 5640
1960 5720
3461 1859
5342 3894
728 5116
6462 7513
2052 4012
6797 3823
335 539
3729 1188
2730 4165
8846 2118
8453 7644
3010 188
5511 7066
8320 9945
731 2039
5612 3046
9158 2191
7040 4061
5290 2078
8079 8993
2173 2863
4674 277
6265 9907
768 7857
4853 9772
2742 8357
364 4614
2426 8808
5892 3848
526 7647
640 3678
3457 4812
9693 3882
4129 7907
8893 667
5851 1782
4249 3345
2323 7046
7969 5382
74 3964
9859 2587
9871 7853
2182 3157
5290 5578
1463 435
4535 975
7193 3025
3248 3842
6313 2440
1271 8609
6339 8940
2370 5034
7083 4949
1321 4980
7961 5994
7207 4339
4046 1951
5994 9537
19 9312
3706 2109
5320 6358
5466 7900
8531 969
1829 784
5582 1389
1374 4140
8774 4200
7892 8265
5358 4470
3349 6022
424 7444
975 1724
4519 6926
276 5263
7587 5180
5920 6629
5870 1397
1871 8471
9697 9755
2532 5910
6099 1435
9211 7249
1683 5832
6781 9272
7355 8767
7006 2455
2244 2631
3864 6220
1353 9273
8567 675
6525 4914
2276 327
6814 3140
4745 4131
1128 6003
576 3277
5429 2453
1487 3489
337 2407
9413 8371
8668 6379
3107 8792
5150 2629
5201 2163
2256 7774
6056 8832
7750 2075
8915 5721
4423 8771
237 6021
7466 7909
6856 5927
9402 5084
2646 1607
2500 3906
2045 6035
8420 3833
3466 2463
5596 9459
7716 63
5891 771
8518 7718
7957 8694
7393 3496
4137 6901
8306 4192
4730 2753
7050 3006
9445 8982
5387 8719
76 9203
983 5838
9452 7751
7415 4045
9294 7354
2543 6088
8646 360
3661 5521
7367 6620
9041 9860
6636 2518
5554 9162
5911 3484
4475 8019
1002 4001
8177 8613
4183 4881
1274 798
687 634
8953 550
4054 27
8611 9524
1850 8423
7743 8462
388 9666
3437 4087
42 9310
6864 3727
9729 3160
5485 945
1867 1521
4726 1094
1825 2503
2603 4998
7236 6253
9052 3516
9266 7876
3199 2892
8853 4427
18 6184
7651 3106
9573 7218
3302 3684
5559 8223
7282 6663
5472 5198
5028 1199
1034 8382
575 5037
6828 1586
6447 6697
4097 4346
2997 639
3688 5631
8144 6762
7370 6381
2212 9487
5018 7054
8218 3676
3920 2932
97 1884
1020 3819
7699 6000
6950 2552
7768 1207
3206 8205
4 5127
2096 6135
674 4873
957 5204
1695 2895
4714 2333
5407 550
2416 691
3541 9495
7868 7978
6415 2227
6613 6608
7815 9172
5527 9394
3959 1394
9016 9574
8023 3749
9323 2034
4855 5490
1590 1683
1253 517
9508 7547
9136 5012
2765 1110
4579 944
3439 2056
1123 7233
1847 5743
2169 2121
6646 863
4583 6992
9405 6824
3993 4918
8798 611
2804 4112
9413 5846
3241 1127
2304 9841
7726 5921
4696 9575
3756 9963
795 1291
5535 4995
7436 6651
3237 5322
2246 6313
7164 2717
6990 6748
9211 6237
7220 8293
7286 4321
3448 5102
5353 1885
8242 921
2155 2746
8616 9879
5383 9296
7495 1838
2336 4982
8809 2536
5812 3546
3480 4879
7584 9202
7554 2182
4059 7054
8177 7381
438 7695
6291 2683
8065 5240
3261 8104
9250 5850
8573 2036
6571 7540
2695 7132
3967 7873
1427 9896
5518 7297
7387 2256
2073 8585
3907 5576
1600 9745
2600 1609
89 2812
5344 986
8350 4972
3813 6041
2292 2655
8988 6111
2179 4284
9370 7211
995 2598
7283 861
6995 9109
5707 700
2488 5239
513 5387
4511 8811
1914 764
8136 856
9403 4758
7826 4192
5971 918
7797 9922
7262 545
1931 1637
4982 2140
1092 7658
544 6944
1734 9730
5493 9105
2068 3433
1303 7793
5250 1480
4454 4362
9725 466
2151 4486
3820 4787
1893 8130
2453 2227
1647 6909
524 5372
5752 8097
8882 9074
7588 3848
1143 7792
3352 5779
7986 9114
2195 5261
4040 5658
7396 1493
5234 2198
1580 8050
5257 7112
9215 4690
5333 8754
2437 7883
243 9444
5319 6302
6300 6164
641 7304
4529 148
17 2233
6889 5310
8505 3850
8561 6130
5 3359
9139 6165
4944 731
4919 2697
9043 4166
6986 1139
5186 6351
8496 8432
9250 5523
5386 287
8290 7767
4146 8867
5272 2415
6802 3319
9868 3731
3214 460
1451 4775
4972 5066
3552 1144
7348 8642
1252 1650
9352 2387
6921 6731
6853 4547
4045 9585
5782 9665
1171 7264
5461 5254
4841 5471
8119 2227
4754 6021
2801 6320
6092 133
9544 7835
2166 4344
3284 1741
6368 9585
2572 4250
7168 43
3844 9281
2175 6527
8217 5629
2440 5892
5212 374
6089 9679
419 518
5220 7311
9613 8003
8426 3659
7084 7582
8041 8864
1558 4495
6047 193
7804 7214
5295 9676
313 1621
6609 2181
5968 719
6594 9325
6424 8093
7609 7589
3748 6413
5401 564
91 273
3368 6419
4179 4422
8008 5407
715 353
8280 725
3763 9177
450 9016
2469 5840
4787 9143
4211 6523
9704 3425
8396 8518
8085 4982
9556 6427
99 6790
3224 9383
9905 9518
9722 4172
5887 1634
9523 2540
8933 3178
4761 2169
8336 5819
9898 1986
3292 6763
8518 710
5662 9124
1443 2002
7391 8451
1394 4615
4185 6267
7298 2491
7671 2833
8754 7116
258 3550
3974 8657
170 814
2673 6749
2478 2705
9180 3438
8457 6276
8523 5354
8745 9579
9735 555
6779 8750
3768 5590
5408 7461
3899 5277
2779 1227
3809 3357
2806 6915
6303 5605
8861 1621
6592 3073
7808 2514
6993 9671
4107 8322
6628 7877
1690 49
2983 4586
6539 8825
1241 8827
5546 8232
3755 4421
5406 5217
8532 3481
6484 8942
3406 9407
3092 5256
6646 2009
3411 8836
5302 6362
6162 899
3154 2856
8276 5559
2674 6527
725 4367
5074 8261
8338 4410
9668 5550
841 1781
3906 1267
8520 3758
4123 2366
146 2773
6445 3888
7113 6542
3777 6630
2584 5608
1464 8614
3801 1643
3275 8850
1579 9194
1609 8711
8534 317
950 510
8799 7917
1919 6581
9204 6648
8349 4896
7432 3034
8345 7246
4882 9794
756 5413
5823 859
871 7079
1950 4543
8721 7972
4340 9842
1167 8080
6310 4143
7808 2127
5512 6639
4328 6493
3366 6202
4940 2865
6533 7342
6444 6436
7453 9305
9146 4355
6511 872
9574 2895
9489 6880
4418 5358
4474 4004
7511 648
1301 1331
9211 5055
5752 8013
2681 7189
5050 6199
8846 5780
1694 6398
781 4379
8624 1689
5051 8894
9588 7497
2236 5110
2782 372
6453 3265
7750 7066
8376 8544
9332 3254
6059 5340
1422 4578
7628 643
9392 1879
8204 4384
3384 6622
6910 2592
7568 8483
5027 9767
8610 7812
4907 6792
8316 9014
9010 4243
4421 5688
9240 2105
4809 1431
8513 6560
8086 6447
6938 3466
2503 7969
6089 612
7440 5927
8835 3035
4938 5211
6910 3053
4414 7819
247 9514
9294 5200
3694 4869
9686 7331
3298 9732
5593 9578
5169 9991
8466 9174
4982 8598
772 4162
2276 7553
5063 534
2705 330
5403 3673
2859 8859
5472 1908
2155 6419
4741 1134
8891 9298
7173 2410
3894 5249
6762 3415
6698 8097
7328 6952
6668 1269
5082 2493
7682 5017
4434 7489
3375 7862
614 4858
6442 1693
2202 2845
1814 9833
4560 3845
5125 1941
6747 7907
8691 4019
4058 4934
3915 2618
141 3686
9769 3053
7609 3056
4460 1113
4280 7494
8226 6825
8281 1906
7911 2675
2648 6361
4010 1143
5228 6087
7151 7240
2186 100
5159 5769
2053 4105
1932 5442
3212 9221
1233 9092
2388 5748
3213 2425
6643 9059
5468 8611
4383 2113
7716 3711
6045 6435
5622 5056
6453 9586
7575 8311
7425 9585
575 6086
166 7956
7451 9014
3503 566
3914 3406
2135 8140
5174 5218
521 1488
9450 1471
4245 8757
3437 3378
8840 3403
4030 4709
9116 6037
1874 4006
357 6169
4755 3422
2593 6416
4435 3040
4293 82
3700 3671
5719 7118
1465 7612
5332 5305
1567 267
3837 6787
7392 8429
2577 6629
5269 7505
4171 3410
8695 4497
528 3976
8096 6453
3575 44
2859 8696
2065 3430
8357 7841
3638 7830
3776 9516
1845 7599
5462 9542
2047 3964
3376 7371
5078 1685
567 5047
2034 3274
1027 3024
3680 7281
1726 449
7571 5913
417 3603
9244 1090
867 6340
3573 7770
5279 7460
8267 3930
8368 7263
4118 1267
2423 7804
8413 8222
8643 5746
2871 5949
5808 8164
8231 4549
8361 3111
1120 7641
2258 5563
2715 4994
1775 5423
9852 7383
2936 7516
8178 3824
20 9298
5281 3163
1885 5772
5097 3168
5181 2890
7626 4954
9195 9094
7710 5745
5893 8627
4935 2046
9799 8509
9140 9069
64 5176
1403 3437
6317 5798
7632 1304
9796 5202
9599 9681
3178 9182
6141 197
8071 3204
4021 3487
7975 26
1766 1631
2430 6487
62 6847
5708 8321
4303 5814
6426 1804
837 32
5899 9299
3490 3858
8592 8406
6426 1098
125 5522
5744 5098
4532 5643
3588 1371
226 3748
2338 6790
5017 5498
8588 5305
2651 3263
4437 961
9683 2071
1629 563
3073 2652
1399 3301
9142 4034
7672 9020
9391 4632
9406 2689
8762 1186
620 5882
5906 4211
9411 9410
8351 4629
5396 5819
5155 7235
2675 5315
9935 3318
8270 3038
4098 752
4103 1068
4287 3208
5775 2715
1531 8651
1300 9292
7829 4069
1135 738
9979 9858
2448 1737
1275 693
513 5225
5897 8930
7193 291
9927 1931
759 6700
5276 8424
8542 2247
5034 1787
8610 635
9043 5912
8079 6593
8043 8208
5807 6295
763 4851
8671 6246
3103 3161
6537 5799
2940 7840
4201 2173
7839 4724
8297 1285
9305 2003
485 4154
8301 1906
1271 2086
1357 4831
3660 6103
5924 214
9247 6661
3141 629
3515 8567
4923 2892
8026 1104
7715 5725
3831 1975
1680 9318
7773 8461
2573 9933
1564 1471
6594 1198
9319 9828
6410 3628
9151 7985
1114 1050
5816 2267
5977 169
2528 4667
4031 1070
9980 7383
7868 7720
1174 3072
3658 3951
6074 2965
6228 985
8029 5941
3488 9127
7219 7313
5022 8551
9119 5492
7390 8016
7867 8455
1990 6018
8482 9609
7910 9664
8326 7277
4674 6868
1518 7683
8129 8486
3715 5715
2833 3940
3137 7419
1666 6626
6429 9668
8563 136
5982 3783
8635 7961
207 1931
8160 858
2656 8739
3804 815
8202 5712
6734 3947
2791 4888
1106 5629
5512 7108
179 7021
220 3429
1939 6251
2041 2356
973 1798
4230 8664
1514 1888
5733 5226
7132 1122
8757 4213
1186 6352
8369 1897
707 1601
9791 8223
1916 5831
6333 5468
6471 9
1814 1071
2555 551
1709 8933
921 8962
2533 5081
9213 345
5084 2837
410 8941
7083 2256
4913 1048
325 4129
1823 1143
2767 1747
4875 6419
9748 3892
4040 3807
845 83
9826 5835
9561 946
3747 104
9650 1890
5257 85
5735 6119
728 3472
4190 9645
3836 8810
7459 8427
223 1713
6117 5469
7159 2400
9414 4901
7374 7719
9754 9307
1153 4783
5244 3757
9584 4194
7413 2878
4167 9679
6371 545
1473 3253
2179 3739
6257 429
5479 4881
1587 7211
5381 5675
5920 68
6543 2226
4292 2539
368 5682
1874 715
7465 3822
6028 4435
8950 5856
5059 895
2910 7249
4038 7829
1898 3442
4762 7408
1818 5391
5985 3998
67 5388
1537 7033
2728 3973
7968 2903
36 2883
870 2798
7054 6932
3049 2359
4933 5867
6083 1817
3070 2210
9061 8919
2998 1182
3422 6174
9929 45
3887 1074
3803 2787
5410 7894
1574 6916
9707 2783
698 7963
8375 7464
1123 4732
1162 6773
7154 219
5902 2538
4575 2487
2320 9932
8433 9105
5166 6116
4418 6391
7297 3326
1019 676
5104 1592
4898 6476
2225 2080
2470 1234
2052 5585
1624 6652
3707 4196
1577 8036
8793 6826
6681 8338
7059 6861
7203 3854
7106 8714
8047 4839
1633 9504
9836 3098
6123 2075
6616 134
4925 6129
9258 7836
8284 2680
7901 9421
4889 2200
4718 8165
8659 4779
5627 3891
8572 2756
7903 1794
7496 9185
1622 9487
6723 7295
8491 4411
7392 2386
7154 8148
2685 685
6261 5656
7964 3683
6347 697
6790 6853
7157 4364
3612 3365
1988 7020
3867 9753
4018 9673
7614 8718
8404 4759
6637 5537
5588 7762
3775 939
7089 5542
5778 6362
2850 7685
9814 6911
3621 4070
4412 4598
4623 7711
4243 2392
1015 9214
3435 7759
3454 9856
3613 5237
6660 5614
853 7917
9296 2381
8046 6456
8765 7952
8151 7934
824 1247
1484 5758
9265 7783
3373 1478
2402 1775
9438 8347
3302 8549
7582 7932
9314 8356
8926 2411
8197 9488
3707 5080
54 3760
3043 6254
9839 7486
5213 4312
3354 171
162 3296
6552 1127
600 8781
1701 7949
6972 5442
2124 4484
6244 4120
6407 970
26 7942
5520 8315
3978 6283
2314 5223
5186 7846
1269 5321
1493 4562
1514 7715
4784 3031
5017 406
5792 2874
2270 2548
2739 5348
7151 6209
7666 6003
9259 1587
835 5349
2668 4681
3858 6706
8880 8035
9856 7496
4625 1959
6176 1699
6544 7919
2157 2302
8039 5717
227 4862
6441 2797
4012 1952
1830 3749
707 3328
2539 6982
6833 482
4317 8286
2618 1646
2967 8279
2580 2774
721 840
9718 1492
4803 5052
2908 1120
7236 2974
9513 8517
1212 8990
4404 1179
8830 1982
6916 1021
3543 6939
1271 6754
7095 8554
4424 3417
4379 7832
4772 7605
705 6991
8776 74
2243 9168
8218 1805
7912 6108
976 1965
9980 9331
400 9520
3639 2890
567 312
5632 6513
4081 2041
5368 251
5192 3836
1665 8666
4192 9347
9230 9269
1174 3792
7437 1925
6876 7175
1300 4672
1121 5914
1454 677
8045 3676
8546 9961
9480 1441
8718 9684
4386 6708
561 5341
1060 4141
9464 5159
7119 3538
5356 8551
7969 391
7103 9688
481 6616
4351 3345
8710 861
7484 9301
493 1947
9726 2103
2198 782
7355 8107
4140 6031
4020 5016
4619 4616
3179 1103
1337 1173
8154 7757
7875 2417
227 989
9938 6188
5967 6646
5248 5473
60 3856
453 1327
9640 9149
8134 1918
3102 5312
9250 6117
4632 8287
4110 6920
4528 9432
2980 2476
5333 780
8414 8328
393 9883
249 4894
2502 2846
1875 2143
7437 5707
4112 8867
2546 7486
3477 1365
1055 7367
4515 6035
7291 280
1600 3536
6417 8356
8247 6044
1309 8543
7057 8954
3951 3760
5171 1369
8978 7505
6610 3023
4895 8202
4498 7421
6275 2783
887 2127
2597 6315
697 8291
8217 3683
322 679
9715 1403
1824 6443
4927 2410
1035 9594
897 4471
8665 5433
5157 1451
7000 5008
7036 3519
9115 776
6133 7065
2956 9000
3388 7525
7803 6148
1829 6097
1475 5842
8661 8404
8805 7613
2965 2651
2762 4627
658 7828
325 6266
23 3087
5616 2449
8213 9793
4044 4065
2409 1875
6990 6738
6714 2437
9185 4958
8645 10
7313 5747
9765 839
3089 6646
6851 7583
9796 8770
4872 4816
2743 4480
9455 3558
9209 528
1721 1271
8116 1453
1453 9590
7660 400
4944 5180
7955 9698
5218 3659
5834 5845
4389 1358
3864 5936
1679 6897
493 2364
9579 1438
6016 4254
7989 5414
790 5441
1310 1095
7050 9097
1368 255
3720 2560
2114 3237
3421 705
1612 4267
7671 1414
3156 4688
9976 2951
2885 1922
5097 362
7230 9941
52 3372
7595 8273
8843 5364
7845 2863
6129 9916
3412 920
601 4727
9985 6969
4445 8684
7131 9879
7948 1106
7524 7165
9247 6597
7863 6900
4262 3530
1399 4988
870 7711
5274 4318
7257 9655
9287 9796
8555 5238
5542 2484
2651 190
9759 5769
5260 5296
1165 148
3423 2800
9565 5598
4608 7670
1558 2712
1086 4062
4779 6366
9244 8977
7323 5396
166 5176
3839 7
8756 9116
6075 6073
7942 9323
3947 368
8359 8260
349 3342
4272 605
422 1914
5817 3932
3252 5760
4935 6954
6450 6120
2923 1742
5994 461
2200 4470
8362 9650
4124 3537
654 5659
5293 945
9644 7548
7333 4972
507 8098
5114 8833
7840 2189
3031 2713
1172 197
699 7725
6150 8909
7482 5851
8728 5028
1745 4847
2819 2310
2351 7642
6595 4729
7257 2618
3805 3911
2832 5595
4718 2928
4245 3017
3355 4669
6238 705
5166 6803
8740 8538
3647 2167
5137 2661
7390 6744
9522 130
9686 765
3783 8622
8297 7810
9686 3742
8763 9446
8526 1650
3619 4472
9609 9323
5210 771
2102 7424
2240 7381
2006 7707
2480 7813
8252 3032
812 9561
1413 6298
7647 4226
899 9549
8440 3754
7537 9307
7162 4237
8209 1912
6319 2213
390 1739
4950 6805
4481 4036
7406 4094
5313 9171
456 5837
8865 4113
454 5365
563 7835
5788 394
3457 469
8152 6163
1001 4216
8595 2419
7390 6164
1563 7980
1022 8175
8098 8198
1284 8105
8393 3619
2537 9564
7019 4311
4780 9929
9822 1313
5730 5217
8339 5603
2957 3152
2911 5042
654 7386
4217 6723
2611 2434
9528 5981
893 9748
8016 8655
6706 2367
9735 1162
6584 3300
5593 5524
8734 4883
8087 129
1868 2221
9636 8560
5011 9380
3386 7818
6657 505
9526 1840
2856 4227
2461 5953
8557 7732
1873 9913
6293 2943
9780 4023
931 3715
6426 460
8449 6150
4416 2161
3253 9189
3464 6917
9410 6215
7712 3188
850 4665
5623 8819
3424 7517
4639 5878
8345 3919
3359 5949
3056 6071
7205 3501
1072 5909
735 1213
1832 5978
3564 2637
6388 3744
9502 4687
4738 4022
6965 9327
3767 8002
4508 5096
3462 2062
3950 4645
3807 8296
1599 3021
3609 1328
3364 5019
2046 7135
8964 339
787 3556
4817 8153
344 2224
2363 4049
117 264
406 4944
5482 5395
5570 852
5758 892
8232 7669
9427 3509
2259 5702
6066 7644
3328 1007
3798 7575
8815 6403
2702 5117
3906 9183
8194 7347
7177 3791
2018 3742
866 3884
1311 5756
8164 7272
9662 2887
6846 3677
2633 4741
4435 4908
8522 2233
2014 4965
935 6128
1836 542
1676 8792
1797 1469
4965 8920
2450 1501
2819 7284
9128 7313
8433 7215
8548 9431
6842 1934
5269 4554
5250 3935
9708 7977
1030 2730
8385 3139
9072 8820
4166 4980
422 9199
4408 4905
8382 3469
6838 882
8664 8474
4193 3636
4052 7915
4765 470
8899 4654
575 2109
8278 3767
6740 6551
716 2353
2791 1349
2390 710
2566 1295
2642 9920
2538 2697
3466 3828
9580 1307
3663 2984
1173 757
6382 7927
