6982
23254223
7708 9590
7264 4890
6422 1357
6574 957
7507 885
73 2546
9787 3564
9348 5803
1921 932
5847 2506
891 1380
1732 1167
1111 4337
39 9342
8639 8523
1437 5420
1305 3177
8678 8134
1005 2954
4424 5827
8806 9874
2364 1859
7992 8862
9673 9559
1763 7810
6024 3178
4438 5502
7521 2690
6047 8020
7439 5569
6421 9690
1092 5412
7626 371
8952 2407
7062 4715
672 6891
9489 1154
6187 2913
6763 2907
3725 3247
1225 2572
4968 7201
9016 2658
8523 8086
3941 1660
2567 8996
1200 3574
68 3231
2370 1466
7590 8180
7559 4506
8374 8190
1808 6111
7632 4368
8287 2173
2021 7434
5676 813
7359 3353
4337 4905
6265 8391
5220 1763
4516 5635
1660 3451
3886 5902
9994 3192
5167 7799
1311 5816
2648 9182
703 6789
6854 6163
9954 8502
2954 8387
5833 1493
4788 8154
1930 7146
1865 4499
791 9254
9023 5788
6682 6623
3395 8786
7477 5937
6406 9550
8478 6236
5418 4250
466 5456
3383 1911
2931 4239
3864 5290
9006 8325
4785 9901
1667 465
2106 3275
2590 7200
884 7536
1239 2412
8335 3594
2828 2355
3580 4331
510 5952
2803 3629
6602 9552
7126 956
4969 9910
9651 9071
6844 884
4465 8221
6297 4292
6774 7059
264 342
1764 1442
486 2450
4273 3168
8830 5979
211 2076
9667 3435
66 5342
7109 2763
2157 6515
580 2399
9045 9618
9679 9699
4425 2892
4244 3682
9999 6946
7919 8764
7493 8484
5609 2642
4021 1530
8315 9558
2392 1536
6286 4016
1369 740
3884 9862
9657 5995
2636 3014
9058 4818
7047 2353
2819 1202
5535 1585
8040 9795
4389 985
4797 5620
4940 6687
8239 8103
3204 8284
1919 3161
6496 5535
6127 3356
4038 749
4562 3594
2815 1594
805 2930
8773 1636
7172 6624
5618 9337
3923 3340
117 7217
6453 9887
2167 2672
5560 5350
6852 1371
2829 1322
3480 7958
166 4497
1539 8319
7855 1252
8854 2859
4700 9408
5511 3718
6240 9965
4017 9970
5731 2967
5880 9541
2496 4998
8933 333
3320 7307
3996 7125
7748 4914
4684 6544
8283 8002
618 6913
2537 9774
9670 8996
9254 6040
7693 1288
4511 8821
9374 7213
4377 9598
3212 6932
4610 6339
9046 8523
9170 9216
7264 1782
1943 5987
9886 7364
2146 1480
3677 4426
9743 5942
7744 8066
1299 5276
5201 1597
8663 67
4453 9177
2807 3380
1897 4090
4734 5463
6425 6064
2988 2494
9849 4782
7156 8547
3389 5114
1878 9865
5200 2749
184 9118
6732 7915
4034 3321
6644 6942
8592 446
1875 7372
6739 6283
1591 4601
8652 7949
2596 2576
6654 4545
5536 5487
181 3453
3347 9158
3660 5133
1038 4920
8641 4891
3015 2989
2989 5419
2534 8365
3693 898
3919 8560
169 5016
7714 5361
4401 3892
5367 1301
6603 5956
4947 4800
6980 7831
9116 2013
3689 4700
4794 1751
7260 6516
7941 6987
8281 373
789 6153
7314 7451
1291 8605
8012 5861
9170 2452
5692 9164
9335 237
8851 8268
8303 6153
6918 6716
2621 6325
7303 8051
3478 673
8815 9284
3314 5613
2654 1439
2482 8041
8428 8341
1334 9317
2843 8141
702 1003
374 2800
3141 2126
1890 1567
254 7738
9801 7313
6416 9371
5077 752
9909 19
6570 965
1426 3030
9101 3027
5159 6175
7727 2338
9872 8939
8240 1233
3553 3667
6024 589
6195 3646
9812 3352
9683 6328
5251 4948
2279 407
267 5779
1840 414
6731 1893
1253 5775
315 1404
1389 3658
7925 6616
9236 5110
1090 2544
7992 1171
5405 3483
1410 45
6406 8554
8215 8258
8291 6884
273 9185
7601 5361
672 8823
6383 6431
5718 8372
1993 4684
5154 5334
831 5459
3494 1618
6225 4423
5704 3092
3556 1049
4149 7581
6785 3362
2905 5929
4361 1801
3418 7882
8028 6084
2158 3501
2351 5583
4339 5062
8464 4724
3675 2802
2061 2702
3834 8149
8926 1145
1105 3344
5652 926
9665 2716
4586 4063
295 1559
8177 6827
9181 8243
3887 8652
1579 6186
8021 8366
9511 416
392 4751
6255 5234
6400 4846
2677 2383
6291 3296
7952 809
1239 4437
9678 7174
8846 3468
9046 6096
9452 548
9557 660
5648 9801
4960 5651
6652 7714
8334 1223
4402 1458
2437 2917
2652 3170
552 9191
4995 9744
8816 5956
9632 3268
9047 4864
2751 4196
4021 9931
8187 933
4211 8683
1325 6564
7039 1224
8650 9050
2591 1286
6968 420
2282 6696
5900 8549
5543 3514
8560 7685
2361 829
3713 7701
4051 9987
3312 8835
1526 6776
6097 353
6867 4111
6595 8202
7800 4629
7413 61
1405 2143
3262 3376
8412 6459
8252 2271
6309 3006
6974 2985
5523 5288
1651 2952
1926 5405
8028 6027
2440 9927
2233 9422
477 5470
1607 9915
519 9739
1322 1558
5215 2765
347 5813
2119 6753
389 1039
5215 3337
6057 9249
5962 8528
9176 9505
6641 5919
3249 1725
5339 5315
8472 3491
7077 7969
6780 1710
7164 3710
5530 1888
2161 1292
6568 4959
9850 1166
1290 140
3093 2688
1017 2279
329 4802
7758 6077
7801 7989
4593 976
7008 8794
9735 7078
9795 3369
8477 1961
2256 1788
2246 8157
7566 6948
596 3958
5557 4708
2650 1408
7658 4282
906 7551
1642 500
3668 783
8456 8862
430 9850
9228 2334
3342 487
8941 1663
4770 1237
6751 807
9748 5303
7862 922
225 7444
7984 9625
9860 885
2348 1934
4780 4405
810 2758
772 9092
4756 2491
2763 1216
1625 8044
1396 742
3200 8374
6954 4692
7951 2389
3497 7204
3261 7807
9397 2373
1425 8601
3277 3699
1762 8346
608 9620
1109 594
699 3687
9005 3734
3757 9858
8838 9217
7009 5867
8863 7953
8775 4847
6708 1942
5761 787
5339 3524
895 1644
1869 5108
1591 5248
5198 1543
399 1420
7435 389
4364 7285
2565 2344
6244 6702
700 1809
4046 8330
204 7301
1831 3964
2631 7319
1209 4177
8775 4228
195 7894
1668 4757
5759 1344
5391 8584
1737 3304
1054 1654
8646 3536
9147 4694
5898 6081
4062 480
2587 8234
137 8567
3250 2099
2073 2162
3879 1310
3457 9545
3510 1053
358 3008
4935 5477
6906 7903
8546 2412
7557 6077
9583 9902
240 5198
524 8295
9829 9198
370 373
1016 5687
822 2011
6889 8966
8621 8934
7281 8849
3383 3365
1544 1380
8216 4882
9601 9712
1803 5072
8024 2219
2895 2954
7986 693
5857 4530
343 346
7583 2752
3280 8095
9638 6668
8660 9818
6036 9533
5354 2243
7763 7510
3580 9335
1986 2688
1848 9762
6956 8022
9027 5582
2209 2996
9503 3563
9595 4856
5381 6186
4297 1292
9072 5594
1089 9133
2093 7508
8822 8556
8664 4253
4698 5354
3972 8798
4094 8669
8647 2670
6174 4905
3672 994
7297 1013
7577 427
7123 2660
4933 7578
2333 9952
4666 6647
4853 6107
3551 1215
77 4238
4875 2810
124 2990
2690 6237
5736 6324
1922 4219
2718 5842
6082 4091
5236 6827
1882 4290
8135 5273
2608 40
4428 7372
8452 8809
4027 2857
9933 156
1295 5764
4484 8388
7017 1339
1626 6917
1758 7663
2131 8062
2302 6607
566 2280
1517 9256
3188 3621
7497 4967
5064 871
9285 2842
2869 2528
3865 5822
8315 3406
8249 2003
5620 5286
1643 9802
2004 7472
2591 7464
6432 9018
674 1921
8466 5596
4387 1040
803 2604
4584 4173
6436 7519
4176 6264
1664 8058
1887 4168
5385 4970
2633 9264
3825 37
9555 8494
465 1501
2122 2738
2055 560
1636 1662
9889 4762
2750 8714
2983 2214
3926 7718
8322 638
1781 3137
5002 3911
1285 2141
5395 4557
3976 7550
6021 7385
1134 102
3126 7244
8446 1043
3887 5097
3540 1229
8827 9391
7186 1146
7704 8359
589 6475
500 8261
2671 7423
1728 4419
9723 1563
8885 2057
4030 4214
6181 4350
8550 3245
5309 8023
6282 5641
4147 1962
4850 302
5065 276
815 1679
6254 1784
5300 370
5053 2679
3319 4404
7481 3465
6421 3651
9027 3673
2318 7772
774 8834
5027 7401
2501 4484
8153 6817
1054 5391
788 8725
5609 73
4089 8299
1088 1736
5214 9383
3513 193
7443 4141
6860 7539
8927 1609
5173 8086
7807 9320
1810 9932
5738 2711
2665 6215
6742 4979
7499 4023
2166 940
7493 5938
1805 8377
945 9298
5833 1172
7628 5439
5844 8735
2232 9878
9511 6827
2924 5601
3539 6919
3090 3597
8577 4043
8970 7591
1676 3051
7716 8356
2900 1968
8592 5295
9051 2585
9375 6686
4808 1143
2334 306
1453 2171
1726 1598
1432 1966
6468 1492
2392 9023
3533 3103
5286 128
1338 4945
9025 1104
8935 4450
1637 6897
3929 9426
2499 6566
6488 8716
5883 5934
4837 8305
5764 7668
388 1378
8574 8673
7176 6502
2950 7007
8466 4238
5562 2223
9277 8909
3485 5610
1081 3081
9118 2673
7774 7701
1050 3342
3629 298
8583 5717
4791 6281
7724 5668
2232 4482
1915 6094
1949 1453
2931 8537
2936 1061
3154 4893
2614 6889
3402 4032
9264 679
4516 448
9824 2488
317 5666
6572 2685
3797 1721
4288 4866
1114 3825
1132 1606
8614 77
9206 8536
4054 6747
6658 3565
3250 2784
9167 9495
1534 1736
707 3621
3741 2512
6139 7777
966 2322
9747 9898
7433 2984
2806 7710
5185 1810
3507 9983
1823 2733
3974 5778
8870 8232
5382 896
3250 4980
5122 9891
6418 2853
4985 7908
8104 7576
7774 1627
6252 9660
9191 584
1363 8887
7679 1449
790 1290
7567 9080
8969 8806
368 4586
989 8593
8324 2255
6535 1159
5379 5774
3494 6288
6186 4563
9489 3377
4277 2245
6218 6257
9089 7446
6534 6772
7931 9878
6739 4834
756 5543
8213 421
4527 198
2837 8314
8280 7633
4555 1477
4964 5008
702 4151
1107 1722
861 686
847 7917
4837 7808
1348 625
5214 4124
9408 3896
6572 5854
6849 2025
6765 1039
4936 859
371 4794
2759 6380
3143 9447
9406 3408
3159 9408
3830 5116
2747 6656
1786 9693
4868 1389
1029 6909
5627 6541
4052 4321
339 4445
2082 1848
7280 2409
6852 5779
3567 186
3371 9132
2835 4068
767 7292
4141 9642
2091 8118
4108 9015
6778 1496
2457 763
7100 4080
95 8139
1817 3817
7138 1798
4081 6758
5520 9975
8336 8911
370 6447
3689 8744
3707 2071
6103 8958
6118 5341
7464 7509
6928 8071
4415 2801
5666 3316
9783 6016
3145 6498
6951 7614
8189 6107
7050 2977
1376 5457
2332 6346
6217 5096
3411 8943
5164 4230
5696 8536
600 7312
6414 4190
3836 6661
7828 6565
4040 5038
1325 7684
2570 8873
6141 8814
6185 8589
9673 1431
60 5693
1513 9552
6654 4227
8965 2107
2373 2117
577 1495
1118 6535
457 3492
2310 6787
3201 7581
1660 6852
5360 5225
5540 758
7472 4377
9218 9798
3465 2856
7375 7977
5422 73
4810 2296
4068 9952
5588 3924
3365 7347
7380 6888
2691 8866
6500 2408
889 7901
3270 109
8247 4956
3035 5797
7407 3175
4657 3072
8702 1553
1803 7096
6960 8012
4020 9922
2797 8678
1700 8083
934 2291
6017 4757
7240 7106
6606 7362
9575 8205
3666 2795
7915 349
8770 4316
779 6729
3152 2703
6359 9646
160 1820
2741 5010
6465 28
3358 6509
8671 9203
1510 9700
4369 5683
7061 8471
4038 2367
6811 7495
7619 5331
8274 456
6364 5200
5185 5876
9529 4625
9444 3418
8663 3218
9129 3520
8838 9041
6526 4276
5227 6392
3652 6200
9308 3205
7506 777
1550 9570
8544 7686
7825 1416
9425 1384
6359 1857
4416 3390
808 4724
4521 7166
4725 909
6439 672
3478 1139
2851 1105
5492 1598
2868 6967
2511 4409
3790 2467
1552 5881
6022 9832
5986 5856
3261 2231
3773 6088
1672 2725
7052 1048
3212 6703
9237 2563
8950 8503
7228 8901
2617 9958
2036 8635
878 3026
3356 1639
5342 7976
264 7759
2548 2948
7631 9617
2294 4799
7191 8726
2042 2039
6524 1476
1329 4143
5750 8946
1162 3942
6472 5781
8323 4244
949 839
8753 6623
5110 7092
5360 4231
7407 2086
5385 817
4713 4680
8840 544
3152 8247
4733 7929
8565 9145
4862 8191
9563 8616
927 1605
8598 1506
5468 5497
6479 9338
5852 5275
9611 3553
7533 5163
17 6927
2653 999
8247 2353
2624 3439
318 2960
9706 1979
8294 4244
859 7807
8004 6361
7322 8069
4104 4310
6982 3026
9608 7836
3001 4888
8999 9185
7616 2266
7865 1368
5055 9265
121 2969
8985 1105
3066 6371
6535 2874
5073 2445
7073 4075
9541 5042
2361 4953
6131 5423
4691 6067
6232 7679
9921 8484
1975 3162
267 4922
8743 4552
2346 925
8338 5542
4416 4230
4351 211
144 3044
7208 4357
990 1898
6616 4604
3822 7359
736 9586
6559 6318
6289 5616
2468 7682
2115 1191
9147 9533
3613 3148
6027 188
5409 8509
7980 7028
9168 8324
5698 3005
3775 9732
6350 946
3123 3151
8136 3430
7792 7985
4725 456
3 3129
9245 1490
1984 1530
5340 1597
918 7789
4395 5237
2104 2614
9992 3258
4788 4335
9925 1831
9441 576
6090 3776
9763 4595
4723 6618
4200 3670
5182 9985
6107 7321
6333 4668
1620 2304
2524 3796
503 7760
9760 2876
2253 5049
6177 2999
7351 9925
1324 9293
8085 7836
2150 6825
3736 2312
2526 9285
8967 1076
477 5294
4373 9182
167 8048
1612 6223
5611 6518
4785 5717
1639 9385
5476 7218
8728 4332
6398 8767
9594 2216
7047 2770
6447 8395
4578 4724
6548 5172
2215 7995
6583 3029
7355 7984
8329 4116
2616 2752
6350 7375
8861 4051
3248 9569
9387 4690
2982 3868
9055 6987
9353 2704
2086 4934
3073 8880
2782 9438
6963 6183
3710 9731
9799 5281
9700 5290
6816 9247
1111 9572
7181 9264
4585 1509
4581 1074
776 7923
9563 9902
5631 8473
3996 6222
2805 156
8925 5193
2148 9068
6037 8747
6333 3033
5400 5372
4570 9760
1000 3577
2391 1497
7033 7480
3601 6967
5182 9579
7634 7155
7590 6045
3534 4626
8944 6744
8683 1547
5993 2835
5225 4767
5429 268
6052 8132
4655 6510
2026 5317
9460 4076
1149 9328
4897 6176
1270 9035
168 4711
5593 5918
2159 5055
6197 812
7852 7857
6504 9270
1460 2557
6208 6464
7928 2916
5569 1660
404 4240
3354 2588
3358 1643
5902 9370
9920 8796
5791 8211
8436 5576
9926 6862
3809 4304
3947 1539
7890 4377
3992 9853
2296 3791
2694 857
5790 9277
5731 8467
9728 1498
1302 147
71 1560
7131 98
1386 7405
6046 2655
4846 4845
5899 3485
7293 1645
4235 7221
2377 2668
4590 3005
6024 8839
9803 5219
5413 6487
9671 8704
4772 4122
6621 5020
6354 8593
5173 2061
9149 878
228 7504
2204 8019
3873 2342
8401 637
2491 1153
2136 4402
9344 8081
6649 8705
4735 9038
6853 8071
4755 7977
8385 5081
2800 3833
4051 654
8018 8502
7064 45
8097 2597
8639 3715
8046 5937
5231 443
9732 7581
6231 5980
433 4179
1600 9022
4916 9343
8696 48
326 6089
1131 4323
6664 5066
9552 9428
283 4812
4475 2197
5403 4797
5131 7331
6286 6433
8188 4185
7934 2354
1567 8164
4319 799
4606 7140
7900 9107
1137 5556
5590 9877
5523 1346
5159 6719
803 85
628 4823
453 1093
3652 8452
8762 6217
9455 7833
7296 5799
5593 2349
4106 9389
8188 4681
2968 1313
3527 6607
3224 7558
796 4252
7818 4897
3671 2503
8600 7977
3617 6209
2243 3963
4031 5011
3527 9847
6639 154
6988 3402
4460 1030
5930 7804
6878 8011
4246 2266
38 5976
5614 5402
7326 1020
2512 9885
6798 153
6029 4296
5440 3023
1214 3298
2318 9981
6238 4182
1501 9055
5092 1314
443 7474
7341 4397
550 3874
8842 1806
8647 7009
279 3445
2380 2285
2467 9344
4646 1458
7741 8281
2335 3429
5310 2090
4708 4294
6099 5173
1012 3430
2278 3740
9172 4181
1152 3091
9884 4163
5627 8258
5826 3902
9372 9914
1610 8200
2976 2600
8354 1419
6291 7652
2067 9883
7127 4606
7087 6376
4172 9314
5017 3398
6979 477
9714 5859
4547 2621
1367 5999
1270 1955
4419 1821
9904 903
6358 7041
9675 2566
1777 6968
2812 1268
5185 6906
7123 7898
9428 2114
867 7022
7886 3081
4340 1847
2885 8608
8399 8816
5133 5728
8841 945
5320 7030
8477 2459
7393 7234
569 685
2689 6288
7437 4335
4074 2864
7929 870
411 6202
8232 3830
6342 3931
1914 1300
4222 7507
5012 3143
4868 73
9974 7883
3942 2194
942 8402
7677 6991
4443 3687
7770 4497
1537 8484
9770 4866
3100 7146
5723 5155
3290 2949
3201 2607
5263 5728
8411 8267
4287 1951
2279 2817
2826 6853
196 2068
2071 5184
7433 7896
417 1706
2335 302
3930 5099
6468 3257
958 3394
7248 9041
3373 1971
1474 903
1089 9983
8481 2282
7884 2973
8315 3405
9399 8279
5939 4681
7334 6090
5575 3877
943 7385
5541 2891
5195 1221
6031 6592
396 5717
3579 8870
6302 9422
2243 5820
4859 5055
4051 4111
5226 702
5016 2539
7680 4197
1072 9771
6775 3299
782 5529
3578 6232
3026 9457
9174 9682
8322 657
5905 4900
8151 8319
1527 7200
9176 6239
4580 7457
6843 1416
1982 3582
8257 6043
8175 1390
8908 9775
65 5337
7030 7840
5576 4985
9672 844
6384 2201
1772 7856
8671 299
3129 4188
2654 9127
1733 8506
13 1766
290 4307
7948 8094
1225 6312
8320 264
2161 8735
7947 8416
3699 696
7497 3772
8988 7088
8326 3245
5765 8380
9558 6781
4777 1098
4149 3757
7913 4567
2359 9461
3375 4568
9205 9098
1903 4645
8071 4078
4012 961
5725 2597
667 5060
6940 6047
7015 6076
5754 2924
7374 414
9586 2794
7633 4665
455 7336
2409 1190
9497 9929
8787 8
7623 3298
6779 4285
1840 4128
6389 4494
8725 6433
9098 9494
6308 9960
2315 2034
4711 6632
862 8327
9577 8696
8092 9170
3358 8473
8742 1891
4343 9482
3161 9493
5053 9683
8120 180
3725 8894
2491 7762
1916 9296
283 2617
2636 3235
8273 2222
8002 6175
3366 7962
9927 7074
177 1749
1185 6985
5984 6113
2910 2928
6760 5410
2328 7444
6628 4101
5101 1658
2680 9667
2710 6535
6901 2036
681 4525
7613 7374
8345 4855
6895 5921
8801 5055
2847 7287
6525 8954
9127 3680
5925 3217
7015 6878
1317 4442
1745 129
4449 5591
2445 510
2013 9846
9727 94
3308 7763
2312 6727
5352 6226
3425 3059
428 5816
9465 3346
5692 229
8728 1561
7627 880
1508 2236
8146 9583
5178 6383
9262 3985
4145 8873
672 7257
1442 7580
8220 7309
393 920
9890 5558
4571 5727
687 4082
8429 6423
3809 2569
1645 474
4056 7876
3883 6536
6277 7927
4143 1316
1616 4569
2640 5409
7774 354
9810 4257
9375 8412
5820 4223
4423 8233
3894 5761
1520 7791
4271 4996
7447 3075
2201 2444
2220 5547
5534 1532
167 7591
809 2223
8911 6347
7712 5229
9050 2361
3711 7061
3408 1218
5532 3554
4577 6821
2055 7085
5988 7502
2034 2804
476 7904
801 3337
3717 1574
206 5444
8114 6078
561 8970
451 180
6068 2821
4365 5424
6067 8258
9957 3182
4439 4716
2043 1071
1659 5398
7921 3135
6434 4349
1017 1610
7939 8650
8348 1912
7584 1027
4400 259
3965 9152
4668 9509
4345 2718
8853 2337
7085 3541
1252 2864
8828 334
5511 4187
8464 9088
7773 4360
9737 9320
9004 3847
5191 431
8852 7127
2603 4148
2373 3490
5209 7248
6006 3968
9595 4100
4682 6026
7612 754
7517 7771
4937 2442
1311 976
5004 2089
8151 7997
3619 9943
5814 1164
6893 4069
1798 10
3365 7539
7932 1534
5499 2452
7809 7454
4790 2617
6666 5188
3299 8463
5277 4028
4473 6968
2464 3163
9789 4736
5270 1354
3471 7516
4041 820
4885 1892
3887 5505
519 7646
2829 2784
9423 6729
2424 7521
3087 8396
4859 722
3450 7979
3115 2324
5211 9517
4550 8409
9337 5802
7319 4065
2594 4252
7961 1662
834 8983
7378 8989
3042 5793
5134 6830
8791 3006
9769 2356
1051 9616
7751 5249
1435 6822
6650 1045
3482 1062
407 4240
2132 693
1797 3722
488 6671
3498 937
5536 2058
527 7150
7088 8876
376 687
7966 2336
7551 8015
4251 313
2977 2708
8135 161
8123 8852
619 4517
8501 421
3870 8032
9553 2143
5204 8652
4376 4992
4326 5933
699 2801
9790 2948
2364 314
758 4979
4069 1228
3562 5113
4289 5050
3589 786
7913 7987
9736 7020
6850 658
6305 563
6912 3123
9741 8869
3603 4457
2194 3415
6542 4489
5788 9796
7964 4201
8656 2614
1612 8858
1859 9829
9943 6260
9690 2757
3188 7023
2722 2183
8030 8423
5515 5832
1229 1134
4727 5773
7836 9120
5248 2977
1420 7099
9050 2615
5799 7570
5997 335
5769 6671
8063 4625
5337 182
2402 5816
1907 9659
8840 9906
2403 2823
3400 6482
5186 8420
6558 5205
5455 9520
87 6119
9509 6997
5044 1100
6619 6142
9825 7756
9501 1333
1625 221
1652 5782
9500 2478
5053 8362
3571 1383
4358 8424
6210 9813
9262 8520
1645 1512
6310 6839
4954 8679
738 7911
1529 2330
1093 4991
5598 9945
9526 2870
6053 325
880 9424
1784 439
3235 7053
7823 5857
9332 675
6580 3934
9099 5874
113 1997
334 3457
1101 7321
9643 9207
5116 4801
2094 8372
7616 5196
5664 1003
8137 4559
7946 1191
975 3346
4436 6135
8775 5727
4025 3050
5824 664
7492 4178
9500 7631
4702 796
6079 7830
8254 3001
2189 7224
9842 1245
4844 2861
6299 7327
5427 9050
4835 4895
2299 5717
986 2348
9963 2467
8298 7718
5287 545
9277 1843
5096 5374
4976 323
1765 8758
4788 7468
4281 5550
2534 5087
3231 8905
7469 7480
508 4516
3598 6764
6688 5820
1403 1618
6764 1787
2164 9515
6524 3189
2989 1131
3785 7933
9083 5455
4485 4844
7459 6550
7696 368
9402 433
4756 3120
6004 3490
4666 7134
8386 9394
8097 557
1898 3396
8091 8805
4466 434
5014 5746
9552 753
53 4947
269 1373
7197 8230
2535 9181
5150 6001
7890 7485
3709 6677
1015 3243
8931 4029
532 670
2573 4634
4771 2330
1254 286
1248 6740
9991 6574
5858 4535
9908 5405
9727 9821
6630 8626
8032 5325
9389 6102
2362 7493
1041 4305
257 9578
9987 7042
6587 6879
1495 7995
7584 2097
491 4552
9575 7239
3300 1983
3910 2511
9542 2949
6414 8814
996 160
8837 584
4638 3325
1144 9032
928 4649
5305 1760
1973 276
1244 6579
3339 8353
9456 6134
2573 6831
9192 9149
7442 4223
1986 8087
9515 8506
6722 5455
9670 5327
8438 2940
5289 2237
4379 8997
9992 254
7486 9202
2024 4063
2249 1833
2718 6821
9697 5021
4557 16
1631 4345
3979 1991
2871 9351
3386 3858
4948 8601
9250 2122
3099 7931
2801 371
6665 5376
8266 3711
1393 1722
3596 1733
965 770
2735 3577
1262 7759
1380 6846
7428 4839
8412 5194
895 1595
7431 8511
9663 781
6538 3360
8718 4870
3016 2211
8205 7966
1032 9885
6789 5815
5135 9674
3943 1903
7907 6028
6707 8358
6779 2218
7105 8954
8169 3721
3935 9541
3570 4483
2919 3632
4767 3487
1191 7741
4990 5630
951 2607
7684 8720
1700 9144
7969 7360
1904 3107
3568 5707
1725 2135
6241 7921
4006 8644
133 1932
2363 7421
7730 9658
1844 5675
1654 4374
1887 9413
7050 2228
8947 9263
3169 3623
3806 4135
4665 3562
614 6612
5098 5352
9068 3513
5130 4659
1505 8169
2847 6181
4312 5714
1169 8093
4064 4676
2808 180
4270 8365
1180 8132
8202 9603
2864 9818
2435 2722
9409 3955
9788 768
6316 8181
4577 2229
5960 2763
8963 9734
8343 2519
1897 111
644 8495
4884 7080
7983 8096
576 4729
1509 3951
6129 3111
356 3779
4315 8075
4275 8625
2322 4957
9341 7126
4769 2000
7351 7641
9082 3681
539 9944
3501 9828
1914 6548
7541 7872
4782 8740
1496 5872
1704 1271
9683 5665
7826 9576
1458 5700
6507 5420
9075 6613
7314 6716
811 3750
7279 3364
9449 7707
4265 4682
3588 9661
4868 6259
1869 5240
9327 4178
5176 2572
677 2156
7676 3446
8848 1313
8834 3385
3050 9323
7663 8690
561 3011
9968 7632
163 8935
6589 1363
7907 3190
6749 5981
9607 4279
6639 2876
417 7863
6438 8468
1225 1060
7590 2682
5976 4238
4475 3648
8040 5000
6528 2868
9379 917
9 676
24 3785
4620 1909
9303 2680
3312 9235
418 5264
1646 3582
7950 4704
2373 1076
4513 690
9892 9394
8852 172
4275 7227
475 8588
6598 1172
855 2075
7139 270
2228 253
3939 7521
3166 7607
2084 2009
5037 8954
8260 7863
5138 5391
7672 8492
7781 2138
3494 9687
3913 8116
7626 7140
1884 6514
3937 527
9884 2663
2908 62
445 2830
4613 7962
8075 645
9769 6843
544 3265
8725 6570
4046 8307
7031 2724
3431 7586
3127 7684
6655 5387
415 6374
4334 6233
6609 3618
4580 2832
3132 7881
1967 1355
7886 7210
3228 1044
1388 9910
4117 921
5281 9329
3097 9363
3292 2443
2720 6680
4354 9140
2682 5013
2862 1956
8105 6509
7237 2748
9718 7246
3955 3443
8638 7935
196 9585
8196 1009
1206 4883
5530 7336
8411 7056
8630 8892
599 3185
5189 4027
2215 7732
6071 3501
3011 3417
9592 9970
221 7596
7347 3512
9050 8949
3827 5859
6365 1514
6930 390
84 1445
6206 3442
4776 6978
7318 6207
3649 2944
2861 8752
4948 131
6393 7753
2911 9023
3387 5916
7949 8686
3386 1000
4637 3173
5701 2693
6630 3182
6995 9951
2850 3529
2248 1958
5268 6511
9906 3813
9371 4131
6296 2365
7611 4967
564 8010
5277 108
7485 3396
7187 1929
6565 5618
7039 9223
8975 8349
4549 3291
3758 7134
9416 2907
7327 5052
6403 3637
2565 3862
1773 5715
3191 2127
8947 9683
7803 9817
1631 7918
2407 3208
6172 5614
6313 6687
4229 2620
6158 4700
505 3679
495 6108
2683 8685
4219 7175
7022 4569
5589 123
3292 9986
9118 4140
7010 8218
1860 6514
9696 1329
8826 7398
6432 8725
6127 8394
2096 3023
3491 4642
2250 7733
9030 3232
6921 7252
7830 7664
3426 3249
3380 9162
4477 784
5267 3799
546 3409
657 1459
6966 4248
2728 4067
9210 5974
8454 9621
8206 7560
3936 6245
2991 2830
2494 4531
3164 516
1269 1412
345 7004
532 3585
6515 6999
7531 9480
8113 2996
847 592
5600 6043
2347 1912
4568 1614
1579 4185
4868 4113
4342 6630
8555 910
5215 5932
1625 8684
5845 8457
1821 2549
9836 3289
4340 5184
8879 2544
8675 5568
3989 567
5193 7015
184 4502
2912 9810
3555 5935
9520 5908
8342 299
3985 9312
2869 2053
367 7065
6457 317
7904 4678
6588 6457
1098 3054
7131 3041
1916 7536
2239 1814
4313 7062
6577 7186
740 3322
9514 9473
7258 4068
8130 615
6192 2927
7875 5138
1529 8138
714 8039
3450 1623
4438 1888
5577 4534
1419 1130
9596 769
9435 6247
7428 5369
1980 4724
7897 294
8410 6226
5133 354
6645 1326
5721 7205
3647 4398
3841 2590
9472 7260
4501 2762
3880 5192
5557 8657
8417 1816
6355 1355
4575 2457
964 6685
8864 8068
3273 5899
4824 6878
6853 9760
8896 2044
3039 8575
3179 3443
4300 6655
9239 2213
5109 6046
7448 9226
7462 2349
6834 2354
1629 2926
8429 9161
5931 4413
9787 8374
7565 1958
6276 9533
8972 7081
4034 452
688 6454
2510 2919
2915 2928
1174 5695
3713 5465
2352 7816
8928 2974
6668 547
1790 971
767 3154
7959 1807
8067 3131
6284 2445
6765 918
8966 6793
7657 6576
659 4186
7601 2860
9270 121
4941 9900
7479 3700
265 2904
6226 9536
2833 3761
8990 6507
5012 3499
4437 3964
8515 2935
5591 2329
7665 4168
9945 9406
716 9354
2822 648
3732 2492
3034 7043
1791 1755
2284 2929
8861 4211
8839 6735
6879 4341
9248 6468
7240 3832
296 5001
8257 3632
5556 2414
1752 4898
7267 6007
8093 3244
8200 7057
3547 5621
9110 4680
5302 1516
2181 5282
4989 5483
5065 9089
2022 4865
3772 3933
1275 2419
2970 6870
1370 1947
2288 4056
7266 1752
4683 8601
1168 1899
8665 1564
9663 3658
695 6838
458 1718
7688 3353
1880 6851
926 9392
4557 4567
4131 3481
5750 4770
5832 8501
3221 2997
9742 6729
4794 7176
4859 3573
9516 7893
2024 1289
7431 1110
4367 5666
5363 144
3362 9739
6141 8172
4723 1019
4049 8257
3150 8409
9194 3615
9367 1179
5553 7410
6562 1671
9909 733
9120 1114
1427 2576
5260 2737
6782 2227
4160 432
9658 4964
3252 6080
9342 9650
869 2574
6218 9490
9654 577
3003 9359
1746 829
9928 7523
4194 5136
3030 1571
9723 3243
4946 8408
6523 9315
6979 9590
6432 4901
4946 7853
8947 7929
2381 3929
8753 5799
9918 9484
1725 4097
1377 2153
2602 9068
9419 4683
4796 3938
3688 6881
7775 8064
275 5517
9800 8978
2322 3323
4965 5343
8929 3723
547 3690
6128 5925
7157 5508
7517 4164
6889 9292
5580 9159
3378 4772
2257 3968
34 7739
2975 3591
247 7542
5735 9175
7701 9095
2559 1125
1927 9187
5792 54
3156 4616
4743 1709
8754 8346
957 4735
7027 5552
4873 7656
2841 4702
591 785
386 2036
9127 3211
4893 5131
1663 1748
4191 28
5563 3578
3358 9876
5915 1291
5262 8787
2377 8327
1059 6202
6727 7247
5400 8170
1895 2469
1241 7215
2784 8242
7660 5275
2298 9797
3604 3791
9193 8829
7938 4591
7188 6149
1114 5639
8475 419
5104 2881
9295 8178
6137 9738
6767 745
3663 4925
7347 1457
9149 3027
4728 4480
159 2586
1876 8728
3342 4038
9465 1162
7071 445
9787 2571
42 1058
6692 1238
5206 6401
5351 5466
2303 1443
7674 287
3675 4749
6036 8741
2514 3001
5142 9857
4932 3543
2813 9396
5149 6932
5643 6948
9251 8656
2457 5804
4992 7649
99 190
699 781
4262 744
7735 383
6091 5966
6029 8976
8866 4246
2810 159
9814 9978
2513 4145
7226 7550
7568 2578
3191 5450
201 2289
5214 3198
1396 4591
7763 4254
233 3805
5196 9308
6229 5481
8410 329
9510 7932
3245 4070
1446 2034
187 9954
575 9560
7801 9113
3226 256
4205 1046
7635 8851
2621 6305
8252 540
490 6540
5465 8441
1316 439
4881 5366
8063 2691
4087 9776
6686 4102
1959 6252
1096 4908
4725 3332
8062 1152
665 2740
6815 8532
2835 9901
3865 4405
5278 8750
5745 4685
4977 5727
2301 8792
1781 5042
4383 8955
3551 9939
7807 8471
9472 6760
1001 6181
9195 9556
2699 2749
8797 8009
5135 2519
1973 4184
1527 2580
9520 4341
4224 981
608 8429
3878 281
2582 737
158 1690
4623 815
4311 7673
8677 6292
6399 718
3452 6689
8344 1116
3672 6116
2184 8327
329 2329
525 4605
6007 4453
774 6322
9607 442
6246 2624
6170 4576
3024 4366
4979 9485
4032 2232
1036 1501
9736 9583
9150 1675
5523 847
1856 7252
4540 4860
2681 5047
9596 7237
629 1671
6716 7961
7527 8504
3511 6179
4244 7582
3238 9909
5601 1894
9358 1346
723 1369
4412 30
8320 5023
7621 1176
3984 5175
1556 3676
7252 4337
3475 811
6465 2347
3306 695
5054 7970
6500 8021
7048 1018
3252 6614
3533 3424
9130 6461
31 2884
272 6704
496 7288
2560 4091
9841 5306
7942 5092
9672 4678
5595 1201
3348 6663
600 2148
180 8321
6595 2572
1900 4342
6159 5309
241 849
3897 3449
6165 9424
1987 8964
6183 3695
6513 5496
8272 5935
7607 7074
4379 3753
6933 4737
8626 8420
7352 7608
4770 9235
3593 675
7716 6018
1009 2577
4952 2007
7290 4264
940 6033
6058 8514
8246 8000
5571 4268
2295 9930
2692 8088
1776 7831
8622 9885
2655 718
4640 2098
790 4744
8586 5673
4345 1224
5189 8923
3813 9626
741 7071
2114 2243
2242 7550
2678 9036
6572 7047
7013 6948
9848 4562
695 1324
6125 5261
9026 7396
4018 9812
4214 1740
9611 2675
8871 3039
8610 3299
64 7039
8919 4720
9549 6132
3262 6289
6671 9507
2797 3396
7738 5787
2726 3385
617 6796
1429 8362
958 1934
9725 8991
7830 353
7361 4321
7166 3733
6930 164
2951 1507
81 2604
4407 9450
6583 5019
817 7710
5490 571
5916 9555
647 6779
7637 3906
1225 2622
743 7263
335 412
8513 7397
9227 2272
7561 7511
2376 6921
4782 4027
4535 9232
4137 829
7932 1965
6808 2139
6191 9287
7239 5896
6739 3079
6013 9748
2936 2449
8030 9298
8016 1400
595 5370
8626 2443
979 2506
4717 8672
159 9131
9374 834
3180 9022
2155 7732
7794 9526
3262 5639
2347 5752
5971 1585
3827 2960
4693 8001
6734 2302
7649 7883
3744 5281
9224 117
5107 9631
5432 2244
9189 2460
9537 1839
7623 4160
9690 2370
5957 3665
6083 5402
5754 9983
2887 992
1620 2316
7248 4293
7008 6397
8667 4038
9954 3677
9019 7230
976 1922
6489 1367
6011 6773
2347 9594
5738 4770
1645 1563
2571 145
1878 1506
2970 9739
8345 2624
4185 4618
2143 8865
6832 6529
8605 4589
3021 444
3288 3497
960 6507
5495 9297
2612 5183
9898 6502
6770 711
6202 6707
3878 1377
3812 8791
3249 9526
808 4638
4130 7802
7882 1992
3150 2983
7209 3046
6621 8955
1614 8827
8665 7140
4350 7457
9099 3202
4737 49
4838 1104
3017 5171
4875 5598
1811 5058
2834 3873
3243 9970
5496 6021
8132 2016
5345 9713
695 4432
9247 519
5835 1972
2274 4557
2093 905
8914 1142
5913 6982
2656 4858
4279 1766
3167 9842
5891 9537
7936 1987
7643 9722
5648 7403
6820 4686
119 9419
3840 9721
7992 3661
3753 1397
8403 2267
6507 7502
3366 2753
9959 3141
4981 8317
1993 6543
7880 977
2177 1704
5490 6390
4076 9327
7160 3480
2180 2354
9669 8841
6953 1302
6548 2951
2339 7076
4219 8009
6909 5599
7150 8907
5567 1094
8714 6022
6667 8654
7109 9333
6241 6810
7633 1136
3722 4211
7659 3436
4445 7039
4224 6137
969 9521
3843 7231
3170 7157
7510 2390
8236 5343
2710 4914
9726 3745
1866 7964
6959 1822
560 912
5236 426
7969 1549
6224 2505
3214 6169
6258 9357
2098 4058
3606 10000
7981 4677
8058 3078
8688 9684
799 7274
3740 939
969 5185
150 4924
9791 9131
8762 2515
4461 490
9376 4635
7773 7619
7406 9294
2182 5182
1444 7314
6920 1404
8163 9289
4688 3653
5738 5141
9657 7351
6591 6321
5310 797
4740 7899
8827 4629
8753 2012
4611 9392
96 6190
6530 5152
3146 4220
2123 1069
4261 8104
2579 2997
24 7503
3718 3580
9743 397
6886 3347
557 1532
7062 3664
358 1346
4976 226
9 9317
2224 6349
2033 8639
4606 113
2851 2818
8742 5246
5957 8521
3963 8087
408 9886
126 3755
1307 7656
952 2405
435 929
7697 106
9878 4083
471 6794
1304 1582
9728 5268
6032 4816
8777 8882
7186 8976
6285 1212
2139 9832
7476 7322
5784 7303
2636 5006
414 7481
9777 2844
3560 3089
7109 2694
5571 7938
7768 1897
7659 1103
7280 2005
7909 6533
3575 9879
4346 9232
6506 2001
3474 2348
7574 1973
8998 5034
5883 4318
7728 1286
6714 1441
6473 1349
5810 6416
1440 2776
325 1156
1246 2201
2834 3584
5602 1004
3872 6820
7394 2091
3395 4053
3335 9834
4024 6391
1993 8831
7385 3813
9746 1633
1659 2466
2947 9711
9524 9770
9115 3362
7180 4755
3071 754
487 1032
8156 7827
696 785
4151 413
3703 8812
7948 3640
8236 7593
2772 4603
6008 9707
3216 2822
729 2335
9616 1437
9055 5324
2815 2237
881 1970
7093 2503
1278 7030
6442 7497
5713 711
5204 969
681 998
1123 5228
875 5946
5376 6507
7435 2784
824 2756
8253 7774
5660 7762
2218 9004
1046 5184
3406 4724
8256 5952
4317 6880
2321 357
7250 9733
883 4922
2966 2189
9345 6081
7206 8874
4379 2361
8254 9109
8591 568
6725 9061
7269 2203
3343 1552
6574 7483
2392 5998
2669 5727
6268 8865
2561 472
7942 343
8554 9610
6 4312
7442 5022
2184 1947
7258 7316
3616 2845
1428 1264
8158 7478
8629 3566
2893 1650
5395 6416
2275 7373
4847 6329
8163 4406
6457 8048
199 6735
255 5286
4437 4198
8894 4837
1383 9552
8561 206
2491 9577
9030 8374
7530 4144
8325 7974
1247 3082
6753 4665
6512 6925
1492 816
661 1827
3797 9639
2728 776
5881 3755
8945 3071
3309 6864
7837 4744
6209 8570
5858 6818
1827 8175
6570 3905
3467 2019
8556 8197
2785 9518
6221 2033
8727 1231
9241 4138
4226 2425
6656 9504
662 8461
974 1157
1167 6972
5114 2856
4551 1529
7816 4874
5438 7502
6256 6107
2055 7402
1586 2359
3757 5153
2289 3912
4755 1758
9811 763
6940 9040
4491 6164
7211 6920
9511 7965
6877 9875
7949 1251
3252 5361
4824 4270
670 2561
152 8553
5327 1054
6139 4530
2476 4495
1518 4583
1654 573
380 3871
1394 2688
8124 4116
4111 6255
1858 235
7362 3800
34 6514
2200 1136
4552 8234
3320 4012
6126 9656
287 1055
9198 6689
6550 1958
3876 9918
4112 6542
1106 7004
5371 116
4939 688
6252 3470
5082 833
2069 8349
4823 4443
3131 7864
8981 955
9784 9733
2061 8861
4313 8702
1309 5339
6646 6661
2170 4333
9923 5359
324 701
4398 6769
98 5613
6922 1710
1070 4003
1280 2441
4768 9051
8022 2707
9780 2883
2341 9612
8444 4702
1213 3552
1404 59
1820 1417
394 947
7297 5585
5333 8780
8437 5004
2603 9271
3711 7088
9488 5346
9010 1154
3229 1218
5468 2076
7131 3030
3247 7512
148 4914
4980 1368
3372 7546
8888 344
9438 7479
2418 3150
3263 574
4440 6346
1107 1123
2537 6960
7255 6807
2217 9337
1763 8285
8296 912
7079 1987
2272 184
4595 5785
5183 7506
2960 7099
748 2238
3748 9772
3901 4980
3738 8454
3892 5018
4977 7490
531 269
7337 4208
4540 4929
4043 2466
1527 2537
6453 1922
3670 7151
9509 2485
1364 3924
2015 9894
1099 8535
5833 5485
1003 1534
1404 3119
2746 8475
8041 8597
8872 2134
1640 8348
5064 8693
9132 8723
8660 2106
9264 7037
5094 9165
2611 6443
7580 717
6562 1233
4618 3740
8677 1978
5121 5527
3903 6313
7524 6052
391 2332
3734 900
4769 497
7581 7293
3850 1830
1947 6375
598 8609
8456 1393
545 7088
8852 377
6435 6863
7670 2491
3312 3749
1499 4262
9656 673
9162 3411
1723 4412
5299 7616
4731 9623
8843 6851
8969 8107
8305 6414
8393 2663
7712 5428
4394 3360
7672 7286
3964 6723
5499 9921
1826 5485
1162 8650
2239 2154
6422 1277
7020 3659
6703 9210
6898 9309
9954 506
9947 6965
4803 7822
306 3325
4272 3632
2952 1976
7529 4243
5180 5804
6742 3024
2120 2150
5166 204
5755 3468
2009 6484
6999 6876
4406 4081
1859 2733
8080 2332
1405 430
4370 1230
111 7664
8475 1718
7559 99
1793 5643
101 5737
2718 8150
3497 2614
2880 1165
4034 3930
7543 623
6474 5531
450 9184
4521 921
5865 1254
3314 1777
1696 692
8911 6180
5838 3365
9288 6472
6087 3638
2088 1206
8628 392
5289 5934
2220 1543
9939 2442
4926 1003
9972 2520
2959 5906
2762 1680
8555 7298
2355 7843
520 8995
812 4022
9157 3318
9732 1278
4526 4811
6580 4450
3313 7702
4171 670
5381 5022
8809 9813
1763 2884
5927 7872
2187 9710
907 3546
3766 6008
3249 7114
6219 5371
7105 8226
439 9456
2651 4492
5939 6479
2968 5218
8532 4164
8411 1063
9710 340
6140 2046
3904 1372
5893 9574
4708 397
5807 3641
7433 4926
6339 9604
3812 391
654 2149
6853 106
5621 3431
1857 3677
8025 2471
8281 7726
3264 6208
3231 7098
6911 7006
8647 5115
1083 1035
5141 8426
9996 9808
9596 4608
2700 8610
5021 2123
8117 6549
3893 465
1544 7652
7072 630
1454 9349
6864 1262
4640 5993
116 6562
6228 532
9749 2734
1710 9567
4003 3284
9821 6113
9598 1720
8117 8333
972 6537
2613 9987
5747 9656
7932 9891
5807 4014
5824 4742
9632 1655
4779 7980
5557 4893
7619 7023
3645 6769
7152 7788
6169 3093
7937 4113
882 3440
2121 7286
533 4750
4913 4327
9150 3866
8737 6660
6736 2042
5420 3888
520 5922
5096 6047
4765 5141
3311 2279
9205 6572
8130 7500
2091 1775
1392 1502
9761 3360
1173 1310
8209 5831
8791 9178
4567 1816
7562 1453
978 9426
5194 8526
8962 6940
3630 343
2115 6302
7993 7091
5278 3715
2283 8630
2872 3722
1850 5696
2740 4992
6433 5806
4354 4278
702 8410
130 6150
1605 7304
4322 5022
2842 9262
7552 2121
8648 5272
13 2851
49 8642
4141 8413
3156 425
1841 1257
6971 1472
4400 2180
9588 3595
4801 9079
8777 8669
6994 7263
1371 997
5176 8711
3003 8497
2857 1887
5478 9122
4992 1453
1691 2298
6857 6722
952 7051
6171 9276
5656 7838
1451 828
1459 8499
9880 3426
8648 3300
1207 529
744 2681
4521 7575
2334 9029
203 866
7587 7302
3342 7861
8414 8312
8201 900
4097 1797
417 24
7479 2059
5615 6622
3796 6629
9109 9611
8373 973
2612 6672
4131 3248
6141 18
9497 5662
2654 1906
1364 8850
197 2178
2561 8488
112 1494
4958 5390
6858 8881
7358 8580
9810 8943
4131 391
4685 8563
7660 6843
8797 3031
3017 4108
4814 4843
1037 7985
8978 3056
484 7295
8745 6992
452 451
6366 9964
2720 9357
1149 2393
7853 2823
6596 9278
8255 2385
4557 4201
1566 1043
850 2118
6745 8011
7670 1683
8603 2145
7100 5663
1185 1027
2914 2180
2947 7109
1471 8524
2604 5160
1383 4547
9984 1
2755 4440
9680 1413
4492 4165
1222 2874
8769 6175
8241 886
326 2954
2337 424
8545 1218
5858 7947
1958 5398
8154 8309
9076 675
7350 7068
9711 3900
2112 9876
9199 11
3180 5472
2443 5578
1018 5321
4896 1357
9085 2133
2248 3320
7659 6655
5246 1804
2835 8506
9158 6841
7709 7671
8908 3122
6727 8881
4174 7998
5967 9423
93 1400
3896 2451
2033 2649
2943 2746
311 7594
991 7583
174 8984
9600 2956
5265 8966
1108 3824
8413 8045
2703 470
3313 2955
6426 8095
2786 5733
4838 2051
484 3472
9062 3372
6079 7067
5354 6853
3900 6315
9402 9009
3049 5424
8903 411
8207 9571
7773 3700
647 6651
2507 8140
2098 7751
2313 4081
2004 8465
10 5270
1911 9623
1793 345
5122 5329
6885 3959
7294 3398
9747 4367
8900 7957
1966 5439
8283 7991
7173 1002
2134 8093
2110 7363
1504 8250
2859 6776
6082 2592
8865 1362
2810 6570
7141 869
6086 5762
1700 194
7661 1516
8956 4311
2809 7731
9720 3562
9142 2533
4389 6784
4028 7277
4387 9531
2199 7412
3051 9652
7481 9047
9618 1201
6477 7096
8157 744
7192 9103
5755 5546
2326 5303
3846 181
9730 1339
1616 24
9205 6935
2832 6791
970 1657
4128 4924
5135 9822
9725 1720
3901 8835
9080 3993
9997 9955
1507 48
4786 5643
7913 7348
525 2143
8300 6320
340 4969
53 2684
968 4881
1216 4441
2276 9057
5097 3334
9771 5137
6764 4490
6953 1748
3536 911
3083 6278
9674 9293
4878 1688
3665 2532
708 8146
766 8642
5061 5346
776 8607
6917 9193
7301 1945
3311 3001
7113 2752
9650 936
3330 7424
7002 9205
8879 1838
9909 1817
7956 3574
6774 7256
435 8371
4548 2631
8935 5153
3581 8345
2499 7965
4237 4475
128 5769
8022 6163
382 2326
2861 1949
7487 1527
356 4495
8737 9638
1936 6022
6310 3571
2331 499
9610 9532
4162 4985
3417 2697
9426 8623
294 8040
6397 5335
5859 9439
7031 222
5880 7114
1391 2374
7849 8003
3708 7530
6317 40
2431 382
386 5634
1792 7915
6675 3689
7544 6987
5810 4634
6747 7195
8176 7217
7683 4203
5935 8937
5939 7175
678 9908
3452 125
1427 4076
2508 1422
3965 6915
8003 2079
3840 6485
8856 3040
2133 1384
7966 8083
7369 2327
5838 4777
1371 6784
6929 9427
3990 4164
7946 1859
373 2052
3339 1261
5235 7234
6642 5534
8578 7823
6199 7354
4227 1156
542 4365
9050 4460
5962 6863
8636 541
8673 5539
1039 73
5797 9394
3340 5527
2448 4611
6874 2464
5179 847
28 4317
4089 4429
4221 2738
1571 3681
9560 3381
1537 3002
9972 200
6555 7781
5141 7544
2503 5923
6052 4508
9074 3823
6877 4865
658 3309
1944 2513
6891 6757
7843 3602
728 8535
9673 7155
463 4256
5580 7309
7689 1080
8661 6709
8868 9340
924 3768
4105 2747
8324 3910
9602 131
6479 5953
6664 248
4047 9505
7356 6312
729 3926
7582 8136
1923 8519
467 122
1880 6723
4566 74
5157 7845
4669 1810
9734 1887
2084 7772
6967 8703
9114 667
9725 4361
7471 1315
8391 6000
1237 5469
9295 7239
8049 5981
5709 6676
6179 4608
8871 2807
1327 7572
8307 3667
748 4503
470 6247
5144 3157
7048 5192
3218 6535
1711 5320
7624 7789
1760 7482
8629 8854
3113 6259
4814 6050
181 6335
579 8931
5127 6250
9013 8532
1163 5928
3532 6981
3458 4695
4838 2596
4698 4213
3120 4520
1713 5418
4678 6645
4032 6955
6555 5812
1952 6811
9358 8694
2544 5390
227 1991
5628 945
9589 9305
3268 4586
5000 6379
2951 1288
2814 6216
1892 2081
5774 3011
4479 5041
7102 7368
6487 9254
284 7422
2064 2039
6998 5409
9575 5440
9814 468
9369 2809
5498 3760
7044 4494
240 50
6006 2979
9816 1446
6778 7453
6839 6429
7552 2549
9525 7803
1550 2144
8191 917
9144 9194
6306 1699
2477 836
382 4552
2506 6054
5407 8473
999 5727
9390 4184
567 1029
280 5004
3684 1771
7024 3084
3725 8342
9081 215
6629 2695
8903 2950
3386 7353
8781 9028
5849 9081
3791 1934
7263 9595
1068 9744
1756 3341
5133 9422
2551 5775
9431 5455
452 568
1687 6747
9429 1374
5266 7966
1964 2811
7733 2954
3220 6109
5773 3612
2815 5439
2458 8459
3098 7020
2049 5307
183 2264
7434 657
1528 5034
5722 5298
7851 2630
524 6232
7098 4030
6228 8324
3711 8694
7804 2677
1974 256
4205 3416
7931 209
6271 3158
9538 4219
3761 2263
5165 9969
6508 3787
3507 2412
7456 8669
697 405
2222 1786
4673 4188
8820 5218
1466 30
560 26
3564 6693
7852 9031
1781 7758
9135 1607
9495 412
4748 108
9458 7181
6160 3787
8543 9108
2782 292
747 3925
5805 2624
7361 2391
7710 7657
631 9294
8205 580
7678 1173
8414 4653
9991 3263
9204 3734
4213 6804
1673 2520
7861 5728
624 8227
6293 726
9768 7766
4052 910
7716 2484
5652 5107
1303 530
9437 7274
451 6919
3519 3435
7689 9046
8202 4335
1524 2217
6698 885
5889 3150
7135 7938
7173 7848
6595 7074
8936 9529
5337 8082
5362 6415
721 6723
501 5637
6557 9716
4506 8673
1369 1094
5104 8321
1325 5414
8873 5901
4724 3928
3367 9568
9628 3443
705 2737
1228 2637
2874 3140
1884 4338
4249 9745
1762 428
5429 7561
771 1687
5910 7809
7582 5640
320 8680
7625 4248
3014 2581
6501 946
3407 7843
5038 6104
8216 2141
2741 1981
8630 9942
5823 7380
6691 9117
3393 1293
4047 2172
7220 7092
7203 5427
885 8725
9114 3444
7929 4446
7651 7914
5172 1316
6461 169
5061 3649
7681 7439
703 3333
7096 4977
7266 4118
9900 934
6824 244
2790 4832
9454 969
8959 8351
2963 5084
8706 5931
3534 6963
6833 66
9491 4069
8928 9058
8605 154
4271 5385
8239 7923
9741 7805
9444 2708
1008 3390
10000 4063
4475 1690
8136 8045
8420 7604
4200 3024
8689 3467
8656 2028
2333 5269
6414 6288
9061 125
6974 9112
3585 6798
5715 4138
3650 1290
1080 5039
9132 298
8691 4009
5195 3047
602 8976
9778 8598
8838 3194
4163 2693
3013 9479
2917 617
4649 3419
1505 91
3262 8831
1507 4861
2117 1204
4537 5067
9543 5336
8750 2508
300 4294
5356 8430
2544 4293
1216 2981
9274 963
4024 6621
5922 6499
1886 9336
7798 4012
3785 9616
6 5636
9184 6153
6921 8022
5946 3326
3441 7495
7549 3959
4462 183
2850 2943
8375 7514
1399 6793
8204 1364
577 4719
9382 1840
1939 5322
3068 1489
4885 5640
4240 8043
2950 4734
7993 5802
5558 9611
4024 8545
5096 8982
6366 3815
199 812
6550 5748
212 3345
6387 9089
4060 6897
296 9847
8688 850
3125 3168
9412 5904
9712 2866
7124 7987
7104 6252
9744 4123
9342 5412
4556 2352
946 7781
2967 6194
6942 4192
573 5514
7972 1526
7050 5067
2338 1414
9135 6482
996 4471
339 812
7124 8520
6609 6302
7363 5774
1381 4982
6935 6175
4983 3311
5359 3827
3370 5237
7893 4711
2324 6434
405 4879
2950 9567
8048 3143
1571 8194
118 3435
871 6390
5956 4871
9430 1683
4432 7099
6338 1263
132 4754
5277 7792
2077 6784
8438 7552
6846 1977
5262 3210
1784 5939
7663 6133
227 1939
8094 2934
3704 4846
3534 3226
5970 4805
8126 1169
178 6828
4631 3969
2879 8310
4800 837
3415 8686
6533 4982
9934 3158
5418 508
5399 3831
434 8752
5353 6749
645 4042
8942 497
6178 3213
1651 6493
9948 2851
6423 3697
780 1451
70 6761
9874 8350
7192 9836
5489 8585
6884 7050
2104 4631
5885 7272
8461 6520
3066 8726
7447 8425
9729 9762
9689 5014
1219 3613
2648 6422
4359 1120
2732 4560
9223 3636
7186 3957
297 5873
6417 875
1369 4864
6349 8273
6929 2690
3642 9259
5020 3483
9214 2360
447 8175
49 2518
1146 3415
4900 1185
9617 2807
1315 2761
8288 2662
6065 8970
1936 2923
3944 2117
408 4479
1341 1700
3590 7256
8274 6837
699 8561
6788 8404
3093 3035
4689 8691
4539 1754
4063 741
5931 4454
1082 9853
7037 6810
6633 3619
7881 1387
6142 4310
3936 3233
410 8036
7205 1413
360 268
8058 4577
3401 9437
3929 9692
3663 9690
6304 9878
5210 2865
5436 2547
2451 5729
9047 5415
301 108
1807 2439
4734 392
8406 9020
1346 3590
755 1150
8828 3131
9436 1124
4808 5472
8837 517
8403 3300
688 9462
6778 3171
209 2099
7635 6433
4777 7167
7288 4621
2869 2337
605 6033
384 7855
4234 3271
9620 3549
2462 1499
581 6143
8999 8328
4833 5859
1157 5537
6135 6511
8384 5693
1047 5121
645 2438
3872 6346
2053 3671
9976 4912
9217 2578
3166 8003
1855 3166
6867 1613
5371 6341
4198 9006
2049 7994
4551 106
6684 3432
683 5464
246 6919
8060 3657
5975 90
6344 3241
1467 5061
9637 4310
9812 6440
8536 4512
1990 7967
8009 6362
846 1236
9349 6007
3899 3711
4476 7120
6048 9850
5614 8494
2876 2039
1342 9244
3977 8095
1858 977
7605 5799
7535 7754
61 7725
1366 7038
2066 8299
8804 1000
5089 9079
7977 8634
8247 2305
9048 3057
4223 124
5096 623
5538 6140
3933 1576
214 2779
6952 6729
4199 5373
9273 9824
1605 5774
5655 3663
7789 2860
4923 599
5607 4788
8222 4138
6486 8721
797 4343
5726 4785
6438 487
9764 1093
7693 1415
9581 6558
6375 4637
1927 1040
2133 1133
5324 6391
2563 7452
6507 5745
6719 5296
7044 1321
2844 8193
1157 770
6564 3373
8773 6373
3288 7433
6742 3204
7131 3919
9408 1317
900 1079
6286 9260
5933 3026
5516 7670
1278 7408
4217 3899
6293 9179
4843 594
426 2156
1366 647
3607 254
8823 5499
6539 3567
1626 4879
8813 7441
2294 2364
3050 6886
5697 2964
2204 4462
9934 4840
312 3153
8411 2018
2265 348
2149 5228
5410 8231
5997 1380
8229 6865
7537 7497
740 1157
2301 260
2648 732
8373 3823
1659 9674
6292 5542
8781 3940
9605 4242
2288 6857
5105 7558
2190 5881
7019 9441
8501 3939
590 5681
8132 8625
9699 8940
6572 4607
7954 6763
2214 9857
7604 8945
8390 6757
2254 5349
7864 3730
6084 6863
4513 3286
8702 5003
6445 3433
2070 375
1542 981
4965 7978
9851 5634
4268 2328
2097 400
4067 3032
7512 6391
2640 6720
9754 3272
4426 8178
2478 9812
7617 9459
6426 8935
228 1045
2757 762
6325 5247
8100 7520
594 6313
8150 3607
3592 727
6055 5035
7982 7337
79 7090
1646 9026
5518 3404
5904 6435
643 5952
2499 2587
418 5253
2819 697
931 166
1261 8597
5092 2442
5621 2930
2451 7374
5739 7478
2969 1729
4371 9941
1232 7565
3200 7873
9533 9319
4509 4012
6191 7395
9821 2346
9411 697
228 8943
9558 6193
3116 3397
1324 729
7635 399
5310 8036
500 8649
1847 6423
3765 5977
5965 7257
3786 5949
71 4856
1688 3116
9384 1059
2208 7175
5276 176
7434 3181
4402 2783
2496 8997
755 1362
6175 5878
8215 2103
1410 5574
2214 5761
1475 8758
596 876
5412 2366
3008 4538
2433 2203
256 931
6115 5638
9939 291
6282 7692
6435 4827
2967 2867
3048 8546
252 9365
5067 5056
9327 4187
3561 9117
3281 7848
8879 6134
1610 6708
1081 2279
4659 6607
6685 2571
3846 7164
8976 2403
5286 7498
5319 1607
6473 6238
1766 2063
8275 2331
7796 4298
9025 2821
5549 61
8648 3956
5155 1301
6062 8602
1837 9408
2378 1988
5221 3983
3847 282
6583 1730
4107 8184
5495 9989
3623 4905
6741 7965
5093 5639
4327 3637
4585 1847
1504 8518
810 9388
3771 5603
6903 3672
3251 3935
3032 9858
9904 3910
2393 5031
402 8600
9572 4903
1158 4580
9375 3460
7720 5897
1809 8390
6167 8497
6478 1335
1759 2136
2873 76
728 4119
6647 2235
6953 643
9600 2447
6409 7967
9560 4984
637 6938
997 3540
4720 8405
8607 9586
933 3938
4125 1490
689 2911
7150 3635
7009 9076
1209 7772
3579 107
607 2169
9957 247
4806 8610
9000 4348
7807 9419
7459 3181
5916 9003
1550 3390
6542 882
866 3324
6520 3031
146 6274
4655 7206
7476 1771
222 5838
1491 7155
7015 7825
8355 9416
9686 5903
9371 2088
7311 2458
3210 2999
628 6591
9006 8631
5710 3788
8214 2949
3294 9611
5867 6364
5028 9035
5687 4538
7942 5138
3137 1353
303 1344
5433 640
9176 5942
6288 7745
7617 5246
4843 914
3973 4004
7850 9084
9223 7991
2872 9278
9395 301
1905 1245
7308 2947
973 8227
5277 2412
5208 7724
1773 7956
4860 902
1908 7871
4808 2529
757 9922
7075 1206
9652 9300
6299 5599
687 3487
4888 7140
3355 3832
4569 1626
4733 2014
4690 4918
9251 9584
6081 5375
1586 4621
503 6833
9259 617
8994 9638
7519 3215
8332 2696
6289 3586
5295 6619
2945 5174
1117 3132
4096 1801
2312 746
8946 1915
8280 2802
5756 6189
9642 8455
2311 1190
4318 1706
9200 5494
8916 5325
589 6107
8711 9797
5602 3440
5607 4087
8525 3810
8728 3245
3877 6975
7233 8216
6852 2493
3018 7729
5644 3425
760 8779
5754 8736
8504 522
461 4964
5442 4791
9103 8432
8203 8242
7217 3178
7634 1474
1596 1804
1279 1197
6649 1087
1621 4860
7337 7321
2992 2144
4002 1261
9931 8998
485 6105
7347 4415
8528 6526
4947 7754
689 2794
1546 2715
9031 9079
3263 8361
7158 2763
4718 1569
3533 8520
3602 7944
5648 7167
9447 1161
5810 125
9797 4943
5890 6869
9313 8998
1862 5409
3997 5768
6843 4541
9218 1718
9603 8855
6287 7659
4176 8002
2654 1559
8962 4704
5840 4327
6463 4748
6192 4445
9048 2270
9346 109
5041 5939
1719 1847
4899 9310
2297 9354
6687 3480
493 9696
5491 1193
2289 3005
1946 5667
1301 2802
9941 359
6170 3975
2118 5980
8791 5118
7299 9621
7606 43
3184 9291
1913 3409
4609 9718
1931 995
6588 4634
3045 992
6466 1517
4382 1065
2486 3251
7291 7959
8103 4594
1209 2119
575 7595
6800 7000
636 7751
7490 347
5071 653
7736 7581
1612 5866
1759 2593
7736 9005
5813 5888
3576 1962
5280 8093
6199 9045
3412 9790
8968 2973
8830 6141
1470 9424
9816 3604
9691 3132
2322 9087
5312 8893
1903 6834
1031 4509
6788 6404
8716 1730
3885 3337
5599 5581
5499 9941
534 6747
7625 8252
9130 3679
4196 2272
6537 1257
923 5990
8982 4789
5146 461
1846 5818
5330 2802
1250 2300
3586 2554
2953 7133
7265 3991
4043 3694
9556 3556
5347 9418
4785 7784
5111 9905
2327 5972
6058 6322
9483 8001
7232 6781
9560 4125
5007 7760
4737 3450
7974 1187
1525 2276
7764 2401
4662 3905
2009 8151
2812 2077
2858 8373
2247 9635
1257 4149
9870 2700
7238 2943
1224 550
9333 1117
5909 7815
926 2864
5398 8494
4116 6536
6374 332
3266 3668
3572 3313
2333 3917
3156 6808
7549 8862
1156 1779
4657 4056
4900 872
218 3972
6698 4264
3417 479
2235 9434
7810 3881
7763 4484
7740 9255
8893 627
6072 7420
5907 1718
5436 7396
8708 5592
5786 846
364 6867
239 6431
8287 8292
6336 2557
9148 7241
1925 9935
2348 1697
9926 1037
324 9229
7721 8292
1370 8219
3713 5665
8145 5895
8716 9678
7041 8562
8599 1170
8493 556
201 9384
9605 5808
1100 5768
7372 3670
6882 3881
908 8547
7376 7179
3126 5681
565 9975
5466 1873
310 6683
3278 9558
742 9242
2824 1400
7018 2323
288 2515
7310 9487
781 634
5717 8246
628 6968
9697 6986
8520 6308
554 6533
4337 1204
7823 8848
6853 2455
6774 7918
3854 717
7211 642
7258 8138
2787 27
8066 2741
3904 3036
5864 5850
7018 6093
249 8725
5432 3854
5696 3991
3157 8545
8707 868
8164 734
6520 3090
8951 5132
8210 2971
7023 4054
9907 1611
7617 3068
564 5134
1143 1255
2612 31
3959 8922
5006 2275
7302 2112
9016 5821
8891 6126
3724 9942
1165 6985
5590 5270
1432 527
2960 8976
5376 4872
356 8055
7688 7693
2137 4286
7862 8733
5736 7110
2891 6672
2547 3330
3025 141
5074 3747
6960 2226
7471 1506
6871 6297
3762 8851
799 9846
3383 7723
3599 7182
1857 4092
8113 6081
7064 1431
9166 3122
6553 2395
3915 9375
2653 3396
4354 4968
9065 3916
2385 164
8744 8019
2022 848
8618 7131
1036 1377
1247 8849
7131 8489
592 7420
8558 8986
4072 335
3804 5562
9710 819
5406 6097
4795 4225
4224 3179
1044 3137
1406 4134
5409 890
5899 9056
3107 99
4719 7413
914 8867
2410 8819
4959 2330
3657 9924
7766 4237
8635 4613
5844 2372
9671 4293
85 8966
9035 9719
9323 7497
8150 9744
2737 5466
9718 3019
107 6519
580 1438
7095 7848
4621 9462
9423 2687
5697 1213
9216 7272
6066 6123
8803 5773
2095 6894
9119 6663
7806 5583
4696 13
8363 5445
4746 9402
1621 8216
486 4570
1663 813
1518 9221
710 3957
5161 3114
223 9713
9330 2798
3526 4913
1152 8944
6952 6587
9744 4908
9338 7594
1052 3655
6669 8061
7522 3984
452 7442
4134 6008
5030 6456
7212 822
6277 2554
4533 6158
7422 2368
1364 4986
6122 7898
9938 3107
7678 7015
3985 5029
927 8127
861 8709
1045 9637
2317 5552
5362 5746
248 9729
4036 7915
8870 6311
9964 8530
632 1998
2824 4526
5659 734
1668 1853
9697 363
7498 2627
8129 6781
1488 5255
3107 8902
300 5451
6570 1593
2060 9990
4710 567
1341 383
3132 1979
2900 6076
2389 621
6249 8514
9121 6914
8566 1740
864 3646
8255 783
2587 1355
5276 4435
5764 2105
4473 5970
8999 1163
1058 7990
955 5806
5258 228
1845 2106
6330 68
7974 2925
9983 6281
898 3474
7504 7859
9106 3455
5227 702
9470 9436
8416 4730
5899 1613
8947 747
4755 6909
286 2130
2143 6971
5183 6911
2349 1545
715 9282
130 2274
5980 9600
3822 6963
3930 1175
8704 2187
1668 1997
8419 8581
7122 9128
9010 1625
2147 9296
71 8918
3111 5945
4403 5695
3343 6249
9195 1066
7533 8642
5739 7915
8438 7210
344 9097
1324 8874
3246 3972
3772 3361
9961 413
5598 6274
4242 6106
9100 7459
5074 8190
1809 8968
6524 7297
139 778
5889 6659
293 7430
5369 8434
2173 8872
8886 424
2864 7688
4053 9876
6968 4677
5107 297
8902 2755
6973 4678
4546 5232
9279 2289
924 3280
9474 7018
6637 983
3428 4926
9673 8219
387 865
8037 1908
8266 7831
4580 4886
6243 5775
3892 7884
2111 4190
3046 2755
8633 9231
2328 9017
8519 302
8038 5925
222 5472
3426 8783
6660 6639
9611 3149
5185 9883
97 9165
9635 3160
2359 6491
310 7275
1781 8814
5346 8851
499 2402
6307 9756
3277 6514
2118 2258
3414 5202
1023 5170
7906 6523
1691 3655
1603 9236
8417 6873
5428 3076
3543 9142
2642 5519
402 3520
6648 1508
2753 9515
2704 5940
1500 5380
4247 9731
4570 47
672 6036
6925 1265
612 3172
8497 1853
1242 9558
5960 8138
8176 9456
1368 2635
5416 3612
3533 3930
8409 1484
9359 6462
8893 1106
4875 2149
1303 3954
6880 2741
5498 8565
7562 6335
4843 4759
9506 9984
9771 9127
9099 7456
6894 6966
7148 3106
2117 1203
6433 39
7956 9762
8419 8421
977 1574
1335 5077
1719 5509
2297 2159
7878 1035
7401 4168
2718 6123
8998 2363
5951 5492
9067 7837
4808 713
8308 4354
4952 8933
5703 1465
6661 1708
1081 8562
9549 5081
8630 7871
8452 3812
2744 7697
6829 2179
5559 9591
8142 7818
2985 2523
1937 2886
1731 6343
1144 7955
3116 2702
1431 9884
2506 1975
6953 9399
4912 9494
8776 8956
3146 1571
3732 7392
2022 9843
8670 8204
8262 1515
7323 1908
4144 451
2540 8991
3965 4902
4731 2376
6039 4793
7734 2428
4520 4153
1057 6915
2489 139
5946 5743
7101 8889
9823 3876
8350 493
4441 9550
4285 8729
8489 3348
8153 8920
3359 3108
9486 7591
865 8294
1614 6498
7818 3900
7232 1341
738 346
4840 2991
6492 2035
6657 1959
1267 3142
3754 4994
2768 915
5095 1762
2736 1604
4306 3825
4058 6811
9781 9547
9171 1832
1233 8095
6355 8833
9487 9511
5492 99
6652 4132
3126 5780
5590 1826
6160 1932
1914 3492
1202 148
512 4447
1841 3385
3889 1367
5888 9026
3409 4224
1352 1970
5524 1627
5041 2439
2377 8312
1326 316
7220 6332
45 4589
8117 6420
6515 9695
2134 3825
5945 1558
7961 5647
8745 8664
3109 887
5323 2273
7039 9518
7200 7029
1954 592
6584 9821
2890 9123
5604 877
5836 5846
8393 3548
9287 4709
1431 2122
1345 1689
8883 3744
8764 9424
6400 1973
4647 3576
6545 644
853 755
6474 5246
7054 6742
2622 7594
2142 3611
2068 9694
259 5330
3158 1190
2964 7198
4165 6301
2636 4036
9867 9087
5057 745
7094 4506
5509 2001
1166 6195
8411 6338
3718 3409
9226 4310
5777 6105
4315 3553
3335 4430
8726 3176
1593 9953
7917 622
7958 2423
3193 1569
4881 8189
2551 6863
9638 3686
5186 26
6409 7691
3780 8005
9808 773
8475 1122
8381 2365
3318 8170
1498 8291
4270 786
866 9322
3589 6949
5361 6202
4864 1777
7061 6279
7757 9460
4391 315
2082 8448
1157 2893
6469 6825
2248 2619
694 6031
7008 9018
7445 1346
5839 8666
6648 3397
4643 1996
1797 3018
3084 2572
8330 3408
8186 4658
5916 8415
1824 4004
8225 7685
9879 6031
3973 260
6689 467
489 3193
6652 9399
1482 375
9924 3642
2385 3818
471 5015
5706 9723
6961 4585
4019 6075
7029 6600
595 6884
9679 3756
7376 9207
3419 3656
683 1294
5013 5204
7170 5678
3405 631
8875 7442
382 9367
7050 4786
671 2727
6347 9634
6847 4324
8066 2286
6740 9551
9589 199
8775 3203
4293 8205
6974 4963
4352 993
7718 6633
6159 5155
1061 5453
8515 5061
7709 72
727 3399
1321 3355
8183 899
8560 7048
5125 276
6306 8067
789 9613
7901 2170
4559 3458
1123 122
16 7359
722 7583
1722 8201
7348 5096
8550 503
2742 581
8382 2168
9447 8891
4 6407
753 6859
1878 5186
4939 5215
9485 1635
7867 835
2293 3296
1826 8119
7258 1569
1856 2662
2959 6535
3989 7244
3409 780
3720 5433
9004 3688
246 5391
9647 4872
3723 5084
4565 4273
49 9566
7109 2873
3945 9689
48 5188
8106 1595
7271 2023
5837 5508
2104 5748
732 9186
3020 6266
6190 4885
9113 3673
1512 4527
3072 3016
2876 2551
5824 3003
1453 3596
7548 3575
8544 668
7290 7248
303 4423
3780 185
5218 6142
6096 7078
9868 6662
371 6560
2913 707
4712 9754
834 7228
7447 6124
7289 2534
4564 7714
69 7482
8567 3792
7278 8799
7829 2261
3572 2450
2330 5217
4903 4861
3205 8241
6966 4013
5212 7675
21 4015
2219 7313
3028 5906
9772 8158
1292 1567
7284 7321
251 8239
9102 1557
6830 8001
4172 6712
7144 8633
9061 5458
4902 3607
6244 2938
2671 3210
7845 2785
8974 4857
6734 9953
1511 752
8248 85
7519 5240
872 5336
2386 8820
3472 1938
150 5600
2568 4484
3805 9013
6338 7468
6141 3257
4999 3188
9221 8806
3500 4249
9216 8179
4993 4471
8045 3916
1933 7625
2664 4262
1259 3265
687 2172
3123 1562
9673 1422
7474 5811
14 1904
1274 3636
6005 5546
1999 3953
636 2137
823 4889
9858 4708
6743 2432
8009 9701
5780 1271
4473 775
4612 5323
5079 5240
8881 1860
1384 280
3553 2730
7534 8215
7939 6574
731 3170
2164 711
4156 1578
6939 6326
9872 8308
5442 834
6609 3436
4308 708
8905 1305
8448 2211
2951 508
1627 1911
9739 2997
4948 9951
1241 1532
8052 30
1220 6974
134 8902
7312 2455
4506 41
2537 9602
5370 6872
7637 4240
1093 7019
5987 5001
8300 6569
3470 5045
6347 49
8459 7006
1406 1498
4319 6955
3570 7058
3407 418
4985 7143
9986 4450
126 4516
2698 9835
8288 8778
7046 2521
8030 8530
5804 1474
687 7709
2982 4049
5045 4850
9710 6150
606 2802
3900 7851
7888 7352
9981 4053
5597 8997
3387 3609
6926 9959
1185 4908
5341 9813
6761 2361
2934 9528
6278 492
5403 7225
3766 9210
4028 9413
8580 2848
9887 4004
1413 5792
1361 9272
2209 6135
3277 7162
1550 3979
6858 2510
9740 5844
8655 1514
8853 3540
2716 1567
1338 2029
7879 4206
1624 2530
8140 3032
3910 9667
826 9978
8200 2439
2100 5074
8114 1406
7438 7404
6616 362
1566 6147
8513 121
4895 3409
5524 1972
4049 7726
7068 9811
8664 3061
8037 3688
8061 3167
3501 8257
5838 8591
1554 641
5565 7176
4094 6062
4483 5804
2658 9660
2776 482
5700 3634
3295 2708
7164 2906
7407 355
417 347
7118 5528
8965 9615
1952 1400
687 7628
2094 2866
475 6522
9240 8645
5738 2869
8604 5119
2011 6141
390 5968
1021 996
3327 9778
4380 4484
3003 7881
827 1101
2583 9092
4686 8890
8034 143
1679 6626
7178 546
7059 5202
8111 4221
6304 2229
8963 2155
519 6214
3736 9518
1251 9678
9323 5526
2277 5237
8377 5658
2104 1070
3737 394
1933 2206
4721 4882
5978 5163
5863 4533
1421 1071
638 1145
1053 3743
5228 6978
7047 8319
1381 1031
3604 5367
6527 9336
38 8753
8854 1017
8726 9108
184 3187
3135 6158
4572 1618
4214 2004
8954 2572
8183 471
6254 3516
8058 1391
4375 9054
8158 8811
8832 5387
7554 6385
4549 1029
5156 5093
7252 4923
4628 9915
6528 9154
2802 6771
4242 5801
831 4811
4152 5941
8047 3774
7879 5495
3431 8324
7615 3600
7805 3640
1410 5785
5945 4451
3822 5860
9416 8398
6424 722
4164 6863
2970 583
9123 3119
1861 4040
8244 1828
5733 5712
1790 7904
6387 9422
9529 1042
5711 9164
1702 6960
1024 8041
5976 8856
7412 8955
5334 3808
3452 4233
8262 7781
638 563
5538 3201
995 3830
7530 7945
1919 2435
5295 3338
5874 7688
6765 9314
9875 3115
4394 1938
3139 7552
799 2840
3292 7562
5561 9922
5897 2057
9492 9378
2856 2205
7041 4496
676 9886
1089 6726
2814 2471
5513 9263
4227 4230
9026 7810
6417 4610
228 3193
4939 5288
4058 3731
771 3510
7095 3565
9662 8622
6593 3856
8771 2668
7392 1350
9906 6135
2706 8731
4477 1052
52 170
2777 1469
7553 1810
3174 4352
4031 1318
2606 460
1286 7244
137 254
6549 6026
2936 7614
8754 9024
8532 4105
7463 1901
6445 7893
2002 2374
8280 1046
6733 6893
9217 5611
2039 1580
4769 7548
3789 5612
2650 6081
4628 1825
8973 7435
7300 4967
193 7111
4193 4466
7651 9870
4393 5759
1831 2524
1253 269
8261 9887
9419 5554
669 4124
4976 6811
5271 9635
8143 8321
1618 6113
7448 8157
5915 3574
3188 3868
9469 9446
1763 6935
9743 1467
7652 9717
8728 9327
8122 6387
3005 6524
8886 8261
4253 9918
3010 8342
2859 2224
3567 3336
6094 9586
9338 5667
8081 7061
8817 3035
7539 2832
6396 8468
2357 1708
1819 386
7043 2038
8037 146
6611 2883
8002 6618
5273 5733
3801 5630
1875 2324
1620 6060
4240 8018
4620 78
1557 117
1936 215
9078 3912
958 7560
8595 5414
6430 4969
8744 3061
6996 5078
9716 6541
4398 7408
5081 3046
4970 7870
4539 4618
469 8462
3497 6294
2504 6392
2289 9684
3566 1165
5777 3294
4521 878
5766 1804
9532 4443
7926 8796
3048 8082
9186 5921
4190 2182
1585 3805
9452 2419
3579 2614
5414 9266
4377 9123
5555 4196
9142 542
362 9597
5441 1767
7568 7737
356 7888
2977 8557
6175 763
2393 3435
2220 200
2353 5210
7784 394
2192 7419
7354 3931
77 7255
1450 8039
9922 8997
7222 4259
9619 7635
2701 5851
4348 5079
9349 8422
1092 9761
6951 7199
572 4659
4178 2812
2465 5276
8679 6924
8723 1661
1774 1142
186 63
900 2439
3019 475
8901 6277
6774 1388
6516 1718
72 2766
6214 4539
3087 6747
5978 8204
2458 1579
5723 9419
4370 3966
6551 9599
404 4534
646 6706
8336 3930
9920 7422
9039 9242
2641 6234
6205 9995
8349 5941
6993 3194
1453 2985
4557 2461
2825 7425
927 8777
196 2171
322 4262
8807 6600
526 3742
6775 5149
5545 3427
6651 3027
4778 7547
7228 3330
3022 1011
4200 4286
5549 4416
2322 4085
1259 4194
9921 1937
5845 9203
1099 8410
4830 9343
4250 3787
8794 6796
1372 4825
696 9472
4078 1749
4296 5375
5642 5674
3623 4211
1656 7511
1315 5090
4245 6350
2570 4682
725 3338
4102 96
7370 167
9700 3955
8910 3230
1621 3901
1998 9288
9518 8039
747 246
1524 9959
2388 1101
1032 5385
6154 8334
3663 7063
921 226
9814 4473
9570 9209
2359 3044
9294 9469
3211 9186
4730 352
6871 4318
3342 3158
9756 2049
3136 4125
726 5277
6806 344
6051 9946
8531 8490
5571 8690
6479 8657
3515 745
9059 8474
312 9738
6237 9938
6630 8396
3150 7145
493 3317
2416 4900
5497 2596
303 8855
8005 8859
1087 2471
1451 2208
790 5946
3991 3463
4273 1471
910 8026
9161 5938
7377 4429
9453 3191
3819 4545
1589 9318
41 9038
435 7229
6550 9794
9639 1020
3224 2312
8334 9608
3039 2930
7789 4565
1661 3281
6136 8625
4439 6033
7553 3408
2797 7150
5143 9060
139 9846
8732 7175
3770 3600
8354 5314
1991 3419
6838 7324
569 6968
7140 775
2273 2916
37 9762
903 4023
3939 806
4757 9896
7917 8563
5690 8876
5692 3133
1021 5470
6708 7267
5265 7245
9752 2236
4951 9240
4746 9210
5266 313
2660 3372
3855 3031
7285 8021
6890 4883
3326 9827
3767 4409
481 9078
6647 3360
4296 2398
4071 3269
8566 9092
972 4222
4182 720
8653 3985
9472 3151
9665 8991
3223 5552
362 9837
3993 8577
340 4659
5144 4176
2123 1492
6237 9343
9320 4773
3510 5103
4840 1851
5826 4133
6051 3729
7438 4882
7801 2465
6316 2188
7618 5625
7806 1923
2082 3503
7321 4300
3467 1471
4521 6972
5309 7266
5801 9530
2981 5927
9721 2622
9650 7025
1541 1187
8260 2179
7493 9573
1447 7269
8378 790
868 1394
8237 4990
2416 183
3131 7745
1686 9316
2273 2641
6223 7801
6191 213
1822 6151
6910 4486
4879 594
9751 4276
1391 1257
1914 4573
568 4752
7076 4319
5036 7152
7967 4999
9075 9767
6732 7470
1538 8243
178 2256
2902 6646
8790 8747
8678 3928
3746 9746
4855 787
4247 1153
6573 9044
7620 442
5520 2846
2328 6465
9876 5563
4712 9479
5144 9729
4084 5649
4912 5730
6714 4813
3520 7354
4718 5894
8639 8540
8931 2272
7726 7917
9370 9396
2451 2889
7147 995
4373 2541
3907 1325
5533 7731
4028 6689
3354 5387
6945 2757
7263 5097
1182 4598
8437 7049
6224 3856
7339 3912
9316 5412
723 6764
6976 33
5254 3880
6538 8525
7702 7534
2795 1303
3646 6939
7842 4544
4342 9562
4112 8637
4515 23
4967 9816
2978 3172
7854 6578
5631 3279
7257 9327
8099 9796
442 9356
5350 1822
3157 5424
3339 7364
1573 3962
3913 4194
5187 722
2574 1477
1330 915
5373 7073
7218 4989
9293 2164
2361 6202
1693 4523
891 9288
9742 5270
8105 9061
4600 9616
3991 5966
2028 6831
6314 3468
3624 2813
3133 9733
7263 2573
2841 6869
8726 5555
6786 3672
4436 5230
7525 9077
2724 8501
2853 7245
5363 4564
2427 1833
3653 6906
1379 6679
8096 7359
4145 8352
6893 5477
5557 6411
502 7741
5514 6534
8674 7901
9307 7814
6859 2210
7536 9766
9238 7651
9242 2466
4154 7828
5966 7549
423 2755
1288 4605
8216 989
861 3723
8065 6755
5172 1944
3180 5752
3946 2443
5306 4867
6932 5222
3918 3767
2418 9802
3608 696
9023 8250
9736 1046
587 537
3561 108
5737 5483
6929 4506
5349 3414
4976 8201
9635 5839
5394 260
5728 6267
8777 3159
6662 8517
5959 2630
8339 3713
4500 4549
6734 4922
9113 825
5504 9061
4756 2876
1777 9155
2625 256
9003 2847
4143 8022
8842 8596
4847 4260
7395 8495
500 9566
6064 2337
5467 9553
3969 9124
5169 8827
7344 8989
6688 8763
3152 2354
5010 9542
6068 2675
7489 4532
1432 4263
3525 7194
8310 5657
4995 471
12 6138
1260 2909
9645 6486
8567 1265
6197 7002
9125 9201
8010 781
8255 6251
7510 1529
8011 5280
7189 3937
6394 4683
1067 6227
8862 1351
284 1437
5443 9391
6961 9564
196 2489
206 3695
1249 2476
6351 4398
1735 9918
2429 1981
7855 7432
394 4155
4418 6347
208 7984
3623 1994
9047 9454
4916 8148
1181 9369
3833 5759
2933 8634
2471 1133
7865 7452
9407 6404
633 6194
8742 6297
8618 6121
6556 450
3181 9921
5033 4145
9871 6774
6708 3043
227 7215
2086 6513
7509 6477
4554 297
5488 5439
9302 7043
1294 2628
9932 3404
2985 1126
8388 7632
4383 7294
8781 1167
9827 4748
4478 691
3248 4667
3732 9934
9633 7878
4911 8968
64 8035
2287 5073
7778 845
9440 9957
9685 2752
6840 8051
5563 762
1546 8308
9808 1249
9702 6667
9129 2460
3228 5191
7034 7126
1950 9946
4395 7783
4266 8655
9443 7729
2075 6004
824 4354
67 552
7732 1861
3416 7176
3885 1124
5144 1839
9955 2824
3961 2863
1075 19
1271 1162
4955 8624
7915 3888
8092 8483
3948 3123
1160 722
4403 2052
9453 9320
7158 5757
628 438
7205 6310
6233 244
323 4580
8145 4978
7681 6344
7217 1536
1407 9953
2900 7852
8418 9300
6776 8980
1212 2268
8509 7699
1322 5046
2034 2914
5119 6189
3127 9798
1971 3715
4075 1111
8552 6679
9454 6339
7764 3234
9244 9864
3250 2447
4357 516
5490 8609
2427 4573
3381 7340
3525 8894
5595 1976
576 8011
3984 4093
5729 9390
1243 1513
5976 5697
1794 8673
5915 7411
2078 5054
2326 5034
8296 8509
3464 777
5396 67
3774 3117
4554 2497
4763 6910
6249 5522
1305 95
9673 5680
2215 1879
4161 7329
8827 1427
4278 5978
1893 1584
1829 598
8730 2213
1683 5981
6896 2492
4216 4591
5255 1588
4441 3688
7399 650
2891 5038
1089 743
5841 8794
7844 4332
616 6584
2630 2167
4469 8907
5589 4567
7616 250
3740 2380
3714 334
2533 3956
3157 4777
7561 8067
2137 6608
3615 8322
5934 3500
8872 8272
3474 7302
8992 2129
2377 6996
7274 8972
4860 285
916 8620
5756 4301
5211 6617
931 4797
3805 2541
9530 3592
947 7990
4235 2762
7226 2988
606 8131
8746 6782
8854 2722
4006 3793
9149 942
5993 9793
8418 2228
4876 945
1275 3291
6697 9872
7109 5625
7031 7638
5615 54
5723 773
3570 4115
6829 6685
7475 5595
2444 2296
334 2970
5024 941
5385 3555
8562 9635
5018 7363
7686 9850
8135 9029
8252 1130
283 8086
2248 1843
7755 8892
513 6104
2095 6901
7626 6796
1588 1650
3741 8674
3791 1956
3375 6900
2740 8370
7760 7315
1362 1213
1017 1334
8558 9146
5317 8878
7617 9418
8678 166
4232 3201
3948 9212
4214 8423
5687 5454
5963 5239
262 7300
2801 4283
8805 647
156 2823
5127 9861
2723 9210
7201 6028
5234 3665
3692 4582
352 5866
4234 2291
4650 1845
790 7417
8527 4054
2095 8897
355 1574
5739 317
9377 1734
2570 2568
284 4647
8543 4233
9538 4607
4258 1900
2952 318
7407 5395
1503 2007
9110 8689
9158 3868
4705 4995
1760 8115
9513 4724
3709 7365
9964 2941
9688 9517
5472 9753
1929 1391
4345 9142
1502 8866
5218 2106
9502 4827
9972 4219
4969 6851
5746 2993
6783 7398
2568 8411
2525 8792
319 6253
2100 1840
7139 2258
1598 1470
4604 4972
3137 9258
2318 1786
847 8649
7501 9358
7576 708
7113 101
4229 5675
4663 6193
3628 3710
7088 577
1166 2155
3210 6594
4916 1966
1666 6416
7420 1784
6344 5933
2969 8507
9347 4555
7344 7114
9041 1683
9233 6036
4571 6928
692 1348
5825 2037
8532 7724
510 8569
7041 4865
2551 6644
3496 886
2695 8170
3368 4539
7870 8902
8233 1437
343 1622
6371 4512
1098 701
6427 3213
161 3834
2356 7929
2751 4811
6612 5787
7984 1257
5874 8431
229 3144
3149 3778
3901 7470
4196 6391
1227 2974
6127 7860
120 7864
9041 160
9028 193
8266 518
2201 7877
2684 6890
2619 1454
9732 7093
8433 6988
2677 4776
8983 8580
1031 1346
5481 1380
2385 8363
7477 6492
9663 4903
1561 2178
4369 9376
7256 1350
75 7675
5486 2272
7448 9979
2319 6671
3109 7705
1855 3581
4068 1334
1782 752
4632 2569
9089 7303
5348 7955
1686 4722
4476 5782
3386 9650
7407 1243
6871 7553
5641 5423
71 3725
503 8953
8893 1201
8355 2777
3023 3159
2773 4471
450 7039
9940 2547
2976 5411
3804 3298
9870 1611
5330 5774
3016 1918
662 5781
2840 8598
6840 501
7188 2880
668 2162
1976 3365
7626 2709
6489 8708
8006 161
4740 7479
8602 7465
5752 9185
1417 1322
232 4995
865 9187
5170 131
9628 4545
9512 8625
7631 6689
4882 3190
6825 947
999 1985
8402 2284
3380 3259
8327 6517
6041 414
9421 2118
7017 9480
1170 5254
4631 8212
5444 8376
2141 8935
9722 5280
8587 7989
2480 9773
8128 4434
4721 7154
5561 3853
2886 6237
7120 156
8104 317
7762 8432
6390 8787
8495 2505
2813 5815
9493 9131
7752 9679
9410 8018
6189 5211
7099 2472
5115 2940
508 7706
4918 9131
7342 5608
7046 9647
9540 6823
6610 4141
5088 1138
8043 5850
3602 7029
6703 7876
9244 7657
851 4255
3747 1663
3639 2926
550 694
2790 780
8092 3827
2233 4536
5816 176
8691 4861
1098 7320
2443 5676
8665 9528
4185 5060
3216 9349
7871 5163
4108 9013
1181 9719
1058 9732
3290 887
1408 4538
4110 6974
4492 3970
1674 8533
6097 2737
3937 9416
3231 2462
4437 2370
4776 7102
8356 2318
6824 5193
8988 1465
9247 6510
2499 172
7321 8855
6305 6362
8853 409
5870 1517
4647 1143
383 5118
3222 3360
5401 4073
8489 8772
7965 7830
121 2399
2573 573
5742 9303
6169 1522
8035 9928
4121 2900
3251 9208
391 449
7547 5768
3581 1755
6267 7521
3609 5244
7643 727
6287 263
9069 9619
8026 2409
2608 2102
4054 1846
2038 3035
6000 3026
1721 9032
1864 9523
4771 6187
3199 1032
6579 5764
6568 3830
9031 9665
5137 8651
7787 7071
497 4241
1531 2144
9452 773
603 9621
3733 6425
2196 3700
3609 3636
8708 3499
6665 3203
3481 3815
3273 3412
4963 7977
21 4033
2080 2129
9114 5771
9631 5087
2326 2343
2258 2980
5120 6705
9413 1635
3000 9485
539 5115
4584 8610
4485 4006
1628 8495
4736 9838
9271 7677
6269 3213
4114 783
3634 4074
7735 5197
4854 5853
980 5841
9846 2467
3531 6052
5460 6847
4767 8129
9523 9040
7154 8078
2389 7292
3202 4167
7424 343
2663 1931
7829 2206
8196 653
3458 5959
6120 9806
1569 191
57 4397
4102 9399
8595 3833
4930 1885
3354 8022
5320 285
9613 5126
6377 8350
422 8096
8908 158
1561 2900
4697 3719
8041 1581
9324 3724
8239 3421
7802 3862
7992 8630
9742 6989
1056 2889
7894 7633
5744 5137
6795 440
1467 444
7332 6282
6664 112
315 460
2707 2813
9590 991
7544 122
8629 3914
8277 6462
5728 9466
4329 3043
1537 8995
1575 78
6403 7033
2785 5968
8092 7200
1968 9026
6457 1040
2004 2332
2057 4396
5548 3314
7449 3507
7260 1500
5320 5427
6550 9806
5718 8253
3998 3224
9489 6550
2284 3372
1353 6078
5271 2506
6821 4244
5213 3016
6377 4568
8752 1189
4786 4708
4955 7096
5792 6984
9766 2373
1791 2496
2851 6554
8798 9459
5267 1022
6163 1153
9084 2031
3231 3583
161 1631
9513 2311
7233 2283
4964 8404
4968 7594
1013 8202
8436 136
1371 9995
562 4712
437 5360
6796 8319
2942 3003
3957 1315
1183 6124
4818 4094
2741 2080
5350 9253
9813 132
3130 4858
5657 7317
1962 5565
6446 9684
7643 7481
2231 8230
9751 2232
7323 9322
6404 1982
1800 6300
21 6393
4998 7288
7712 6256
8388 8930
1350 862
2998 1869
3617 5031
6534 3823
8442 1540
2833 236
192 6371
8412 4024
4603 8551
