6138
97971442
1054 6208
529 7836
493 4428
9140 2054
9360 106
1845 2614
9002 4327
1926 9076
4050 4587
262 6617
4432 3500
1298 4969
1602 5494
2877 180
8571 4946
8729 6868
8992 1131
115 8607
3881 2690
3186 6100
6402 3224
3747 805
6185 6614
1796 7702
4621 1365
2703 3393
8023 726
1520 7196
6971 4111
2121 8217
7263 4307
1249 6982
9138 6111
418 4038
8208 2837
9590 805
8871 3665
6044 8396
4228 2807
4102 9982
6939 252
6588 3383
7785 1356
2314 5038
2113 4957
3937 8074
8675 7394
4475 2402
1549 7402
9064 6542
6068 2064
9449 3657
5848 2037
6098 1872
7753 7595
7409 2630
2248 8018
6643 1650
869 9644
5255 4873
4351 9048
2005 6541
2277 4793
6130 3530
9091 2708
985 6863
3088 5073
4478 8005
3439 6720
5472 737
7433 1988
229 1857
1794 7166
8279 844
3782 698
9469 8324
8616 5032
9474 6592
8578 9985
8802 8655
5153 4286
5415 8631
2381 76
5144 8108
7406 8252
4070 4222
7175 6905
5396 9398
2231 2522
2704 6892
6630 6219
7989 2515
971 3776
4655 3109
1154 4196
3936 8124
414 1265
3394 7765
1621 4039
1626 8947
32 3035
7681 5466
5903 1220
6489 4727
1461 8213
261 3882
5477 3023
3999 3938
1209 4268
111 6529
8330 488
8488 9409
6268 4277
767 1457
2240 2831
3117 3581
9664 2654
2838 7987
549 2453
372 4570
7033 2993
6323 8572
1096 7541
823 4203
2620 4313
7717 694
1745 5234
8627 9059
5841 3511
3453 5970
5311 3422
7918 3732
6349 5033
6330 5346
2326 1360
6591 5830
266 2756
6492 3018
5318 3837
8049 6276
2797 792
8249 9357
206 4336
4115 8182
5312 5337
2807 4714
275 6202
2401 8297
4622 9379
4636 5919
149 9879
6246 4263
7593 1024
7056 5779
1834 4043
7283 5160
8359 4226
2375 87
6273 9828
7713 7516
255 2071
4470 5157
5768 6205
1512 277
4911 7680
2951 5660
143 3884
8465 3204
4196 7875
9666 9868
3087 685
4098 5640
4550 4590
7826 3673
8255 4276
7168 5429
3661 1541
2658 8095
7190 4539
1849 666
1295 9061
751 1206
4916 1260
8344 2928
9787 9004
184 1611
2801 7593
2746 8073
5430 4783
2428 2032
7318 7032
598 5684
6441 4610
9172 8689
5504 3521
6669 3114
5838 9446
9109 8148
3796 1808
536 775
6441 4792
9313 2952
5325 9016
997 4388
2127 767
2895 8054
1294 7993
7661 8274
1962 6399
3376 2978
1957 1752
625 2020
6062 4400
4217 5777
8396 5977
281 5938
6468 3546
6002 5526
3777 1643
8494 2081
7439 2429
1897 5177
3022 2700
2501 147
1870 8235
773 9602
9768 6037
4464 7050
8702 9275
8955 517
7655 2370
2653 150
8325 4365
7137 2477
5303 9934
9286 1999
156 5168
353 9414
7473 996
3255 2591
8024 9606
2061 2755
5125 1693
1857 8782
5377 4782
1858 9011
4303 4582
7530 6235
1440 6036
2603 6302
3817 3621
8259 5487
4819 6540
5908 9924
3909 2352
9846 1090
5412 4008
5910 3659
8035 7857
594 5205
8439 1353
5478 8386
2931 797
6377 2445
9273 5341
7381 3643
4227 3252
8893 7229
2127 9268
3298 601
6018 6219
76 2060
766 1469
7484 9066
3152 3542
8277 5822
1660 3443
1924 6746
4043 7137
838 2888
53 2644
8850 4773
6161 2027
2454 4268
9570 3742
4577 4463
7467 1121
7015 9701
6595 8127
4153 6583
5197 4936
896 8930
2504 5584
5417 8778
9410 2171
2033 7966
6434 2535
2581 1336
4358 4337
7559 692
9706 9291
22 4101
6637 7401
8153 7349
7884 9683
6846 7576
8707 9900
2805 4920
2669 3804
2156 9828
8511 8109
6239 3114
554 2276
6862 3339
5868 1677
9544 5627
1191 5512
7102 2133
4549 1017
778 699
4933 3817
3352 8683
9955 5312
5284 5797
5662 9713
1851 9693
7893 6133
7534 1073
2532 4318
4915 5769
1976 8970
4457 5407
5310 346
3201 2058
2401 9575
8955 9775
4438 1356
3176 2430
6340 3237
2989 2370
234 6696
8638 7050
4493 6338
6456 8007
1065 3700
2 9936
1159 6743
451 7814
9136 5026
4443 4862
9560 4743
6894 4495
8100 3913
9719 2025
5897 2188
9679 3317
9837 1170
3161 1023
859 1358
1830 85
1058 7136
831 3458
7034 6078
3417 9175
7803 3355
6204 454
3699 6614
1982 6556
2511 7682
9078 468
5483 3548
7332 6653
7874 4656
3828 8813
4438 8588
2416 134
3196 9504
1672 2946
2521 8014
3331 2400
813 6802
1077 4992
3985 6121
3271 9307
1779 6964
9756 619
9489 1771
6654 1022
3153 9569
5590 2604
5147 4981
6409 8552
4565 4015
1608 1792
9615 24
7350 6608
9480 6499
9754 9208
3566 907
714 9766
6477 4747
642 5923
1332 6499
4039 382
9927 2019
583 2159
6768 3447
5462 5863
4009 9232
8820 6776
7935 1516
7945 8240
3002 7792
3403 6363
5260 3044
1161 6666
2791 3576
4810 3286
6515 1775
6037 9618
3532 9935
7914 5062
826 2011
8258 9794
8572 6046
9779 5841
3842 712
5919 8555
5429 8037
3443 9379
9567 9256
5691 3546
3442 389
7824 97
11 3575
6275 1428
4839 227
7060 9243
4493 3432
6754 5377
4282 6204
8669 8953
882 4113
4838 1484
4717 8042
901 5869
7482 297
1488 3493
3669 4444
373 1063
1897 5811
4328 5517
3463 9473
3852 800
9548 3667
8219 5659
2568 949
3917 1504
2987 8920
2110 3758
921 439
7833 9226
3874 8249
7836 2768
4251 4227
2125 1628
6090 8681
7511 485
404 7999
7920 9516
4244 5209
9053 3823
5127 5550
7051 624
3977 5972
2000 1562
358 9580
2583 1255
137 7306
2872 6599
5426 203
4885 1215
4707 395
4767 2352
6736 6531
7346 4409
1749 700
2747 2292
8023 5192
9770 4046
1112 3928
1653 432
6860 4775
8661 1865
2449 909
75 6774
3821 9130
3869 1355
8952 9412
5580 9386
7321 5376
6665 7684
5620 4619
825 7271
208 2884
4492 5425
5937 3817
1444 4783
7440 4481
5274 6812
9800 1338
181 67
5114 8833
3194 2012
7425 9831
8537 315
8746 4219
8284 4238
5221 3127
1998 795
2699 3331
7847 6859
2127 6809
4610 1162
272 6105
23 8788
3101 6782
2448 2385
8625 8072
2229 6639
5143 7377
9705 5573
2125 5029
9359 680
6487 9281
6264 3692
1516 6205
9644 3873
7538 230
4928 6827
9003 2471
7336 3728
538 9997
6493 4956
8410 121
8704 3909
6434 6014
7756 2295
9577 5698
8479 1695
8156 4648
6245 7133
5073 9584
2892 9086
5110 4170
7592 9348
4827 3529
3748 4510
858 9270
4997 9027
2907 4606
7294 9119
4224 9257
429 6360
1825 5846
2839 5388
7453 7816
5834 5666
64 448
5291 9359
1910 676
6224 2953
8992 1994
7821 6626
2064 2744
3364 3823
5726 7362
1337 3808
4841 7852
7770 8204
2454 8750
5088 8431
73 4435
8479 2137
6728 7156
8395 7324
5241 4257
4420 654
3240 1564
9514 1384
5779 4552
7932 3347
5531 4549
5461 3425
4844 7956
3594 8510
9922 1555
1487 788
8779 940
4969 4737
8099 5273
5559 221
9731 2334
8952 1770
8735 8365
8517 2193
9724 5185
7369 8880
4813 5720
5059 3172
4092 5838
8564 7893
3791 2486
706 8013
6801 6408
8353 6855
7101 4693
1235 377
2058 1711
3689 9142
6661 7267
2691 4314
3317 9031
7541 4147
1082 3892
4775 2562
3354 2381
6481 9988
4271 6783
3339 5300
5042 8536
3356 7280
7344 5703
8812 1997
6353 4932
222 7576
1945 4370
9643 4228
331 1980
9021 4814
1179 988
3375 3323
6604 4743
5549 1730
2809 5678
1816 6226
3544 6534
9626 352
5257 9032
3877 5966
6918 9557
8216 8256
8421 2810
854 8318
6515 4776
2338 4584
5903 8544
773 404
4854 3488
1155 8028
9063 2641
127 8276
5764 2206
5771 9747
5307 3508
1109 5740
1190 1063
6565 2625
1291 3589
501 9070
3178 6048
1222 7725
5184 5928
2372 6898
6994 6264
400 1570
1721 5476
4181 3806
2563 4580
4503 525
3653 5392
8207 1767
1356 1446
2121 3305
1136 7078
2294 7421
3853 8692
5494 218
6775 2676
6777 1476
9729 8748
8582 8662
5992 1381
9989 3441
4330 5837
2851 7784
2456 5356
4301 5920
2839 6552
9832 4901
7474 1558
9860 7178
5082 3701
9401 6029
3397 3867
4347 4679
2054 7152
7343 3047
9124 7832
1678 8489
6564 1658
9460 4032
4697 1520
2994 4450
6867 5940
4109 1320
9937 3560
4957 5806
3023 9054
4974 8760
3814 7367
6485 5901
5465 8333
8306 4893
899 9682
8001 8170
5243 7130
7468 2937
8950 2112
7489 3026
5147 1818
2876 8727
1184 4341
7722 7731
184 4999
2799 4403
4836 5777
3181 2158
221 130
2675 4604
6749 5533
967 8143
6930 6138
1498 1435
912 5211
6028 4758
8329 404
7707 2055
9890 5698
394 4822
6202 510
6052 4906
7539 6324
2443 9923
5633 8190
5374 2418
4263 2517
5032 469
886 7358
7410 829
9392 2850
4945 7953
6901 5083
3009 282
9038 4072
6951 7382
5188 5520
6753 6945
1848 542
4172 6242
8960 246
7138 3185
1408 8672
1689 3130
9986 5613
6598 84
4852 9962
4784 3050
1661 5703
6534 7362
1358 4409
4408 8254
5361 2711
4198 2475
5318 1680
396 8845
2436 3227
7461 8388
4233 2291
6524 7978
5192 6094
1272 7140
1965 5833
9898 8723
4518 6729
8140 2399
7744 1317
2607 6665
7053 7963
5916 3305
5585 4663
8203 2628
8909 2299
437 5074
4059 1131
5023 3956
1792 2973
4564 6392
6137 7980
2088 5790
9985 5097
2127 1522
602 5593
2811 9511
7182 3957
6587 8767
411 6114
5454 7537
9506 7144
7336 1083
6371 5480
7339 2607
9611 3468
4554 8214
677 9125
6337 4496
1784 1181
1110 8077
3342 6982
4907 6820
3308 1245
3986 6777
6865 7056
2918 605
1353 9988
7122 549
5319 6061
7852 3156
5386 87
2830 818
3421 3032
8106 5192
3348 6837
3331 6149
35 8070
2686 8470
4170 8117
6668 5285
5334 5938
5568 6248
8886 2614
2367 8607
477 1138
8457 5322
5453 1249
690 8406
8204 1172
9388 1674
3426 6735
9458 7889
9356 6821
8841 2170
7885 2549
9916 91
6847 7277
996 2548
129 5557
9210 8840
7823 9052
9482 3640
9603 908
2780 1332
7575 8746
7785 285
5290 5124
6416 7597
9136 8448
4075 6292
9218 2919
2294 8390
841 3678
1032 2586
4324 9809
9383 4000
7175 914
3752 8567
8590 9240
5830 2137
4725 4724
2341 3082
6828 3561
5191 1602
7924 7511
8009 7447
9010 4099
2362 1804
4175 355
9218 8197
1050 9403
5735 1354
5175 7264
8887 5663
7508 9830
8571 6030
6851 7434
10 9429
6152 7589
9197 843
5189 6233
7923 8314
1410 3221
9568 8624
8759 2807
3490 6792
3375 2533
6391 8542
8748 6298
4934 945
3912 1475
6392 7947
1944 6002
2846 3864
6304 8588
8134 3679
4913 9635
5424 4569
8201 6592
5049 3371
3412 5630
5909 2958
9008 4807
2574 6178
2506 1181
4543 8069
8654 9910
3046 2997
4220 4470
5025 9511
3212 8378
8752 2180
4968 4364
253 4020
3716 2533
1525 5674
4687 6765
5380 2828
520 2913
8013 2655
1410 7718
709 2805
8162 9097
2793 4628
9862 4627
5871 1812
6827 3194
2703 5092
8207 4078
5800 6235
3863 2076
7325 3746
3163 9708
7104 7796
8026 2020
4247 5276
4903 6683
3706 8768
3260 5335
5994 7058
4457 5803
4665 7646
5801 973
176 620
5335 4358
4214 5385
475 7483
8992 8925
347 6926
4845 2625
5249 9157
1576 3097
7019 4928
425 7927
6915 7240
1863 4864
746 167
2903 4038
581 8972
6595 2435
4154 5520
5154 1794
5194 169
1226 7242
9360 5357
8038 9491
8146 4830
4433 9189
3864 5860
831 2432
1709 6811
2653 1440
3981 9090
2052 2710
2406 3477
9223 1118
7182 5123
1955 3785
758 8374
3922 9339
9007 4669
4058 1457
3858 8947
272 8167
37 8058
7506 8859
621 2707
1483 7921
1498 322
9813 1853
3824 5136
4288 7384
2643 3757
6154 7557
3268 6748
3833 8439
4423 4180
7206 3446
277 1357
3731 3089
7916 3467
5431 9975
6609 1511
1609 4734
852 8234
3711 7219
4808 3601
2167 3379
9324 7232
2228 5249
5405 8904
1000 7124
9244 7049
6476 4632
9851 1366
8042 5931
5722 772
8360 3225
6954 8458
5022 7962
2179 4421
3093 1545
9663 1654
5748 3677
1704 6642
5341 7702
522 9019
6548 3325
3366 2272
3349 2336
5380 4118
3719 9837
7812 7158
2179 5969
9126 5342
6297 1132
9985 9419
6257 1271
8653 1365
4968 7976
1499 5309
4930 7976
2756 3800
3015 7824
648 6621
5443 5306
377 5059
6722 391
8655 8220
4109 7796
4714 4314
869 427
6010 331
99 9919
1747 5979
8036 7524
4611 2627
4957 6968
9447 5755
5926 497
4260 2684
825 234
6650 3895
3448 4602
4359 2248
2554 4928
3500 9432
6133 2309
1091 2101
3483 8915
7565 4927
4694 6803
2825 9352
5265 9467
9166 5656
4054 3464
5490 3117
8547 8212
8024 3286
5155 3466
7520 2632
121 2030
2594 6903
4597 4840
1416 2723
641 3290
7533 3209
8381 5994
6300 7293
5257 1094
8919 9695
1929 948
7510 1391
4300 992
3737 7034
1238 3418
2411 124
7592 7046
8770 3729
6112 1661
166 1853
4221 1742
2397 860
7738 4280
1954 992
1329 8632
7239 6406
2770 4040
7719 341
2317 5696
3541 2693
3870 3081
6168 8211
9972 7580
8755 2857
3451 6124
2978 2898
5841 683
7859 1500
5501 8455
1989 8049
1853 6853
9528 5309
5960 171
7783 4235
2049 5908
3435 742
3998 9411
7073 7483
7341 2063
5983 8561
710 1493
6009 5365
2124 1315
1587 462
3175 1364
2080 7327
8258 7518
4822 5038
4006 8946
9106 2486
7436 8165
2485 9049
8578 7121
3620 5122
3087 4294
8132 4609
5246 8865
7937 1097
979 3500
417 1779
4262 848
7150 980
3739 5853
3382 8121
7054 5297
2632 9245
3542 4570
3343 5702
8795 6244
3933 1647
7462 7866
692 3918
1191 8977
5180 6177
2765 5227
6263 7405
5050 3615
8080 9816
4421 7524
7755 4168
7358 2726
6463 5157
810 4950
2684 7037
3936 8506
6312 1542
8683 1632
4981 3800
277 3684
2179 1013
2831 9356
7768 9830
2515 3310
6169 5277
545 201
6100 7171
538 8272
8499 3539
457 1703
4831 4103
6254 7354
3752 6765
7525 144
675 9213
8604 7239
8969 3104
1524 8716
5629 5081
9036 5754
3138 8207
2750 6712
4257 9195
6453 7819
6257 9261
510 1985
4937 9903
6855 4636
8862 5568
5697 9482
8756 4216
2640 3092
6896 8277
3221 3342
7387 3054
8623 3387
982 7203
6841 3299
3956 4363
6291 9950
8315 4879
739 8071
1377 6063
7765 8562
9000 731
3190 283
1723 9441
6330 6681
9380 7706
8085 3817
6582 5276
5412 6530
3284 1546
6544 6901
8048 7937
468 8098
5246 101
3057 6610
6971 7706
9504 6212
4198 9132
5707 5669
9244 8250
5433 2294
8893 371
6890 4775
1776 1973
9847 6709
9975 3046
1564 3803
4332 5196
4827 6981
4650 5514
229 3681
941 885
5604 9808
9482 6658
8555 6029
4398 9111
9525 8641
855 6144
4739 7311
2254 8253
6616 7039
3701 1527
609 5893
797 7718
510 9351
9170 3388
7726 5394
6690 8784
196 8930
834 8050
8811 4731
2237 31
4985 2149
8573 1656
612 6443
5035 105
6781 8119
1582 9228
3507 8837
1935 9485
4226 44
5147 2574
8368 1125
1359 8315
6343 1176
4690 8424
9580 9702
2221 4012
5021 969
7734 9765
4714 3018
390 7981
941 9801
4020 3057
9649 7055
3033 8213
3076 4344
4453 644
1559 3443
5860 8998
643 6418
2518 6553
3127 6677
6040 9290
4327 9770
354 4670
9633 6931
3376 408
9270 372
9702 2853
1753 1571
4035 1762
3909 6968
7729 7435
9656 4933
8688 5706
5844 4286
1160 937
6866 9375
4240 7258
7629 6890
7211 5177
5899 749
9446 3506
9156 7844
1345 7870
7555 8258
1671 5445
6388 6499
1814 1181
1935 2379
6824 5147
9819 6310
9944 1298
3338 6364
7738 845
534 1457
3808 7961
5911 2759
2555 9766
5400 1117
689 9152
5651 9820
2043 1865
8204 5761
341 5054
5629 8656
7832 1480
5059 7475
3676 7329
1524 7287
5893 8690
9936 9806
7442 3000
1822 9788
4924 7840
7712 9170
8337 8935
2367 347
2645 3653
9756 7768
1121 5503
4881 444
3548 9605
2873 9152
9139 8883
7868 593
1450 5631
5510 6248
8146 6955
1090 5732
3959 5591
7643 159
4574 351
1033 3101
7494 7021
5559 482
6797 5901
7256 322
3196 7947
9812 7971
9196 8042
4813 6712
1125 8376
7886 5411
119 1397
1109 6543
7346 9343
5022 6981
9597 271
229 2425
6861 446
7127 8661
1119 1766
2436 8822
6744 6904
1135 4116
7298 9772
22 7028
3346 1705
5471 2141
141 9304
9806 4123
1409 6578
3900 8846
1563 5776
1383 9557
8339 578
5056 4693
6658 1149
149 6746
2096 2134
7978 7738
2827 8391
5304 2612
357 1087
9202 1608
2982 8917
8272 1328
1788 1008
9513 3336
9000 9347
7027 3531
622 4643
4137 1141
111 5413
8380 2196
434 7498
7954 4375
4943 3949
8315 9735
1737 3528
3201 1836
5574 5963
3050 8069
4591 4649
1677 9353
9638 1511
9668 1601
4968 9836
7336 4312
6733 3519
4273 682
5741 583
656 6464
9525 8391
6236 4523
4908 2052
1659 6408
8090 3659
1242 9665
9950 1541
527 6608
7898 9877
1803 3971
4451 2117
8574 3901
8835 747
9770 8017
4311 1560
6711 1901
5460 4063
8 2475
8534 9488
9042 3581
3029 8192
934 8464
4614 7406
4651 7561
520 106
5948 3107
7102 912
4290 1864
7868 7335
4868 6489
5163 5997
374 7093
1920 3198
9638 6691
5758 9925
8603 8673
1016 4242
3193 3352
756 3874
1327 1138
2715 6601
6107 1899
9331 1808
9601 3410
9035 1152
3637 2240
2124 2206
9375 3966
4468 3661
2537 4067
1272 464
8099 4840
4389 5027
2918 5076
2161 6619
2963 2618
6763 1366
7877 5272
5917 2210
7793 7227
9841 7650
4332 7206
7490 4092
6950 6714
8670 8458
801 2428
2505 7636
7968 52
5399 4127
858 4619
3937 8742
6638 9583
5836 3813
7558 3659
8058 1820
2150 2642
1818 9450
4553 7906
5872 9914
2006 4555
9854 5601
6060 8927
4390 2646
7124 9211
6205 2016
4347 6044
329 4450
4771 8745
2455 2911
7223 8124
1405 3502
2265 2894
8447 6972
5201 9686
4397 7026
1646 7115
5113 1411
5373 5195
6124 7278
6734 806
3736 6478
3638 7293
22 9108
629 138
9960 8410
1736 7483
4174 1146
528 5700
5361 5664
1369 3086
529 8753
6140 3622
7852 1159
3910 4226
7616 7976
7189 8537
5892 3759
3821 4806
3656 7415
5268 6614
1277 5308
444 4542
3432 7266
2076 8537
1338 9430
8971 8458
2966 2698
9005 8583
9254 5643
6001 9373
5265 9641
3054 4920
1400 8370
7693 2497
2509 86
7789 5599
8553 1811
5871 7770
3946 2780
4147 6937
7584 7126
1994 8589
8029 8826
2930 6382
9127 3681
6057 2670
9466 4878
1438 6020
84 8951
4065 1464
9640 2237
4960 3317
3421 7977
3129 9569
2174 8192
4822 5698
9128 5218
1078 1358
8311 5400
3336 3134
2965 9114
9911 6070
1124 2654
5740 5243
5913 1556
9189 2953
4812 3924
7855 9293
1468 4689
9182 4065
6950 3110
376 2530
6339 827
6654 3385
6157 1047
1818 7965
7841 4688
722 9775
1468 5343
1472 1393
4339 7075
7234 7395
6281 5038
8132 5010
6243 823
1846 9161
8870 9633
2842 1487
5281 466
4366 746
3647 5586
3077 1634
1069 4016
8706 3909
1487 1782
3786 3004
1881 4946
967 3471
4159 2758
8755 8087
5116 2649
7915 8991
4294 4176
9739 6011
6430 7466
8301 6043
7796 1867
7889 7804
4732 7742
4546 5240
6504 6329
3973 8915
9110 6358
1750 3195
7295 1770
2522 3912
5068 9623
3672 7177
9033 6444
9719 5428
5989 3660
6996 6437
564 492
1670 1246
6090 9760
3844 4198
652 1220
2473 3268
8681 3220
4878 4565
375 76
8925 7503
2399 8548
9380 5098
3415 3902
4322 3032
5917 5118
4046 4420
8572 7222
2324 9463
5730 5061
8539 7512
8714 1653
7378 675
450 1459
6876 7043
9478 1825
4067 6384
5252 905
8903 4387
9605 2454
5341 4293
4783 855
7644 5454
1131 5678
5559 6403
2514 7960
6825 2778
7767 1513
7372 172
1888 181
6648 869
6532 1510
4567 2863
2864 7519
5091 9146
8709 787
4552 4357
4369 6180
1303 1058
598 2444
1874 6576
2123 1725
5970 474
6608 341
8214 2220
258 7074
5336 7083
9895 7208
5123 6749
5489 5923
9782 95
6930 4813
5456 3138
5379 9319
8038 2616
2450 7962
2601 1214
8103 9313
5573 360
6757 9210
6077 1698
1540 3268
829 6383
4301 3115
4075 2377
402 6748
614 2320
586 8844
531 9491
9288 6384
8477 2434
8595 19
1637 3340
7125 1465
1133 1522
4697 3348
7105 9014
5983 7303
941 3666
2396 4413
2870 6856
6793 1042
2112 5600
1666 118
271 2912
6475 1248
7839 5932
8693 5279
8173 7751
4455 3866
9394 6492
1161 1559
6237 1644
8818 4956
2540 8673
9606 4334
6929 1521
4837 5190
7190 9139
4732 9477
6478 186
1199 7138
6779 479
3257 9013
3173 1679
5218 7665
4368 7682
9194 7560
4666 8662
2861 9795
5035 3513
9978 5162
9068 6032
5635 6426
3620 7872
351 2653
4023 8789
6769 7469
2227 3988
8122 5591
4775 8780
9952 3833
6498 1171
6927 3779
4436 4897
5971 3600
9572 9480
5190 6398
6950 1623
5834 7010
8450 817
8248 1051
359 4152
4245 9091
6428 7201
584 7736
1621 2510
9681 4659
1911 655
2124 2615
8360 5095
401 6821
8986 6818
4363 4974
4952 4092
6521 5303
3572 9972
3030 3830
7282 763
1141 3885
4841 8493
4528 1644
5272 4982
9588 724
381 4282
4111 7689
1332 2673
3881 2330
2411 7831
324 1576
878 4451
7486 722
8103 6824
3288 5144
2331 1632
1078 1088
59 6519
5343 1201
1626 2229
1755 578
1215 6999
4917 3725
6270 8593
159 4236
5521 4604
9685 4789
7916 7834
4153 8697
4307 1825
7697 4943
746 5432
3904 5919
4494 3343
6204 2642
4958 1907
573 3235
4140 1004
9361 6449
5687 946
4017 8963
6801 7007
5421 5306
5450 4277
9493 3918
3840 358
4146 2419
8752 1762
5866 1444
6371 4170
2223 7844
5953 9131
8636 47
9308 4742
6879 7207
2774 2462
639 4046
5255 8636
6996 153
6235 2162
2862 4108
6089 6191
6867 8119
2229 9218
1636 9381
8447 7641
1039 6859
9861 2607
1641 6903
5945 8556
4479 203
9606 2171
2301 6779
3089 6351
3462 3711
9410 8895
3730 404
4469 5418
5742 3252
5032 6339
6461 7930
9351 6626
2804 2375
5971 7398
6950 1280
9543 3403
3180 4345
4866 5119
9951 8144
3503 2874
7545 7388
7509 4541
6795 6432
4768 4950
1684 4786
1831 4482
7542 2850
8995 7679
8123 3884
5716 890
602 3627
8878 4500
2656 3504
780 9216
9299 2219
274 7372
8447 8294
4639 5449
7435 6354
5407 8537
858 2350
520 4338
7757 4039
740 8795
8345 4319
7669 9395
4935 8221
5415 4304
2602 4014
7301 7470
4662 3564
9913 4320
2709 3964
4676 266
4364 4994
9296 5796
817 9479
7484 8317
838 1457
3387 8
3244 1864
5150 9319
8871 1515
4859 7698
5206 1530
324 8885
1909 116
8139 2909
7729 7331
411 278
8409 4648
7055 9868
3935 5290
2439 5359
9360 7608
411 9271
144 353
8847 364
8955 2928
6373 3945
2022 9707
1088 45
5318 388
6692 5220
4921 635
3466 5282
2539 6574
8674 3718
5185 2353
9377 5678
7048 9667
8448 5062
449 7738
6904 7511
6618 1681
342 4193
1100 4887
1681 1309
3533 8136
3418 5936
2608 8161
7128 7881
309 7236
899 9768
4130 8318
386 1475
3042 6194
543 7834
7873 7328
7259 3827
5057 1502
6210 4008
4917 9606
7915 8051
8284 6479
5966 5604
4159 4709
9194 8994
6327 4379
1551 6567
931 5849
9059 2656
5515 5137
6740 9491
1466 4694
2534 2403
1882 5977
8881 4704
9029 2451
9012 8452
8526 9055
9939 8523
8534 2860
1616 614
1085 1195
6908 3223
4578 4286
7859 3794
5203 1550
7773 2151
4638 493
6412 3030
9364 8997
149 5337
9207 2854
488 4759
9655 8502
8556 7630
5223 8465
1726 6392
5835 1056
4475 3235
8117 6962
5889 1836
49 4264
5186 3899
7629 2515
4588 4120
4666 3474
9694 4022
6717 697
2225 743
5077 8963
9449 2256
3622 5541
4369 5758
9624 8218
4772 8588
6727 8366
7341 7196
6515 8586
3835 724
1335 6894
3158 1497
1378 3026
6232 803
6220 4312
185 5431
4823 7911
2725 5203
9536 339
6937 5246
1729 8655
4815 3603
8163 7223
5737 523
5593 8483
9407 3313
2526 3656
1097 5117
2361 6118
5997 7574
6025 2026
9015 1993
107 2613
5968 2402
7565 4692
6711 593
7307 1820
1837 2314
9027 5792
6545 3462
2504 7500
7038 9765
8510 4297
2679 5506
7766 3153
6375 1194
7872 3216
2320 5759
160 5999
6791 7945
2024 6165
2491 5012
3350 7728
3201 5692
372 227
6383 3241
5490 7881
1658 3251
114 1572
2305 6172
9309 7373
8178 5489
2279 3076
4443 4457
1380 4723
7499 392
2564 1785
2691 9928
8071 6189
2008 9554
8163 498
9877 3486
4583 3866
9234 189
747 2463
7548 4747
2861 9657
1854 8715
5835 5680
5333 6097
6623 5703
8913 3626
4273 501
4015 1407
1021 9892
127 9188
1979 5616
6007 5505
3893 3872
3503 9977
8424 6943
2174 3247
4772 9198
2025 1283
521 5808
1381 7910
7805 8212
4447 2131
2660 3482
3645 9397
289 1637
345 2030
4683 5275
9074 96
6279 4194
484 9876
798 2776
9483 7976
5001 7530
2213 7800
9765 1353
4548 4363
8439 1811
9091 4378
1903 3664
5215 4095
8681 8552
8015 5991
8714 5749
1511 4685
8149 4614
9894 450
5264 192
4132 1122
6280 7116
2823 985
7613 5500
2193 4171
6748 8572
4334 4312
6467 3915
592 9197
2219 2101
9888 5926
4629 4326
5689 3296
2243 6035
8085 5585
3145 1904
9469 7971
4747 9857
9902 763
2880 4087
6497 9439
8276 8751
2115 4591
5445 5894
3713 9391
7954 3673
4138 4282
7039 7807
6351 1924
4660 5967
4167 3146
6874 7490
520 50
9792 119
7962 5928
4641 468
2309 5486
4930 1603
2732 9758
143 4413
5501 3473
8742 7535
7189 7339
1513 3567
6691 2354
6320 410
6646 7974
8347 6407
8476 2670
5144 6461
8823 1973
9753 6043
7302 4279
5387 1669
6845 1852
8576 3546
8458 3485
9159 4654
7791 4589
1711 8754
4585 4959
1774 2983
4577 9878
9169 2536
8742 842
1562 7546
8602 1746
9217 3352
4304 9808
8426 3749
8201 244
8860 2184
2518 2149
5862 3378
2422 6385
1465 6791
7522 2177
4567 9519
608 4147
4581 9306
4947 4585
4828 5945
7788 5568
2860 427
9026 8031
1570 4791
8903 1860
9843 9283
5024 8851
172 4097
6427 6919
6298 4498
7769 8509
6324 175
5473 5755
6378 9840
8013 6995
3363 6355
5575 2144
7420 2903
6298 743
1933 9968
2128 9330
4361 3122
8349 9538
6195 1038
4320 9445
1969 6171
6749 3713
2773 3054
7199 6480
1681 960
8789 649
9925 5531
6373 6400
6466 5105
7934 8018
4642 2100
6713 2549
9301 2236
2374 1758
673 4676
858 6796
5288 1836
4043 7914
500 2187
6803 9803
9999 7110
1502 7013
7856 2822
5864 4192
8855 9449
7382 4645
4168 3217
1204 3301
2359 1734
4760 4961
2561 5151
9899 9277
5187 368
2906 532
1465 3205
6764 8099
5731 4873
7597 5158
8092 1368
2364 2944
3540 9449
8039 6181
1813 2564
4502 3287
1483 3849
2175 5981
9574 5385
8415 6368
9069 4432
9797 6262
689 5636
7933 8090
7420 7185
277 2569
1685 5239
6872 8992
9229 7470
9619 1027
2140 2215
7273 1696
7079 3361
1401 3169
5979 4921
6276 1968
6441 6991
2586 1136
5315 6446
1328 9183
957 5010
21 7973
6635 131
8657 2823
9363 6584
541 531
8965 5508
8915 9238
4767 2539
7132 7280
9507 2832
7115 8672
5222 9680
9464 4977
4986 4000
4427 3361
8701 7619
8584 3431
6102 2434
5961 4935
9363 457
5424 7565
7422 1630
9984 8707
8479 3706
9257 5973
7967 9408
427 8430
6164 5137
8816 7737
4277 1338
7790 1426
5058 7992
4068 805
4330 9654
8286 7124
1986 2119
9158 2387
9822 1289
981 6591
4961 3148
2273 6087
2520 3460
280 7973
8390 3979
8978 8530
1735 4505
8974 625
5730 1829
2608 606
9603 4593
3934 336
2872 3635
5215 9912
4916 4024
3941 5039
2911 1391
8061 6608
7591 5864
6564 5284
3478 6189
4286 9016
207 2295
1791 5093
4959 7884
4603 179
7560 7993
4204 9658
910 6329
6849 7085
8112 12
1397 9009
4800 6047
4931 9710
9691 728
7396 6505
454 458
2074 7389
5065 3865
8558 1077
4352 4798
7271 623
441 1525
5086 8706
876 2277
5619 9569
3232 3081
611 8762
2318 6273
2059 9823
7022 7716
5145 5683
9897 4320
7650 1085
754 9564
796 7220
8527 6683
2132 5250
2782 6406
496 5950
7320 2853
2462 7383
3223 6680
1696 5432
3428 2724
828 7614
1657 3842
3026 5917
4617 1817
9882 243
5839 2627
8458 982
5654 4409
8697 1315
1586 3682
83 4470
3980 3465
8142 9937
9132 3455
9084 9976
5757 7738
4390 7915
8197 5884
7439 2767
266 4414
4329 1834
1120 7703
5186 7814
1647 3994
1824 8996
3222 1359
4823 5794
2463 2151
5202 7778
2989 8084
7929 3842
2661 2480
2723 34
7983 8076
7908 8784
3061 9350
5367 993
3037 652
3847 5119
6428 3578
2349 9954
9993 2021
3381 5494
1206 9264
3721 2625
3456 4409
4802 7537
1928 1192
7655 3008
9229 8580
6287 1162
481 4601
5177 2469
1347 80
6227 2683
1373 6691
1111 5639
1386 4549
3372 1164
2083 805
7848 9784
6597 2859
4318 8913
5773 172
243 1784
1368 52
6736 2174
7318 9327
9757 8666
9686 5523
8935 1352
1108 5270
7649 3660
7204 2955
795 9110
7068 4310
4004 1917
7707 6342
9737 5805
5162 9304
2020 4884
5427 5753
1724 2777
4218 3337
7922 6312
1215 5731
7708 6292
5675 5100
3006 9234
1027 7448
5114 4296
6211 6010
335 8164
836 6921
2050 7541
3548 6790
7739 4472
3711 1288
9286 3490
6104 6325
7090 5711
5228 4043
8578 9154
5410 4979
944 8054
2148 1352
8100 8658
6729 9361
8259 7396
9180 528
8280 4464
5582 1450
6140 8945
7515 4398
5840 2681
1302 1359
9781 6214
2910 178
1329 8691
7162 8429
9071 3461
5918 6391
4683 405
2274 4389
2766 7813
9071 3422
405 8473
6039 4326
5564 2325
8739 8087
8070 4638
3995 4595
8446 2396
3057 9699
7799 2012
9354 3258
2960 8276
8242 90
6936 2831
14 6412
7080 9421
5143 5755
7921 5243
7381 4906
9624 6967
2776 7944
2308 8915
537 8405
7120 1125
3106 5309
1573 2549
5669 8601
1351 5103
5975 2356
461 5630
8862 2697
7612 1379
7117 9586
7926 9323
2777 9507
3294 5840
8496 941
1703 8058
9728 5759
4048 4519
3028 8509
7185 5970
6921 5392
7139 1868
1400 6524
1211 7150
9761 4709
3511 8527
8483 3163
5820 1094
268 9798
9394 5279
4826 2922
9935 8439
2685 5704
4838 9587
3430 8094
917 4164
8459 6719
7200 442
9312 8641
6957 4866
5128 2032
9133 2761
9311 2455
7106 7676
2874 1309
6973 4498
7554 9742
3950 9478
1946 973
8754 9074
2826 3129
4338 3961
9039 3585
2587 1226
8684 7209
7976 3757
5485 4723
7305 6889
5452 4492
2976 9004
6019 6759
8725 1010
3919 670
2933 9400
7405 2112
7514 6949
6670 1142
8044 1055
2040 5745
1410 2019
5944 8817
3386 1094
8153 4926
1339 2307
774 6118
809 6043
4082 4192
6337 7006
1244 5587
2295 9477
3528 6667
1998 5991
4370 1941
5725 7392
2092 5264
4542 9260
7660 7727
5262 6338
4435 7072
5322 2748
675 6012
1110 9084
7013 9448
1526 1095
4563 105
3133 5750
5379 1259
7414 80
3007 7820
4103 1985
4737 9072
3666 7961
7598 4808
8724 4481
1553 404
9470 4428
5893 6375
9498 8830
2323 4908
7782 1718
8899 6437
8231 9533
7445 5209
4703 5429
4469 1129
1659 4964
3954 2929
9652 5535
8201 81
1439 6536
7715 9547
4535 7472
5841 4389
6222 1090
5259 421
9921 1875
4514 2114
2720 5579
4495 1968
1780 2599
9276 2747
6980 896
8986 8273
9934 1853
9184 5726
8692 7686
5350 6776
2696 925
8742 3484
7710 1551
2349 3968
6229 2697
8083 6541
2307 8613
6811 5378
2649 1589
6330 1952
4603 2086
3751 8907
1941 2444
1206 6761
7148 5628
2918 784
1809 9802
4984 8780
6823 6163
3493 8743
9750 9222
9262 2574
55 9212
4442 4797
6206 8172
4476 7501
5029 1468
7890 4784
300 159
9624 8441
8530 4014
4269 3267
6627 7863
4133 4048
9936 3759
8089 7706
6534 6888
4047 5970
4630 5366
6079 5030
8808 8239
7874 1043
893 2997
7335 312
4492 1497
494 264
2245 6949
9780 9319
8012 7779
415 5601
8929 8210
939 4940
5339 3440
485 1636
9806 7003
5781 7460
7966 505
758 7997
792 6286
609 5128
6117 2561
8269 1565
1511 5982
1718 7952
239 6536
8728 3928
1733 263
8339 3184
3523 9702
5069 8053
2888 8444
3878 6986
3914 9602
6512 7009
4320 7430
4624 7691
3514 5625
5545 8271
1304 9253
5153 7016
6741 4255
1034 2488
6759 5153
5789 4146
645 8078
2093 846
922 5311
2871 3627
7015 9377
919 4201
1617 4522
5364 4974
309 3647
6330 7632
4061 1241
438 9512
6155 6805
527 1214
9681 4478
9750 4720
5604 990
4891 3315
4297 3461
3110 8426
1867 6502
7425 4418
9301 6642
3262 1560
2656 1525
2137 2103
8678 907
356 3580
7491 4858
2152 1218
6491 919
3479 3474
8874 9211
1235 6805
82 4370
5117 6604
6362 61
7549 9877
273 7116
4097 7780
3855 95
2856 172
2365 7189
8595 7321
14 4372
1250 6899
9127 2129
4376 9936
6026 9877
5171 4593
6254 3790
2090 603
504 5117
9194 7983
7399 3538
2671 7360
5429 8723
6589 1372
791 9317
1496 7152
7786 367
5911 1982
4497 2072
2016 3579
1865 5181
7382 807
2353 8045
2506 2137
9655 3002
9881 4489
4238 6496
3247 2152
4483 2162
8234 8490
4557 3732
1150 3950
5998 2285
9816 447
8193 9043
7995 4669
6300 7166
581 538
1677 9035
239 9933
5389 3201
9785 2622
6886 2837
7844 9323
1617 8506
6310 4448
8847 4940
8177 5407
5701 5488
6581 483
2659 939
2133 7972
4373 4208
3504 3499
9928 455
1615 8532
5302 1892
3716 5175
5687 4008
2631 1848
379 6995
2785 8602
9866 6797
47 1803
7990 9369
4733 516
9585 5498
5194 6012
7598 2212
2243 9898
6239 8468
8764 8774
7819 1857
1924 9762
4884 8898
8988 9820
2339 7368
801 2569
9403 4438
4222 1014
5657 3036
9728 6438
5601 8605
9745 1363
3524 974
150 3637
6985 7307
2944 1645
5681 4482
1584 4755
3499 5880
375 1112
1228 3395
4551 5567
9180 9681
1818 2493
8737 960
4650 9598
7421 3873
5001 8764
5827 2214
6559 9109
45 4542
9303 2673
90 1400
1788 5604
3115 2873
1523 5924
5570 2913
3697 2091
3942 6864
791 4618
5399 9021
3831 6733
8671 521
2687 2459
8936 2809
849 9536
1719 9502
4048 5941
5973 4946
8320 7857
851 1953
7360 1507
2926 3413
4856 3599
2281 8191
2426 479
3744 9028
9939 5956
6584 5112
9516 199
6741 8675
2323 736
6126 4589
7765 9529
1102 9939
488 8032
6313 1932
8653 16
6738 2872
90 2057
9600 914
9866 2069
3918 4046
7299 5809
9475 6963
6624 491
1432 1368
372 5102
4225 5748
6022 8835
820 1883
3455 6891
5228 131
9553 2237
1883 8610
8696 4533
2549 8340
3881 2557
3731 4942
7791 4883
1073 8928
991 9358
3770 5726
1347 8794
5788 1066
2151 4546
5762 5322
7096 2574
4665 521
4047 9016
5199 1621
8319 3423
7655 582
9799 4461
5314 2854
9925 7705
8643 8682
8749 5672
7673 9991
6024 3106
2933 469
7151 7715
7473 550
7869 5875
9621 7253
5347 8004
7585 4702
2701 4148
8166 5007
4501 1729
9455 5342
8632 9040
873 9687
3423 7457
4120 4372
496 8081
3095 3758
5095 7706
7577 3776
7603 283
6521 9876
4196 5564
9932 3917
4096 3236
6682 2729
131 9279
4565 2930
8334 7905
6728 3194
8000 2902
8958 1005
641 8709
4377 7979
9543 6807
7651 8100
5552 6240
3706 7662
976 8551
2098 7784
6768 9479
599 7947
2918 9605
4535 8590
146 3120
5377 5113
6092 7574
8924 7505
8485 2259
4972 5694
5085 8901
4654 9181
151 9331
4451 9551
1860 1477
7879 175
2740 2611
4791 4310
2614 799
1655 5199
1733 7090
4019 6587
8046 2734
6637 919
4203 4770
669 1402
4337 7189
4400 4959
1465 9949
4091 870
2076 4557
6092 1251
1276 7268
3324 8529
4165 314
4121 2878
595 3892
1983 3456
9616 760
950 3807
2204 7902
3208 2828
5835 6157
9836 1030
2703 4766
2609 9210
4436 8220
7880 9998
2630 337
1038 7198
4298 277
2204 6680
983 4172
7674 9389
5508 8557
179 7026
294 7326
4666 5949
2131 3789
3222 2421
3746 5667
5814 8757
5113 1827
9879 7576
7018 9232
3278 7526
750 9708
9920 1004
4751 5306
6786 5362
6925 9968
3996 2562
4901 7233
1984 9756
9908 6965
7099 347
3735 4605
3309 8962
1773 9151
4576 103
5657 3276
8393 9811
5271 1649
9500 6445
257 4543
6606 9731
6110 3042
2699 8663
1024 6794
2645 5950
9476 1814
8253 746
3658 8274
8383 8084
3230 5202
6819 4922
3082 1820
4739 5389
9818 5122
5794 8045
652 3991
1259 6432
2425 1060
8680 5405
418 9395
7111 4992
9945 8737
7762 1722
2520 2653
7591 8540
3419 1474
4905 6085
2467 3393
5213 8369
8971 4444
557 1984
867 2970
9628 2069
4360 2495
6720 6459
6045 5396
6190 9697
1908 3022
8106 7053
5060 3813
4471 7387
8042 245
8403 8967
214 3774
8052 5114
1400 1147
4237 989
9048 2334
3132 6393
3799 246
5403 7484
352 324
1878 9025
9349 2335
1611 1979
2506 9263
9157 9949
1474 1640
4145 898
7773 2343
2575 8317
4307 7877
3062 4331
2184 8191
216 1150
4250 4227
3460 9408
1879 5878
525 6663
1136 8476
8638 4279
3023 6197
9690 8602
3205 6809
7230 6022
2366 3429
7965 7556
9441 5939
683 1357
579 4760
7409 9346
4838 473
1519 1349
4345 6203
545 6617
7211 1274
8037 3013
3949 6788
1835 5583
9370 5181
1491 4795
4262 3156
2867 5661
7015 2385
5447 2556
418 738
8777 2813
693 7556
8598 8681
5025 3886
1379 5828
4601 8137
429 8762
4289 6864
9267 4514
8459 1447
7873 4997
2824 7701
4094 2837
7623 8703
4863 6079
6083 8190
2616 2596
2233 9878
2165 6155
3819 8108
5442 4257
4612 8297
78 8786
1086 111
4719 7600
6440 2899
2247 2847
6516 9506
2001 6965
8231 9166
1385 6765
6249 7643
4673 2535
5036 2348
635 4069
5468 8682
7386 5921
2033 4591
5492 5318
3058 4819
3214 28
8525 4517
4415 7499
2773 1480
798 6251
3397 6733
9941 2711
1981 4108
8023 557
1459 2061
3995 2912
2823 5264
183 8230
9970 4716
3012 3510
145 1109
3556 5366
5679 5652
6990 4354
3483 3713
5895 9560
8958 4334
8292 2122
6599 8164
2472 626
8689 2988
8900 5959
1326 1684
5588 442
9031 3765
8237 9111
3544 4804
2926 3571
2367 1796
378 9099
1829 2993
3117 218
9217 7652
576 535
689 3521
3987 7330
6321 7993
5123 1093
1952 7130
7796 8963
331 5112
4140 2156
3127 1161
8112 2362
3143 3002
2148 7906
1091 7593
134 6585
9288 2033
4460 1275
4839 2072
1937 2469
5643 342
3362 256
3340 5832
1279 6820
2844 9302
1967 1718
182 897
9822 4262
6024 5291
987 9639
1100 4910
8199 5662
6302 97
6920 6758
7310 1778
575 5947
2333 1005
8552 4218
8045 5437
9467 4380
3173 2113
8241 856
7658 4906
9366 1532
1095 9653
6051 6980
9613 8518
9646 6219
2876 4935
3872 7386
5681 5509
3060 3644
4116 9305
2098 8282
8094 9778
542 421
3444 9350
6578 9178
7214 5625
1445 3395
5820 8935
5805 9993
6673 6406
1945 958
1615 2982
9318 4463
696 317
3850 7706
4465 1363
3889 3510
5124 4144
9378 428
9497 9454
3749 6831
6386 7602
8397 2404
1594 9942
4207 2891
6215 4088
6680 9611
9881 1947
1494 3856
22 2140
2079 2274
8980 7523
7174 7419
3813 6525
301 6187
1051 1798
5178 9616
477 2238
8803 1082
9672 6733
8228 1436
2376 3901
8262 284
5615 9041
2124 6504
390 1347
9099 3551
7953 3218
5148 7142
2776 9120
9839 6314
1292 6052
4792 6526
750 7725
1553 9983
6547 5848
7114 8798
8266 2861
7762 7023
1060 1750
2027 7760
5403 8690
8680 6648
4096 1968
9880 728
2873 7832
4997 2676
5000 2094
9731 6403
5160 2378
1775 7141
5410 769
2789 2666
2801 911
1148 3367
7305 8381
1067 404
4692 7014
5280 2350
1303 6416
8237 3067
9437 7458
4391 7332
7986 7613
5524 3739
1804 1742
6499 6339
8234 4181
847 2465
2801 3487
4138 8710
3526 3410
7816 4538
1989 1544
9063 5555
7077 8166
783 9868
276 6920
185 9304
8881 3094
2383 3275
7456 2328
775 5241
8664 3779
7157 4224
5227 3229
1968 3098
2289 6478
7602 9768
8301 1402
278 9383
5624 9898
6500 4451
640 8755
7822 1571
1950 33
3941 8108
3800 2168
2184 7997
9055 9627
9128 7851
6855 2154
3240 3160
9372 2715
4540 1495
199 7869
470 9483
7274 3227
8432 1880
5787 6777
3697 5696
7733 6053
4279 4800
9745 9919
4630 463
9439 8638
8690 2280
5195 8516
314 8802
5081 3509
9695 5938
2419 6545
5820 1683
7164 6222
4760 8538
5883 7314
6209 5011
8809 565
4265 1489
8643 7723
6428 4747
2501 5265
3303 8265
4294 8348
3897 9861
461 2320
8898 1166
9 7602
6584 1203
9532 6383
1417 1680
6775 9548
7158 4302
4295 5816
244 1412
3396 7764
41 9203
5454 5549
3658 2804
9881 3728
7669 1058
4865 443
3108 7033
8249 3038
1311 4017
5426 8129
2548 6731
9738 8778
5585 9977
1024 5337
9697 1679
8822 6754
1778 5811
4846 2701
2890 2942
3870 3363
7505 1143
1968 4362
4793 3942
9251 7806
3279 8065
5973 7634
7320 6423
2024 423
1763 1932
2796 700
2923 7079
1946 208
3331 8181
6958 1566
9573 9898
1992 8974
4378 1990
5651 8710
5144 3729
6288 8200
9641 6494
731 2129
1872 3100
2119 2600
3233 9128
3092 9342
8592 1750
3082 7836
9012 9561
6284 9214
3374 6727
3083 1773
2588 3203
7418 4937
6316 8829
2000 2176
6689 4235
6164 6898
9058 7219
1175 2400
6700 5939
4751 3616
3369 8258
1695 956
4235 1225
1019 3482
6908 944
4696 1632
2464 2307
782 9675
2883 9125
7425 9099
2786 7537
4226 794
7907 3842
263 3985
9155 2590
3944 3560
1015 719
6338 8350
8950 5972
3145 3807
4498 2863
2515 612
2168 7483
8127 5121
2590 5438
2701 59
4350 5587
7961 5211
8428 3465
2756 3205
8115 6404
4214 1014
3791 5450
6791 7569
8790 1910
3340 3332
7674 8713
6049 4050
6702 4377
4477 6450
1819 160
3860 3579
2677 7803
6982 2389
700 1249
572 4968
4304 1735
9547 4093
7713 1297
5951 7446
5751 7856
9451 324
9337 4940
3774 1574
5490 2386
3865 1993
2746 8494
6284 8113
8759 5672
9629 7556
3251 7440
6889 2363
4245 866
1491 9625
1227 2667
4279 9406
5533 2099
6632 9216
1973 5742
1741 299
4727 4173
4105 5198
1542 8609
9792 6367
5321 7361
6398 7498
2224 5411
7308 5219
8848 637
4611 6598
3632 7908
9657 9387
1855 8729
3149 9302
9334 9385
6518 2355
4467 6321
323 3387
216 9648
8565 882
9555 2740
5732 6084
329 110
7936 9052
4948 3487
5799 1498
8584 905
6393 6423
119 738
790 156
5515 3147
8620 7407
8353 271
9124 6445
7117 3651
1829 9896
585 125
8188 1429
2702 5425
977 2258
8158 1198
5880 9459
4669 3954
4300 1990
8968 6294
3205 2716
4499 2561
8900 3695
3855 2352
1996 106
1869 2098
3961 8854
6562 8187
9503 4327
2385 6965
630 4410
8669 309
1856 6345
4110 7570
4947 954
1785 5977
6659 857
5258 2985
989 702
8374 4441
3196 8867
4592 1690
2185 3411
2754 5253
8865 2313
2240 4111
3570 4915
208 3217
8395 814
1414 3579
1973 8846
6715 2820
9873 9159
2664 609
8595 6346
18 7620
6209 6621
1431 2720
9732 2179
5831 7557
1637 5069
6265 1962
8407 100
9431 4655
7042 6369
6740 973
8853 4045
8300 9616
979 2359
201 6153
5451 875
2735 2468
9964 9837
3149 3127
5566 5653
729 8211
2625 2404
4293 5337
7025 3568
3523 9882
2693 9584
9427 6466
4120 4705
9953 2452
4375 5707
8838 3250
7036 4594
7990 1013
8466 1121
4060 4900
9816 6614
5785 5069
159 1003
9243 9134
4010 806
6499 6189
8114 4764
4071 7697
8282 3089
110 7312
9678 5311
3612 7631
6435 6009
2074 7350
511 8828
9405 8722
8003 2624
9899 9755
8197 1762
490 1929
2137 9239
3892 7816
9240 1931
8778 3508
3166 6675
4434 3285
9918 9758
1382 2504
2779 5604
1910 4872
5745 5185
4567 5428
4531 3531
7269 845
6990 8385
6730 5263
7273 2018
9243 9239
3914 564
2326 8036
457 6459
5594 1034
7216 6778
5703 9583
3224 4362
4478 3620
2266 2466
10 541
9167 6035
9156 779
9490 824
2457 1454
6864 4780
6099 7603
4732 574
5747 4610
1904 2817
8574 2494
6629 1644
1387 6959
6532 2882
6720 5297
7557 2417
3747 1491
2619 7444
4260 791
8867 8501
8967 8801
8300 3256
6780 3735
5157 1893
6733 3457
9034 3135
7248 396
2761 6445
6811 8645
6411 2263
7046 8996
7450 7631
5606 9787
8545 1803
878 4052
4272 7874
9559 5144
8664 8713
2482 1852
8438 2459
6483 2599
9306 4356
4565 2232
4400 4141
7122 1933
5278 6967
1260 7117
3369 5420
3592 4148
3126 4090
6799 4405
9503 3972
7401 1339
6664 5540
4337 1966
1805 8462
3141 3716
2748 7302
8506 2270
5159 3163
2605 9237
6831 9277
9277 2460
3585 5895
8307 3715
331 5363
211 5741
5893 5631
6812 4044
3934 7660
8010 7639
2493 464
6290 2561
4887 6363
9356 3494
11 3408
9602 2456
1811 9401
804 8739
5375 1916
849 4009
6245 2846
3585 3880
2695 795
6360 658
5004 6252
229 8199
2121 80
2362 1904
3394 8836
9288 7918
9439 8868
6104 8493
4342 3815
5531 3239
2272 6657
9584 3609
4019 9916
2986 465
6970 8940
6463 5232
1361 5889
1897 8841
995 5593
1574 9658
3314 4173
9311 1499
3403 1135
8227 5607
5866 6561
1013 8293
7607 793
9602 5865
6600 3494
548 6714
9074 5363
3600 4875
4088 4729
1548 4027
5369 5479
2060 7298
9583 8781
7068 1844
9786 8842
5636 7598
7136 2391
6470 8295
2245 8642
5424 7721
1608 8117
2722 8017
5858 6023
8456 829
8704 3498
5941 5464
7605 7485
2740 2124
7122 642
9116 2579
5979 3406
3688 7502
6020 4460
4469 9342
8971 3589
5560 7745
9765 4687
8135 5330
7213 8953
1438 7377
2578 2739
2108 1937
6093 8738
942 2635
6844 5658
7237 704
9359 4995
6244 408
9743 7459
9764 5066
8502 6731
3111 5537
589 9671
3590 2448
3302 5163
9060 6694
6282 5606
7287 9363
6913 1410
6058 9397
8930 2457
3348 8110
2624 4744
588 8621
4898 6160
6984 1480
2511 6726
4310 6036
7799 9847
6441 4905
3771 3208
5716 7949
4284 7016
2758 7775
9217 9400
9115 7980
6462 6452
6519 6165
1187 1876
6296 2896
1780 8054
2476 4655
7998 6354
122 8372
280 7895
8682 4122
8485 8961
6573 1528
5808 4242
1047 6833
7458 4591
1335 738
8815 3762
7057 6363
8485 6342
1411 6152
8281 214
4426 3262
5534 8588
6845 3642
9726 8791
4311 5537
7117 1275
5665 1694
8373 9684
4350 1034
5251 7455
4107 4596
7661 7730
5191 7996
5982 2736
1516 2135
8933 3633
3719 1940
7735 6890
4991 9998
4952 4840
5316 7930
9317 9339
4596 3991
4359 9598
4138 9538
4796 5160
4260 7033
4561 4744
723 4878
8869 5517
1424 6047
9864 4579
6247 9607
9863 8386
8842 7919
1760 6600
6130 9880
9498 7746
1893 4397
3732 8267
4640 4685
9149 4593
4542 1937
7607 5861
3117 1942
2944 5083
4914 1064
870 3607
1262 1281
7629 8859
2656 8788
6833 615
6774 721
4052 5970
3432 6812
7116 227
2850 7409
4431 766
5111 4993
959 1613
6815 6652
6537 7666
8781 6064
9816 6092
8753 6671
6993 464
4286 6764
628 1923
2320 8792
7243 882
5518 4745
7050 9577
6811 9573
5201 9343
2552 6450
6277 1484
8079 6961
9191 3311
6431 8913
1040 4940
2456 7644
2940 4211
9256 8349
1583 8456
3022 4155
5547 8383
4787 4693
256 4038
3210 5606
292 2911
9357 9621
975 2100
3491 4271
2008 3607
4079 8608
9795 2302
5786 7358
7882 7007
8762 6893
9780 4914
1373 689
9465 1287
7719 8328
8293 121
4729 8364
9370 6850
3025 6584
9760 9165
8701 4350
6236 9059
2696 3016
724 2652
411 9942
6100 4005
9809 1074
3146 687
3437 8446
1458 9106
5171 7404
4479 6017
5128 6806
6658 6252
8669 6038
2721 9492
3049 219
9519 3517
1851 5016
1497 7626
1109 4366
7924 4309
1924 7925
5387 9409
4405 2296
8578 2875
7088 8001
1730 7481
6105 8530
119 3566
7478 4164
5148 4306
9001 2817
5597 1359
2781 4407
1905 9600
6930 4442
5983 7077
8423 6844
7899 1114
7976 200
2197 692
451 2951
4161 6502
9458 4234
2521 8855
3427 5850
7409 8680
9906 5887
6164 819
2572 9484
4862 960
9070 568
6539 2090
7788 3241
5549 81
8180 2489
7965 5035
357 8257
9716 2365
7825 4122
9574 7864
745 5516
9598 7044
7973 7100
7871 9107
4565 8724
1605 3586
9124 2574
4936 3070
8341 9527
2314 1691
1708 1437
7386 8348
8698 2575
1925 7550
7497 5150
5230 5369
2159 7430
5737 6619
1597 7169
935 8099
3784 8563
1203 1920
9163 3651
7423 1963
7405 5084
3107 1223
3555 6204
8194 5441
9929 9996
2661 5880
178 2648
9913 5137
9287 3634
6265 3912
234 1811
988 7457
3182 4401
5824 8647
2586 4966
39 5929
6183 6556
6510 388
6473 58
958 8817
702 1323
2365 3156
205 1528
4476 6700
115 8184
1872 7967
3053 951
9270 6017
8277 596
9453 2927
3773 9426
1135 7685
4548 7216
2779 9850
5606 2801
1761 7702
1469 4185
6489 8391
160 9911
2281 3895
8754 7662
9771 4346
3751 4842
4359 1937
340 8445
9685 6867
3251 5814
4157 114
4827 9675
8940 2762
2321 6210
9542 7477
3760 4899
2441 5382
6963 9623
8102 5025
1216 580
9587 1935
7342 5369
2062 3404
228 5622
9888 5545
9686 5966
6745 8149
3498 2216
7892 6719
1129 7651
2253 3401
5606 6118
1111 3708
6064 7770
9237 7394
9299 8269
9466 1879
6511 8427
8230 7549
4265 7790
5891 4913
4623 8463
7414 8771
9981 1661
9569 8390
847 5708
6589 3211
201 2423
5568 9535
6509 2008
450 2690
5318 112
9381 4198
8214 7909
6141 8583
6128 4861
5085 1680
1124 5077
8432 977
6454 8335
7668 4298
4975 5125
7955 7573
9549 8113
8145 3523
7465 4994
8805 3967
3747 9949
4661 5028
6065 1196
5732 1388
583 2402
7423 3616
8685 2550
6966 8165
6852 7151
5165 6995
5657 8135
5242 5913
8866 8472
4765 4765
4445 4784
4129 2402
3896 4095
1156 292
1146 5375
3398 445
6356 5027
686 4008
6738 1200
9955 7168
3846 212
3246 4429
2890 396
8415 7233
8260 7008
5978 5324
6227 1955
228 3388
5128 5090
6971 9090
5346 2951
3977 4452
6781 4249
1764 2310
3916 6885
6414 3831
7177 2171
4312 6122
4735 2890
3368 5747
49 8459
2633 5802
8093 9510
6803 1999
1661 6418
1300 9595
6473 4523
602 8813
9061 8970
4564 2683
5023 6568
5923 3421
2506 3757
9360 2807
9308 3683
7547 3150
4992 8470
2530 6119
4924 2404
8347 8918
5248 1050
2432 9953
2988 2847
8642 680
5463 96
8966 5110
5825 2003
9391 6981
8969 9216
3827 7946
5870 9045
1157 7469
2754 1711
2910 5928
4073 6122
9183 2622
7082 334
1999 316
5608 5881
8293 6368
9640 3320
7022 2557
7611 1341
4682 8627
7344 1098
7423 4850
2076 5701
4022 7185
5959 2491
9178 4622
3195 236
5778 798
4246 5420
1615 1198
9054 8910
6103 8703
4013 3276
826 5947
3500 1488
6451 6276
9163 5285
7579 4466
961 4606
1964 3221
6858 6052
1271 7120
6287 3737
8729 6847
5486 8460
7438 3870
7752 3003
9671 3428
8577 8900
8387 720
1476 1052
3214 8124
447 4330
3412 9857
7240 3491
2115 3334
7760 8722
9991 949
2847 6076
4781 4473
3073 6867
9068 4186
7924 7342
8128 9984
8052 7223
6686 2193
5032 244
1834 328
3455 4559
5661 2327
4495 6557
2458 6797
3235 2060
6415 4186
6201 8249
8110 7006
4324 5954
1082 1217
5082 2214
9921 6258
7549 7597
6496 9256
190 4912
231 9369
8768 1967
4872 710
9774 3601
9856 7395
4344 8855
5788 1435
4749 6179
7852 4090
6642 2940
1343 2863
2700 6520
7159 5904
2607 726
1824 6183
8111 7503
9024 4000
7841 8215
3191 9746
5152 6593
438 7031
7155 6206
628 5108
1780 7012
6346 4802
1383 2928
8753 4669
3400 9492
7737 3341
3132 855
2307 7976
9593 5394
3014 2846
9145 7414
2326 8444
2114 833
3151 2472
1394 385
1362 3672
2930 2172
9887 7128
7322 3689
2243 7564
3649 9717
1475 2703
9764 9134
7519 9517
5498 8311
3616 2041
8983 959
1666 8255
6232 7419
8797 9575
6850 3104
2781 7435
6330 4207
9724 7249
7392 4216
242 3770
9994 1092
4696 3354
5748 8577
4942 1212
8547 9946
5430 2499
6230 4398
8460 6221
5131 2708
5383 1146
9745 8073
479 4040
3459 3002
1963 2488
7866 9490
593 9917
1518 3717
1875 7961
9297 5845
1138 1614
5543 6257
9847 2338
29 9764
4746 9487
9141 3463
662 1090
1151 3293
9377 2654
7482 6666
7736 1944
9668 4992
7174 3514
5709 8563
7607 1026
4943 7170
117 7895
8846 5861
1399 1977
6066 8353
143 4274
6078 2725
3390 1188
4025 21
7516 9510
4388 1707
5722 720
5926 6898
2919 2739
3628 3539
3445 5272
6041 8617
3175 7919
4008 5224
7490 1121
2066 6235
1376 3820
6517 6773
119 2404
7163 3877
8291 4676
9041 205
9026 1585
2270 6140
6366 3305
31 362
4025 8760
4501 5640
7492 693
68 6886
3858 7222
323 9271
6215 5876
1062 2587
1571 5412
5450 1528
7181 8253
1656 987
7551 5676
4572 8436
6851 8684
6218 7651
2979 5171
7085 1210
210 7712
7536 2798
4612 6741
9397 2938
4944 3624
2520 2471
2284 7532
1926 6253
6051 602
4137 5624
8576 6932
9079 9401
5688 4813
6852 3544
910 2104
5950 654
2018 4711
9540 7915
2304 1697
9725 729
380 1713
2400 6610
3264 6715
631 8848
8828 6112
6680 8171
6708 1450
5191 9694
3956 7559
7709 8455
6565 5092
1015 6957
4550 1890
4902 5504
2847 597
4903 5773
2066 8539
714 417
3560 2418
8180 2448
9200 9876
7266 3594
6148 7458
7311 7651
7118 1578
3654 236
210 6367
120 338
9673 9618
4286 1289
3205 7698
9176 3671
5911 2998
5269 9262
4864 1935
414 1743
5035 3525
7 1422
4259 9056
763 3578
8568 7094
8450 7965
162 1149
7149 8880
3805 593
2527 189
953 9486
4875 9677
790 1946
842 3022
5926 2207
6685 4664
1826 5009
7784 4529
1693 1389
8858 2416
3504 5093
7323 5043
1011 465
4459 1053
8722 6783
8961 262
1898 6664
5583 3418
8894 3809
5271 5267
7846 6295
9417 8768
9776 3094
6336 1024
6832 9911
3514 7878
7082 7765
1201 8056
278 5455
4741 6791
5491 9073
693 3046
245 2824
3879 818
854 9673
5946 4170
6042 6197
2523 8978
1366 2838
9914 4785
6752 3635
3908 3616
7476 8640
8357 6252
4936 5526
3917 9673
908 8030
830 6753
9059 7444
757 4179
2476 185
5138 7742
4899 8242
5279 1354
5725 7195
3654 5235
1609 5482
6543 2351
6608 9532
4247 5423
5578 2065
8948 3077
9262 9969
2712 6017
8810 8206
5277 3839
6219 3074
7294 6522
6087 8090
1895 7117
1500 5739
1147 6801
1011 8100
5377 6305
2339 2651
7843 6899
958 7347
5989 8585
6855 6681
2448 3513
490 9444
9466 8345
5985 7024
2234 3407
4134 2449
8591 1294
3633 5143
1220 6911
1868 751
642 4071
4316 9738
2401 1975
6704 922
1604 8756
9162 9110
3739 349
3292 1083
4013 1505
8811 4655
8921 3249
6485 3570
3292 1071
5297 6360
7205 8369
1747 8298
4701 6244
1752 5587
1291 4278
7230 5153
4677 2968
6552 110
7064 8612
1208 9823
1008 6619
5630 4290
4518 4751
2451 2806
955 4447
7862 7288
9341 8922
3258 5293
569 9554
8445 4677
8692 1824
8721 6434
3285 9664
1789 1455
6911 6226
2485 3855
4768 8217
5786 1732
2305 23
5175 6187
3206 2019
9955 2626
412 8464
9124 7580
7210 6186
4553 1635
8320 2518
253 6638
4208 6851
4840 6300
642 7954
6566 3128
3603 7403
1504 2617
1819 476
1393 5598
4690 5982
4843 5760
7303 7926
418 1273
7328 6059
4098 5045
8656 702
5293 9899
5506 5565
1084 191
3924 5936
4213 1328
8627 8889
8523 4510
3217 6370
5436 2861
7736 4521
5435 2134
799 9537
2143 393
4460 6526
464 5186
9933 8931
6774 1446
6278 318
436 2345
7152 5559
629 5569
2455 8239
3821 227
9117 2425
4643 621
3182 1953
736 9416
6074 8783
319 7304
7510 5388
4804 6799
2339 532
977 7616
567 9621
1750 1837
8997 6584
8546 6151
4662 7954
7252 3356
4500 3728
6273 3024
2365 9798
4812 3577
8429 7740
1686 3333
7446 2436
2745 168
6362 5459
1116 2966
7959 5597
2240 1784
2601 3226
7164 1402
4453 4497
5036 2690
1346 7967
3206 9190
1259 6876
6093 4518
5679 1517
9440 2300
6354 8887
9999 1022
7452 6644
3773 6007
7820 5110
6450 2257
7436 2559
4200 6752
4864 3537
2564 689
3169 582
5047 7789
8097 1427
2617 5367
9865 8363
1084 9841
9662 163
6989 3208
9653 2604
550 934
3889 7978
1481 9661
6608 4087
7683 7759
9028 3397
5370 8408
4674 9072
404 4231
242 2052
8340 26
976 8987
527 6611
6745 7140
4278 2371
5409 7353
8704 3729
8970 6849
8294 8999
7280 749
1823 9264
816 690
6588 7486
9919 7184
765 4116
6795 6996
506 8217
7363 1019
183 695
932 373
8959 1531
8339 1892
7515 1158
1105 4824
5850 8178
2725 9266
9629 6270
5728 3322
4716 9457
5231 4776
5788 2541
7926 7215
3681 2647
1120 8738
6539 7165
6042 2533
6113 6271
4152 8800
3295 2733
616 4790
6603 6166
5051 3866
7750 5110
6464 4288
8858 8195
9156 2581
5603 2838
6317 9770
8993 8687
6292 7271
7377 9024
8863 5060
8070 5033
6820 4347
2583 5334
3811 4977
7724 2480
4941 4473
2067 8123
786 6010
5949 9203
8388 8876
9084 3966
1634 9794
7348 6666
8399 1112
3523 6022
4175 2626
2904 2582
5283 9273
8504 5013
1331 8881
4734 7027
3515 3065
1686 1087
6474 1640
9718 8586
9095 9689
3473 7444
1559 9533
5184 5819
4852 8332
4144 5605
9742 4566
843 3143
8889 4445
2300 6386
7944 5679
4443 4332
3989 9610
3646 6858
4803 8922
3064 4407
3833 7642
7521 1357
2563 7604
1051 301
7624 3410
756 728
1894 4984
3724 2861
7961 3393
1898 5061
1430 2560
582 3822
4021 6559
4633 3708
547 7606
4722 4577
7034 5926
127 8886
2043 4689
9611 7143
2288 745
7736 6571
97 6422
4220 9288
9595 9146
78 1851
6555 4173
2903 818
332 8148
5740 7837
7395 5222
3076 5131
4656 4641
3107 6620
2521 7965
9446 1780
8314 4411
9311 3339
2982 8190
2791 3039
4039 8258
7658 903
4288 7021
2606 9156
6164 9449
257 7281
966 833
1365 4324
1534 8874
5391 6513
3641 764
7762 1912
5185 9070
4849 8541
3899 83
4519 1562
2003 228
2127 1194
5526 2947
8688 1372
2499 132
5918 3127
1582 6240
551 2665
1171 2778
5808 7059
337 3634
1183 6377
6861 6230
6789 6870
6534 7830
7880 637
4681 6598
6026 9287
7657 713
5346 9252
1206 8057
8339 78
9953 3462
3788 410
880 466
6609 1761
7424 1374
9484 7371
8004 6435
8538 8907
7979 168
161 8480
6319 9005
9946 8593
3555 113
3961 6455
7832 1796
9466 3133
3338 3729
7284 3512
9345 755
8366 5354
1943 4634
2132 1835
3355 8496
7652 3118
17 4786
4317 7513
6066 7182
6348 3816
5911 1101
8740 7775
9543 9150
7063 2128
5022 5061
7451 2944
6185 3848
821 1968
9518 7038
3464 9306
9629 5409
6716 1317
2605 3929
8281 7790
2500 3950
8829 9822
6093 9024
4781 4488
6511 6382
7257 9827
651 409
8516 7805
1556 8915
9983 7115
7222 2039
9863 7636
2951 596
8354 3505
7753 8508
3002 444
7568 819
9424 4213
3280 238
6567 4341
7454 2722
3526 6239
5786 7124
124 4607
8934 8981
5481 1733
1298 380
5993 7719
5940 8761
8187 2847
4526 1436
8066 6004
5623 6512
6482 9564
6494 6427
8094 5879
7798 3251
9436 7971
2296 4986
8673 8105
1769 5904
181 5
7877 1134
9771 344
4260 1715
3145 1850
4693 5999
4503 2765
5131 2067
4859 5167
5745 739
2235 4056
3759 5734
4794 9974
7290 3212
5634 4228
4378 9334
1409 5751
8547 7565
1816 7147
8404 3642
6593 8751
4461 4469
602 1239
160 1506
7004 1974
2594 9060
2963 2144
4052 2490
5148 1228
5048 4298
7888 8073
8221 4124
9849 1731
791 2722
2972 3860
8580 2332
5218 5370
846 3525
9935 3814
9148 8783
6834 4170
486 7196
6902 481
4143 3738
3072 2269
5560 9696
3868 7175
8685 7256
8598 4848
2753 7132
551 6906
8838 3689
4789 6700
9763 7121
1345 6538
7034 6093
6930 9732
8098 5395
9740 2147
5087 1020
4194 822
710 6528
3224 9437
168 6013
7535 743
9958 7390
6791 4387
913 3316
4193 3301
4460 5445
1172 7501
2152 3044
4926 5537
16 8998
6384 1183
3702 8581
188 6513
4368 8916
2041 3803
8104 8913
278 9063
351 6961
9648 9158
4544 528
491 4032
7564 8228
3127 6402
925 227
7474 6426
918 8577
39 4331
8822 7166
3962 2607
1651 1809
9755 5166
2306 3636
9873 6600
7253 7940
9290 2738
8935 5864
2979 9540
4834 8541
5165 9300
8952 8435
7437 8567
796 8988
6607 1137
8853 9325
548 4022
975 5137
9784 1356
7860 3504
6633 777
6633 5011
6238 1683
8581 9237
7115 9593
7180 7854
3259 1961
3712 6837
3638 3437
1125 107
4762 3848
7368 2899
105 7933
2154 1636
6832 1621
7139 1401
2198 4132
4334 6873
2958 5424
6627 1849
4051 7306
1374 3286
8858 2470
5102 4647
5371 6748
8683 1176
6986 5472
3791 5650
9983 3626
9443 9731
5815 7140
9962 596
5900 9155
2167 7804
7059 7018
7201 2411
3476 1418
1616 8254
714 2580
1718 7986
1858 5780
9204 9183
2411 8193
2639 7336
5773 6962
3231 5103
4879 5858
472 2147
3625 3084
1363 6159
733 8448
4884 659
507 7678
2890 298
2991 5469
775 1126
8680 478
1263 8710
6498 1615
1989 7872
1553 1149
6339 3624
1136 3226
3703 5700
3878 7619
1680 4579
1890 3399
3964 5890
1529 9783
1549 8865
7043 9777
6831 8568
8348 7046
9703 6865
4237 6404
1303 6196
4042 4684
4960 6516
8801 9718
511 605
2193 545
3122 1633
6685 6499
7325 4641
3106 9082
848 9587
2865 4054
4351 4488
2040 1682
9965 421
8401 6786
1611 49
2180 2028
926 9781
7642 4188
9842 3237
6348 7953
225 4609
9444 3292
5340 390
2913 4359
3165 2079
1466 4546
3836 1320
1660 2994
6608 2610
1894 5509
1077 6121
8135 3275
8446 1458
6557 9711
8829 6358
6045 689
3331 7505
9896 7931
7515 3963
9660 6683
9682 8911
5777 1237
9639 6502
8428 4512
6978 5711
7933 4395
176 2106
9844 5204
6827 7108
1087 308
5554 2105
4477 6485
1796 7260
4507 4929
31 1157
4809 5828
2194 3489
9677 4222
2537 5146
8509 2235
24 9082
3934 9139
945 4756
7448 7961
6507 82
3067 3636
1554 435
2466 5050
9999 5297
3319 6789
7065 3751
4914 7462
5744 7819
7124 7322
7241 9033
9262 6275
1153 5001
1781 6220
8508 313
9017 3926
5765 6778
1374 5217
9659 4588
9632 9018
1353 9302
3411 9360
8881 5030
9575 9600
8376 5130
1836 6907
8148 9211
6784 3338
7861 2016
542 5122
6490 7368
5856 7596
7429 5854
3868 9549
3011 2830
8532 9610
7117 4259
2066 2840
1707 455
811 2216
6764 5423
3273 608
7694 8282
9263 8928
8021 1509
1516 6726
3313 1594
7438 4275
5424 6941
2650 8433
6295 5595
4448 4052
192 9857
5430 8401
3052 998
807 6266
185 7567
2829 1285
8313 1933
6050 5853
2379 8945
939 9502
3606 3486
6785 7384
3447 9757
1985 7536
6108 2143
2870 1304
9909 8328
7407 399
4632 5333
3748 2649
5859 5818
5569 5714
9243 8425
8583 7193
3683 9042
5427 9207
8496 8830
338 8927
4060 6897
1587 2678
5428 6526
9725 4860
1471 1961
1469 9696
8084 120
5334 9347
7906 7715
2235 2034
8209 5044
3639 3431
4646 4200
1858 8838
4631 7204
4113 3823
201 2188
8082 8945
2241 5476
9019 5791
7941 5977
3498 1200
2879 4345
842 16
5708 4268
4664 1142
6181 8810
8924 1880
3590 7119
9066 3394
9933 4931
5035 7552
3137 5178
3331 2017
1218 3369
8495 1789
2370 8731
8897 8685
3012 293
7538 6532
1323 8799
2772 1467
5985 5368
137 3288
4624 1193
5232 379
3781 5236
5262 136
4285 7846
1360 5271
7703 7176
5060 8125
8425 4178
7201 8295
8435 3118
1185 6242
1492 8936
5781 5247
9100 1593
7394 3122
7725 6590
582 2825
5188 4705
4625 2117
9729 6057
583 9696
9302 6581
1564 808
7100 7616
4571 9048
1839 5463
9003 4202
7730 7774
6361 9746
5776 6044
1858 5995
2592 3236
2042 3223
5626 9375
8616 5302
1172 8907
9138 2529
3190 4354
6539 2818
4055 4818
476 1845
4959 3044
5293 2538
8688 8767
2517 5267
2664 1592
7978 3561
120 3475
1131 6459
7119 4954
6904 9709
8023 3690
5078 6739
5152 744
6673 1832
8546 254
6425 1269
8105 3049
2261 1113
9721 3047
5061 1268
8842 5087
124 2117
466 3805
9408 6695
967 634
4894 7025
4386 2732
2920 636
4055 8874
8604 4126
5013 7813
7261 1962
5866 532
5078 2211
8140 4816
8023 6398
8743 5904
7648 3334
6911 2176
4258 1574
1004 383
7703 5525
639 7136
3408 8626
9100 4779
3530 900
5855 7797
6011 3240
3477 7237
9887 8252
1274 8374
6824 8449
4172 5482
5416 96
9235 9404
8591 2181
9988 806
3497 2842
2733 3088
818 2814
7117 3786
9412 239
9749 3400
5127 7213
5645 1850
1827 4319
5937 4719
384 2936
6501 7853
9601 4393
5522 4078
4808 9554
2048 1243
4806 698
9639 5326
66 6038
5314 6135
1976 9041
2412 7614
5051 1262
2218 5580
2480 6904
9724 8036
4298 7523
3745 2996
6311 1408
8135 9345
2977 4928
7462 6736
8976 1434
4163 6296
6001 733
130 1411
2739 2801
8731 4830
2358 4946
2929 1140
7526 4177
9588 999
5154 3893
5644 5639
4901 3300
4810 3953
5352 3908
9825 6730
5501 2067
2274 3056
4822 7091
2322 9292
2490 3913
1160 588
5258 6873
4285 3912
3098 7580
6693 5954
7987 91
6610 7389
5105 730
3580 8538
4012 2377
5767 287
6231 3573
8937 7683
9975 1591
1403 516
6215 3480
6533 4978
9891 6717
850 2009
6742 8295
5091 3129
5586 8433
2959 3798
2555 2413
3303 4850
1656 4173
7671 5063
1282 4637
7275 1776
7273 3958
4810 9539
1277 6196
3423 5786
4779 1177
3009 2861
7193 9880
6696 9006
7047 7930
4546 3425
4313 9351
8973 1699
4505 3075
946 6502
7106 1900
9611 944
1371 6414
7861 9472
4757 2377
7917 6079
8386 4939
5642 1244
2183 6629
7907 3503
520 3029
1819 4912
8057 7234
5905 6755
8325 8296
4842 3471
6819 3031
1300 853
2333 7809
1977 4394
8514 8448
6889 1632
2214 7736
5582 5235
2855 8732
6677 2149
9287 9857
4351 6960
710 4403
1339 5110
7138 1741
3692 9686
3009 416
5933 9605
5628 8073
705 403
1781 9115
874 4569
2430 5654
5891 8153
1611 3804
6016 2846
760 2380
7606 8563
9506 1645
7001 7498
4206 2309
8967 1173
9301 6130
2732 5985
5798 8153
6550 2532
9798 9881
128 5810
3407 6770
4553 3973
2809 4275
2888 1137
4593 7004
1354 3901
4973 1287
8647 2082
5090 1857
9009 8218
9406 8049
645 5968
4731 9992
1344 5454
4026 2897
1229 2963
7393 7868
1261 8239
2345 8375
3546 2857
2603 3676
7702 3610
9220 6309
8492 9137
5091 7384
7511 9176
6663 2225
8303 4993
4482 7655
9180 3707
3191 2827
2699 9324
4491 3634
9207 4231
6492 9976
7258 5751
1660 2855
7317 5064
1688 6864
3313 2090
1593 2319
8098 543
7892 3880
89 7740
6168 4634
7978 8505
1212 4183
9705 1104
3536 9879
2365 1681
3711 5350
7592 1949
9067 2323
9084 1309
6457 32
4583 2835
6934 3987
679 8315
3207 4596
4603 21
4405 3589
9917 9684
6294 1664
3221 1347
3573 6797
6712 5769
7966 4326
9942 7087
6131 4781
6769 927
3654 2926
9206 5845
3051 760
7900 6467
6341 8232
3619 929
4978 2267
7983 2340
694 8790
9290 9512
2179 8971
6993 6879
616 1172
436 8749
4546 1372
8744 6329
7775 2666
2575 6774
5625 5738
5649 8597
6199 3432
8027 5879
6810 9841
4205 2451
1127 6369
6381 8922
3176 6543
9115 8757
9265 8400
7455 6362
1170 7543
1001 1534
3878 86
203 5810
754 1048
4408 8367
8911 8253
1975 6943
4785 8713
5783 7703
2370 5431
3169 1398
539 9221
6237 3837
3834 8510
3731 6223
9082 8667
5686 9418
3718 9034
2114 9313
4110 299
2187 9611
883 2878
9680 3423
8327 1030
2925 1486
208 1009
1375 5658
6018 1519
3472 7597
6682 5453
5702 8859
6940 359
9638 5655
2565 7502
183 7632
4273 5534
3315 8518
7051 7614
83 4679
3071 4074
527 4153
4391 2802
7578 6198
6596 3283
2316 9161
4970 5944
2779 8652
4926 4941
1436 4405
9183 309
7263 8315
7541 9222
549 8842
7976 4356
3223 9350
2642 8403
7702 5135
257 5239
9879 2788
9004 1732
4682 3590
1896 9245
3032 88
923 6652
1438 6125
8734 6697
6234 1703
123 5257
7760 8228
1275 8568
6625 9703
1344 8626
2869 3494
3405 2082
3019 8674
6789 4995
7886 8167
5572 861
1275 4436
9454 1557
6673 9821
2092 7587
5312 6397
9439 288
4222 2854
5830 6540
984 1832
5377 9854
7945 993
4914 353
1631 9383
2238 6177
3809 5405
7422 2715
4106 3289
8913 9519
8543 9930
4106 7163
8754 8206
359 1108
4475 4621
7257 3880
5963 1465
1880 7048
323 7810
7147 4296
7812 2367
1439 5032
1437 8181
9166 7708
3845 9989
667 6644
2135 7925
5569 3204
5476 6599
9954 5688
6430 2178
1620 6481
2900 3303
2865 8821
2137 3374
2253 7523
9978 9382
9863 6360
3792 4381
2725 3906
1874 8189
7759 9107
9069 6889
2289 7003
7328 8937
698 4480
5235 8187
2031 5201
9981 6899
5212 7552
9116 314
36 1575
1591 4680
8454 9212
5121 6058
3528 1053
3918 5841
1659 8565
788 8716
6901 142
1858 4761
3402 9004
6370 7245
9682 9436
401 3473
9876 2303
4518 8603
8322 2564
