347
69081066
6973 1582
7932 4609
3445 7876
1389 1854
9643 9291
4403 8847
9860 3472
2870 484
2010 1819
8038 654
9961 6553
5430 7558
3496 423
1468 3634
8676 543
1173 3665
2268 9018
458 3161
6690 3406
2245 7029
2384 1950
3974 829
890 9507
9956 9820
405 246
2225 335
7495 4887
4366 5777
8237 1008
991 4217
7669 8409
5749 8778
6077 8862
2958 967
7594 576
2175 3856
7925 1468
8093 2578
9739 589
1458 4573
4003 6330
42 3259
2630 2923
4392 1120
3363 673
1730 1980
8143 2107
4513 1992
1516 6934
2739 9165
6377 982
1313 1281
4086 983
6393 7762
5895 8525
6310 3050
9789 8044
8689 7071
1416 2019
9501 6032
9136 4767
2134 3073
6568 4657
384 4368
6232 1753
4861 4659
714 8893
7152 6789
7616 474
2471 3760
3499 4607
1759 2094
2933 4679
6886 7605
5043 2666
5279 4223
1423 459
4985 8683
3737 1460
6429 5655
9045 1739
8734 2121
7699 9599
6543 1642
1480 2450
2800 3039
9605 5011
8929 7472
4215 7090
8259 3982
2985 4661
4581 6064
61 356
7218 316
1914 8749
297 1669
9481 144
9059 5793
5909 5424
102 4232
8537 1815
783 7479
6366 2962
8802 3757
6045 5325
4955 9398
9381 2966
3165 1379
9948 1108
7664 4977
4997 7446
6612 11
2750 7880
8389 4742
7773 3755
6381 4675
9892 3629
6683 8460
6595 8036
1091 4572
504 9524
540 8364
5211 3594
4525 2853
68 3167
9663 7364
6482 7755
1973 9235
5926 2863
4279 5863
6808 8651
8665 2336
6877 9409
804 1114
8968 1185
7626 5663
5611 9358
6744 3472
6950 4535
8652 1781
4949 9675
9116 6328
6193 384
5190 4638
602 6987
8639 9900
4352 9599
224 5549
8220 5285
628 5556
5140 1831
4641 4619
1252 2454
1079 249
5152 4362
2023 7485
4631 814
9121 9657
5688 5443
2106 8126
8057 5046
1866 3530
4679 2766
3614 3919
6537 7424
7463 6706
1422 175
3298 6850
2097 7106
981 607
9798 7872
295 1744
8301 4208
2266 8558
6234 3666
806 9907
6000 3952
1798 2039
3636 8711
4181 9300
5861 4205
3160 3585
5246 9251
3454 7687
6085 884
5582 5174
4955 555
8547 6503
1340 841
1022 9234
6153 6802
4316 4367
6830 4810
7761 5881
6010 5921
4643 1594
2195 1828
7087 1136
261 2703
4993 5218
9711 5188
3285 9702
6843 8860
1766 5263
6334 5677
1512 1106
790 5990
2933 2502
8277 2912
9038 2040
3097 4688
763 1197
46 1093
1466 756
5440 8562
1421 8250
4963 8592
3929 3008
5844 4045
2866 3966
7740 3455
7522 1757
2532 3371
8122 3870
6708 8833
4606 3394
2378 5505
1557 4041
6226 7305
6215 887
5008 5967
6532 2952
6670 5590
8976 6050
3968 3145
4189 810
3859 2651
7583 1874
319 9032
44 7377
1239 1162
2940 2547
945 8780
6052 1901
2336 8170
7558 8756
3427 1118
985 5909
3284 9003
8819 2573
8209 7110
3368 2913
1720 3580
3671 3790
3574 4835
3276 4348
7149 6812
4982 5768
1810 830
773 6049
7781 5127
6911 7867
3049 9849
2171 5832
8896 4204
8397 1992
9850 5275
96 5070
4295 2611
4068 5939
6677 4043
2312 7985
9650 3085
6577 130
2651 8547
5731 4040
3575 2355
1488 5269
2954 1642
7845 8836
4624 5317
6036 5134
2526 2320
7387 5295
1648 4061
5279 1296
1992 5582
3728 7337
8885 9880
3586 4117
9488 359
9750 8268
4071 5628
9857 9373
8527 9648
9464 5990
686 6252
8454 1165
5056 5845
6091 499
5054 8737
5064 8897
9175 2316
8622 8713
1223 4474
3256 5353
4667 4226
4681 6499
7699 8964
6257 5587
6493 9879
7276 7843
9897 8515
9532 5643
6179 9408
8566 3516
3652 8980
4179 2443
6367 7891
6929 1881
5088 5461
1911 4319
4177 1430
5360 9747
8756 2331
6587 5418
987 1211
8064 9799
3274 7602
7166 6315
3113 3957
8276 6379
5603 1089
2524 9600
5939 9791
275 9353
2053 8532
6521 3639
4941 6664
3203 3822
2894 8002
8314 9658
1668 6934
4447 4888
2997 8379
7733 2173
3727 1840
2534 2784
