8138
75330422
8359 4385
2549 5715
509 3290
9399 7888
7042 9406
1930 4998
8504 968
5717 1725
1635 3753
1399 2769
8937 8188
1447 3244
1517 4573
7981 2747
3607 7105
9381 1661
8285 6101
2741 7923
2476 8365
2106 8036
4265 7078
2307 2643
5615 1672
2047 8558
3097 3952
1840 1528
3798 5646
7483 6966
3869 6285
7128 3674
5845 8053
4442 385
8337 1411
6705 7619
2706 6703
6784 4922
5566 4347
374 5759
8670 727
1780 5413
8499 8453
3258 5835
8818 4715
6113 9776
9372 160
8801 5344
8696 3250
9421 6454
5034 1909
3661 2135
922 7668
2985 4873
2532 4267
6107 9940
3853 259
3176 925
5977 3646
8262 4768
5103 3042
9498 2257
463 3919
1474 7093
5763 4629
8931 5589
6198 2034
1438 6598
53 107
385 2493
5182 5676
7236 5270
5797 5642
7921 4732
9345 5881
3646 2964
1992 7431
875 6856
4719 2743
6500 7650
662 6183
96 7578
6205 19
5210 3678
1811 7002
2454 7047
5768 7931
3632 9833
8188 6079
6953 2914
8836 3332
603 2580
3637 599
7510 9637
5759 6727
9396 675
1273 7098
3969 414
5766 5843
6143 3489
3066 7674
4518 6600
6025 2467
5322 2228
9539 4370
3599 6035
9912 4734
9432 41
430 4463
5554 9448
511 4492
3767 8078
6421 687
9741 6623
8183 3026
1234 9254
8302 4554
1425 5310
2465 4297
6563 2416
8373 6726
9034 8519
1785 3431
4682 8256
6021 654
1863 3482
5239 3598
1482 5690
6436 5082
3552 271
5796 2968
8873 5965
3949 6749
4729 8938
7156 3463
3163 4189
7178 4992
3305 9315
4555 8344
2325 9061
8901 4755
7995 7305
2343 8651
7888 4297
3841 6458
3541 6417
8614 2451
7192 8780
2332 5833
9365 9357
1453 703
7988 6132
3108 2594
6461 5981
1655 4786
4853 3594
9878 1995
2332 5328
1401 2585
3070 6438
8935 6033
3977 4484
5490 6420
6472 9167
3795 4930
7112 1709
172 246
1609 5470
6333 5009
2217 3784
5885 2484
8094 6414
9328 1188
7714 6978
37 9420
7318 3978
403 9933
8471 5280
9762 1665
1604 4390
9320 707
7378 8112
5934 6939
8468 5940
5564 724
4403 960
1312 9071
2637 2161
4284 7550
773 6510
2369 4137
1343 1553
3847 6385
4245 1087
175 2433
666 4734
9413 9653
8901 6845
6348 230
1996 1493
6333 4451
9222 7801
2037 7817
5942 8824
3322 6810
5866 331
9750 4583
2318 6165
6128 2708
2020 4135
9049 8871
3833 793
5331 9502
3805 8271
951 3893
1548 5058
4416 3670
4623 2975
2838 3506
9372 2325
8374 4010
3682 9056
8197 3299
7893 7739
6647 640
1117 5666
7488 6496
6263 9306
2130 5285
8511 9871
1071 2638
9750 3732
5558 6445
4991 5999
5910 967
6947 1728
98 6732
4710 3698
7073 6125
8811 6861
4319 7743
159 6051
6134 6337
9868 5330
6684 3081
9465 7001
8084 2279
9007 6840
581 974
2007 2350
7828 7
7644 8483
4801 2207
1634 9162
2931 8057
7529 1435
9734 6263
7936 9457
9137 7765
7819 1927
411 3675
1761 1348
6464 233
4376 2248
2385 9960
3797 6349
6797 3687
230 4587
2521 9191
3777 1808
3366 5601
4579 3455
9288 8927
9592 2532
3605 7944
7672 656
4483 1732
9351 4974
2028 9650
9884 9242
9777 2147
9891 5765
8684 2125
7461 3702
6475 4322
8904 2555
4961 6270
9248 6510
2832 100
469 3696
8813 6243
3672 5732
5241 7645
5697 6317
2711 3454
4162 7999
2115 1747
8950 8275
1745 2493
1294 4045
7857 2919
3516 8545
9912 2910
7938 919
4827 353
140 8010
4603 3025
4677 6846
5125 7038
9299 6694
2723 8907
7958 9743
3455 2637
9599 9197
8161 9927
354 5123
2527 1262
8679 7417
2186 4777
5974 4036
738 1489
9355 1100
6913 861
2353 5651
1857 108
1312 677
9119 1359
7664 8097
5549 7961
3595 3403
4114 3696
5340 90
2555 4490
1999 93
7171 3970
4620 2036
6844 9163
3576 5304
628 4330
7176 5238
6243 2497
973 3064
1020 1172
274 2970
196 1765
2079 8992
423 8583
1184 6401
3824 9009
5601 6471
8028 3756
9817 5303
8836 5329
6166 3865
8828 3499
1696 8068
8062 2677
7318 7415
3652 8443
1348 7001
3635 2906
8746 4992
3729 6921
1371 1304
444 1573
120 67
2123 4805
4056 2548
8431 205
9219 7674
818 5293
3202 2672
4656 2755
7940 3222
2767 3541
3990 4206
5525 9848
1883 7981
1419 3497
3451 1039
6361 9691
9809 4450
5064 8836
9492 1686
7767 4538
9764 2295
7567 1020
5309 5158
350 8112
8810 8943
6953 7573
7983 187
6294 1903
9222 8264
1894 3126
7654 2179
6045 7845
9956 8191
5192 7127
1099 9403
8192 9554
8185 7990
5130 6835
9616 6433
9325 2483
4177 9580
4815 170
9200 9393
7731 422
9570 5163
3572 146
320 201
976 1472
2204 9522
8870 7510
2151 1927
3783 6528
2514 7667
6961 1279
5705 288
2757 5098
464 337
5765 5728
392 5940
5235 910
6723 1884
8231 6805
8446 5598
5407 3484
8808 9512
3996 221
6907 8008
9368 2570
5799 6383
9934 6587
4688 5388
9723 5770
5555 8940
7669 650
4649 7183
6969 1608
5573 1395
8546 9145
2856 1431
1746 1518
1753 5759
2395 9185
87 2023
3298 3532
9144 5843
7036 9868
3421 8894
760 758
6823 7733
6028 3168
97 630
3417 7591
9450 4386
4892 5092
626 3833
281 8823
906 3420
2073 4628
260 6574
990 6074
4817 642
3355 5146
8280 4030
5560 912
5770 2775
7584 4565
4047 967
2456 7381
5621 3646
1557 8912
1441 388
3495 7098
111 6549
5679 223
8941 3031
985 747
7711 8455
4555 1861
4908 4997
5731 1054
9589 5101
5284 8904
8214 6195
3001 7074
5780 3490
7702 3132
3407 7694
3156 823
4499 5520
175 5699
3658 1734
3518 7756
3884 6238
2144 6001
9858 9647
8662 7436
4141 7960
7631 6304
6006 9640
7489 746
4437 6808
9109 7271
1609 7812
590 8389
7713 7876
2716 9982
7381 9602
7341 6529
4236 3983
5595 7423
7351 6358
3527 6850
3095 3780
5051 1227
2379 1910
4340 1745
9179 7536
4583 3539
3030 7879
8593 7292
5900 592
1019 7662
1848 7606
7107 1964
6875 120
9106 8178
2542 6738
9236 4382
9253 1206
1794 2907
3787 3378
4483 3118
4064 1084
8668 7311
6664 6693
8947 6231
4780 4877
2396 8494
5212 4008
9973 6958
902 1662
9320 6259
3060 9699
718 3622
2210 1181
4454 2338
4770 8828
8118 8610
4701 1789
3920 1054
1193 7689
4394 1612
3408 1011
4288 1234
1532 7385
5795 4048
3494 1048
538 2811
7255 3126
104 7999
9374 3721
5589 6853
2515 3742
3888 2301
9928 4718
8105 6683
7737 2539
7831 6194
9975 5000
2302 7900
1289 3544
7237 2097
7252 6500
793 8842
144 7203
7536 1542
5669 9077
7519 3540
3751 4530
6266 8090
7796 9009
6489 3409
2958 7542
9499 9246
1589 3402
9044 942
1615 5589
6122 7185
6122 3216
6689 110
4931 8573
7751 8593
4629 3541
3256 9691
9572 2130
2212 2846
8163 7101
3311 934
4414 9494
5634 7639
2219 6102
8946 5507
8275 202
7611 8532
5424 3815
5771 7727
9214 8185
3460 9044
285 9991
9236 9546
1904 1571
8334 5641
6675 6241
9385 4837
4175 4739
9732 6974
2196 9448
2767 3177
9601 4310
2978 7691
5446 713
3572 4399
2181 5819
9423 1465
8259 5006
1129 774
2541 6020
9740 2911
3419 3662
6251 7555
3471 8053
5213 249
4127 606
7266 1752
3901 1885
2569 1795
6217 4900
6623 2308
771 969
7551 5905
6720 6955
7752 8562
9304 5114
852 9251
4293 2826
1313 2788
7707 9546
1575 9228
5963 9540
307 9171
6093 420
8118 1794
2144 4165
1636 2956
9629 1681
831 7402
301 9717
1863 7907
5016 6743
7848 1514
9363 2764
5371 7697
5741 4896
5544 3503
4802 5908
9993 8979
6661 4296
9920 6580
2630 9389
6381 2842
8937 8989
8426 1620
7984 2204
1122 680
5919 1337
9410 6417
6144 1887
2886 7077
3564 6431
8998 7528
6601 9177
2025 1169
212 1100
4874 9972
2165 8886
9048 4184
9128 2984
8733 4349
1566 5715
4894 8819
9550 6188
9213 4547
9674 3934
2415 3803
4945 5543
6738 2964
8892 1997
9600 3811
827 7979
6559 3711
909 7790
2089 3342
8517 4624
9920 2562
7645 9447
165 6831
1332 8173
194 5385
1930 4378
5922 3908
9698 6336
2807 5022
6985 9080
5335 3149
8851 1110
1491 1093
2363 248
6745 36
6834 508
3548 802
8994 6422
5392 911
4225 2984
7974 5586
9746 8344
9096 2618
8192 2186
5039 5786
8297 4210
5524 9051
8873 4106
334 44
3540 8043
2449 801
9023 7421
8615 7032
2332 2475
26 3025
7748 9753
7695 3096
387 3133
6980 9348
2718 2606
942 8139
4902 5935
8714 8965
945 2095
9343 5697
2725 3709
4470 71
5729 7049
2744 7104
6476 4623
3757 25
4148 7786
1880 5403
712 9025
4431 9698
4838 5186
5585 6148
2750 2119
5706 967
3454 7639
437 1577
3343 4644
1976 1370
6620 5176
938 7695
4697 3713
2137 1687
1992 9002
75 8992
1435 3216
7625 9218
5472 9414
8596 5850
5491 2420
4018 444
1772 6577
9640 4229
1963 9744
7650 6368
9855 9615
1177 1628
780 2294
1676 3599
6585 2023
7720 4303
3956 6382
9053 9927
4700 9841
8231 8630
8261 8465
4449 6816
3286 8535
7120 1216
5642 313
5633 7158
9101 830
8387 2796
7170 3921
7999 2681
4322 6144
7428 3939
14 8209
3116 6205
5555 6980
2161 6747
4311 3854
9464 4703
4023 5625
1570 8031
736 6945
8622 9586
9174 8598
1255 9387
6749 2013
9253 9905
6948 1070
3265 5179
6023 9570
4321 362
1292 2909
5834 7974
1092 2818
1881 9548
8863 3592
1947 2837
9024 4422
8909 2209
7866 4909
2365 8363
8714 6993
5461 8549
3160 5933
4262 2203
5919 8335
2562 9713
6782 2550
3609 1757
2997 5914
4776 7308
7815 5168
4951 9415
27 9319
9737 7925
8042 4552
553 4128
6877 5882
5106 9157
2251 8747
1288 4246
105 6119
5223 5848
1571 7257
6546 7325
5778 5975
259 1582
9427 8586
7760 7049
5212 6341
3640 5058
2281 872
6461 7883
4885 8119
6562 9409
2186 9643
5867 6073
1486 4634
1582 1655
6577 1049
9647 9025
2988 8280
6485 755
2406 4638
5144 6130
3612 9104
1009 7536
5851 7468
2401 5753
6160 5633
7582 846
2968 6595
64 703
8541 8449
6743 2273
1957 9303
4704 6210
336 1609
6937 6849
9091 2345
6931 4940
1276 7223
7438 8361
8916 8693
9669 6818
6152 8337
4286 2300
3843 3202
6522 7646
4615 3101
7859 179
2254 5039
3254 9055
9208 4575
7765 111
5237 584
8047 2385
800 7856
5940 6336
2213 5496
2329 1331
2130 8524
3728 3293
5414 9155
7226 1047
4222 1126
4262 7199
2443 6797
2388 3749
256 5770
8932 5651
536 2155
2068 4509
4818 2684
2997 6888
8551 5239
2468 4176
6780 664
2622 757
5263 9411
7361 4105
3543 4428
9339 3605
8212 6939
9503 8942
9868 9647
4129 274
3997 7102
7668 6342
411 7412
503 9621
5583 950
619 4427
34 3687
3632 1279
1915 3676
3130 4218
3732 182
8911 1773
8349 7415
370 6948
5382 3788
1275 2422
5384 5939
5621 444
9233 778
4719 8987
4020 4482
7088 1043
3040 1700
4857 4813
8756 7898
1266 8936
2948 5296
190 1973
3109 1996
8158 5770
3959 9438
7302 629
539 4360
649 7845
7277 2269
5125 3525
7630 9689
2347 2628
3970 2202
5425 2085
2784 4306
6734 7814
8574 6739
919 4792
8968 5837
8827 6819
4500 3869
6910 5951
4646 9677
4393 4849
8308 1712
69 5431
7806 9176
8634 6232
3194 1632
3477 644
1415 2768
6848 1440
3408 5937
2332 5481
6602 5761
2035 4223
1399 8302
6282 3845
8895 7099
8727 6700
3760 2199
5634 4326
1128 8619
7826 9855
7858 1380
1505 1710
157 7513
2609 2202
6655 5776
5909 6136
2721 1121
7482 3587
3500 4506
4306 5542
6986 9171
9552 1573
262 8315
7598 3274
2236 3384
1509 9898
1986 5560
2956 897
3406 5758
5070 749
9781 1304
4372 2659
7109 9238
2399 4638
3918 3377
6632 6581
9406 8341
606 2086
5859 2600
3616 9622
6408 4218
9699 401
7151 8299
6552 218
4805 801
8581 3498
7294 4984
8889 9451
1496 1458
6646 8866
5934 4948
5469 6810
2499 8510
7205 8059
794 8123
1569 1148
8773 2675
2559 5310
9360 8084
5748 358
7308 7691
4604 4636
614 174
1621 8742
5483 8278
3814 9849
2828 1292
7958 884
5932 5325
4671 8514
7104 2238
3862 1403
6068 6424
4958 7020
3998 2713
5706 9143
8493 3423
2792 2172
1537 9200
7426 6381
6026 8622
3985 6267
4781 1753
4767 6537
2077 1609
4707 2222
7469 3122
1861 729
9360 8879
6278 4599
9954 6650
2116 4603
863 7186
781 9968
9848 3841
7131 6370
7100 536
8445 8756
2130 7600
850 9438
9262 8972
8582 3167
4763 289
6217 1987
6016 1345
2385 1236
1772 9829
7058 4591
1164 2302
8606 5375
6224 937
8874 1964
6646 5966
4115 5370
29 1805
5359 3929
3012 3943
9030 8828
4567 4992
2955 7808
7109 4153
9627 3392
2867 5845
4445 4670
9342 9514
1547 8462
3296 6839
836 9638
4222 8715
8419 8397
5767 3019
9356 8949
4503 5710
8922 7583
4173 3868
3474 3297
5168 8159
568 2135
2549 74
4119 6224
3197 7771
2784 4683
8236 9712
8519 9910
3323 2471
159 7088
3897 2029
9071 6864
1687 3141
3152 3786
5677 4278
5855 7598
377 4417
4683 3112
3072 1969
1187 7506
6009 7412
9882 1455
6040 2840
4207 9857
6731 367
8459 642
1847 6511
1841 5405
8001 9372
1027 147
733 4573
2499 4821
973 3701
7269 8210
2588 5200
6646 8866
5889 3249
4876 8976
2575 8481
9164 2538
9638 7576
7933 2304
8079 4078
4424 5593
1734 1936
9868 5538
5658 7953
3757 8760
2166 8304
2509 5808
758 2570
6040 9656
7587 7543
8921 2258
6203 6521
9670 1820
1569 5114
2236 9025
4489 9981
1671 7621
275 1447
7504 1010
9779 5107
1913 1714
8026 3956
7593 7436
4435 5372
5849 3503
7442 2514
2222 6407
7664 8462
1410 9891
8316 4437
4385 2003
3674 7657
8304 9367
2707 3649
9468 9242
3844 4653
8010 9633
8553 596
4771 1636
2879 372
6285 1506
1205 5429
2930 434
13 1781
7049 4477
3490 6496
5696 6717
9978 3083
9128 3009
2232 4699
3364 4714
560 3771
2513 8309
390 7567
8708 8160
5628 9706
558 9654
861 1790
1256 1860
8655 6012
2509 3311
3505 3774
4566 504
1465 9454
3456 122
668 8061
7539 8337
1002 5421
6666 7051
367 701
4486 2683
7573 5918
4596 2435
1099 7259
5534 1345
299 204
2196 2223
6200 1299
2492 1104
2296 7528
4539 9468
4635 1190
6997 6040
1623 7068
8924 4717
8915 8168
145 7435
2003 5657
9059 2474
4350 2880
3091 751
1466 2566
7673 9828
1903 5826
3982 5173
7543 2481
4294 4823
3182 23
428 3775
9610 2243
4581 3810
4962 474
9316 2312
1283 5348
5564 7886
8014 7226
4246 6985
2655 2828
2502 2744
8215 5767
8748 6817
2069 9896
5031 7522
5419 4042
7503 3470
1171 2322
8407 5958
2720 1587
7843 3915
1696 9289
420 5828
1913 2573
1937 976
694 7245
1263 4918
5428 3831
405 5152
6251 6165
6613 6150
319 6124
8316 3344
6620 6065
9586 6481
6449 6067
3398 4985
2389 12
1020 2101
7595 8348
1682 5520
9745 118
2998 1657
6011 920
6384 6183
3208 2262
892 109
6216 1063
4836 3864
8487 6684
6671 1678
8104 4067
6405 3730
972 1521
3097 9483
1100 8528
3530 7254
5785 2114
5108 8875
6464 2173
5091 8707
1153 6248
3581 3570
9597 4768
2858 1318
6318 9621
1545 899
6908 324
8550 9803
5625 3587
9423 1694
1 7604
5228 3070
7066 8160
813 7684
1137 5585
9652 3058
6595 2963
8970 6271
308 2635
6813 383
4708 5681
3653 3765
7195 1532
8460 6448
3874 2672
5861 4863
6974 2971
3682 7881
9962 1775
9422 1018
8574 5382
8203 6074
2272 4357
7663 6033
2210 9617
4261 4743
3031 8399
8724 7517
8420 7632
7498 7391
7372 8157
1370 5858
362 5698
95 8026
2711 9276
8042 6194
7590 4931
3247 4337
2450 501
3356 9809
4081 903
6938 8020
5379 9076
6772 6831
6252 250
393 16
2259 4964
6722 5274
5612 8650
8601 747
5421 6781
9689 1412
453 5477
5045 74
6063 6148
6486 3940
9020 405
2885 7226
9641 5159
1022 9259
1226 789
9508 2390
4006 1705
1305 6842
4356 9673
7964 5335
1484 7361
455 9163
7531 3065
2206 8707
7673 4940
4258 8638
3633 8409
9461 8505
6477 5940
8477 658
3725 2953
8413 4662
9666 3976
2402 4791
5287 9064
7645 9252
1961 1756
2323 9096
4976 4565
5642 9098
8309 2994
7742 935
8610 3515
2951 3168
2242 4173
2491 8872
28 1418
5157 8308
6039 8197
8612 4849
6695 616
5043 1023
7037 6751
5134 7939
9872 459
6197 3945
2405 6639
2254 6326
198 6132
2654 4191
3326 8710
1808 2391
2960 3685
3442 3239
3623 3484
2316 4296
7350 1697
3107 1538
4172 6928
3427 3213
4384 7718
155 5387
3051 4879
3611 3063
9888 7701
714 3058
917 3362
265 9040
8479 9320
1695 9072
7436 3716
9607 3121
7927 3652
1410 6118
9929 3983
3216 9728
5273 5086
1728 9957
6349 7193
4934 3897
2935 8289
942 9342
4962 3535
7000 46
1157 8941
5481 9901
4745 9208
5447 1668
4297 5074
5117 190
1779 905
6860 4459
27 9456
4608 8775
8039 4903
177 3790
6029 9318
1396 9376
9235 1258
2226 2814
3264 3940
1514 6018
4034 4458
8045 7728
1790 5032
7636 9742
4792 5752
5264 1568
7700 6766
6188 8587
9267 3854
3942 9933
8688 1275
4085 1193
6180 684
5367 709
4543 5884
6160 6863
7689 6480
7506 9391
7686 4759
7901 4073
8477 3669
7995 6441
7214 7051
5811 5613
5837 2651
1068 8323
211 4777
9991 4665
422 3664
6870 3377
8082 2353
856 1242
6045 6376
968 3545
7212 5826
9305 354
7937 8425
1532 5763
5950 112
6482 8498
5025 9428
7798 4790
7098 9710
787 1437
6222 2693
2364 8371
1173 5685
6523 3059
9468 4239
6245 2807
3993 6007
3876 7822
6635 5130
3446 3112
3579 5041
1272 3758
4887 80
6103 5583
6551 8987
1723 1189
4613 2612
1734 1081
7380 4363
173 1776
2706 5877
8555 9978
5476 4297
5880 3298
522 2999
3472 4512
4349 7871
6247 3659
1962 4271
2155 6184
4424 1210
3230 5691
5560 8956
4396 7418
3201 7671
1758 7104
1209 5195
969 3784
3257 187
2443 6401
7426 1704
4103 8834
7662 5090
3401 7286
9125 143
6192 9646
4260 845
6777 1463
6065 197
8620 7943
8998 1717
746 9334
8792 6934
9460 1057
236 9039
8704 7504
8838 1737
3026 457
3605 5967
9527 5353
8080 4038
5593 7386
6128 4022
1890 3346
1473 164
7497 3410
6577 4985
5086 2042
3602 5591
9218 4460
283 6716
332 3831
4893 5609
8563 5705
7499 5706
7915 600
1572 8845
5550 8103
8758 7756
5384 6908
2236 3799
859 4905
4935 6784
4539 3717
8113 9118
2410 1533
7672 7885
2112 7575
9948 1427
9177 4269
9297 4537
4498 5928
4934 9683
8549 881
1053 2453
7168 2925
7978 1999
7293 5320
4602 7902
5784 9230
9144 9077
1639 9411
6483 2313
6993 6219
4947 3953
6122 1970
3772 8837
9582 873
8662 6202
628 8037
1945 3509
9655 5117
5385 2964
3907 3698
9222 8290
1187 989
8737 8569
4504 8362
4059 5529
4287 9337
1559 1939
5988 1642
9864 4429
310 8223
5787 4600
7998 7644
7722 9570
1989 1997
1953 8873
5101 6603
5841 1468
4539 9358
8389 4708
3271 1942
7634 7547
8775 4111
6737 5295
168 6726
3171 6590
9823 3267
7942 2039
1795 1589
3952 8083
9075 9229
422 9317
8317 9417
4967 4895
8616 5537
3262 4949
4109 1029
8327 5728
3448 548
7733 8848
3255 5377
8371 1421
212 494
3539 7986
2877 6665
9324 8110
3096 2393
572 6137
8248 7119
9353 5682
4142 8385
2151 850
6926 6298
8102 838
3227 9912
4151 2023
799 8719
3908 1698
2192 4472
9177 8511
5457 3933
3231 5664
7612 4428
8056 8713
275 8139
1080 8190
7279 3760
9686 6024
8233 4271
7477 5039
6833 2382
5995 9455
6033 1401
6127 2137
8906 9345
6325 6904
2449 7608
8986 7294
1692 9836
9757 2928
1439 3629
6955 1566
4279 1188
6403 5103
3414 3124
1479 2179
8228 8473
3817 8706
318 4453
5594 7140
4074 4085
9194 3133
7527 9912
1802 7226
8595 6110
1765 7227
4671 1460
587 75
8489 664
6965 4596
9499 199
2932 8757
2774 1330
4083 8359
8708 2578
3474 3742
3375 4996
9155 4217
1491 3946
6294 8224
3038 249
7589 8994
9220 5784
8305 1792
8945 6081
8455 4295
7721 901
9713 2751
265 1371
6881 6847
3998 9289
5661 5086
1901 1423
2496 941
3234 9634
5729 4842
7301 7197
4324 8196
7630 3874
2410 7819
7382 9006
7538 8374
8338 2211
7179 6581
1068 9543
6816 8407
8950 4875
9019 4329
9287 9747
9440 5370
762 3960
3190 6979
4835 8449
4099 9210
9954 207
2767 5696
2090 6325
1029 5380
447 6889
6472 5234
345 3219
1251 2767
7142 4968
9057 5065
9625 4350
9678 478
5122 7045
7403 4982
8078 6393
9963 9199
3556 2684
6918 8581
4266 7185
1013 7126
2038 499
6029 2817
5394 5514
6280 1681
1603 9410
8118 9144
7158 6089
3992 9012
3695 4706
2798 9253
4531 117
9752 6328
9485 3392
3393 5840
8217 2774
2128 7054
4472 1837
5480 342
7173 4477
1562 1201
4221 2685
2157 1643
7382 1592
2575 7158
6814 1260
8466 1590
9609 8646
6110 2240
3085 2335
9741 3652
2216 4327
4412 2256
6526 5437
1741 9760
1007 9688
9314 4602
4532 3993
3175 8016
1931 6987
4162 4515
6023 7859
5890 4796
9607 7778
5394 8380
4540 4252
5348 2659
3548 1593
5305 8452
884 5158
8004 5077
6172 6436
1858 5007
4180 2479
677 920
9436 4005
3883 4710
4391 9284
1319 9387
533 6669
8876 2731
5438 1902
868 387
5618 7339
7811 111
28 2662
2193 230
1739 9523
6646 1421
4217 1996
6120 9804
5960 1750
7713 1360
3175 3312
6582 1405
518 6228
9842 397
1318 9146
596 7711
8205 4981
7220 9957
9255 6594
6898 1149
7291 5820
7540 8678
9637 6054
6012 9672
4184 6182
4933 529
2862 2037
9543 9898
9186 3769
3980 9252
5592 6194
5422 8140
9428 4370
6115 7486
8682 5295
7832 3419
9014 1417
5961 4085
9865 8682
512 4334
9651 9010
5946 4388
232 163
9301 7965
3065 1289
9734 9072
5022 4421
9382 3711
420 6808
7831 6891
6328 4913
3096 2545
6792 7490
3048 8342
7302 9965
7694 9434
4123 3504
9732 4743
3353 4118
5161 2983
7357 2535
8636 2284
9267 5406
9212 7973
7073 1351
3781 6949
5985 918
7318 1068
1945 3163
7363 5180
9592 1492
4982 1151
7624 9424
39 6115
3265 4515
1833 2801
8338 3023
1990 8224
8013 979
2553 3818
641 9977
435 5165
9516 1749
1907 551
6808 2138
414 8252
145 1735
4887 6891
1689 9284
802 2725
8166 8133
1875 7969
3668 8240
2741 172
6850 5740
2860 4252
8419 2254
928 4548
9362 4476
6245 5393
7450 6453
3796 198
9386 3201
2974 4002
5084 408
4176 7428
1306 3248
3749 3136
4887 6966
1117 4132
9381 8513
9989 1350
8269 4849
8733 9263
5447 4243
5150 2734
7242 9152
4362 8393
5888 7405
5557 4301
376 9315
4022 7712
7793 2195
4196 8675
3213 1912
4323 4931
1132 1597
2884 6417
1057 6417
2084 7621
6087 1116
1231 535
4311 8129
3523 5411
909 3892
4447 4823
1053 9950
602 9710
6595 3233
2056 4369
4479 5781
4418 768
4862 7156
644 972
941 3525
1434 7158
4312 4846
4415 955
3887 5893
3134 8832
6412 6351
5816 786
1605 1561
9361 5536
981 8424
7178 9320
3603 3875
7893 5244
8163 3267
819 85
1957 9044
7033 4954
3694 9609
7391 2480
1286 5125
3676 6260
7436 1624
2248 1069
2996 3890
5544 6341
5905 7621
8781 3718
6235 5839
4 3240
1387 4988
588 3690
8769 9673
4130 5595
8481 8780
9246 4104
8733 7157
2535 5490
2631 9615
7496 4213
3409 8407
1809 4771
907 5061
3411 798
5230 9866
8785 1948
4607 9336
4843 2528
4911 1986
9059 7078
9376 9100
5540 2959
9826 5829
5071 6471
2033 348
5947 5817
5142 6005
4139 6578
2270 4626
4155 7924
3920 9206
8278 8354
2922 7155
9932 2167
9644 6638
4337 3346
3693 1780
6003 9299
4878 2912
2878 3405
2779 7551
1332 2952
7689 6976
7732 9379
1118 2943
7289 9560
8988 9744
7837 992
9536 8193
5830 6845
2943 6078
664 8896
1369 7595
5559 3216
9133 750
5011 8200
3549 6203
2627 1593
1096 842
46 6087
8605 7685
7161 3005
8638 5430
4820 3282
6313 1323
1376 5730
9729 6043
9642 4427
1866 949
4506 4215
6587 4472
7001 4871
3867 8466
8275 6167
137 3955
3230 6351
6574 7556
8631 7944
3519 4933
7139 8109
189 2131
9182 6207
1396 670
6096 5089
516 844
6303 6077
7528 8590
8988 419
1807 1693
825 9607
7667 6860
6387 2861
6549 3679
2251 7538
2381 4019
2215 1218
7950 392
2135 6761
6453 1011
9258 4147
4169 3375
8179 3858
8864 2654
5896 9638
854 7376
3596 2652
4683 1434
8349 9957
4188 9642
3099 9852
3496 815
6310 2252
3627 7600
476 9646
5478 2256
8837 9003
6186 1795
114 3541
6292 1945
655 4073
7144 553
3549 9088
257 9437
732 4232
6869 7387
7733 6770
6397 8276
7735 5023
560 3819
5922 2755
5189 7558
5841 3971
4491 2382
2901 2144
2190 5058
5925 9973
3973 9102
8627 9429
5158 5258
704 8220
4258 8899
7171 2018
474 3022
6605 2594
3427 6325
3828 211
4686 2244
4512 2371
9936 4675
4825 7795
4458 764
4544 1193
3600 6593
2527 3141
1490 7536
4797 6313
6099 6594
7188 7468
5562 4805
2796 9426
9738 9836
4940 1318
3736 9144
2062 8167
5780 9614
6555 6950
1507 4477
7204 1266
6908 4046
7958 8476
1525 1646
2855 8833
6043 8788
8012 2134
3403 1680
9628 3037
6441 3685
787 6612
7811 8781
4065 469
7121 6993
994 7952
2693 8786
2474 6068
8740 80
4453 9496
7944 8689
2145 2422
3941 5279
8004 3255
3486 9055
1027 9191
8872 3897
8751 141
461 5967
2870 1193
1731 105
7894 4854
9589 8494
2719 3721
3715 9864
4651 5321
2276 8308
9369 4151
4101 8119
465 3335
1585 3135
7556 6835
7882 592
4969 67
5948 3277
1675 6605
6374 2540
375 6990
864 1599
9021 3313
4874 2400
3488 6469
5338 2478
3136 1818
2977 5476
6192 4096
1765 4602
7831 2677
1106 5335
5012 3699
7452 1889
1085 6243
6345 9035
6059 69
3415 2674
5553 4912
8343 670
5241 7402
3169 9567
5643 7275
2496 9028
716 798
9125 3839
9292 7729
367 4916
1700 7516
2338 6246
8597 5978
5813 896
8533 2200
6184 6367
9156 9860
175 1700
5866 6751
4908 3281
2483 6739
93 4169
6134 3480
4581 5369
9218 488
1192 7803
7065 5643
5837 9433
5443 8821
3769 1952
2234 6131
1074 8648
5180 19
3382 3217
1962 9450
3624 2432
675 2283
8829 8758
6867 4122
6168 3512
4856 15
7624 357
8134 5730
1364 9750
7337 392
4561 8725
1936 9853
2176 1673
1963 646
9893 1391
9364 9500
5752 6092
4140 6931
2858 9493
2266 5921
1339 1302
6772 6329
7835 9671
7171 9485
2816 5302
3705 91
5164 1645
5353 1447
5882 1199
6145 2499
1828 6838
2143 9736
1817 2239
6906 9414
7328 978
9902 5216
626 2126
3078 3131
6652 9042
1333 6959
1136 64
2921 3666
8112 3518
1825 1753
7005 7751
2511 7682
7275 2979
7284 8135
3134 5564
2874 938
5621 8028
503 3425
5914 8566
5747 684
4086 3082
6666 6674
9652 1743
7521 5205
9634 8600
379 1698
923 2700
2180 5966
8067 8101
739 9348
8484 9310
3179 1684
6116 4098
1868 87
4166 4882
7609 4729
5367 5088
338 6118
3594 3471
5089 8147
7722 8943
2614 1126
8876 7687
7389 1375
2368 1756
8264 4615
5475 8226
9676 6361
5556 9526
8511 8271
9194 7033
7355 8763
789 5256
5921 3933
2152 8793
8675 6633
6275 8186
1000 9816
4478 8699
8264 9569
5053 596
3013 3466
7261 8352
7742 260
2387 6759
3776 3845
238 7018
1911 9824
9236 418
6706 179
7961 1975
9705 8821
5557 3363
2542 624
3876 3001
1881 6914
3772 9013
9408 9522
5279 9823
9263 156
7241 509
8542 1087
4020 6915
4634 9799
6045 890
4666 5250
4833 7289
4886 2661
3205 955
9581 4461
6737 1520
3573 8837
8795 2860
2165 7740
4124 2434
9877 3647
3970 9016
4439 7763
894 4051
9440 4305
1067 926
6895 4464
2718 2089
7368 8526
8736 6382
2694 992
6025 7723
3916 7242
8413 412
8020 7151
6978 3148
545 5676
894 5784
6083 72
8953 8086
3009 9436
6604 5382
2852 1302
2423 2110
1197 9929
7489 4959
4822 4523
8743 3753
1809 9721
9193 4850
8469 6354
6025 6058
9698 3227
1245 7508
9689 2524
2869 5563
5673 6281
1268 6606
5025 120
1305 8483
5789 2503
376 6520
9898 620
379 8774
6932 4203
9434 6131
4301 1570
7279 9027
5507 868
653 417
9651 1939
6490 6594
7161 7351
4289 1644
3165 4295
3321 8015
4510 4140
8013 533
3733 2324
323 1637
7129 8700
4325 4831
9355 7173
409 9556
8550 3743
6558 4179
3102 7387
2890 3808
1334 5692
361 9376
7842 1671
2141 7958
8942 6282
8862 4416
5226 1963
5696 1318
7702 2417
9674 9170
636 9433
2175 9029
6141 7052
3882 5802
5028 5522
2281 3729
2626 1012
9348 688
638 664
8904 5361
500 8450
3475 2993
1494 3712
5480 5532
3466 3793
9782 6441
1572 5424
5998 9846
9381 5459
5615 5751
8054 4892
9122 4171
3152 7078
4381 7985
5962 948
968 3738
8240 1833
679 9339
8400 4351
2533 4171
2159 4230
2859 626
2509 8056
7662 264
7095 7336
2552 6600
4754 4478
363 7829
7650 3470
4497 3773
7499 9690
9830 696
1656 5174
790 2456
2871 9343
9580 2440
4500 8285
7225 7351
3645 1823
3758 3377
5674 6498
4364 1137
6954 5080
4513 6542
9813 6489
2951 4987
9271 1610
7361 1731
34 1708
5261 5768
7352 891
4846 9349
4669 2983
8949 6683
5965 3493
7724 1757
525 9905
2092 4524
5962 6509
2206 8316
2501 7534
3264 479
9203 3831
3531 9957
5983 6626
1416 2160
9969 3988
2342 5865
4312 2967
8993 6664
4912 2798
3100 4253
5905 8933
1722 2155
6165 4310
799 1881
5611 8760
2331 4248
6777 1938
1513 5002
8591 8491
2949 7874
8896 3876
6955 2868
2446 8163
1182 9770
3753 9439
475 9783
1460 9138
9851 4042
6179 1812
5104 5318
9258 7017
123 4393
9335 8012
5422 5967
1920 813
1623 132
5526 7766
8657 2671
3721 4369
7480 9349
5706 3637
8568 9185
5521 4778
4205 8926
7541 397
672 1888
2893 3231
718 9073
7938 8838
9648 4064
4155 4381
1875 5964
1183 3659
2938 4158
6596 9527
8459 4527
8871 4015
211 3682
6122 4963
998 2068
620 8412
795 8904
526 1214
2134 1560
7357 1587
2426 9946
8760 7149
5222 1016
9283 6338
6040 2284
6660 4325
3768 4539
2583 5985
2357 6530
2945 7926
9789 1897
337 1252
274 6695
3591 9864
1836 8263
8263 2987
331 243
5609 6836
2491 4890
2739 8027
4302 6205
2299 1456
9295 1823
8623 2859
1802 5175
9970 5013
5800 9758
9025 5206
8662 1046
4052 5525
1729 9095
8958 58
2304 4318
3929 9799
1121 7880
3727 9184
6808 8581
4253 3397
7959 6294
3466 7994
5405 3301
3230 9980
1197 4390
9804 2605
1965 6678
864 5949
9039 3719
7252 3008
7462 2475
4458 3961
7580 9727
9843 67
2663 6669
8353 8157
7206 9020
7043 1856
3362 280
6700 3399
4151 4399
3352 2297
6121 7378
946 5587
1671 4242
680 1308
6244 7170
5500 4703
3264 5852
8773 7147
2472 8482
3748 8248
5462 3902
1190 389
1341 5824
6259 2191
5106 7396
3673 8084
2448 6591
5210 6833
4956 6871
7701 7253
7661 3523
9120 786
2535 4533
4891 7254
192 4118
3499 4856
7660 8863
7530 9545
8105 4580
5378 356
3327 1152
6742 7005
1645 3322
3580 5826
3398 5619
4674 3158
7310 3858
7626 9830
2913 2826
4581 8231
2940 8645
1295 2315
2735 8647
2653 5749
8245 6553
6269 3466
7946 6743
5919 6680
1936 8396
6424 729
3584 3079
5061 258
665 8262
5285 376
3387 4449
8636 7083
5926 9216
2331 4783
557 5309
7335 8770
5699 324
7003 2745
419 7602
9987 1903
9998 6121
740 9069
1880 4715
832 4075
5036 2072
5511 2291
8098 6936
9142 3358
5810 8348
8736 5565
4909 9020
2940 524
1958 3107
3559 9875
7051 8335
8690 156
467 258
10000 6174
3566 8402
1017 7342
7045 9147
4629 6973
4713 3652
5783 8544
8494 844
4045 279
9451 5756
3585 9285
5289 9620
9129 2078
4770 3158
660 6782
1758 1744
3597 1201
1957 8803
679 4520
5846 6679
2719 1136
675 2666
9907 2322
4361 5325
3387 516
1324 4405
4124 26
4558 5555
2719 4457
2220 6322
381 9821
1583 9882
4255 6032
3984 6307
5527 5219
2125 4224
2539 3861
4047 292
7508 5027
4725 4608
5881 1659
2850 5488
66 360
1815 5918
2242 9527
3490 5910
4528 8757
1565 6893
8005 4891
9394 5332
4590 790
5891 7794
9137 9855
1585 8772
347 6701
546 8450
7612 5257
7754 9687
1540 4525
3564 9274
9696 1336
9250 811
4915 4684
7303 2902
4733 1424
3673 6688
8100 2678
8437 4442
583 9739
888 4877
8621 3648
8277 6526
2685 7461
6509 1164
7363 2792
2429 7134
247 4619
1919 1398
3050 2608
21 9302
4631 8311
1731 4852
1573 7112
1573 9791
4859 7765
2569 9366
9907 8080
2454 1895
7303 484
6107 2464
4321 334
70 4525
4648 3639
3511 8033
1739 9567
8497 5489
6895 4757
9248 6405
5258 8310
259 8647
6871 6580
9445 6786
7680 8092
5931 617
2061 725
9559 3840
9000 6325
4781 6014
2905 9244
6365 4609
2033 3565
406 7872
9061 5657
3906 7434
59 4815
2865 7544
3205 1563
341 6907
9399 4320
4866 5761
2275 2761
3113 4340
8975 1664
8340 8007
1784 7504
4421 3437
901 2748
331 1969
3705 2392
4471 3276
1409 2036
7030 4262
3858 7438
9582 8879
6340 5680
1984 6261
8794 4745
7981 3127
5051 9354
8880 1405
7091 3529
8928 8603
7195 5331
9887 3274
9477 3572
6583 4079
1535 4395
1115 1361
759 1195
4731 3218
8654 1680
5844 8852
8983 2532
4311 382
9238 3669
3704 5935
2571 2548
7649 7642
188 7658
4675 4715
7911 6645
7129 8411
6843 9752
4952 537
1066 2279
2063 953
4240 3132
3908 706
3391 9731
3209 1188
3778 7242
438 8381
5737 6041
4503 7172
9291 4887
7114 9921
1684 4013
7722 6485
626 4700
1679 1628
1485 5530
6184 7800
4764 3320
400 5351
7747 4787
2346 3181
1095 2624
9247 8068
3687 4025
8774 2063
6597 390
4104 518
868 2807
8608 1158
2160 6047
1546 435
4682 2431
463 3726
7400 3167
4933 3745
4699 1982
3653 9543
8745 8299
4794 5492
2179 8702
7870 3306
3936 1083
9994 5999
6200 5725
6264 4522
2047 5475
3227 2180
3781 2487
6201 3526
1366 2311
3565 8425
7197 4000
9266 8954
2044 6322
3924 2462
3469 7906
1851 4472
7345 6844
3270 2161
1621 5510
7737 199
786 231
3732 6114
558 9622
1284 4665
3748 6095
9626 5017
5532 8916
9817 1067
686 9144
816 8801
9439 3780
3648 8962
5683 1386
7186 5412
4017 3
4135 339
5222 8318
1928 4036
5071 8571
4695 3791
4152 8175
2732 6453
2764 3874
845 5865
6427 1756
5609 77
2199 9337
3773 6772
5256 7215
6495 1456
623 1893
5577 8843
508 9959
9143 8666
8295 5548
2774 7426
3283 2386
8687 3456
5287 7971
7494 9484
4592 5515
4802 6281
6079 2756
901 1256
8569 1138
3057 9098
7620 6467
9040 6378
3041 9721
6643 2350
2183 5887
6465 4468
4327 5878
4991 5798
2074 1520
6580 8977
8342 4807
6098 4978
2387 3604
6678 1112
2368 9904
7078 2580
8675 847
2745 9302
2844 2173
7627 9927
4359 7458
6319 5357
448 6921
8328 2550
7688 1055
3012 512
4383 8390
6776 8621
4282 2262
151 4477
4480 6353
7550 6297
8005 5472
412 6407
9287 9499
6241 1619
1908 1103
1835 1358
6932 4330
5900 5400
8254 4567
9359 6012
6087 4775
7804 751
8467 2245
8843 3309
5615 9972
8774 5716
2133 4603
8585 877
2359 9587
1522 9700
1068 6945
7649 2794
874 4616
4028 5325
7971 4341
9251 2500
3676 1063
2155 8249
3121 8801
985 241
3972 9511
1604 6275
4750 2009
4532 1142
6147 4004
7134 6909
3513 1261
3607 785
2589 9581
7455 8194
4814 8914
8443 7094
365 7017
583 2713
8502 5256
4567 520
9375 3819
1022 1282
6133 3841
549 8808
8254 3299
7481 5722
3916 4581
2541 2800
7171 269
2593 4658
9906 577
7038 9293
7963 1636
5645 7152
2578 5078
1704 7008
4429 1430
9309 4985
5623 7996
4672 6693
7032 8572
3422 8238
8387 5763
1637 2728
4920 7007
2738 5948
6426 3134
9898 769
8484 3852
7559 1325
2909 5696
9982 2343
7857 4705
2509 6038
7075 7607
7736 1525
4840 3807
3321 4251
5864 6037
9313 8710
887 4489
1902 5466
8893 5194
3846 175
5831 5902
9315 7317
9776 9761
7945 8497
8201 8967
5401 1993
1986 8187
1183 8351
4133 9533
8375 2023
1548 7053
7201 1381
5051 4916
1590 3824
6665 9296
1138 8955
6413 8909
7935 8815
9461 8014
9232 9744
3160 9580
3009 8299
9331 2598
7903 1275
7339 2691
1245 4080
6123 5451
4826 2486
7252 8601
2016 7340
555 4248
1714 3103
6611 2730
7330 4786
8313 3471
3935 2335
6589 2070
770 5495
8902 365
8026 7160
4603 4867
5722 7135
8860 8644
6528 2856
7693 6698
2922 6263
7640 2612
4312 3164
5413 8374
7259 9804
9757 3861
410 6971
3573 8008
9218 7922
1925 5520
8295 5608
6641 8246
3557 6744
4118 2327
8800 7821
8513 4994
7497 3315
9239 9309
4464 2279
3566 4647
8574 8356
8735 1978
2496 6958
2734 5504
2315 3156
4487 6811
2412 8424
1800 209
5534 416
8591 1713
4159 6799
4761 7118
3390 3310
2091 8212
3296 2722
4453 3589
1020 503
8344 7801
7935 6498
6462 2165
5389 4052
8790 2323
5338 1572
1189 9375
6391 3287
267 8898
7816 8548
9999 6180
7368 2199
8009 85
1898 7240
9239 6544
3103 7176
1144 7980
7870 7733
4695 304
5894 7898
7272 1419
4633 841
4968 5188
5626 4990
1229 183
8604 9204
5288 4766
6017 9973
2055 5195
3326 6236
7129 2308
1271 7727
3722 3391
6254 5570
6569 4721
8310 506
4675 6444
6647 2457
1350 5407
7077 6927
528 6409
6670 7935
3043 2539
9708 9697
1141 5121
5879 3233
2351 5447
1055 5270
4217 3024
9450 4659
5595 7249
1723 5361
405 3907
4023 1833
9703 1983
7059 5983
6283 6004
1065 5988
955 9515
6197 8870
2566 1702
9602 5973
5521 9517
8277 6260
3247 4010
116 2475
4019 8930
5481 762
5415 4793
2070 1076
9556 9521
3357 3900
7359 3746
1093 5450
6073 3770
471 4139
8339 4686
9863 8822
6213 6692
6063 7118
5850 5520
6179 8356
9870 246
6965 1903
8753 7868
9660 6578
5820 4149
6272 7768
195 9023
9692 183
3761 7942
9587 6155
4976 4596
900 366
1933 7951
4798 3110
2910 3163
6862 2447
2693 4739
8422 888
8762 3452
302 7587
1207 2022
1247 2620
5136 9327
2720 8804
7245 3073
4959 483
6429 4134
837 3052
2470 4152
425 1191
9759 5929
6220 3090
2111 8537
829 3838
827 7535
1264 5925
8592 2671
7022 3914
1541 5274
6395 6620
4594 6654
5509 7856
6791 4633
4822 985
2778 5969
4396 6604
6326 943
7540 3773
7261 889
9825 4047
5651 311
494 3268
5123 3395
9822 6747
8583 3112
4736 2129
2942 4808
891 782
551 9914
5098 1701
2539 3443
1869 9421
2179 4924
2553 8727
6053 7851
5615 4015
4945 4741
1653 7140
5550 3876
3149 3462
6916 5258
3805 3758
4080 1004
8827 2323
1471 7555
566 2107
1058 7244
9745 9412
6136 6734
3398 3614
3464 3219
7203 3171
8845 5269
1385 5493
2101 5592
1228 2603
8491 4779
3031 7523
7295 3945
4119 8847
5125 1356
6354 5289
7501 9942
9219 7284
3524 54
8077 4249
6878 6167
1382 1304
2380 6141
3186 612
5112 8778
2472 3294
6173 5103
8645 725
7207 835
8113 7326
5003 2492
519 1695
4764 1034
1441 3857
2318 2582
4264 2605
621 6349
9663 8381
8793 3181
8431 9831
3566 772
3546 2009
5691 5324
6386 9225
9781 6774
3167 525
2190 889
4560 5580
4941 1601
3487 2949
3288 8915
3474 7297
5437 1001
8778 246
445 8539
6700 1730
8092 325
1209 6728
9778 6630
4794 1312
1972 8540
1716 2099
376 9381
8757 2721
7576 9875
511 1009
5737 3261
3891 782
7171 2475
7678 6262
6949 2819
971 2113
6810 5133
2177 9340
380 9849
7216 4944
4057 9088
2804 7796
2066 9336
7392 6062
5755 7995
7010 9332
5894 8313
1493 165
1751 8769
8103 7172
6295 3193
7686 722
8466 9911
7634 3531
8764 9787
3759 9161
4088 6235
1849 9274
9651 1838
5749 5652
2502 3854
2895 6546
2579 7245
2047 5881
8719 4939
8123 9731
8403 2985
1258 9783
1831 5987
4630 1642
4339 3418
8891 1489
1248 8856
8731 9021
8984 5797
1876 3728
6592 2560
6337 4883
4567 8321
7027 3449
2000 6270
2934 1988
4365 5922
7 5456
9327 3004
2066 6872
7329 7053
4300 835
9328 6573
9588 6782
8954 1946
5686 3248
3313 5087
8467 1998
4194 2769
7570 4421
3272 9250
8054 78
1487 2252
3979 9939
1837 2714
9907 9704
6058 1322
7058 5642
6901 856
9766 6704
8439 4089
1551 7567
2938 7426
6346 9844
538 7868
3906 913
6750 5904
2265 1305
5115 7549
1231 3429
7411 6316
6035 8248
8147 3656
5969 4754
8014 5888
4786 8265
822 8414
2817 4059
6597 7275
2102 8135
2824 4664
1563 9211
9249 1082
7170 4493
4466 9017
3929 5183
9916 2269
8913 6263
8029 7358
3031 2071
9706 5208
9362 554
2095 8707
1375 590
8387 4536
498 8382
5897 162
4332 1148
4914 7951
8353 2824
4493 8445
9972 916
8102 761
6290 2947
3502 5281
2865 8379
6630 8360
1152 2087
67 2592
6083 6526
4333 9392
7652 7599
3308 988
1499 9666
1166 3741
7051 3059
8093 9108
3860 9087
2927 9014
2145 3376
5142 6446
1845 2279
7108 1778
9918 8575
4071 6663
388 4028
2495 6962
846 2278
3191 2123
5309 6829
8119 7094
4902 7663
832 9729
3002 9275
3199 9936
7164 5164
8720 9297
8798 7318
3321 950
3360 3199
8662 6766
9640 9634
9722 4103
8164 9802
553 9202
2690 9394
4120 8547
7218 9107
2821 6973
3438 8843
6964 1405
27 1686
8746 3595
8521 4800
2471 5239
8571 24
4848 9650
2303 2381
5318 8898
9107 7898
8509 7792
9459 379
8679 4560
1329 9406
1794 6967
7816 8718
8492 4258
8413 5078
6818 140
2346 9322
562 977
3286 7364
2715 1146
4840 4620
7853 5055
9970 7587
1960 2349
8595 8541
2557 5145
3307 1949
6089 2937
5558 5222
2007 2463
8834 6428
3349 2318
1707 4339
8264 4279
9637 924
7568 6896
4851 2712
5382 2997
3906 3265
341 7601
547 1925
6326 417
595 2915
3756 7896
1485 8139
2801 5793
2552 6993
5713 5559
2352 827
1865 8802
2462 7718
9206 8539
9373 1796
2292 5434
3539 8601
9432 3105
6530 1347
8961 3240
7626 7455
9113 8812
513 6014
3645 5350
2456 8514
8947 3230
2872 9853
9870 9666
623 5335
9449 5074
1200 7831
3768 4377
8323 8379
802 1591
9463 7305
4264 215
7735 4584
8066 7730
4833 4826
3699 8087
6745 1909
906 7280
7665 2657
6129 5981
2108 4107
2903 8198
197 4793
3866 3964
5952 6236
2483 5896
5327 264
2880 5587
4641 9002
9746 876
9159 4209
2493 1626
8283 3154
5397 2476
3934 7786
423 5007
5272 9217
4709 1552
6785 1184
7298 9787
9051 7769
4793 7039
718 9798
9956 8311
9422 4684
7564 9193
3311 7721
1129 5851
6819 4183
8677 3829
4560 2149
758 5640
5167 5488
210 8221
5074 8780
2789 9983
2611 6965
5466 4849
8514 2301
2226 3506
7039 2677
4427 3986
5608 301
8225 325
2800 7290
1391 7543
3778 1251
4848 8945
7730 4236
5239 2263
6718 8687
862 8440
978 6514
635 4130
835 8031
7189 8237
1970 5845
1357 1860
6573 3559
7592 88
8917 6313
22 913
1348 7681
6578 7162
8180 7826
9907 1271
3431 876
5245 6189
7257 816
1907 4659
4254 9213
8510 2679
6183 7940
4330 4497
9856 2445
2969 8895
8002 3776
5082 9783
8294 4381
9396 8873
5301 7350
990 5883
9682 5465
336 7854
2222 3478
3402 213
9254 2413
5451 137
9111 8289
5432 808
2727 2082
7993 1870
4349 5098
2776 6391
9456 4701
8436 420
5958 807
5610 1110
9657 2723
9733 244
9639 3514
1359 492
3429 3654
2771 8932
5336 5292
3739 6534
9453 6292
2889 112
2614 9874
9330 6259
5747 3624
1274 4958
3574 8484
8266 4977
9048 6122
1195 4622
507 1350
4015 5292
3308 9808
8010 789
8933 543
116 5308
7727 239
650 5621
1645 3692
1054 8946
851 9246
2505 3941
7532 6420
2720 6875
3780 1417
7130 8986
8638 6841
9779 8380
938 5668
7057 8415
1186 8989
2872 3371
4470 389
6089 3188
6316 593
1997 9394
2043 836
3924 4800
4388 9960
9700 4813
1361 2306
1506 5405
600 8740
5285 1663
8339 4481
82 5078
9343 7641
9109 2304
3516 7766
4509 5918
8501 9176
8162 1834
6911 3823
8843 9649
8412 4470
9407 987
6791 6599
2375 817
7132 1119
5458 6591
1244 1156
4317 9002
6298 8323
5772 1096
3913 5515
8824 4037
156 1581
7060 4511
443 832
7406 6062
3740 4739
3493 2084
2106 1961
656 7117
4104 2814
9172 7957
3831 8106
3220 6135
7567 4303
9531 6826
3687 3637
6145 1692
6112 8212
3822 9739
8348 186
4843 1134
3976 3903
1033 9730
5457 8851
9979 6390
5653 4276
766 6819
3378 7386
3240 2974
4554 1889
9368 5986
9965 3806
1545 9066
6594 2309
9259 4845
2163 5911
6021 3605
3770 479
8421 9522
933 3532
4406 5427
7829 1204
2860 6778
83 3160
6811 1522
3887 479
9465 9307
3568 6684
3891 4928
136 4343
3984 3481
6175 4673
2681 7962
6281 1507
248 7788
7141 3341
8385 4279
4255 9264
7294 1010
5310 5780
340 5858
533 5014
815 3729
9037 3312
6995 282
1632 9858
9956 1868
650 1523
8545 7844
5256 8697
1026 2830
5411 6867
862 6602
6898 6899
7302 2366
3389 4330
1320 9458
2804 6184
3243 1823
2292 9523
9548 8587
1962 6115
9167 5533
8016 1992
5052 5364
3811 2566
8460 5099
2373 8817
885 1928
5550 461
5278 9177
2728 7224
8057 5355
4066 7961
423 7811
8780 7511
7798 912
597 7899
5643 8163
2162 2384
6481 1233
3251 989
5740 419
4596 8425
2663 8303
1127 8104
1940 7069
8484 7246
9180 9901
7108 2402
4769 6984
5077 6022
8708 6870
6584 9008
9797 4551
1959 9954
5606 1778
3320 9522
4910 1513
2723 5377
5016 5032
3972 8284
179 2194
8521 2277
1160 4702
9833 1247
2723 1062
9431 801
9934 9285
225 6590
6286 5927
3421 5834
9308 5939
2476 2147
10 402
243 8509
1522 7438
8836 5390
9753 3947
7271 8429
4238 3291
9506 1623
9547 152
2117 8708
6839 1448
1502 5856
1302 520
8235 8143
8019 8610
7495 5696
6356 7915
328 297
6067 2305
6485 172
4845 2870
9658 5508
8570 8266
2020 3854
6025 9852
5904 6446
8531 3624
7487 3441
9225 2907
4987 5300
1450 9808
1181 5101
4491 610
7171 2660
6010 6163
4894 3708
9832 5349
5637 5574
3535 5325
3794 1212
7161 4654
9257 9944
1917 1798
6106 7956
4915 230
74 6214
2110 219
4970 3475
8161 9461
334 4375
50 6875
4480 4953
3536 634
8594 1941
8322 3359
2095 4384
3618 4398
3064 8582
3406 8879
2992 9251
2361 8376
9521 4539
7776 2355
7237 6507
9655 71
6654 2826
6491 9968
4616 8182
9522 3538
973 7401
965 7055
6582 1049
9741 5602
15 3952
2215 3901
502 9505
4857 2215
643 6960
8842 6122
825 9481
221 9891
1601 2006
8037 2803
8544 4270
3941 9992
1296 5761
9372 2509
4485 6999
5347 1720
4540 2797
9754 1328
5142 102
9273 3219
8919 7433
3582 5669
892 3038
3270 1232
6820 728
2419 1522
9675 3682
597 2707
1054 8180
3287 3110
7029 1567
3207 715
3819 9112
3306 3205
4461 9279
8029 7941
3848 5892
7085 7019
9266 8304
8902 9006
9621 6477
7347 1080
5718 3060
7168 5752
1320 1676
6973 3191
8192 802
3421 3492
1582 8401
6997 1596
9409 9200
4567 4632
6360 645
740 5603
9490 7004
7780 8473
99 292
806 7952
8053 8760
934 3278
4300 1055
4985 6907
624 9700
2488 8024
4225 9148
8898 3947
5552 9401
3681 5843
185 7534
3226 396
854 216
1592 6234
1406 5357
7363 6006
8037 9076
2792 3998
2966 1451
1597 6210
7053 8564
6292 2958
6284 2642
2879 9976
7590 5824
9468 3447
674 335
9781 2228
2233 3702
7540 4537
3670 1766
5675 3730
5867 6440
3462 5822
9344 5921
1947 1742
5831 1474
9958 9077
6567 6563
6094 5001
1666 6723
4379 1594
3495 974
9226 4701
2274 3010
2928 6905
1603 3227
1356 1820
2081 4353
7771 5106
7311 4935
5214 3417
2731 5848
1711 8766
8711 660
4126 3969
6342 668
8934 7990
3842 2911
5797 9285
5954 4896
2812 2016
1884 1319
1850 8610
2155 7253
2337 867
6404 7106
4251 3835
1834 5298
2548 6243
7519 2940
6788 300
1205 2835
8473 3238
2982 1977
5254 5600
3441 4139
8864 8595
1346 498
4355 4394
7133 264
4954 7900
3176 4877
454 7808
4209 9315
9680 3320
1048 2816
5268 4567
8913 6665
8803 2717
1528 3113
2579 75
287 6553
5480 5499
6105 584
6238 2185
9629 2196
4892 8066
3598 4398
4090 7018
4457 9234
9412 8853
6008 4537
3507 5158
6396 1516
148 514
6349 123
8061 6041
4968 1536
1625 7319
1525 863
4657 1402
5733 7722
8217 2872
9860 9910
3439 8625
5029 1321
448 1633
7031 5971
1306 3967
3149 1053
7483 3808
3879 3565
8698 5313
1588 6203
3553 7544
8413 2854
8218 775
2370 3717
9013 9616
737 3930
8265 314
4355 3147
6636 3741
705 8254
4910 5506
6760 4744
1982 9088
5761 1963
5916 2835
913 7452
6808 8840
2817 1207
4115 3978
5284 9594
4491 5480
7892 9700
7027 2944
148 7707
4085 4905
3515 7074
4113 1089
6494 9857
1459 9645
9562 7002
5579 8717
7081 8303
2810 3419
1427 4901
5198 2978
8188 3475
3342 143
8865 1482
715 2109
8298 9721
450 5714
5965 8689
3300 2273
9926 4007
8419 8304
7908 9767
779 2071
1231 5
6132 3341
2981 507
8574 6087
2027 2610
3987 6929
1886 4932
4614 1648
9668 5614
7848 1498
3939 8105
7072 9285
7293 872
395 103
6118 7055
6113 4182
8707 8411
8070 9503
7033 6631
7124 1947
2762 7301
1268 1746
3099 17
578 80
2919 6930
491 5813
9594 6731
7572 8713
1281 5190
7145 2405
564 1048
3667 1244
6989 5101
4586 4763
4608 6249
69 1685
3255 8167
3501 1101
5518 9589
4276 3133
9061 1862
9151 2530
6845 3116
507 5729
8473 5079
8618 636
742 5601
4497 250
3082 4363
3644 8370
9437 2079
5477 7567
9204 171
843 2484
8979 8762
4373 4726
6574 2987
7268 9944
2772 5398
4306 4548
9407 3588
2673 4466
2849 4882
6553 8671
1898 3472
3146 7019
5169 1941
1595 3942
6974 4544
6285 7919
7674 3921
1830 9500
7911 6246
2162 4054
9684 8728
8102 6754
3332 1184
5379 630
2286 2176
407 7954
7849 2183
6797 7192
7837 137
1114 6640
335 7009
3451 7686
2723 2521
3493 1237
6056 3865
17 4170
6201 7708
766 6200
9013 5809
7827 2435
2705 4483
8916 534
8704 5655
6446 9440
1754 8583
5457 9577
4898 4174
2136 2997
288 2339
7014 2150
5806 6049
862 7150
4749 1072
2565 9439
3847 4284
5873 3987
975 1097
1998 7565
3491 2080
7142 7578
9900 4900
8451 263
7466 7152
966 225
8825 7690
6612 8386
3471 6359
8408 5356
4610 3190
1098 2566
1809 70
7877 4545
4574 4603
9763 200
7107 1217
6183 4381
7281 8814
554 1996
6320 9033
8932 2660
5700 2505
1312 1586
7207 4026
1749 8861
805 6334
6872 834
3414 9546
2442 6975
570 176
4902 9298
1535 8511
9342 9342
7220 7148
4112 9261
4515 1180
7547 1356
6047 4716
7957 5067
9742 472
924 9446
9744 5228
849 4050
8314 4398
5598 4359
7585 8200
7775 5338
880 40
2535 1238
7144 1938
9386 4956
4610 9957
5565 9402
2409 9004
3452 9539
7645 5250
123 9557
2530 4629
236 1156
7915 8424
809 1510
8053 464
8316 9199
3141 7007
7452 8210
3971 6774
1492 6691
3442 9437
6119 114
2503 9219
3656 9000
3919 8802
2400 8217
917 9602
2768 1095
8170 7772
1217 4631
3598 3306
8548 7826
573 8533
7690 2209
70 4781
328 5557
4351 4956
8144 3972
8414 2326
3246 3132
6246 5257
7049 2035
6121 6002
8001 7316
1773 1688
5484 9809
8916 6514
5128 6761
7785 8092
5074 7625
9801 1353
2243 3571
6276 6516
1047 8893
6571 2210
7301 3808
470 8464
9613 6028
5350 3383
6954 1003
3548 2800
1067 3463
1383 4644
5160 703
1519 5544
310 9775
7708 2163
1627 1038
8367 9779
6766 4665
3681 4892
8133 8657
6504 8363
3345 4349
3574 8840
4742 9444
1775 9460
1211 2300
9844 4930
4124 8198
5217 709
6494 9390
7554 4863
7049 6426
2682 5824
5913 7545
1295 7540
3261 4066
6067 7605
6151 5603
1046 2890
8877 2166
2508 2623
7015 7670
1755 8711
4316 1102
4741 863
4387 3987
9285 9445
3494 1245
4739 6329
2991 286
124 999
1244 2100
8467 9640
3033 4561
8875 4149
495 4597
6441 7110
8574 390
7746 8737
3731 2648
6153 940
1256 3273
3608 9294
7777 368
6576 9311
4006 2317
4877 776
8454 3537
4541 3971
201 5362
1676 2909
7790 3632
4860 7098
4358 6576
4232 8948
5999 3557
6756 7604
5336 2150
1936 2154
3947 7138
526 7070
5561 4141
938 1887
4501 405
5775 7858
2467 6376
2492 9093
335 7144
6120 1780
8472 3050
2191 6529
5961 3101
5133 8179
7870 4294
4522 1277
6796 4786
5006 5899
9770 9768
2987 4449
1863 5616
6325 9587
3216 5975
2027 7491
6831 314
136 8185
277 163
1055 596
394 6212
1687 2924
8540 7440
9393 7280
9030 3066
3316 6099
1796 1333
2225 3525
7910 4134
3004 8376
8777 5303
9926 8640
1816 9568
7429 1276
1987 9620
9557 8947
3982 1770
2114 2823
1830 132
9529 5568
9138 2279
4425 2621
123 2477
4204 616
7626 9626
4213 3902
4570 9521
295 7123
7063 5578
2090 1275
9817 7474
6749 3682
9861 8841
2073 9363
9019 9138
8237 9093
8040 2012
4459 8670
1909 3647
1890 7159
3780 9738
8403 2789
29 7728
8927 3711
4719 6165
7837 7363
4457 6549
7885 2876
9416 8181
8492 2672
2065 926
7326 8573
213 5038
2112 1438
5726 4846
3765 8392
2399 2379
6829 4975
6602 2600
1998 8486
5881 4230
7148 6019
181 3781
5646 1401
2003 4912
8818 7864
6832 1323
1992 2232
832 9256
9189 3641
6350 1064
1254 1425
7765 388
6074 1885
9638 7396
4489 5741
6595 570
4443 912
565 2446
1764 2816
4624 5630
6912 3849
6307 6119
3747 5438
5055 3719
2391 9346
614 3959
7067 2986
9986 403
6565 8065
916 6637
2717 3908
4585 1785
1987 9632
7983 9725
7558 9428
9664 7746
1219 7437
5300 5642
6198 9620
8789 1915
9536 9464
691 1439
8979 584
8341 2327
2034 4205
7244 8820
47 8197
3627 67
3874 2450
9319 5891
5478 469
2010 1566
8355 6914
4513 1230
8952 6454
6374 3623
5501 4589
1296 3757
7887 2094
817 9135
8145 1815
4259 5556
3033 1942
6662 3313
4585 3977
8386 8800
3594 5566
1198 5424
1971 2123
5523 515
3966 3203
6880 1894
2095 358
458 7334
2565 2495
8743 3253
6201 1666
8073 1123
6936 7305
7008 6201
7574 3257
7657 1977
1176 8211
7362 1952
5975 1101
2064 3657
2603 1504
890 6220
2821 9244
9223 2978
9429 4620
3652 2243
4177 8398
2062 3781
4104 9051
1716 9245
8373 5515
2563 4746
268 764
1855 7170
2813 3539
4112 3836
1051 5189
9722 2496
8057 1953
8377 2086
4791 7653
906 2546
5034 154
3781 1603
2982 7196
6673 8444
6206 9515
5126 6566
7170 8283
2213 4417
2444 4431
7364 3306
3064 8866
785 4606
9099 7299
2537 4901
6214 1663
274 233
7318 3637
8763 5380
6361 7280
5600 4283
3165 218
2143 8045
9826 8802
3067 5830
3135 2538
2593 6757
3404 873
2189 4787
8987 7814
8842 6984
182 114
5956 4183
3792 2104
7882 9292
7367 7403
2643 5643
1422 6361
6049 6512
8225 4261
1283 5202
1287 3748
82 6784
1372 2726
3236 4594
9827 4323
1382 5116
7714 8048
7739 8363
7475 4549
8859 863
734 4592
5974 1227
9933 7776
2463 3197
7364 6063
1691 742
3227 4607
3101 3855
6306 108
9846 2385
1434 2470
80 7086
9706 1913
6936 9590
9463 563
4037 5286
4607 7046
837 2385
4394 1322
3356 2300
4402 2392
2127 2016
3302 2644
2617 1409
6037 6087
4075 6286
4303 683
2223 1658
7164 3645
6663 5968
8632 9393
2964 5455
7042 74
8569 8182
9623 562
7579 4969
5479 2074
5762 7780
4201 6579
9824 2179
4893 3060
2960 3976
6062 2692
7141 578
4941 4527
5371 2082
3854 9181
3223 2462
8500 5207
1613 8162
11 4250
3296 6561
2353 9866
8064 9091
794 8133
8304 9585
8406 8338
7332 4458
6595 1904
5162 2616
6309 7893
9189 6897
8916 1748
888 3400
2000 4236
6453 2386
776 7706
858 4227
3511 6383
3685 3563
7584 8938
2078 2245
3758 2483
4673 5593
1611 5867
8971 3387
7074 2205
953 957
1782 5258
6146 7901
6095 7029
7021 7132
1215 1910
6552 3526
8704 6487
844 2526
6501 7980
1484 1058
978 2459
3920 2293
5603 7396
9786 4240
5570 7861
8937 2850
7380 8854
6044 6792
4293 8732
9516 9848
4500 4259
778 5067
8481 3851
8554 1088
7070 6022
2487 2136
4635 9366
4959 850
4598 804
9467 3523
1957 3619
8822 5597
8007 3470
2285 9129
936 1073
3209 7271
6307 4990
4299 3240
5272 9646
3332 3198
7734 9587
6442 3388
3300 854
111 4427
4384 7449
8497 7560
8968 4604
7553 8553
1521 4350
6292 3317
5914 4656
2519 6773
8195 7726
9074 7967
3608 4996
2954 8991
3737 412
1836 6363
8540 357
5791 1798
3032 2205
1637 1858
953 3186
1848 7573
1743 7644
4681 5606
8558 4389
9993 6858
3457 7018
9964 2806
9691 4849
7504 3437
887 1891
9915 3857
4058 8092
7050 7347
7236 2239
7418 6616
3187 8603
3114 8736
9080 3368
9317 5186
3909 9661
5413 2200
1754 159
6313 4616
8267 5751
8974 7501
9717 8326
1924 3253
4684 9051
1529 5826
4958 8442
8042 819
1964 6130
6870 759
7994 2351
586 767
6404 8916
4070 2312
8701 8517
871 4484
1138 7128
4666 4198
7181 6492
1315 6861
4087 9835
9293 8448
7318 3325
9533 5842
4687 8999
74 3532
5886 4611
7149 8445
2069 4016
6047 29
8021 7668
1633 6542
2579 9224
9738 3601
1945 7648
9330 5268
5111 8276
1722 4427
7671 3477
6418 4064
6301 2866
5865 4542
5075 581
8150 4474
9520 141
3109 8846
5553 824
4492 9951
1627 2935
8367 582
5769 3872
1885 6406
6507 2316
1914 7829
592 7867
708 850
2936 569
6534 8822
4692 6897
3208 202
7700 4417
1495 2705
1123 1337
9144 6982
9813 7121
1477 2484
2809 2766
454 7458
3786 2743
1643 7098
4967 909
2858 6444
1225 6527
8795 308
2436 6465
1348 4622
1057 7607
8213 2371
2711 6707
4270 2090
6974 582
293 6009
1455 626
8786 4931
3686 3736
7874 4900
3841 8976
8807 1964
5103 7716
6280 5395
8868 234
7904 6391
1575 4283
1471 9174
1099 9671
4042 5655
3454 4975
5984 34
3141 7770
8247 2095
5630 4477
7506 9427
2545 5550
8779 9571
9713 8140
6584 1959
1708 5841
6261 4323
4193 5904
1235 3960
4740 8426
6939 5488
5793 3760
9763 4711
6711 5334
1327 1676
5966 3721
5523 972
2288 7146
6990 8365
6044 7073
4160 1464
5497 3444
5317 2275
6413 3225
6101 6952
165 8645
1734 7307
8023 5742
7170 6687
1539 3538
6554 3218
5140 4176
8309 4320
7932 7457
8479 1778
4502 7587
9171 8623
3107 1571
6398 9950
3305 4204
7095 2383
5266 5093
8115 9908
3927 3992
7235 5786
2061 8361
8138 5524
9867 2595
1541 1986
5628 549
2006 335
7132 7624
8020 6575
3920 9489
2172 6899
6637 6219
7226 6816
3924 9310
3107 1926
5049 2019
7656 5298
1464 7907
1014 807
8507 6326
3734 7388
4021 1775
8046 8437
5285 4282
5153 2972
7000 1344
6094 1792
5117 3165
1875 8644
2208 6615
146 9068
749 4557
136 423
5504 510
1635 3253
4246 8592
4445 7765
7382 923
9688 3329
2084 7190
7506 2241
5799 6056
169 6289
7877 1119
5127 2086
6470 4392
7425 2415
7583 5355
6060 9788
1165 7322
2985 5547
2111 2377
6041 1524
7792 7945
8683 7851
4908 3792
8778 2372
5633 7477
9360 6790
4161 6625
45 5143
2408 1335
4507 7865
8041 7912
4812 2841
944 1170
6357 2611
4099 501
6899 7728
2870 9901
9516 8310
7875 6949
5341 7829
9746 5121
6997 301
749 7890
3125 9034
849 4662
8643 6729
4093 2194
6246 5781
6826 1273
7673 4680
1857 9955
5600 8616
7895 1241
321 4714
2515 9242
1887 8477
8730 1308
9089 4836
7792 6327
1149 727
2525 274
7355 3747
3233 1916
7733 7352
9440 6430
6729 1121
8140 3390
3513 3565
3257 7447
9722 3865
9402 2454
703 5035
4739 8763
7271 8868
9684 2438
6164 4732
5522 9743
4123 5977
7018 7958
5724 460
5974 1895
2897 332
5044 6073
2943 4248
1731 6628
5234 6464
3387 4524
5657 4596
4205 2990
7893 7661
4351 835
3199 7125
1039 2790
3770 463
4130 1117
4085 9305
4438 5990
8549 7726
2255 4894
4208 5846
8893 2444
2389 6680
5765 5435
4817 6544
899 3623
3977 9186
6968 7030
2197 4413
3513 9245
3261 7985
5686 6689
5079 5734
3788 2097
8634 9663
5980 9347
9072 6862
4005 2293
9207 4973
1825 5370
3884 272
5576 8306
6185 1320
2122 8827
9243 4062
9632 5644
4513 5144
172 1529
8090 1890
6562 1213
43 9680
6545 8930
8706 7424
9333 3387
3548 9605
8624 8723
7425 1030
875 6374
6097 4854
8384 531
9942 2455
4456 6569
8280 6405
5790 9064
9827 6821
9796 8192
4581 8320
3835 3851
7140 2617
641 1819
4215 7585
4859 3651
5177 2727
5221 8960
4691 948
3981 2633
1883 8514
5637 5400
3190 414
7827 1443
6417 9661
1374 5026
5345 1842
8775 9777
5288 6532
999 8901
9551 8635
4727 5777
7936 5558
4443 4921
7916 9873
320 8354
9297 349
1884 8296
367 5378
3988 2142
9328 7130
472 8152
9504 6893
4774 4778
2299 1145
4763 1250
2511 4051
1822 8106
8226 863
1080 6488
4970 2523
2163 2567
1517 3659
3057 5162
102 1561
1783 8484
9049 5627
49 4037
4608 80
5663 6311
644 748
5677 3027
723 3364
2689 3449
8067 8209
4466 3770
1188 5301
7097 6112
9755 5735
7958 8169
9861 5523
5692 8582
8302 3304
4252 9747
9471 8616
2819 4591
8284 4099
7293 6218
2812 3087
5213 6322
3483 1465
6449 205
6264 6238
6734 7453
4044 6653
620 3405
8213 6847
9260 9322
7069 5302
2094 9174
4129 7558
466 958
7063 9721
7781 1110
3576 9258
9145 6820
4553 9802
1335 7715
9644 7949
4710 1169
1904 8177
6400 6447
8264 3964
4425 4506
919 7536
2027 9733
4387 8060
8030 5882
5009 8122
8373 1336
6323 5673
9182 1564
6757 8925
8630 456
374 7348
705 3868
4704 4784
3930 53
6605 1996
6358 2070
663 4136
4426 1385
4183 8045
1403 2866
4822 4047
8515 9495
685 4584
877 7103
837 92
1378 6237
6887 7158
6059 4662
2801 5773
1091 5708
4733 8689
3812 8476
9305 352
2420 9712
6635 6770
5118 9014
500 5006
2300 1271
6454 5136
3622 6971
8252 7138
5767 8350
3330 153
4618 2914
5420 8341
9266 1565
3175 4259
345 4362
5198 2566
5829 2442
1320 6183
4870 6284
3813 3868
6781 8973
6043 9202
6163 2286
3978 7890
5334 6618
1584 676
6688 112
4677 9198
1986 5717
9303 4038
6716 2982
7175 2735
4569 8646
7066 9262
599 3374
9186 7138
7509 6822
9433 1861
2649 7766
1751 3139
5557 8741
1036 6018
6938 6975
6788 134
3102 4049
2918 6791
9285 580
801 719
7475 1719
5804 9610
5377 5005
9447 1403
7993 1872
9048 5585
619 1711
9401 5260
4258 1438
7841 4003
8961 8693
4754 7884
2240 197
1409 3615
6202 1174
7930 8071
2113 9627
2666 9778
6002 588
8992 9209
4159 1893
3867 5892
6933 7550
6284 6798
9238 64
964 4554
8223 2449
2777 8031
769 1459
7485 2021
7414 7726
2002 2298
3476 4679
5605 2334
7194 6981
7721 7539
67 1332
1871 7402
508 1085
9327 3608
1715 1657
2861 5000
6271 5911
7896 27
8252 6058
8377 2997
539 8513
2799 9380
2649 9852
2267 5466
4125 2662
2109 3298
2983 1725
9395 5726
1443 5636
1435 139
7949 2790
3237 6648
6048 8349
3689 4145
9547 5218
1452 3932
8833 8947
643 1481
8425 4632
5862 8430
347 812
2005 940
3680 2921
9019 5084
6235 4547
8094 4609
3135 8137
3044 3298
6043 4701
937 679
4944 4595
2371 8328
160 7096
3425 305
5412 5731
6713 5856
2405 4025
5770 443
166 7335
2594 2743
9512 4839
1086 9164
2710 9626
9947 8403
8216 6750
2494 3332
6520 5788
7129 6035
6814 6149
7848 4401
2669 9180
8827 8422
909 1279
6182 7093
5161 1819
8281 3430
3219 912
6565 8391
4613 6942
5008 8738
1009 3261
868 597
2717 6464
8430 7457
232 4525
4995 6023
1216 5895
9927 661
1989 8620
9660 7575
7823 2560
3997 8713
9676 8002
8528 4828
4458 706
9722 9801
485 8575
2416 5832
3818 9843
2699 7615
2143 9481
7435 7757
4091 3997
7499 8140
2971 943
3586 3762
989 8096
7883 1458
1827 7379
655 9621
768 976
946 9635
665 324
3576 2777
1329 8488
197 3773
2183 7349
4697 9266
7445 596
8569 4537
2666 6282
2155 7200
264 4377
407 1823
4869 1975
685 1506
2534 1626
4852 3351
9800 2913
3008 8651
809 3200
6076 5527
7300 5868
7617 305
2153 4507
335 3915
7407 1892
3672 4858
9346 2019
1819 6172
70 9437
7788 9065
4454 1634
3214 3
4410 9942
4999 1092
3506 908
1081 4956
7289 4538
5140 5119
3084 8039
6245 650
6852 2809
5478 9480
7011 3183
6434 3567
7959 5345
2461 8043
4014 2956
7825 6634
1681 2730
571 5651
6354 2977
4706 443
5310 1593
9349 627
1756 7438
2686 7699
8517 7806
1417 8767
6274 4358
462 5021
1989 2319
3047 7091
9899 2121
8329 9651
4520 9350
4271 9699
3908 157
7983 6713
7666 3787
5519 1725
400 4372
2998 8038
1162 4605
3681 6350
6639 3138
7652 5876
7907 5277
2041 2834
8674 824
3214 5598
20 5349
8582 8845
3783 260
4371 6500
1898 960
7659 5856
190 303
3162 7108
4104 6489
8156 5670
8235 6964
9190 3857
9511 8922
6465 2859
6606 8752
2945 5088
6336 3327
473 9053
9214 198
5757 5203
6474 1139
7198 3333
5050 1099
556 1102
7311 8200
6445 7488
4017 6522
3406 9035
9028 2975
5638 5245
9288 9038
7035 3281
3383 860
4945 960
337 4272
2890 9746
3786 9129
4927 7084
9283 4712
6870 2707
782 4329
7240 9365
2887 8221
2103 5285
4482 4416
2928 8646
8020 3083
8397 6175
1655 4051
1754 1685
7092 6004
7036 4445
6710 4019
1888 2864
3159 4237
7691 855
7683 6876
451 6876
8515 6357
7027 986
1852 9052
5871 4266
7567 9822
7648 1590
6820 9478
4544 9058
1214 2045
6659 8538
5032 3104
8874 9227
604 5181
8275 1513
9642 2487
2276 1367
1252 5039
3441 9994
4810 3197
5180 1015
6985 368
163 4156
9682 7050
9972 7332
5824 1635
4237 7751
9480 9670
2566 865
2704 4490
439 5109
5354 8497
7970 5299
6207 5494
9071 4621
6139 3604
3008 1668
9297 9386
4205 7774
4804 9319
2933 2424
4787 9586
8237 3496
9077 8570
8497 4098
3213 9362
2530 6047
2022 84
4911 1363
3081 3118
3243 1982
5095 5063
8950 8737
9995 8949
5513 8585
6667 9484
4700 2438
5995 6091
9617 5426
9738 2155
527 2862
3771 8568
6126 4217
8269 9672
4915 1163
9701 9461
6077 3056
1850 8533
4762 3865
5532 7056
3257 3643
6823 8316
1817 8681
4707 2023
2782 2842
6522 3341
9496 9857
1969 5202
7210 8002
6632 1723
8196 6084
3733 6346
4019 1413
6679 3882
1434 8907
5764 5808
6360 5786
8906 4451
8343 8386
7636 655
2876 4681
2568 3754
8924 2112
8873 2134
7702 6251
6084 8772
7976 9787
7125 4946
2320 2031
3462 4005
3324 1963
2109 4452
7979 6739
8791 8931
2054 528
3724 5693
579 7039
5738 8898
7944 3119
1766 5483
933 1220
3787 2019
1540 3695
223 8750
6732 7932
820 1065
2834 5958
4897 5235
3535 3183
5414 3167
9995 3064
9226 5333
7474 6300
3942 2019
2375 5313
4351 5792
7728 9615
1281 9652
1072 1536
4326 1924
4440 4084
5930 4551
226 3139
4369 89
4868 8673
8028 6754
4499 8716
3280 3816
8415 7931
6575 5859
3851 3198
6233 7616
8432 306
9990 8123
7597 1347
1504 7363
1625 8760
8635 5087
8261 8723
9080 117
73 9380
8664 4091
5244 2448
8596 1875
1609 4888
345 2913
5698 9404
7730 7873
1517 9020
873 3380
4377 1602
3032 3842
1811 9835
2496 5196
5147 9090
5020 4310
3325 5499
1706 585
8836 7337
998 5960
2392 7825
6561 5435
3427 9449
5915 2307
9822 8725
6849 8585
2250 6753
3223 5394
742 3110
4162 7563
1871 5838
9184 6181
4149 9483
2451 1799
8445 5833
2970 7944
9654 6679
2821 9101
6408 9552
6036 4286
3374 7391
1228 9111
5093 9402
6578 4941
9201 2882
2146 6614
4579 5379
1594 7446
1402 7716
5112 3134
707 7901
2057 7455
4319 9563
358 6662
9899 4046
857 5767
6788 9074
6130 1243
4871 8725
166 8406
8612 6115
8575 718
1246 6973
7272 9472
4010 8099
5214 6871
1441 3604
6852 4334
4687 3699
6250 7107
9088 8093
3720 3565
8410 3638
5394 8888
9835 1965
7175 3057
8500 4626
8941 2281
8303 7252
5580 3310
3127 4939
4618 3940
217 4917
5859 6265
6551 4171
8187 8481
7032 4843
9456 7136
9635 2344
8524 5278
659 3253
8370 8017
2407 9843
4384 6124
6975 1670
7928 6277
8130 4960
5660 2335
975 8394
4058 5440
2576 9264
9519 54
6641 2838
7162 4843
5404 4285
8694 7662
2345 869
2155 6741
5537 7395
4567 34
5118 9047
8944 1267
8938 5524
3611 669
1052 3787
7873 6681
9632 6436
6408 6860
64 4652
5240 239
8096 9469
3140 6202
1966 9053
4741 7991
6097 9234
5647 3652
2442 4351
8950 8718
4118 5535
4373 6212
9576 5154
2069 8454
716 3707
9479 4971
8008 9367
4058 447
255 2458
227 9252
3139 3237
5167 6094
3031 9086
4992 5300
4792 7959
8630 6606
8286 3887
6694 1853
5754 9922
4815 1273
2187 4574
146 8835
4450 8991
7759 7718
8160 8250
9125 8512
2914 9490
1322 9025
2087 7453
925 5930
1384 3467
4175 2561
9225 1866
590 42
9742 5070
2397 9364
9077 2820
5655 1685
8238 6295
2092 3343
6207 6949
6638 8291
1265 2279
7087 994
3913 2270
2901 4031
8845 5350
4445 1293
8694 5041
6739 6549
2147 1740
7822 540
4258 7739
2368 1575
126 760
3370 8430
8214 6885
5130 7819
9788 6477
621 820
2411 9755
1114 186
6097 6883
6239 4866
1522 9048
684 7124
9150 9648
4549 469
5908 8980
7497 6642
5662 8298
7120 5633
2913 684
4567 3150
8418 3051
8007 7585
2476 6720
4646 5237
1718 7304
9510 4118
4940 8157
6369 9794
5918 5714
1945 135
9514 2039
7708 9784
6714 666
7571 604
3804 1422
7454 5362
9529 2727
9666 9120
8462 8083
1505 125
7999 2364
6983 6732
9784 1287
974 2926
8049 2610
1590 5505
4733 4395
7312 6054
2710 1488
2977 9647
5828 1030
9393 4222
6289 1022
9305 9817
855 1071
7802 6461
7732 9567
5069 3667
2781 6908
8573 9050
5102 7305
1031 779
2706 5385
6747 5458
4920 693
3812 7993
3401 583
8004 9483
575 6439
6953 8792
6796 286
1390 2838
3745 6859
6759 6816
7574 2581
11 8372
2188 612
3241 5195
521 3573
8283 6469
3314 5063
7182 6348
1982 2776
2445 7577
2821 9549
3687 9267
1389 7253
9729 935
3451 4407
8859 1803
1793 8070
9946 1299
7679 7606
9470 9786
3402 3
9008 996
9617 4017
690 5046
6071 949
7456 9748
6197 5591
8478 7961
8226 2416
7623 8801
2538 2314
8301 2647
1337 3036
42 7121
247 3603
3681 6229
5764 6773
9454 9945
7591 1608
2813 3592
5002 5435
1738 6789
4259 4357
303 6077
7091 8913
6713 5403
343 4672
5528 3150
2933 2096
1007 7219
6650 2545
6019 6565
1491 1749
9029 7152
8466 3642
6311 4676
7528 2352
4219 7483
2088 6764
6091 1137
5284 3905
397 6243
2454 2504
2553 2201
7308 7089
6832 1244
707 5153
3657 8032
2333 1874
89 9028
4380 9141
3652 1214
1872 3183
2284 4872
3643 7364
303 9078
2257 2082
8301 9977
3559 4402
8557 8584
2046 5891
6630 6403
6661 4758
7523 4332
1804 4672
6887 8310
88 1296
156 6832
9906 3106
5901 2703
6530 6693
394 4301
9037 8176
9205 5751
9696 1671
7447 7200
8722 6364
2327 4731
5040 2087
22 9268
5002 5071
1027 9396
5278 9806
8410 6506
3571 791
9129 6510
6907 8078
1340 6084
472 5162
3354 5009
2394 5043
694 1612
6324 3166
3180 3986
2461 7046
9652 3295
5526 4627
4634 2270
9388 7286
4536 4536
1181 9496
7019 9037
8573 2582
9389 3469
7282 7590
920 721
4960 2161
9580 4904
8208 1551
4637 281
5195 4049
2619 2360
9765 6117
1696 7864
5444 4312
3782 9867
8337 9977
4533 1892
7514 4506
2081 5550
3510 6918
99 5295
7315 6611
9072 2870
275 4011
7019 1247
3655 9000
5489 1820
2303 469
7405 2806
7712 5912
1774 1470
6238 3544
2573 4092
1724 2158
4611 7058
1443 502
1796 9380
2776 9908
5575 8097
3760 1030
9093 2306
9639 1631
6026 5783
4399 9178
8889 7327
2633 224
7964 5574
5328 9804
4103 3855
7436 5995
8383 4781
4150 6682
9236 4235
7444 1905
2066 65
4958 5170
9592 1693
6998 1695
7679 6349
5989 5407
7663 7925
3377 4889
7378 1337
4543 3281
2047 3734
2206 5409
8381 9246
385 865
8569 6238
7883 4111
9099 6912
5436 5740
9252 3932
7326 7312
345 9110
7382 7402
5109 717
6557 5975
5536 1451
1799 3398
3083 2779
9446 4304
581 5014
1504 8024
7377 9560
2556 8652
1827 8857
6100 9946
1331 5
6864 3586
834 7262
4392 2869
2114 3796
7955 4138
8247 5016
864 5598
4462 4854
4481 1411
3085 6449
6540 373
5179 2538
2761 3517
2370 2520
9375 6370
952 3770
7899 3302
6120 8285
1464 4679
1169 8704
8403 7635
7094 6422
9456 3753
1215 3740
5258 6116
7996 9445
2844 2235
4266 3289
7555 9813
3227 201
5267 1532
3547 884
1383 4523
5724 7001
8625 7696
2648 7783
8518 1718
8748 7877
2556 7016
1543 1052
1420 28
4333 4453
3726 9356
7316 1331
5582 7051
5533 44
3197 3171
7904 6684
4465 6109
1639 7831
5950 8327
9425 3747
3711 9112
9210 2518
6544 36
9075 8308
8099 746
175 3075
8506 9962
9865 7248
6060 4216
7588 3416
2475 9141
132 514
7900 5943
3190 7244
3965 9129
5029 9064
1849 1559
7912 3956
3459 6261
4894 3148
4405 4054
9169 4558
6951 1389
4232 9268
1480 7272
4036 794
4680 7300
6209 1891
7162 2491
9352 9073
6007 6540
5651 7254
3807 5978
8571 8853
1302 1730
1414 2698
2676 2023
4976 1369
2648 9982
4302 9115
7235 8072
3894 808
1808 1833
696 1566
1618 1852
7948 6845
2157 3329
5866 6299
2677 2823
8441 8658
8280 4978
870 4277
586 6976
7870 2947
5898 528
3378 1866
5404 6568
4388 1100
3075 3558
9596 839
2718 5509
2019 2576
3765 4597
9426 8666
5554 1267
8224 8557
6285 5721
7564 8220
9323 7114
1540 8044
7966 3435
3396 8099
9958 4370
1514 944
9396 3758
9464 3403
7118 9398
2655 2310
2594 9683
7724 8740
6456 9755
4855 9489
4218 1650
9411 1195
3086 6656
9256 480
9019 1517
5425 6542
1627 7614
8603 2422
5845 9937
7912 5400
6553 4902
5675 2430
2420 9915
4005 1429
5306 7540
7313 7549
4344 512
5027 746
387 5654
5244 7002
8259 2688
7413 984
6931 4303
9008 8879
2702 1451
8726 2072
808 3589
5185 3183
7996 4625
806 9415
9269 8404
1584 8555
5551 2776
9836 1120
3021 9232
359 3989
9834 2231
5977 8037
1883 7152
1476 482
9862 3533
1991 5007
7559 4834
2224 8813
6824 215
4960 1314
3542 3514
7944 469
9973 44
8257 6562
7067 6264
9333 3206
8688 1053
3733 2710
5405 4773
5964 5873
8867 1377
3124 2320
8499 488
9781 4649
8080 5378
1565 2802
3763 8904
2843 9163
1249 4109
79 6199
6704 9804
1657 316
425 2084
5276 5534
6445 5642
7985 4913
3294 4771
6900 2486
6306 7250
9836 4007
270 1621
1977 4952
2875 9345
7173 4658
5613 2602
6497 4775
1145 381
8748 7846
52 3170
287 5064
3975 4806
7849 3251
8687 2165
9499 8110
3751 2163
1634 6840
3722 9411
1290 2301
9748 3269
9751 2380
4081 781
7793 321
8065 9835
1111 1785
4130 6729
8510 3053
4638 4355
395 8876
7141 3656
9448 525
5167 775
6064 7053
3250 8664
6924 5381
5914 4249
1965 8711
346 540
7664 7677
6820 4520
1580 9711
8830 6137
3825 5727
2277 7298
5324 1479
9007 8491
9638 1017
4308 2121
1859 8623
8214 8785
4047 1833
283 4522
2493 76
862 8852
3946 6984
8249 3817
5497 784
1896 1174
5744 1220
9522 8968
3206 9899
5231 9719
9470 6156
40 7642
7594 1717
6145 3941
5442 3533
3601 1835
5398 5128
4186 1779
6591 7021
9337 1730
3998 2401
5939 9799
9359 560
3762 8647
793 8956
8588 4438
8725 3695
6757 7103
5847 7474
9240 4416
2318 3247
7019 9338
9501 6297
3670 4038
9158 266
6529 6578
6567 919
2742 9614
4906 9482
7406 8553
7212 3391
5167 8581
1514 248
6303 6390
6160 2481
9717 3552
446 7092
7657 5911
1652 4315
2332 5611
1178 31
5530 3043
811 2410
5185 3870
3577 8166
4453 1491
8886 1810
6629 7403
4362 9121
7605 1392
2273 2124
5178 6519
4904 7786
224 648
4733 6564
8785 3535
3664 5293
7218 7496
8191 7921
5525 8722
7318 1956
1876 7107
4206 7894
9951 4064
6036 3449
1217 2613
651 908
1262 7505
7014 9045
4533 1863
861 3055
9559 4071
8004 9244
4665 7112
7589 8383
5600 9515
120 9233
2123 9716
1808 8135
46 891
4696 2240
7014 6678
6687 4087
9879 3203
4869 721
5313 7605
3836 9124
5047 2658
1998 2401
880 4693
5207 7697
7112 5207
4402 553
9721 4678
8691 7486
6849 957
4796 2720
9958 7034
6929 545
7015 6098
656 7672
1513 5735
4952 8340
4702 5599
2875 4687
5285 1378
8087 8592
3140 1180
4535 6121
1311 1144
9738 4246
5859 9830
7543 7317
3873 1397
7852 4564
8827 5869
1336 6147
8658 6616
8807 6713
8280 6334
4876 9777
5670 3157
6775 9240
4354 3401
8272 3253
7235 2067
1910 318
4648 3610
634 2928
2356 9273
3170 8669
3832 2039
6773 7824
4412 617
3100 4138
4784 1988
7507 6182
9346 7418
6064 6893
3952 1462
7883 4617
7284 1948
1343 9056
1516 9959
6419 4440
6199 4481
8951 3760
8771 7765
9098 5310
332 3968
6738 598
4584 92
5809 3470
9950 758
8756 3862
2700 7735
805 7357
6808 193
9052 2733
5096 2368
201 7918
5494 2412
5371 4656
4692 2747
7347 9475
9818 9113
8407 616
3021 19
814 5094
6544 9544
7621 1116
6350 5624
5743 7020
8453 2191
639 2540
6745 4961
3405 165
3051 7303
7180 5952
5722 5061
5531 9936
6267 9212
6169 6690
9556 7849
8724 6826
4615 8457
8824 2598
8957 2488
1403 6338
6213 4089
9731 3396
8601 9919
5707 6797
8228 2265
8210 4732
1296 6086
8177 6732
9045 7476
9571 9031
5533 634
1034 8328
7165 4196
8584 9140
2658 1259
1678 5242
7899 4154
6000 3494
2351 2354
9483 7340
3062 2113
7646 1075
4546 9407
9326 1448
5229 4870
8119 8708
7478 1877
2184 7669
7783 3508
7930 8004
166 2089
9742 1897
7202 2339
9882 211
1126 3520
3048 4507
400 632
2554 2753
1467 765
2071 3454
4204 9751
221 2112
2089 3486
1377 1651
5181 7394
1183 2313
5922 8286
4259 7573
4115 6850
7778 5885
2345 7968
4751 2195
2308 9767
5279 113
9809 7572
7964 9077
5832 442
8391 971
3177 6230
8747 6805
708 9706
1317 3349
1937 4612
5118 9423
9879 3139
2714 2671
2634 3418
9035 8838
5949 7272
4045 6849
4834 1287
1813 5910
625 5182
4751 9509
3453 9612
2720 9034
2625 9582
9848 123
654 2722
9438 9047
4857 8355
8274 8180
7994 492
2000 8233
6210 9627
9883 3866
9920 1955
1555 2689
8006 4031
7699 9369
972 5583
2893 3791
7515 2820
4971 4376
1693 883
3060 4835
7951 4736
9115 85
8485 8522
9371 2171
9325 114
3023 4649
7749 1448
5391 9970
4132 3340
6903 3542
2022 605
4364 4527
4028 1517
4003 9617
473 5694
4963 8058
2759 6775
5216 5311
8333 6038
4243 5334
7578 6721
1789 9894
1386 8140
8799 8025
515 5939
5694 1129
8741 5050
2047 2852
8116 5331
4770 5739
6060 2170
1248 7944
3022 7750
1725 7309
7818 3312
8038 7681
5439 1710
7920 2179
5933 2456
8786 1069
3815 6661
7230 9645
3625 3600
5713 5211
6233 541
1436 6716
332 3182
9055 1834
6995 4590
6071 8388
3782 3462
6038 1066
9660 5165
565 5755
5932 9643
7867 4641
7963 4641
2754 745
1085 9803
6309 9600
8641 7287
5186 9043
2923 3973
3853 3802
4957 3327
6104 3679
4522 4059
4424 7516
2955 3476
5855 8899
1184 7995
5641 7736
7692 7783
8892 4965
9255 7571
4857 9126
7214 4449
6051 6623
2410 8106
5907 4984
1506 6746
9359 4537
151 8967
8889 3956
7115 4558
6860 2873
5591 7309
509 5255
7316 23
1964 7842
7137 4830
1233 3032
2863 5157
8865 4547
9045 6834
4666 6961
3713 2407
6882 6438
2311 1478
3951 7400
3099 5023
6660 3459
5056 437
7693 8164
958 377
8673 8845
2313 6019
2473 5418
6951 8515
4011 1574
710 5026
7232 5194
6670 1017
419 6758
8044 2412
396 9796
6376 4456
1857 23
2759 7171
8417 672
1262 804
5408 2457
6312 6866
9622 2825
3826 7267
2834 7742
8881 4051
7375 1112
8360 8625
5543 1696
3768 9889
2952 6196
3163 9458
9204 7382
5390 4063
9781 9841
2941 1421
7150 1419
4156 9766
2110 1513
7545 530
7749 1661
3954 917
1700 6291
5027 6589
4163 9140
3023 4914
3638 6582
2384 115
1959 1404
1385 6725
1638 5202
6654 9304
4274 4956
7911 7403
989 961
2954 6029
2937 4685
6275 6001
134 8004
9193 5760
1461 8512
1028 4321
6908 3323
8607 477
208 8418
6316 3149
2384 6029
1573 2167
1713 6806
9017 4429
7757 1166
2154 2363
7793 7066
6024 4790
9672 727
3859 8779
1428 7449
561 2983
525 3281
7029 391
8200 821
8266 3028
1085 8134
5406 2772
1699 2440
1928 6827
4417 4628
8639 120
5024 7085
9094 6850
318 1493
4540 1175
4022 3851
4507 2210
1530 1642
3908 2929
2408 3720
1775 9243
7044 4949
9510 1814
5882 9646
6299 7357
5897 5698
5598 6432
486 6975
4079 2643
6376 4918
3864 4048
1169 1238
3489 1737
1483 4373
8176 4742
9930 1457
1114 7524
9702 8263
2560 649
4411 6446
8815 4577
4803 2142
1635 8705
7219 4934
4722 5145
137 3287
3384 9442
5534 1554
6990 4119
9006 5720
3862 1636
8008 8719
1923 680
4747 8215
9321 5076
3692 1103
2546 8967
9178 4840
1404 9886
5162 6039
7749 2212
6208 8710
7655 2587
8512 1109
4502 5933
3237 3593
9990 2950
8532 6064
1259 2181
1223 9762
2746 598
2998 9753
3377 2448
5377 8965
9424 1422
9050 8021
4290 1989
9443 6244
2550 8724
8778 1538
3559 4840
9407 8092
2954 704
7682 542
8519 8490
3068 9655
8453 3844
7836 9526
635 2840
3581 8247
390 6235
2847 1687
4155 931
4105 3111
8974 840
5232 8382
7375 8443
1463 9593
7312 8547
2354 8489
4952 1759
6153 5670
1213 4873
1832 4640
817 7575
7465 2861
1710 2079
1621 9866
9244 1380
4927 9915
783 2581
4706 9068
2531 8012
5456 381
4062 8784
757 5995
7278 6162
2438 3424
223 1020
4575 7739
358 9088
113 1284
7402 2430
5006 8361
6090 9166
1244 4030
9660 3525
5028 150
3535 852
8707 3343
6255 4111
3239 2507
4607 3760
3449 1056
6673 6385
8212 369
4815 4608
1779 6828
3732 926
5247 4033
679 2904
1146 36
7208 7049
1881 3555
4008 8445
3877 777
5252 5910
3079 8338
3036 8191
8841 2602
9676 5937
3427 5195
8155 4491
7938 787
6625 3671
7264 5638
7785 6166
3405 4008
4457 2867
6703 2526
2011 5703
5651 9672
9226 7338
6599 9130
6 9678
1310 9913
5736 3025
6121 6069
1628 5118
7314 227
1446 9617
2328 1792
5602 5446
9722 8705
1021 1615
2697 9378
7796 9733
5139 3221
3653 8573
1290 4795
7448 4023
2465 2292
8179 396
2491 9154
4386 5248
1189 3868
5334 4597
4049 2726
4743 1105
9866 4229
3838 3376
3906 1556
648 6226
7434 6842
2514 823
8013 6841
4225 3300
3184 2221
9426 4169
7776 5625
1806 1769
2373 3557
7248 1103
6800 8499
6797 5484
6037 1518
6544 414
6456 3709
4320 6166
1840 3589
8576 9854
5018 5137
3530 493
7002 3308
586 3540
5657 7716
1566 9358
4594 5211
473 6634
7994 8808
5012 4691
7408 9551
6716 702
9899 3262
5213 8962
6180 5639
2576 1678
279 6595
883 4502
2789 922
636 1113
3606 6579
7318 2046
1541 1469
5228 8277
2423 8510
4180 6964
9414 1174
4760 8005
8383 1804
3254 4071
7817 5170
8675 2640
1655 8888
8089 9628
9759 509
6817 9549
9943 7510
6665 6378
1975 2296
9291 6586
6533 691
3906 2480
4731 8971
9575 7922
3987 8027
9127 7271
3737 8864
3501 3492
4902 7727
6423 5406
1824 6519
1883 5945
1509 2420
8307 1600
6417 629
705 308
5151 2021
396 5555
3639 5604
3372 6780
5776 1258
5579 8908
1572 4492
9977 355
47 2302
1864 7058
4428 3433
600 6093
4399 7712
8037 1016
9579 4833
1536 18
6745 4939
9743 3578
8304 5974
7277 154
1178 3862
2368 5841
899 4165
4646 5041
3762 5805
1777 849
8409 7573
5583 4716
2255 6783
257 3666
9937 1409
5039 8232
7616 1064
2248 698
6711 7303
2231 4416
752 3428
769 7365
7924 657
6289 4110
7380 4493
1492 7143
7288 3393
6522 8130
8862 2125
6311 3941
3712 2659
19 7760
4039 1995
1800 6673
9655 1978
67 8878
3647 8928
935 2376
1493 672
7367 4198
5656 7202
3364 7087
9677 2241
244 3447
2211 1750
6554 5078
8287 8293
1021 6881
5791 6679
6785 176
2116 3752
6884 8300
8629 9748
1220 990
7777 7324
8071 4608
8084 4706
7319 5844
8190 6591
5747 2629
5951 2801
3986 7226
2932 2939
8433 994
2651 1221
8292 7245
3085 3659
5322 5286
8928 1534
6121 8550
3084 6403
3935 6309
6477 8580
8742 2608
7717 5625
729 4447
385 4856
6424 4598
2566 5545
2924 7598
7045 748
6735 2970
388 5969
5542 916
8956 4751
9493 3676
1798 8982
4118 244
9339 9143
2384 9201
6741 8256
9389 702
2089 6477
7875 7916
1652 7827
3270 5910
5713 3421
4316 2385
8025 5644
6552 4296
3806 2261
4240 4601
3994 2336
8285 6685
4320 2268
3753 8845
3542 5124
5347 9776
4920 4665
8292 9259
3601 3882
8378 4580
1078 5457
1902 6431
604 1549
8747 5068
6348 8000
1888 5053
32 3549
3166 3944
3672 9820
6710 5125
7743 2665
2280 2941
7904 6294
1004 6860
1464 4102
1089 6805
321 4645
3073 7665
7377 4513
5762 9182
5205 6317
4102 9266
7845 6438
5320 5327
1095 382
4382 5900
4160 1636
3957 954
8688 6714
2305 3283
8255 659
8136 6466
6247 7766
120 7451
7541 1261
432 557
4263 3612
9291 3791
966 9414
8453 6899
1051 2933
9773 4476
7343 6828
9863 4502
4324 1507
3311 6840
1120 8001
8947 2316
4685 6927
6418 1295
3246 8024
6906 908
7099 7686
7890 2835
1530 6484
5059 2525
7955 2084
9728 3946
7131 7840
2041 6630
494 6400
3193 6372
4317 952
9286 9740
2428 2614
6504 3277
9701 6223
7604 1855
5718 4018
9883 3581
3805 1570
3482 5332
9953 3608
6713 7820
2477 4729
8236 6558
3878 2401
6086 7434
5802 7222
2601 6230
7453 1652
4787 8732
5062 8730
3756 7065
132 9398
7421 3915
1722 3470
6192 302
8580 2141
6470 7375
4531 5958
1520 9453
8394 3460
2268 6763
6050 778
3704 2555
9611 7022
6772 8278
4130 1395
208 2454
3878 8754
6706 4838
6949 9586
9934 8542
7019 2189
8561 4275
4111 9376
1179 2829
6344 4920
5585 5928
1026 443
9470 9627
7746 7269
7520 152
9683 8608
264 9703
7583 198
2504 94
9622 8805
2705 2120
2797 2890
9885 9324
9847 9457
674 4251
4677 497
1139 7270
9848 2286
2150 1532
6047 859
5853 4290
8497 7534
6370 1426
3856 8361
4315 726
3942 3337
6348 5722
4230 1761
2839 1437
822 8842
2489 3127
1183 5370
4486 1317
6108 6486
4104 5833
3355 4458
3379 5938
6376 6990
9498 7363
2372 556
1336 4699
8168 3248
9728 8638
9626 1288
5969 1179
8300 1625
2390 5357
9914 393
6827 3895
8517 9834
3423 292
3659 7548
9538 3074
8297 8745
7182 8348
5887 5832
3440 3317
6857 6288
3201 7756
6155 5947
8723 8393
8872 1827
4422 3097
9172 699
570 9545
3715 1094
8737 5856
3625 199
1044 9917
52 3820
1094 8101
3179 5285
875 1935
4657 8049
6387 6181
5368 5533
3865 4772
2116 2997
5253 2084
6693 9421
4360 3069
2039 8879
6720 8970
2058 7909
6134 7586
8469 2379
5199 1103
5495 4123
8924 1334
1975 5769
9314 8639
1225 3741
5280 7764
9786 1257
5148 6869
2814 1249
8859 9827
1161 9071
4147 6554
7455 4545
880 5490
6188 4529
8296 6575
5090 1659
7075 4420
2461 6786
9366 5042
9188 2112
9109 2307
9316 7864
7018 496
6749 8222
6118 3974
2138 3568
5032 84
2823 9013
7785 8942
2237 2057
1240 5713
1923 9306
8109 8115
920 5539
8729 121
6333 7496
4979 2093
2529 3044
5931 7503
6930 6099
9393 638
8502 5460
9775 4183
2974 8443
9759 5162
4913 8063
4237 158
192 6211
9525 9449
6652 5189
1753 637
234 17
4569 6374
8915 3227
1717 5063
7611 917
4342 3377
9245 3961
1687 5857
9201 3876
4519 7323
8932 6275
5403 4984
432 8931
2777 8943
5775 9104
3839 1131
4281 6541
3546 6867
3844 567
6319 2421
7050 2127
1538 9282
1911 5029
6171 5002
6156 2006
9798 8126
9374 174
5541 2023
4390 7727
4576 4294
1288 2402
779 5575
4208 9926
4941 5906
9906 6018
7089 9598
3638 4002
1246 2165
2448 943
3399 876
1465 70
7535 1045
7900 6387
9242 3917
4481 811
6743 4668
1046 6238
8001 99
787 1319
6166 5378
2480 8607
8509 9407
7256 7269
1532 7921
4011 8625
6780 8637
6577 9535
6533 4131
7495 7390
405 7321
2357 3382
3493 3739
9701 7238
7085 202
4984 1051
8759 698
9964 131
3741 8747
1433 4771
6331 9238
6581 3387
8288 6148
1682 8696
8104 2152
3832 8152
9922 39
5958 2222
9875 9269
4684 9089
2824 4636
3739 1064
1675 4032
9229 1960
9969 7678
4192 2100
3587 9398
1316 5731
4936 1048
5749 9051
6574 4840
2338 4574
3759 2712
3560 2905
5311 7691
4687 613
8257 1938
4663 8335
9897 4062
3336 4375
1100 989
7239 3660
7037 6653
7080 5102
9995 5393
8932 8581
2606 3732
6519 3004
2263 8576
7603 9822
9120 3246
3397 7790
6133 8738
4998 5421
1369 6488
6175 1020
5219 702
6823 4667
6264 9178
9470 7921
2953 8503
3774 2462
4350 5054
8255 740
7218 1716
247 7032
334 9947
9221 2422
1060 7044
3119 5063
4008 4123
855 9074
7941 4712
9603 7197
1394 2104
2706 5094
3215 9366
1964 9081
8354 3878
6969 7558
2139 8230
5080 1992
1204 6708
92 6304
212 7995
3856 9935
2102 8344
606 6344
7739 6
8963 5700
9992 2111
1040 2766
4989 6348
6233 9786
9439 2662
133 5864
7527 8050
9505 6423
4257 1398
3929 8303
9908 66
3977 131
4065 8185
4824 6157
2058 380
2505 5824
9562 7770
4426 9870
9301 1332
930 7556
1455 2553
3331 2320
6008 9266
9739 77
3679 9761
8448 3618
8108 8323
1563 5027
1834 8408
9131 7286
1885 8691
6251 8713
4461 9076
1270 5559
2364 9855
9437 6179
8695 1262
9235 1648
6970 1541
152 1117
1688 3077
3424 4840
6408 6787
3160 7668
5513 7653
754 8595
6650 2696
4338 5082
3117 5989
4258 2827
8942 8536
982 3788
9650 1915
9375 4749
6464 6519
6719 6176
600 3519
2080 9755
4800 4312
6593 8058
3085 7781
7143 3757
3817 1501
1452 5160
7829 1277
5821 6035
3877 2715
2251 265
6047 8855
3390 535
7703 3481
543 6718
6619 3319
491 608
3698 488
1120 5711
4883 6349
9285 902
5353 4802
45 4558
31 8197
9580 3581
5759 7264
1706 8793
7387 986
7454 2643
92 3471
6050 7639
2375 5630
1556 5943
5606 632
8285 7708
9129 5191
7714 8542
7332 1849
2041 1797
387 6552
6486 8060
885 6808
2564 1700
7291 4751
2502 9068
686 3672
251 3345
6103 8997
6610 2720
926 4573
35 7908
2060 6066
5498 3697
629 8895
6417 1990
7804 2327
1613 5824
8033 960
267 2598
6929 5424
6931 145
4818 3092
5998 5508
2328 7086
6712 4058
8307 4483
5304 42
162 8176
1178 7860
8282 2242
8589 8189
9606 131
5270 1992
9116 1848
6153 5539
7055 3990
577 1319
3343 2461
9811 1285
9770 8536
6366 539
8341 7723
7037 4017
4524 7740
3379 8954
9780 7520
2949 6723
4400 6310
9947 9330
2404 8501
3102 8190
