2981
63080529
5456 8349
7046 2000
4118 9204
1030 2005
107 8086
1563 692
9836 1389
9907 147
6736 7734
824 7638
510 1932
5668 416
5993 3069
1270 9575
6080 402
5631 949
1743 3325
1632 2180
5229 1706
8829 4456
27 9640
5612 9400
9513 8527
4849 5268
10 1617
4939 947
5810 4764
1322 2573
2650 2993
4672 9802
4402 3175
1257 9418
7362 5594
7940 8284
4348 5485
2516 9773
3393 1802
6217 5317
9828 7104
1511 9702
3308 28
8252 3028
6617 7095
9601 5822
8668 8401
8877 1477
3401 9797
5056 6970
5498 2480
329 7885
4213 3562
1153 1806
6624 8594
1219 3669
5121 1939
6653 6545
2210 2777
8558 8669
6645 3955
3240 8994
6629 8501
6823 6986
3318 7211
9378 389
8969 7800
9833 1444
1581 3861
5435 6161
971 9687
7961 1278
5103 7059
3588 4215
6672 7665
3334 3299
4771 8142
2858 1051
6915 3431
4001 6529
285 1455
8139 4924
6200 6304
5497 5361
4274 366
2831 236
2689 8534
8438 9472
43 4930
3890 7297
788 3794
6255 3683
5539 8026
1885 6556
6834 8631
8359 5754
6915 1213
7972 2010
7373 114
9222 3274
6497 416
2420 5766
4837 370
5372 4118
1966 8466
253 6482
6078 9368
9307 8082
5532 8942
6112 9101
1411 5040
5856 1842
5926 8581
3163 8689
4137 2471
7741 3170
5255 4736
1699 8731
2889 8750
9681 860
4805 5975
7122 7210
2721 6827
9407 6106
8917 237
896 4849
6999 993
9818 7747
3566 953
9967 9633
6898 4932
1681 4156
4507 706
9588 2173
4093 6769
3975 223
8970 2493
6137 3822
4191 2142
1169 3304
2883 5208
9805 6766
5861 1315
1344 4333
9902 7147
6842 8380
8235 2345
8077 2817
650 9287
1688 382
4752 9860
4163 3316
4565 8375
4421 5878
6812 5476
717 1035
5843 9954
9021 557
4434 1699
4962 144
6717 5903
2926 7956
6128 2660
3715 9239
5889 6291
7089 1703
335 5520
603 8544
1783 5871
7422 1628
707 5529
7103 8914
2262 59
5683 1507
2058 6207
3324 3619
5500 8183
5619 9770
9275 178
5083 6376
4374 2361
9724 8631
8599 3519
1511 1057
8216 4043
2750 2205
7051 6168
5762 3393
8508 525
256 2756
8087 2614
5511 4198
3417 6311
6585 2445
279 8597
1316 5654
9186 9841
5640 9172
4604 7769
1523 2076
9282 4799
6940 1631
6437 3429
5374 7627
7546 6911
7399 6704
5590 5717
2922 8152
8520 4190
7208 6704
5549 2600
2890 6826
7651 8034
1966 6356
2515 7689
6773 7163
8911 573
648 9491
9296 2254
5639 7596
3416 2428
3631 5067
8372 3385
2953 1867
4759 7874
6704 4338
5153 186
5466 3552
6420 8087
7158 684
8748 2890
8587 591
5981 169
1168 8546
7599 862
619 4246
6123 5253
1439 4131
7042 6816
1676 432
8667 4216
2318 8176
4872 6590
8295 560
8386 953
2348 4780
425 3026
1018 7372
2226 9516
4681 890
6573 4616
3171 2686
224 3194
3755 9615
2666 2140
5988 5560
7615 5337
964 9556
7551 4564
2080 1379
265 980
2862 900
6045 3577
9598 4199
5439 6385
5390 7732
5371 1026
3004 5817
7552 5953
6729 2834
3049 239
6224 2093
1673 951
712 1882
4911 8606
9766 8389
8954 4602
8377 7048
9642 5347
1382 5825
5104 2599
2426 9233
8405 5956
2741 1331
6857 1553
7141 4890
2664 876
6284 2311
5131 5254
8002 6799
4222 6844
5954 6325
6801 9356
306 3579
5526 6013
6536 7775
5813 3308
3733 2843
7808 1916
226 3381
7438 8653
9146 3742
328 3547
9541 4985
9189 8382
5522 4315
6670 9774
5924 3452
3047 7921
35 5368
7373 4144
3965 6823
6427 4599
7661 408
4691 9552
584 8418
2586 6430
6574 1171
2464 6018
515 1694
6337 1081
8172 5189
1380 5062
4085 7010
1521 4997
6733 3069
373 3288
1546 398
4157 5954
8378 9951
921 8600
1629 960
1955 9203
5982 6897
6628 8949
7649 4427
359 3767
4026 3428
6745 2009
5071 377
3280 8490
1188 6245
9906 3654
6584 5019
4041 9517
5416 7063
5586 2345
2943 1845
7161 1700
9272 9011
7378 8861
8968 3995
2541 3596
8954 7604
718 6579
1493 7740
774 3505
3443 8910
5952 6814
8004 7827
2473 7017
5762 6144
1518 6192
6077 3240
8629 9819
3725 6400
7106 7638
4925 6947
4362 7203
1056 9358
5902 9347
2222 6836
6333 3743
9270 7170
6544 1415
6579 3704
2206 166
634 8222
9144 9972
8108 6738
9581 8434
8278 8421
5485 2483
7356 1890
3651 7678
8004 1095
4109 3109
3085 485
6437 1365
4484 935
6985 8927
1572 2570
3603 207
8342 8003
2110 4167
3484 8449
843 1188
5818 1379
6459 5060
1743 3432
7518 4179
9213 6328
1555 756
4973 3567
8128 7102
9511 5051
7403 859
7864 2869
4921 8286
608 7323
8692 3333
1889 8136
4288 7617
6818 2203
1954 1230
1669 689
1636 1829
1006 6928
1908 1981
3688 1737
8995 6387
4345 1537
9895 4857
3729 3346
5924 7100
1987 67
1532 7545
6612 2986
3401 9411
182 824
8453 1620
8365 7247
3439 3303
7478 2476
5238 4044
6202 7783
3447 9489
2309 5826
6210 7582
9185 3262
3662 7475
8455 8071
8333 5385
1314 7307
8436 4814
256 13
3540 6300
1944 3289
8802 9870
1315 4762
4216 4709
6620 7730
8490 6823
259 3138
4855 8717
4333 4454
2303 9483
3728 6985
839 3752
9793 7987
6881 5632
5645 68
612 6390
6459 6225
1673 7870
7602 6265
6476 1491
1401 1700
3886 8943
2399 1823
97 2764
4159 4971
7456 7690
6001 45
2384 4968
8364 88
6381 2387
9312 8983
9499 4502
7043 8519
3603 1565
6943 4340
1618 9129
3776 4834
5677 5381
2623 4803
3920 3554
4482 1817
598 3678
2623 865
7871 8170
4045 8677
4563 1814
7106 4722
545 7173
8226 3255
210 266
7572 3831
7831 2336
4931 8068
5198 5255
5423 9270
7439 6918
7383 8781
2992 1333
601 931
2727 4525
1549 9098
9610 7834
865 5280
6720 6813
8295 5399
6063 7685
7089 502
2842 3408
8299 3864
9264 1400
2213 9397
9029 142
5706 3551
4999 4719
1922 5273
9265 3003
8298 2662
9291 8504
9157 5108
7358 1755
6503 5282
2785 215
9932 1083
9053 8413
4566 5116
6222 4701
7407 7535
2623 5058
4771 7034
1772 6825
1329 1460
2352 8268
3295 1027
7515 8447
2172 9732
1790 4688
6597 8450
8450 7702
7844 582
5651 7398
5489 885
2239 9613
5971 2813
5427 4063
710 3542
8175 7605
2610 7960
7005 3985
1212 6835
5047 3468
8755 2175
6203 6213
4159 7750
2994 4885
6197 1776
6730 6352
1432 2932
2814 4009
1565 1585
2353 5376
4479 7563
9783 6853
5041 3180
375 9717
5389 4238
7752 4432
9053 5294
1313 4501
9973 7683
4565 2372
3859 1029
4075 1247
871 1136
8517 9413
3511 9764
7198 4149
1173 8568
9680 9407
3031 28
1981 3974
1802 407
4350 1863
6166 581
2037 5200
5305 6217
8724 4673
8219 9637
6198 8606
5697 4553
7248 3186
2088 5430
8778 3783
5525 249
227 7403
1095 8183
8817 7758
8361 589
145 8253
8924 8751
381 8713
4257 7733
3172 5004
730 3160
2456 4938
3834 4285
3857 3806
9170 2092
1038 2093
6531 3205
2657 6508
6215 1585
1501 8105
2003 9864
765 495
4969 5673
6750 3126
8238 5512
6496 4599
4448 2567
4613 996
841 449
9565 9115
3865 9205
5645 1104
4593 8945
7812 5607
3877 1306
2856 6735
8169 4092
6074 9429
4607 3932
440 4748
3411 6007
3479 5025
3467 9776
1201 3154
3441 1603
4127 6762
8068 5889
8083 2699
8741 4947
907 3480
4693 7088
2246 8976
4667 3202
4599 3388
1646 688
5076 5168
4591 7610
4955 605
2984 4882
9361 7656
3421 9168
1831 4261
3612 7582
230 6171
6684 7760
3579 3529
7486 2881
9717 5411
9911 4843
1771 9097
7061 5188
3531 2380
5610 3291
9961 6616
9345 5286
5717 4084
1682 9810
4198 5059
3207 7742
9794 1552
7457 1693
9216 3821
2435 561
1775 7644
8570 258
8377 1961
7441 2162
5525 8810
1509 2909
5998 8317
4542 6896
3837 8220
8859 9638
4874 3759
7729 4234
9456 7609
3836 8333
287 8071
3660 6442
24 8640
5330 9771
7354 8153
2156 1488
3904 6809
8993 7776
6667 157
2649 9193
9299 2296
2479 9918
3675 7045
4582 5735
7664 2476
2396 7183
4252 6274
8730 7350
531 3106
625 3427
2536 1755
7646 3754
4508 2507
42 4229
9493 2816
2452 4799
7093 973
1484 3443
2643 6314
2248 6603
1572 7724
2030 4950
9726 1885
9415 4839
9474 6425
4277 6988
1792 5135
5031 3548
7320 6557
686 9650
2029 3726
4417 1276
2576 4630
6708 2519
2186 7699
5164 3495
8499 8636
8146 9942
8703 5309
1710 7956
6458 3193
60 3837
673 4737
3990 1897
3000 8882
7882 6430
506 3716
8493 9522
4405 6853
1741 9344
7159 8994
4992 2691
2036 4864
788 2414
1854 4451
4275 7079
2373 1327
7922 3681
3872 6986
4895 5426
8770 9022
1954 7779
9951 9985
3740 2037
3032 9324
5665 3899
3801 4801
5099 5087
2353 6033
6171 1352
2936 3753
2527 3243
525 7149
2481 8868
5700 9310
6772 2307
914 2380
7859 9486
6197 7060
2487 6770
2980 699
1967 5238
7018 6966
3031 315
7738 3534
3233 6076
586 3620
7181 9154
2726 3074
5328 543
1732 4929
8479 9468
1535 289
8593 3771
6317 3595
7464 4410
255 773
2668 2020
8877 1598
2264 2182
1879 2146
3822 375
2118 1320
6128 8560
2557 259
9387 5104
389 6933
6560 8444
5655 6587
8481 722
7477 2109
9407 9743
5929 29
9440 2625
2019 3615
6076 5060
7094 2597
7065 6975
8649 2906
3195 9387
2663 425
9179 2648
1459 5223
7923 1009
3222 8120
9399 539
3566 7096
9912 9694
3991 7187
6819 4422
7645 8886
419 8739
2474 3128
3389 9694
6496 3356
4219 1246
1120 7089
6117 5411
4759 8125
508 8377
637 9027
5499 4606
7128 7080
2137 1509
9262 6429
1093 248
2573 4654
1957 9948
7207 5068
8994 8245
6216 3322
9439 450
8759 5135
547 8801
2959 4419
4757 5240
7260 7548
9522 9464
1270 7517
3247 9991
7881 105
6920 2348
6425 4807
4263 1148
1492 7877
7832 7208
8543 6987
7460 378
5273 1868
3828 2176
3078 9566
9812 2226
1460 6559
982 9866
5643 8816
4899 4518
5277 405
7784 622
2743 8069
2072 7207
1406 4527
3482 6096
6137 6647
7758 6332
4705 2073
9661 1877
2820 7497
5448 1966
903 3913
398 3619
4047 5458
7803 9211
7295 669
9230 5559
4930 6624
9542 7265
2997 1
5312 6300
6724 2879
1026 2129
5959 2114
3475 8480
995 8177
9543 3958
9234 4637
4121 4909
5591 4611
1629 2989
4595 1852
6307 138
1855 6042
3863 8436
7861 322
1431 7901
5483 5433
6067 4008
1963 8812
1256 4651
1534 2761
5957 9373
3627 4043
129 76
1329 5400
4917 227
9216 7208
2504 4844
1728 1873
3136 4093
1078 2857
3334 7761
8388 8189
1083 2393
1924 151
6769 6115
9574 5066
40 8765
127 7634
6036 7731
6853 6094
793 1739
8942 7673
6887 8605
6001 1471
7266 3930
7411 2804
9841 1284
5740 7106
2714 6858
4731 9899
3064 3184
1908 3019
856 6626
3632 3287
8145 5034
9376 6935
3957 6252
5113 289
2503 2711
6808 9969
4644 5159
1068 1769
4653 1134
1476 6866
1352 6086
8727 5198
218 3850
9417 1477
7856 9978
7373 8364
5743 6392
7194 2787
7528 72
590 2378
884 4402
3450 6213
2527 739
8241 8223
2606 9021
2324 732
9611 1910
1123 5969
7849 2378
8104 2177
2739 2401
9139 2941
5220 22
6847 2409
524 6019
1755 4411
1831 7584
6920 87
5943 3668
8648 9852
2918 7534
2508 2142
8781 2641
6914 8909
6397 2670
353 1541
6094 5419
8606 5079
253 918
8820 4937
9007 6177
1926 3008
8915 2341
4688 5937
4518 973
2399 4040
5993 1845
2459 2121
7924 3896
5779 3278
1531 4187
7914 9277
6488 5014
2768 5303
7871 2158
3669 3602
6514 7691
5833 304
5700 8189
4616 6133
2365 4022
9431 3611
2301 5908
165 1004
2556 2656
1924 1287
2164 355
3898 9016
7989 1021
8692 5741
8948 6441
2840 9542
2343 8591
7857 1235
3293 9898
7245 1839
5787 5886
4551 4838
5872 2659
9666 5804
7606 6353
6823 960
8369 4405
6003 6580
1946 392
8015 625
728 5642
2482 1200
3694 1785
5199 5472
1639 5007
4422 1624
3441 3632
5308 391
2943 7580
6386 3627
3492 8249
3435 1138
9940 5746
9905 3064
8105 220
7376 1326
2455 7584
1761 3360
5800 9793
7591 3376
7395 5318
8998 3083
8896 6314
8372 2958
8324 2491
1987 2100
6199 6597
1981 705
4465 3213
6036 1092
3247 9425
8738 8342
2678 2137
6157 9428
3438 6663
1220 9011
7026 4167
4208 387
844 3744
4723 1115
1883 1939
5387 8346
5229 7083
5732 7097
636 9565
7137 9671
474 3773
3825 2143
7514 2894
1864 125
629 5209
5280 9028
9274 2480
1084 6754
7098 340
8682 2280
6618 6325
3438 6124
4160 8334
7281 8082
5538 8469
1454 3449
1181 1494
9863 7074
5493 4732
6199 2521
2957 7697
508 2328
9384 7603
9410 8901
4975 7186
8980 9330
3268 9944
7877 7338
4738 6039
8898 6023
778 1850
1988 6756
9126 8012
2849 9199
629 8271
4144 3816
9597 732
5199 3250
5712 5792
4267 2429
1433 6230
6961 4826
581 7714
9285 4229
7094 9932
3917 6496
1746 376
3130 1682
6196 7958
8985 7243
9972 720
9330 5044
7715 8332
4668 6433
2007 9690
4367 1967
5485 5969
1496 474
822 7110
1049 5709
7470 1020
773 4096
7564 470
999 9995
1775 9072
3322 1416
7175 5422
3922 3251
5831 6655
9609 4927
1322 157
5653 7115
9972 849
158 6047
5999 5258
237 7494
2608 4546
8796 6290
6401 3794
9336 1407
7036 1374
1573 4876
9313 8392
9922 5232
739 4448
6434 8789
6022 2396
4675 1066
3331 8188
4696 674
1514 5462
6108 1892
6945 945
8472 485
481 3390
8332 5054
6160 8928
6127 2780
3621 7695
1773 9840
4746 3247
9190 4258
3486 9926
8205 9565
7559 8308
9069 6055
6739 2879
2873 9894
1041 936
2717 1264
7781 6169
2471 1361
8985 9065
2732 4937
1821 4481
1573 9862
2994 8720
8224 7007
3907 3820
6313 3027
1780 3842
1125 2180
4971 4706
4164 4215
7372 2997
9961 5434
2165 4695
5340 9771
9488 3822
4670 1105
9984 8580
975 8825
5850 1807
3617 3453
6663 8736
9752 531
6340 3050
1878 1221
1529 7781
9610 9208
4604 2593
314 6692
4805 1987
2974 6660
2261 5338
2164 3060
4437 2845
2425 624
2395 4074
7249 2555
375 5704
8901 574
2418 1463
9454 9177
4927 4180
4046 3014
7805 4148
7342 1458
846 7872
6598 2557
4231 4228
7874 8933
9537 9852
9307 4442
7255 9514
6854 8576
2680 8208
8418 1451
8632 6000
6070 2054
245 1533
2619 9244
6489 8751
7122 8183
8687 9854
3426 2448
6721 7244
1417 7921
9138 4540
6982 6945
7319 126
6769 3379
4155 5616
9522 2117
1486 4033
7778 1682
5227 9258
3501 5206
2617 2380
3929 793
726 9940
3269 3228
3151 8996
7059 6505
9102 6237
7616 685
7102 6527
8930 4030
5854 9063
9581 4193
4526 6189
2448 6163
1835 5482
1858 4758
8724 2073
872 9771
8579 222
1247 4787
816 6507
1443 5344
6834 4156
9938 4619
9196 8175
8566 3976
8997 5318
2968 2133
72 5238
3839 468
3362 2897
6807 9582
8032 5651
6213 7826
6203 4862
6666 2624
8899 6552
3392 8559
4308 9051
7184 1229
5846 7954
5951 3746
1225 686
7288 5862
5116 6504
2940 7119
2963 8404
8735 5913
4987 6929
6169 5012
184 2670
9039 375
8465 2437
5088 5087
3412 4460
1754 5604
8605 5819
8834 9847
5726 5381
7663 7495
8488 299
400 3064
186 1738
2236 6236
5413 2924
3770 2574
2839 9377
5348 2034
1126 5088
4773 4449
6389 7145
6922 8203
2391 1758
1011 8844
1326 2013
5640 6357
3328 5863
5820 4257
2596 5799
1954 7558
8963 2993
2774 9510
9904 9908
7170 3879
1286 9737
9120 4871
8708 8889
58 4636
4212 4724
8281 8897
7787 9978
5460 3191
9032 7702
189 902
7121 6484
5136 5355
475 9529
3760 2721
1968 1894
1247 8959
9981 6800
1960 2634
2355 2868
81 2297
5007 985
1655 8067
5379 6635
6921 1558
8747 1915
9276 6523
4983 6166
91 4090
8233 5347
4257 140
5652 6877
5067 1410
3815 3432
6536 2329
2774 6092
9563 2946
7236 9773
2311 2275
6061 8784
1454 2371
8763 7429
1366 1649
3199 9170
680 5563
8010 3687
2739 256
5359 8464
6496 9758
5939 4464
4010 5890
2413 7789
7 6432
9516 5030
8944 4009
1986 7186
1187 2852
472 1338
8682 331
88 397
883 5850
849 1594
3363 9887
2406 3174
8902 5396
1708 8325
1379 5419
3624 4469
3598 205
4132 1914
2725 8418
7568 5909
5120 175
820 4772
3345 684
8682 8232
7651 2897
161 7682
2671 8281
9960 732
6656 886
72 7053
4810 5756
4023 8636
1303 504
8183 6223
2146 8157
6496 5966
417 5593
6636 9674
8710 5105
6208 8167
2079 1546
8465 3122
9426 6526
1670 521
7163 8427
4495 4292
257 8355
4497 1760
2635 2212
4467 6608
7634 9213
4428 9206
7243 8581
4983 8445
1111 2975
7905 397
8996 188
1641 8506
6520 4754
5308 1317
8353 8000
8016 4268
4678 6059
2777 2318
2316 7388
144 9235
9265 9382
9849 3089
2773 8316
9914 9012
2482 6090
755 980
9051 7049
7531 2600
2772 5125
853 2329
2668 3967
7858 3410
8538 3644
7009 379
8148 7713
6537 5450
840 9898
6554 3713
9786 1818
2217 3039
1808 5226
5854 7382
4412 8269
880 5921
5355 6615
282 8898
3416 5666
5291 3193
2915 6935
8025 1184
5884 3462
3957 9667
3518 6582
1399 3766
1965 6020
305 9050
7172 1403
4303 231
4703 7168
329 8233
6252 592
4504 6051
2033 3816
5472 2305
6869 1583
1412 6033
1521 7018
2706 5333
7045 9262
2062 1268
6858 6672
1818 895
668 5712
5799 5287
4916 53
8097 2113
9183 1163
6556 3254
2396 4110
9140 7157
3412 6696
8875 9057
3944 3286
8286 7123
3498 9681
8023 603
3469 9113
6172 4883
2635 1367
1094 5002
2677 667
4110 6152
8938 2728
3523 7401
9514 769
3718 4844
6758 8360
5574 2465
9952 2652
7775 6088
1758 6981
1072 6056
5945 9022
1687 2206
8384 4384
2458 5063
333 596
8136 6824
1412 8849
9590 1452
9540 6571
5367 7254
8283 7147
4617 5591
9733 687
8597 9279
6320 3959
8893 1999
7196 9679
7972 1617
8759 5266
2958 4847
2980 9809
7393 4319
8268 3612
7147 5803
2063 1002
3180 8679
697 702
2686 2467
5007 8688
1051 3530
1380 5739
7878 5737
1411 8808
7206 4381
3026 509
766 460
2971 9500
3407 8855
7795 961
6419 125
5969 3906
7061 5158
4591 7042
9629 7969
5982 5173
1028 3818
9968 8811
4906 4569
3984 563
4239 5990
3665 6955
5700 3961
6369 7239
1900 9081
7943 8544
3497 8275
782 2611
9128 268
4472 5870
5936 9374
4442 3356
9637 8644
9023 2260
5514 4781
8106 3584
1027 4146
9102 2379
9728 2662
6899 4721
8650 5079
3173 6985
3377 3190
1828 1170
9004 9350
6514 6811
3980 639
5346 746
8126 6495
786 7310
6948 8557
9116 7679
7189 129
8804 5858
8900 6455
8079 7805
9814 2682
1620 1690
9417 7523
8216 3201
3688 9219
5485 7849
7938 4388
6974 6131
6922 3475
2818 5176
9847 3365
142 8972
9784 2606
7716 1764
2140 1656
3734 2910
5791 2803
1588 8884
4995 9866
6351 8996
1272 1914
4884 4702
441 152
2859 8728
4227 9529
1700 7707
8027 5580
7114 6915
2108 7485
7656 5202
8360 2375
1134 6049
5438 3539
666 2696
190 2895
6521 7442
3963 4576
9468 8162
2886 9855
8951 8710
551 2928
9823 9667
2047 6885
9843 8833
9058 6201
3192 2300
2827 353
8519 9129
125 3874
7993 231
8071 4981
4906 4110
3134 6732
5175 2345
922 7870
5594 8062
4961 575
3589 9214
2280 2225
8080 8420
2268 1661
5014 7154
9590 3783
4445 3414
9938 5569
2412 9659
10000 4492
4268 4284
5302 4685
9623 7717
8137 1123
7367 8319
7731 5985
1699 4387
4948 352
3363 7264
4058 3366
415 7257
7338 9608
6742 9694
3239 6387
343 1328
6761 9858
6622 6533
1782 7328
7655 4613
1928 3980
7982 8035
8562 1847
2139 9339
2522 3618
348 5731
9391 3355
9560 1939
3304 8430
8019 3878
7167 1330
4790 1410
4111 7679
194 4693
2050 3942
4398 4212
8835 5973
8344 2256
1807 7202
3500 2063
1151 8969
4790 6374
968 1657
8925 2788
2170 5791
9578 9134
324 1909
7371 9375
102 9497
2281 3543
6168 3356
7868 6341
6285 113
4564 3388
4427 1305
6193 8020
3188 8508
1673 3293
6844 8157
6058 42
2439 4583
273 874
6302 8866
743 2768
728 7155
1416 4987
5767 1709
7697 5599
4204 9119
2283 8198
3929 3404
3825 2719
435 1767
4989 2270
1585 5517
7837 6559
6404 6219
3224 5275
8174 6500
6415 5310
5276 6376
9396 4335
7031 2183
7706 2095
9004 8329
9254 4255
1892 7045
8634 7461
6091 2860
2574 3295
373 5310
6487 6713
8587 1243
5078 4258
6355 5836
5410 1566
3585 2330
8270 3072
541 7256
9335 8641
7362 3675
6863 1269
3418 63
1854 9517
2198 5151
6745 2814
6050 5982
8180 3610
4883 5379
977 4183
1016 1344
4781 1627
4782 745
5569 6290
6835 4977
8052 9345
1454 7222
8879 6656
8498 2219
7276 2332
3007 6809
6238 113
8846 4168
1053 8401
8131 1773
5305 591
8883 3145
3096 3737
4844 3600
8363 3266
7768 7810
3918 5581
5829 7865
8925 5708
3392 4200
6975 6465
3663 737
6539 3517
7968 7350
5199 4115
9927 4222
3460 4996
8683 3495
8041 6716
804 4008
956 370
4992 7433
4405 4412
5699 7023
7790 4297
6247 5062
9214 3063
5595 7120
9258 1563
427 1982
2173 2188
2414 3153
5016 3208
5831 2036
8128 2011
9614 2563
4154 4903
9021 1176
4726 7282
6969 564
711 2507
3058 9334
6947 6314
1694 5110
751 3974
1244 4321
3749 4893
9948 1550
9735 9922
5522 6814
7766 6144
8666 2925
8976 2602
6209 2502
8764 1924
7274 3522
6200 8929
424 7356
7583 6695
1326 933
5538 807
6857 4278
8921 9367
86 1077
8468 6567
690 5706
9920 502
9521 8709
4040 3905
3833 5437
6323 7664
6478 8821
2799 1471
5816 8183
9955 2461
3246 2442
5891 3306
9390 9358
5069 3309
8830 4522
7079 6143
3834 1304
8108 6160
9390 419
8176 4505
1610 956
7175 4836
1750 2062
9187 7669
6325 2288
3823 7312
2969 2470
9638 4195
6290 3039
8229 6065
4547 477
851 8680
5886 9980
6759 6346
8777 3748
8527 1220
9335 3545
6010 1213
4958 5130
8026 9191
840 9123
9181 1534
3009 5301
6459 9935
1564 5539
6517 4796
913 8291
2803 3738
6636 2810
4790 3501
1858 4951
9905 3977
1275 659
3093 5394
2948 5339
3713 5986
8615 1940
8931 3536
8850 7882
3550 364
7254 9897
7366 9843
5133 2103
7919 4908
894 5421
1125 3189
1231 7158
662 7865
9634 2532
27 4924
905 7232
9200 5139
7280 8501
6591 6466
9320 9564
5865 4645
4862 6400
7348 4741
937 1543
626 2636
1477 5114
3824 3089
874 130
1259 5193
6402 32
5715 9618
1457 9337
448 159
2366 1270
6587 3406
5245 4404
8320 5177
4904 9924
4806 4240
1007 7185
739 3935
9799 7953
3111 3824
9723 8249
5670 2386
8842 6314
4661 7606
6973 5456
1257 34
2489 3259
6870 4696
1385 7208
9914 8099
709 8923
1642 1022
429 6299
172 872
2217 1110
3758 8650
8689 1030
5951 3194
26 2937
9999 4639
8073 7217
4746 4057
9551 9846
6418 5340
4788 7096
8170 4355
4959 1274
9146 2828
3923 1219
8029 7653
4572 6580
6459 8607
8150 7179
436 9237
4030 7679
1088 542
6208 4890
5632 7006
6889 8825
5293 1278
3401 5294
5936 2990
813 123
6811 3686
603 4459
937 6024
3660 908
8440 6646
9457 7115
5523 1038
8323 1357
3479 7010
7043 5998
6670 760
773 1493
792 2940
4716 9408
1859 4770
5408 1937
924 4027
6076 7233
4704 8411
5351 7739
9236 2205
8286 9293
8129 9239
8127 5398
6884 4874
5678 9002
210 3226
2445 9921
3276 5443
4442 2677
7583 3277
9450 9151
6942 6277
3481 3618
6028 6833
9260 7776
257 3720
6265 1631
6974 9118
4500 1484
3371 9393
6355 9191
7835 1517
4319 1121
9468 3198
7137 2348
3925 2715
8467 6078
7137 2384
1121 3195
5872 8820
4042 6528
1510 1203
804 872
8482 6021
560 7320
6923 4619
9655 5790
287 5441
1002 8939
3091 6859
4957 8737
4976 1090
5117 9800
196 9509
903 5837
597 9872
9884 4902
9410 8696
6308 9263
1691 7455
258 4467
2418 6729
5106 1357
598 7924
1306 4414
2432 5529
2728 5862
5902 8135
9880 4137
8458 354
3909 5148
4495 1353
3206 7316
430 3172
9299 4784
5738 4509
1625 1503
345 5971
7317 2221
3256 7687
1236 4783
597 7379
9941 2140
3518 9994
3470 2123
5538 542
2216 3519
4762 3444
7523 7823
1782 2441
1205 6120
1358 6265
9247 8
3017 3510
7491 1933
1637 8662
3878 675
9472 9229
64 1886
1495 8286
2341 9424
3458 9885
7956 8366
868 94
3352 9478
6892 6517
758 3830
5744 3702
3268 9099
9948 1126
6624 3776
1975 5273
6209 6425
2409 2622
686 7994
5628 8608
539 9311
2299 755
7776 5668
5057 4933
6599 3314
604 5636
2708 273
4417 4369
2284 5819
8672 6131
8913 7530
2879 8380
4379 2619
9124 9640
5549 4511
7964 2161
5083 345
6458 1845
2756 7496
7202 8118
5219 4957
7112 2093
787 2069
2817 1965
5379 1125
2007 3120
5995 315
6736 1910
2117 3922
5454 5822
9103 9368
3723 8340
3856 966
4032 6110
5660 482
8678 8525
6958 2040
756 7526
6720 9550
5762 4318
6284 9276
7342 8906
8635 2736
272 1550
9274 7781
753 7837
3612 6466
1624 4219
1470 7099
9878 8438
1708 2640
1720 6934
7336 4764
9280 5893
4623 8837
9928 7156
3848 2900
7516 5310
1776 2541
4550 1042
2549 1572
3396 2242
2793 8246
3571 3689
1174 478
9915 1960
7215 2701
5359 7460
3598 7528
175 2017
6077 2407
6513 5846
5923 9388
6694 7555
1202 8723
2176 8636
6706 3117
5541 1185
3692 9292
5719 1596
3236 4644
3459 1040
4476 9903
1608 35
5506 3032
2696 2109
8204 3794
4902 1938
2799 2935
8074 5294
4201 7856
687 1907
8305 1041
6824 8089
5571 3772
1190 1240
2565 2527
5710 7771
4690 2923
531 7151
9702 8144
8305 3109
3736 9230
9541 2494
5490 8087
4360 867
7133 2214
2001 1520
4722 6667
1932 4391
2306 882
7890 716
660 9323
5556 2463
8771 9439
367 7722
5880 8342
4959 5248
9971 9172
4304 6661
3118 1399
5834 8008
7792 290
4754 5202
867 9685
3249 2756
8703 1196
9579 6711
4378 9508
3544 6303
2273 2616
7619 3187
7698 2701
6455 6850
6564 3553
8087 3321
7638 2030
4981 3712
6321 5499
956 3396
6034 2571
9997 8094
4853 6260
1325 8841
5109 3921
9029 8571
5728 4481
4959 9054
8403 8898
935 2258
6917 2779
7667 6260
3974 1685
1413 7989
6396 2161
6377 5562
9127 2006
6140 1571
1783 3395
38 2672
5553 3869
2533 7070
5045 2783
7180 2022
4053 9996
8692 6111
4365 5166
7550 4207
1438 3415
9047 4314
9821 9521
2467 860
356 3074
4176 4695
7867 3936
3201 1558
1207 1411
2467 7582
1471 6300
2603 7910
9547 1260
625 6172
414 5448
934 9665
8980 4571
1355 1163
4096 762
7706 8038
1150 5925
6653 679
824 4587
308 6476
9861 3763
8166 591
3942 2235
9658 9428
2137 3688
6391 6811
8961 7578
4535 1363
2261 6768
2669 4640
4576 1714
2778 7819
3485 1957
4765 9718
7968 2509
120 4959
5971 9366
4121 7147
957 42
8060 6842
8264 6349
8043 1570
9257 762
815 452
7827 168
3182 6360
5663 5213
8695 1816
4207 5188
1814 7999
3308 7684
5590 4468
3146 421
3287 5393
5168 6770
2343 4865
7807 5363
9517 1227
8217 6511
9783 9515
3634 5682
8959 8591
5726 539
5924 352
427 9081
4536 49
8171 4407
804 32
9162 868
5805 9052
6906 8508
3381 8537
7108 3769
8716 8999
5758 6344
5314 8011
8133 6275
6941 409
4258 556
8855 4961
907 2195
6973 2579
6524 5743
8747 129
4884 3738
1609 7311
3723 8824
282 5636
8921 9651
3797 6365
4090 3543
4027 1059
1606 4319
447 7020
4540 6475
4287 7156
449 9967
1468 2912
7672 213
1720 4967
9630 5390
7545 2281
3835 2651
772 506
1344 2036
565 9546
2774 3005
178 9932
2403 900
688 8661
1375 5283
2939 7192
1983 8708
3643 4402
3617 2553
7948 7293
4348 5658
2503 4874
4303 9914
2406 9112
7695 649
5348 9600
9605 4003
7999 9181
3100 588
6544 4911
6267 9825
4717 9073
3000 2888
2426 8131
5507 2091
1706 6887
3003 8130
3498 3990
9944 3663
4007 3304
7504 7740
1515 5953
9729 8055
5822 157
8811 1564
5402 8222
6246 2841
7746 8576
6872 5474
5448 3340
3455 902
8899 8609
8473 7261
8484 9748
6895 220
2842 2676
675 1984
3812 7542
3563 3203
2604 7837
4410 5815
1660 4120
4942 4665
9701 1756
908 3745
769 2292
6868 2878
4309 2931
182 6812
8895 7467
5571 4043
1715 7559
8748 7727
1386 9212
6706 3480
9865 1429
3888 3497
1476 1276
8133 7411
6332 7756
3682 3807
3121 3959
3963 985
6075 526
6128 3810
2519 6266
7130 2663
1802 7462
4112 9811
2557 4258
5329 8460
8989 9713
2854 9541
10 6293
2373 2410
2019 3593
8247 4095
2533 1687
7618 1633
4170 2658
5184 2896
4279 4259
991 4088
3670 902
9536 2355
9295 1465
8310 5620
6517 5263
1242 8867
9562 7857
120 943
8750 4684
3379 2059
4970 457
730 393
1721 1583
3162 2555
4987 6893
8880 6355
86 9403
878 9454
3258 2967
6620 1937
3443 2374
2339 1920
3940 1088
3640 9228
3021 3806
8768 7937
8059 4267
9288 3663
181 6505
669 2408
571 6149
5696 2950
3139 5810
4864 3624
797 7254
5489 519
5698 5668
1890 1451
746 241
2160 7600
9248 377
4757 4020
354 1234
5427 4484
2521 7927
2029 1195
6039 8741
5382 339
8992 7364
3433 8722
661 7665
1813 867
2778 7153
8699 4990
9507 9682
9209 2232
8710 7577
1426 8449
9181 699
9529 4936
1184 376
9122 9507
1777 4955
8726 5988
3476 1524
7927 1759
1760 6124
5574 2950
6352 5834
3749 4331
7738 6515
8799 7737
8212 263
5481 1998
7748 4301
9947 695
4946 2016
1537 2607
3526 2315
4551 2454
9877 5925
9717 589
2568 5602
8188 1930
2597 1024
6472 6987
8537 9431
5788 7433
5640 5827
1867 7329
7656 7490
2120 1136
1139 2431
2863 4906
4063 2351
8302 8396
4508 9484
5131 1963
5585 7039
8841 9189
376 3010
5255 7754
186 3578
3290 3614
7420 1351
1138 5954
2643 9079
1083 5516
3316 8269
1262 6250
388 1935
8560 1757
1399 5052
3870 1073
2875 962
5223 3534
3425 7584
7029 2172
4002 7976
9082 6301
250 5171
4526 3688
7577 7978
9220 36
7460 8293
4050 2004
3647 4929
6049 8482
939 7877
7235 3318
7032 1949
5191 9538
3810 4966
3318 1052
2044 7307
7707 5834
23 3192
5434 6724
7558 9404
8319 3093
2364 5280
7049 1083
2802 7952
1879 22
5687 5281
5041 540
1064 8246
4458 8707
4215 3542
6709 9817
4223 2977
5396 5191
5322 6449
3935 3469
3448 7919
3044 9973
6440 6940
4331 6235
1850 9502
2018 3266
2576 3966
7261 1208
1450 7894
4981 1103
6796 2209
7403 5353
2313 2217
6776 1158
1376 1383
4234 9794
4399 9676
9491 8435
4942 7123
4128 7233
5670 7466
9802 141
5031 9552
2788 2345
1500 4780
3094 5082
4259 8594
9136 226
5939 6196
5256 3625
1932 7307
8987 5113
2946 7833
6388 53
6185 4779
6205 778
7311 4837
939 6385
8094 2220
4192 6028
4395 8296
256 5196
8905 4158
3707 6952
1726 9208
7926 3041
6623 5270
6520 7147
2594 1060
5945 7162
3560 8036
548 7545
2708 8591
443 7408
9806 8147
4064 1420
1226 3400
5323 5713
8129 51
5476 8334
1451 2380
3509 4310
3641 1770
6442 363
7693 3862
3064 3436
2173 3812
6975 5497
8233 9345
6446 2943
1574 4685
6833 2467
3674 7339
7688 7887
9539 830
4035 7193
4131 3504
3471 1115
3211 2145
3142 459
999 4752
5455 2909
2754 1789
6552 9724
1620 8594
8327 4833
6343 814
8588 2368
8652 4978
9284 9480
7695 7805
53 9239
2442 123
8730 394
9329 6122
6238 7008
3531 4316
6282 5735
449 5732
5426 2767
6396 4471
1992 1394
1806 3101
6201 6211
6122 9059
8507 9982
4316 110
2293 9300
5770 4228
8881 3155
5876 433
5401 6368
7483 3468
2773 7841
1 3028
4682 6281
3722 3677
2594 6844
7017 3913
2240 868
7389 5588
1045 2932
8835 1138
6713 9585
6086 5487
4604 4940
2554 8804
9284 2884
9001 2437
5044 6455
5922 5891
452 4840
7575 4866
2627 7950
453 3193
3052 5781
5695 6598
7590 2184
1711 3581
6053 5920
9310 6854
5227 5437
775 695
3461 3892
2850 605
4501 8062
8717 2061
4811 5656
4754 8037
5395 6873
8805 9730
4918 8420
3813 5227
4740 1979
5926 4127
279 8499
6606 3234
2084 3832
4977 7267
7621 1121
4128 8184
8111 5432
6946 7543
4999 1614
440 8751
4733 4728
8561 2213
5465 8167
7189 8297
272 9317
1915 4770
8403 1905
7398 6057
4524 9985
4927 6066
5740 3794
184 1165
101 8856
5160 1658
8172 6121
158 1832
1976 3350
4284 1744
7274 1947
2794 7578
2705 8691
1995 3552
292 4920
6405 8371
5316 1213
3417 3241
85 8093
8931 8008
48 1564
5083 3860
3314 6126
3221 964
2946 9510
730 3175
6320 7560
8628 6467
2620 7926
2361 9832
4828 1981
4064 287
3657 9048
8999 7752
5992 118
5681 7514
7450 8980
1186 7793
7314 9395
1992 282
5337 89
9126 1007
4074 5010
5391 4515
3697 7179
9843 7193
6927 6980
5972 9309
4809 2124
3020 3723
3270 901
3726 1852
7359 5173
6099 7083
8419 5269
274 2471
4111 8233
4538 6916
6814 799
2460 2773
6978 3893
5327 8138
283 8475
9243 5132
3223 4687
6975 7690
9728 5395
3758 9872
4926 2906
5049 8674
9775 3315
5998 505
4819 3587
7225 3972
2342 9018
6206 6591
6206 9752
7980 9590
2052 5100
1567 3768
7944 7967
797 2725
7349 4953
2448 5724
2658 7486
3478 4048
4987 134
9219 8265
7096 5590
8530 9470
6 1081
6342 7948
9065 5324
3559 5669
8574 7654
6967 6503
4593 2772
1189 382
4104 7167
5687 6998
6200 1246
3048 7701
4494 8154
252 7719
8317 8284
