6420
91559068
9225 4570
8274 3675
1154 9156
6686 2188
8721 5966
1804 1020
1575 2783
8547 5317
1883 6583
7827 5842
6393 8742
9290 2132
5487 6725
7675 8977
8118 4221
6742 7822
7155 6071
2399 3069
4000 2216
3038 1745
2799 4165
1984 2073
570 9862
8678 1476
2055 613
406 5139
3988 5458
1019 4244
7329 3797
3497 5542
5084 8232
5500 8707
956 6932
1746 1298
559 371
617 5248
3383 9428
1597 9163
8703 2541
5472 5905
8686 677
8206 4893
4863 5823
6045 6209
7543 4843
3943 2195
2834 6811
8231 1561
2152 8901
4012 6979
3865 8557
31 6922
7788 7065
8677 3030
6323 7336
3695 2058
6125 2476
8267 1513
2337 9655
5042 5461
9621 5332
6908 2998
1952 6790
1641 2251
688 7109
588 718
9703 3821
8300 9206
3621 1896
3974 186
2592 6002
2961 2591
5567 6661
8207 2729
9394 4476
9880 1537
4344 3255
2535 5204
6797 5012
3098 3740
60 4883
5546 8869
7088 418
5371 3074
1433 3883
658 8469
2446 6752
131 2190
9143 8651
6034 9688
8229 4895
428 5402
9655 3399
7446 5355
2738 686
4990 4950
9017 8253
5542 7430
3347 6426
9965 5480
5723 8284
4739 8619
2369 2564
8465 3931
2458 422
9043 2865
9045 2080
6836 8759
9743 577
2061 4608
8056 3022
325 2357
3437 6309
1972 6591
5498 6972
3105 8381
6740 4472
2662 5604
1373 6180
8360 4531
8291 1203
379 8107
4061 5513
5844 1128
3999 2334
4252 7700
6784 6938
4064 2037
640 7111
6343 5974
9544 3968
373 3122
7929 9307
3219 9572
6100 6293
5039 7186
7086 9217
3323 8636
8424 9610
5540 6448
6325 1513
2301 8056
2832 6587
1938 1794
5884 6920
9513 7133
4283 1674
765 586
654 2114
4251 4665
7922 9152
2679 7490
4584 8927
2067 3826
4529 3979
1159 8795
7079 1166
184 8010
7918 7939
2451 896
9781 6419
163 4515
5836 1926
2672 865
5494 8367
1599 1879
1421 6771
8560 6365
8548 3438
925 2972
6467 9635
5416 4470
1600 3078
6084 5934
6166 6376
3782 1783
8776 9403
2804 9264
3143 9296
9849 4203
6094 719
7059 2110
36 3440
8404 1323
1072 7440
7937 2431
7604 6949
2095 8255
9087 9082
5680 8887
6867 6826
5850 1069
5831 475
290 5090
5480 1781
8513 7291
7292 7812
2543 2715
2494 849
8015 9528
4683 8576
9560 9397
5775 7217
3481 6945
4759 1044
4089 5931
9307 1436
433 9053
8878 951
9754 2867
1483 7030
1975 8438
3931 6478
2553 6743
8913 3747
3933 428
1117 9462
9224 170
3578 9384
6252 590
2233 107
2130 6176
2512 9347
4229 4967
2675 7710
706 6644
4383 624
3937 3760
8127 8971
153 1654
9694 2649
944 8056
6772 6434
928 5754
5717 1338
4728 7720
4862 8884
8117 6759
8099 9292
1937 5393
5811 9909
85 7535
5229 9674
1112 9739
8585 1162
4034 3753
4031 4493
1369 934
8154 7551
4433 3323
5847 5837
6176 3357
2253 285
7767 5087
7232 250
119 7933
4865 970
2043 4069
3914 3494
2082 3498
289 1163
2293 2478
4474 3622
3486 8496
5414 8360
7681 7435
9545 2080
5014 1224
3240 8549
9951 7135
6154 2544
3066 4949
7671 8576
2905 6030
2270 5845
4326 300
8744 5906
1830 8961
1576 1461
1431 2476
6563 3757
9134 2329
2884 6473
7166 653
9582 8130
4092 6855
4418 6142
7353 2953
9500 2691
274 7639
8065 5711
2430 1635
2545 836
1911 399
3193 5228
3110 5966
8219 7513
5693 8284
8045 1862
7437 5918
8176 2917
5250 7230
1716 1244
7239 3875
7446 3307
720 6751
1916 7202
1800 8735
9604 3845
995 2234
3198 2179
1872 1161
5585 4702
5146 6584
5603 8594
396 955
8179 316
9170 878
3055 2762
7340 2865
2082 1520
6996 7487
749 966
7017 4572
8005 4904
119 6586
8841 4591
5539 3264
5296 7251
6429 9293
4670 3882
8388 3888
8191 9430
7688 3190
6038 2367
8151 5707
6586 3998
9510 5874
659 2825
5293 4787
9494 1224
287 2377
6238 8269
693 2348
4209 1155
3798 7190
2998 9459
9142 391
9547 2082
2975 8239
6858 6436
3440 5091
4995 8704
1209 2638
2431 9299
4811 9607
4250 7300
1214 3716
8411 9164
7549 1211
4145 7202
1013 2844
2869 3558
1798 5176
4993 2239
483 5475
6933 8967
8185 2157
6432 2099
3275 9970
6360 280
6801 1352
5553 2224
1534 6409
932 5016
3333 8283
7118 9716
7218 7818
6167 8893
6475 2052
644 5953
1091 6646
7065 9476
1920 454
6824 3439
9656 3787
610 3560
4937 5995
6589 2146
4865 2725
5761 9301
5196 2875
3871 1745
8358 5500
5477 3982
9150 9227
277 2695
5517 8986
222 6525
8102 4000
8798 1343
7686 5493
4247 3646
9732 6459
8179 2668
5616 6647
3409 7139
1246 5227
4499 7975
478 4487
7605 2276
5035 1471
7604 1063
8097 6189
3631 2206
7982 847
2622 9825
1278 4421
4521 5431
3862 87
6839 7050
6223 474
1519 4558
7831 9420
3610 4555
4618 5523
7343 8383
5664 6066
7432 3506
2922 2687
200 2459
947 9029
6344 1982
7114 7354
8614 7893
4408 1710
8554 4976
39 2047
1705 3514
4728 5881
8253 5437
4203 8402
7926 8574
2779 5165
894 2097
9436 8270
873 5687
6588 4111
1838 7421
576 3289
2209 1234
1781 2402
4136 6282
9076 4936
8927 2595
7756 9011
1454 8753
3139 8700
6953 940
4734 4507
8508 2750
3877 2451
6643 576
9585 4945
1710 5246
8099 3728
2315 3025
8901 5548
6811 4746
4018 9117
249 4132
7194 9175
7145 9373
9380 5610
9369 7862
5606 1062
1760 7998
1846 6059
1222 65
6058 467
5498 9246
5683 3232
1546 9440
1707 5527
950 2523
9855 3343
9441 7452
4514 4716
4219 8020
8247 9859
573 8951
9364 8543
2204 5304
2501 1285
6059 5658
6561 224
1573 4139
4737 2004
5740 9020
9412 4750
4249 100
45 8881
7443 3889
7401 1853
2212 6890
5177 3390
3491 4343
1076 1730
532 7353
1116 1970
5823 8889
576 9416
7492 8712
2614 5313
5794 5960
9229 1416
4693 5823
8943 9185
2821 5214
5478 2841
34 1288
6107 1772
4188 6920
4615 3349
4393 6182
3676 1677
4029 2533
9813 2213
3156 5901
8979 9152
4255 2556
5905 6317
5625 4360
7439 6644
9505 1116
7642 9504
9276 3869
7897 5424
1465 4626
230 7161
422 2742
9841 4062
1484 659
7982 2374
2 5832
3168 5001
5654 7548
7413 7750
2489 6404
7457 9478
4681 8622
9285 2470
5243 7072
5475 4476
1816 6001
1544 3106
9414 3049
5384 1741
9828 4500
1769 4341
3340 2033
4095 5375
816 7814
9033 4971
2657 3863
2021 5524
8471 214
5072 3510
1399 545
285 215
8819 9919
3260 8426
4657 8328
8831 7624
7222 8184
5293 1043
3635 2164
1466 6730
865 9898
5524 7442
8074 410
2943 7572
1772 3922
3348 4145
1593 2433
2558 3731
3245 4199
3103 9677
7782 4604
6695 5652
1066 4577
2918 570
3458 9360
664 4766
1338 1203
2992 5852
7220 5281
8025 5578
8354 9538
3253 1036
6899 9082
3417 5688
2246 6899
7846 8620
9039 7723
7677 5648
3297 2040
9630 1306
7590 578
8553 7577
5310 8882
7913 528
2242 5423
8413 8081
5255 1018
3228 2351
7064 736
3448 6064
4965 9985
7549 7203
4849 7523
209 332
3161 7074
2001 2119
4227 9979
9034 7150
4565 6786
625 3967
5236 2509
1449 8470
6590 9075
3537 8219
1847 4630
802 6112
965 4597
7865 9820
5807 6203
4180 7076
5245 7280
5405 255
1167 8187
3928 6376
156 5896
9490 4253
3315 6370
3531 9162
3374 2144
6216 6190
2887 7938
9295 991
8747 7013
9274 3939
3033 3438
7995 5673
1688 2275
9596 869
8589 9213
7309 6452
1917 3309
7230 3903
5609 468
2342 3341
3793 2338
1842 9362
6722 4163
1859 7786
4265 5770
9740 3565
6323 9574
7125 872
1314 7727
2180 6573
9116 941
2024 4229
2881 7256
7586 3890
7283 3346
3020 2505
8481 7512
6005 202
6810 3817
765 6540
5886 8201
8599 9450
1279 7384
3027 1615
9393 6461
5835 3186
8096 2197
9578 5486
6676 6689
7001 2088
1318 3373
2001 9360
7204 9355
2974 8826
8845 1185
3235 6428
1559 1464
1864 2730
8098 1618
8441 9882
532 4408
2132 1649
4059 9291
2438 1185
86 1467
4048 1093
5983 6078
8640 5137
8454 7129
5917 3009
6647 4567
115 3462
1230 4009
177 8793
9959 2937
7941 6150
572 9364
6963 2348
453 6844
5277 751
9315 4304
3546 2149
5080 6982
7260 5652
8310 6824
8479 2085
3989 112
6560 2504
209 1154
2430 7863
9647 6764
2148 2910
560 2923
6698 4117
2633 4716
7307 764
2528 5939
8541 7104
7999 7434
9742 6762
1831 6517
7723 7994
6904 5575
568 7320
5590 3876
7877 5138
556 6351
3315 9240
4502 255
1475 7310
3102 463
8878 5540
1287 160
9240 1938
9334 1120
720 7253
273 1026
9686 8930
8878 6280
5184 6775
2047 5651
3621 4745
3864 1407
11 5078
5876 3119
9836 8396
6840 2053
2895 7161
921 4217
6525 4891
7352 1351
6241 2197
5873 1486
7108 1362
1512 5484
5620 5459
7524 1311
6700 8852
5047 5956
8850 9641
9253 3771
4392 6807
6541 1310
7027 6144
3201 5680
5601 5155
1424 9429
7365 8359
708 5683
1760 8801
1189 3240
9359 8093
4423 9228
6953 6276
6300 8249
5035 1590
7443 8262
3774 6874
9059 4472
6053 6423
745 5953
4273 3584
5753 4474
4132 247
8552 4796
2423 3757
3242 5443
3149 4101
8111 8623
1689 5761
3177 7687
6100 8562
774 9936
1621 932
1050 871
1317 7943
1190 1976
5458 4769
5393 1043
6624 1926
7560 876
3603 4720
50 1529
2021 4964
1723 6176
6806 6394
8453 3854
7994 4544
5121 1974
9449 3416
5652 2391
9752 8560
6900 7813
9284 2320
4144 814
6590 4236
6693 5185
7791 330
6563 9359
9090 2306
6818 2069
7499 6421
8734 7790
8272 1581
944 3802
4328 2817
5147 676
7619 5925
1959 2882
6246 1096
7724 7648
6870 1930
4570 9120
2399 2408
6468 7451
5585 5696
7701 2287
2784 6008
7960 4580
251 3166
179 1919
5806 4080
7309 7204
9342 6571
3418 1457
7889 498
2313 7316
2674 3192
303 5957
2603 9967
1423 1972
9295 6951
9693 880
605 7454
2375 4161
4365 5667
1783 3614
505 269
5086 9174
7944 600
1563 2334
6073 6455
7196 6557
1690 5601
382 3105
8135 1103
3457 1802
8919 6903
3771 3151
6708 4158
4662 6509
5457 5380
528 5605
7183 9260
9 5430
6351 2631
3371 4771
5887 2978
1466 7083
1241 2510
706 8672
3217 6911
2842 752
1612 4555
5088 7503
2222 4387
9592 3410
5311 1649
5619 539
6903 5454
3282 4433
4202 3604
2223 5654
5666 8233
8917 5544
1415 1693
7298 1547
479 6647
859 2331
467 2253
1616 6540
5197 1608
1002 7089
3455 2371
8810 7846
3701 820
2072 3337
3100 7598
7941 39
8611 9043
4074 1886
2372 7251
8306 5946
815 9402
7332 9091
4486 9760
1982 47
533 1345
7337 4905
8121 9001
4730 4020
6082 6381
7664 5779
2881 1297
1202 9477
6981 8804
7239 7167
1778 6544
3050 8830
8351 9454
6477 1665
3320 1360
3084 9019
4523 6467
4966 8693
3644 3855
3512 4626
5222 2413
8700 4697
5236 390
8840 1453
6419 4528
6266 1906
7687 3554
4012 8791
3854 2357
644 9491
3532 255
8271 536
638 4867
756 7522
675 3677
8138 2208
8680 3879
5723 3673
562 8687
1303 2574
2558 5833
7129 3429
6502 1653
7677 4844
9913 6459
3855 4839
5314 6045
9298 9622
2434 7199
8263 1446
6021 722
9582 7631
3060 5832
7461 1350
4882 7296
4471 1246
1902 5225
5106 9132
5511 4811
8786 8326
9547 1170
4150 1429
373 3834
44 7727
3702 1095
8773 5697
7378 5247
6600 6797
3406 2345
2073 8124
3216 5350
8028 1770
4144 4859
6793 9960
4241 2268
3131 2389
8692 6511
1019 5055
9406 8484
3252 5871
6286 8919
528 1639
9338 5352
848 1600
622 4665
5101 1396
5378 7491
7783 6422
5346 7818
9203 1921
6357 1931
5586 2887
1722 8605
8822 7695
4518 6184
7683 5133
3246 9080
3953 6598
5261 420
767 5078
1984 6328
2322 6286
9150 377
5162 909
9087 7355
4143 6084
7046 2405
4924 2034
2491 1281
3295 2521
9031 2186
3190 5486
3729 8459
9020 4119
7052 4359
2965 340
7041 7323
78 5234
721 1297
6306 6372
4596 1076
9069 9978
4223 469
6205 3815
1440 8090
7627 4418
3998 9543
101 6779
7111 7823
2198 1163
2035 4779
3920 8648
8846 7577
6532 7386
5738 5088
309 3095
9182 7228
3594 540
1202 2752
389 3370
2067 6191
5168 4716
9721 3035
1654 9564
521 9379
9766 603
7338 2358
455 6696
8273 5678
4102 6400
6521 7035
5286 1932
1386 4244
8504 855
7119 3503
3381 6379
442 5233
8587 6503
1661 7167
5373 8317
3915 3752
4099 9827
4970 7413
6385 1509
2839 8598
8839 4603
5242 8300
4500 5892
3257 8393
2417 7954
2769 2812
4744 1666
3057 8474
3274 7484
5418 368
3607 1431
9538 7300
3760 4278
7892 7861
7000 3672
1653 2797
297 2970
6458 2657
6420 6277
2205 9987
7765 2251
1376 2294
2326 8474
2905 3876
4957 7022
8393 6165
5292 5840
5211 7249
1270 2075
5336 3362
2105 2210
7202 4783
9824 9222
4624 8007
1254 6186
6506 6164
1357 2509
2642 4579
2901 1135
1093 9033
5517 5701
2879 4944
1165 4458
4287 7427
6616 4436
8871 3147
9993 4140
3159 3837
4824 7150
6256 4561
6260 6997
8336 9430
605 7887
8061 7993
4113 2802
6566 9277
6386 397
8739 9624
3546 2609
6910 3310
8359 3462
5598 4391
4185 1294
2678 8540
900 8457
1857 4491
5131 9303
4935 7741
91 2287
9957 3418
8384 5368
7817 6753
3751 9932
3630 8153
9645 9978
3073 6233
2154 8798
9759 1257
2247 5148
2923 2471
5178 5674
5043 688
6497 9790
1906 652
4021 7201
9285 7137
2205 2938
4243 3308
8271 328
7823 8083
4790 8534
6984 9733
9633 8231
9503 1665
689 1783
9782 7440
2787 1287
2046 5775
5251 7451
1262 6522
773 7780
6295 1587
7271 3836
1981 987
2936 6498
615 2675
1992 5058
5289 1970
7144 5714
9322 2774
7938 1541
2008 8978
610 4552
788 9666
4014 6602
4639 6712
2487 2752
5386 9843
7488 72
4122 2437
2697 9538
9318 3359
8982 5186
9565 42
8501 3408
5668 6481
6779 504
1363 1148
385 5264
4146 312
1829 6365
8415 8969
2115 8367
3847 3972
9173 4749
9552 7917
9180 5433
5525 1391
4118 4072
8004 4288
1814 706
4954 5783
7882 6309
6614 6363
1222 5856
5321 7491
951 4538
7742 7611
4463 944
9186 4115
6499 3535
4096 3640
7428 7166
1412 6761
7039 9076
1609 3420
6142 8070
2871 1917
3682 906
3223 9872
187 9332
6143 1866
3172 1540
4884 1639
2602 4794
1157 4279
8004 7565
728 795
5000 2996
6335 7344
6536 9601
8043 8318
1726 7719
5462 4119
8469 2217
799 4424
5135 4400
6747 1504
3397 5867
7358 6590
7998 1268
3698 3789
9637 8837
3020 6182
5257 745
3279 563
8446 9909
5246 5510
5313 1981
7560 8188
8054 8665
6467 3121
9196 9320
6046 4194
3559 5136
7412 2281
3206 9720
5810 8073
2930 3648
8651 9702
314 7277
5269 6490
3871 6014
1593 154
5691 5695
4227 6013
5454 8269
9837 3545
7126 5688
2143 2461
7293 4116
4380 857
3529 1508
250 1236
9369 593
2117 966
7746 1567
7726 3621
8004 5673
4070 703
1415 2685
4802 8980
499 7577
3050 5028
6166 4800
9224 5874
6115 6123
4854 6508
5116 2093
8540 7862
7702 4782
718 9762
5843 111
9760 1216
5093 3576
4000 6663
6861 7585
481 8141
7408 6889
1654 6992
8005 1881
5966 8129
5883 5761
832 8066
5325 5047
1151 7594
8448 3528
5235 9724
1522 4995
9403 1951
4316 9003
7778 1464
230 621
4300 2774
1496 3096
7113 3780
2489 6891
6610 1843
8340 9430
1486 7748
6716 8503
908 3966
6472 2604
5537 5040
1092 4442
4656 7401
3883 8959
3381 3093
9754 6163
4490 7337
558 3157
971 6278
1423 9200
2005 5024
2600 3217
3745 6645
8315 8232
2057 6588
6025 8051
959 4819
734 973
9570 9993
6787 8633
275 5325
6901 1890
6499 1095
2156 6283
3897 5584
8124 2728
6969 8914
3408 9049
4712 315
4044 2686
2723 5595
1807 4324
9991 8754
7630 2332
6048 81
9050 6031
8235 2406
1101 9677
1715 5629
546 8464
5123 6491
3037 8281
7865 5398
1934 4770
7558 1059
9086 8871
257 6219
6001 8068
5958 8735
8296 4467
3481 8020
4788 1226
2993 6501
9442 8614
8636 4953
9045 7936
4687 4290
665 3846
221 9832
7973 7991
3074 7039
108 3184
9400 5087
2797 1192
207 1082
2101 4593
9774 6628
4761 9720
3846 390
5958 2211
8163 6015
7029 7393
6843 4268
3328 4547
1050 4714
8452 2143
910 7798
4129 5480
689 7393
2034 9469
5887 9243
8084 5993
3506 507
1429 6366
9350 513
152 2838
6462 8530
4606 3203
2911 4517
8157 1953
4324 4192
5809 3006
918 2670
1501 9917
9686 3201
3470 1014
3792 6277
3489 8158
5505 7634
884 3634
1205 3259
5637 8607
1612 3280
9185 2468
7940 811
1808 3337
9891 7995
9113 5965
4613 9153
3136 9097
7846 4006
4757 2772
1335 6225
6180 4892
4533 6273
4055 1044
1002 8003
4056 7836
2515 1876
3000 3203
3531 3115
6802 5176
4820 3612
1029 562
2215 6608
8742 8249
9805 5033
9166 1383
7030 8427
9201 9997
7974 6739
3866 3394
2315 1999
5136 9606
8027 1717
8684 2745
1915 9444
8719 8775
9574 2113
82 9697
3815 5310
5675 223
4155 2510
9743 3098
4769 4136
5159 5319
3897 9956
1640 7575
5786 6707
8285 5086
9430 92
9846 6982
9103 8486
8364 2960
3684 1107
915 403
5883 3096
5997 1155
9665 3723
8975 570
5206 601
9531 2719
8001 9064
2651 879
9270 9968
1534 9751
1381 7180
4361 104
4720 3864
6027 8738
9825 936
1669 260
9031 2213
9197 5489
7726 1091
4844 9803
8997 2434
9097 7058
9430 2711
6842 5385
6112 6140
7327 9272
6152 7705
4679 6990
5209 9239
2849 5459
5902 8386
9447 4104
1390 9749
1684 1316
499 2880
1964 2021
7373 7181
5111 9485
3486 6806
7972 4217
8918 389
9004 3142
1661 4065
1506 1981
8098 1079
5072 8572
504 4701
9705 4539
4543 7964
876 5750
206 7913
7787 4447
9618 6169
7672 973
4120 2048
2999 2806
7086 8563
8306 6034
978 545
2435 8312
3675 4327
1735 513
7056 961
2126 7418
5990 9786
9956 1444
5683 4093
7148 3680
194 4893
380 3533
9089 3879
437 8287
4046 3269
2975 8917
1592 2540
1357 9829
2149 9401
368 9132
6384 5884
1987 1459
8609 4967
512 9767
1544 2141
3485 1805
3477 6788
6754 9192
2333 7007
712 7048
8036 9906
4326 3869
1337 5206
4495 6346
6472 7866
9175 1309
9324 6207
833 2876
2786 1344
9164 773
6688 3090
5453 9195
9776 7024
2732 7230
3887 3376
179 6086
8186 513
9763 7820
3922 296
941 3105
4912 7467
159 2584
6745 7061
7854 3650
571 2310
878 7388
9019 6404
8341 7057
5728 1870
2048 4937
1678 3902
5684 3279
3495 1077
8516 5318
2675 6191
8207 3212
7628 7161
6350 1566
5972 3695
5051 6547
1759 3828
8627 6613
764 8805
4760 4647
1353 567
1412 6232
8391 3878
997 7781
2006 7425
6340 2555
7631 4979
4260 9416
8569 653
4909 9882
254 7473
3658 8861
8425 700
4586 7161
125 6893
8271 3177
4843 3170
6541 27
1399 114
4742 6452
1083 7577
4412 3785
2101 9981
7815 1262
2212 4307
5914 3571
6125 766
1574 8340
484 6697
9887 3648
3668 6878
5512 6714
5539 1615
4908 1880
4754 5870
3594 8486
95 9225
3369 8936
3443 3845
8136 2090
7774 5453
3792 9367
2415 8233
7682 791
9285 9544
9602 4458
1575 601
5200 700
3392 8142
7192 223
5005 6240
7971 4082
2044 483
765 3967
9451 2804
2339 3919
1002 7316
6060 1669
556 680
5963 3044
9846 7017
5878 1144
5659 3053
2834 6013
641 9753
1726 4075
9571 7154
4223 4620
4054 9886
6424 9909
9066 2729
2597 8836
5465 6668
1656 1245
5162 3757
6376 4315
9407 1831
2428 1168
1055 4520
6100 3968
2863 2460
1454 7978
3891 347
7576 6815
2116 8978
4222 1379
6978 7151
4776 80
1359 9587
2648 6509
9763 2059
7523 7890
7995 9833
5940 5062
7280 2073
2318 8888
9224 2289
1458 9766
2021 3511
6495 737
8671 4808
3774 7590
4129 729
8949 7206
4017 9541
7722 3327
2442 798
6558 8452
2197 6312
4108 8487
3065 8008
4460 6846
8522 2454
956 3172
4107 5436
5666 4565
8105 4184
4401 6992
2573 8428
8914 1378
7663 6750
2023 6099
9925 2380
8815 9698
5372 6965
7261 7537
6530 9201
560 6124
4422 151
3939 233
8077 7272
9829 8211
7143 4281
5616 418
9198 6785
2365 9189
3173 8485
3470 4943
3566 1560
5199 7185
812 6394
8931 4967
7387 724
4180 5157
5588 6853
6591 2597
8713 9068
9734 3213
746 2470
103 2048
6187 5064
9856 4426
7793 2688
9784 1454
5742 8508
9245 4824
8134 4335
7194 9886
4317 2382
4091 4674
1922 1375
8655 7286
9977 8584
9424 1651
8923 8669
6130 4335
8949 6718
9539 5752
3299 1416
803 9262
5646 2615
3946 1727
9951 9658
60 2658
5754 9708
8035 9980
4912 2535
154 7932
7471 2375
9448 4765
2668 2636
9878 608
3353 8293
1793 5972
5224 2622
5716 8031
427 6069
7546 8709
6175 7279
3531 2084
4588 9485
6891 2953
8772 3210
3386 1407
1395 177
5128 6994
6983 9437
8048 6886
7607 6117
1472 8454
1124 5442
2858 1133
1735 8814
1561 4716
678 3314
5786 6715
7349 9206
2761 6954
4909 2999
3769 7633
633 4724
4704 731
3369 491
5716 7756
9241 8862
5855 8599
1197 5256
5872 5765
1754 7244
6135 1197
4034 3219
5674 5317
2221 8739
8444 2327
791 1190
4640 1519
9783 9834
7811 8040
194 1295
1639 7999
9951 2284
1167 4295
2330 9533
6847 6929
2111 1991
1892 2850
4251 1336
1407 9567
6904 7192
1145 4479
5142 6923
3373 976
6955 2403
2463 5205
5419 1235
3613 8066
5431 9737
4030 791
9025 3957
3202 8710
3216 5123
8203 9693
2593 7416
2714 8062
6482 4408
298 4992
4668 2501
5151 511
5146 5024
1920 4375
1014 9178
4668 8250
1018 2732
379 7238
1836 5915
3959 9354
262 7261
1599 9990
923 6112
1211 1704
2286 615
1825 6331
292 9243
4825 5181
3006 3305
6378 4142
9079 8531
7540 573
7614 6552
6359 849
9684 5340
4549 5854
9778 6011
1293 4431
6839 6881
1017 4931
2748 1778
4361 699
7963 4698
6356 7660
3580 4229
3677 6418
8071 2521
9025 4091
9243 5904
5548 8281
7875 5830
9168 890
5219 792
5551 1113
2987 7567
7639 9492
2198 9901
1296 1422
7753 681
8516 1312
7013 2572
5886 9527
9456 4229
7455 2045
5902 2591
7432 1752
4364 5268
1457 7565
6297 4364
1351 6321
1059 163
3192 5721
9006 6157
5020 6824
4990 298
6972 8388
1325 3019
4510 2387
908 8873
3291 2013
4791 873
8612 2428
8621 2241
4358 1098
6949 3860
6001 5101
1322 5291
7294 6539
1947 4363
8960 1129
7297 8554
9530 5569
2500 8226
1990 4041
7288 7693
6077 9553
7990 4777
8055 2668
125 2900
6337 8558
6587 6327
5605 515
8648 3634
4124 7219
910 9933
5050 9116
7620 6442
4765 2364
2332 5715
2061 9154
8071 3938
9489 7014
5545 9807
6391 489
3672 2061
2903 4653
2508 5824
4392 4028
6940 7125
207 7127
694 9752
249 3795
2903 5953
9941 7833
764 9921
3605 3521
23 7751
5890 5271
8276 6378
6556 1953
1023 4320
7782 68
7818 7203
6906 9372
438 6041
5794 2234
3725 519
5578 519
6935 4343
7064 6442
3478 9900
5364 6045
7024 232
8611 5667
8425 6155
9708 7345
4968 4886
7168 5617
477 937
8546 7481
3628 9672
5568 4967
6756 6955
5182 6523
2994 8016
350 2716
9494 1429
8741 2341
3699 8195
4217 203
220 7293
3407 4465
6567 8811
4267 1110
1756 9553
2088 2418
8929 4018
8675 8372
5728 8092
8340 6072
7976 8418
8557 2267
1592 7303
8900 6546
9759 2181
9811 6009
403 5791
3305 9020
1373 8134
6713 9259
2620 1301
6375 2637
3082 6902
6471 2834
4004 4017
9131 5999
9565 7396
4892 5968
8699 8113
9747 265
6988 2492
862 9712
3206 9617
5155 3766
8155 9247
9260 1849
8262 4576
3813 8401
5356 6800
40 9695
5998 14
5736 642
4123 9583
5037 1452
9041 8539
3781 534
6415 205
4523 3228
7822 7183
9446 1533
7680 6798
8700 4887
8252 8435
1419 4324
3762 6202
4444 4448
167 2353
2434 7302
9750 2287
3402 3835
4683 552
6919 7330
5947 3337
6961 6454
778 7083
2875 5306
8390 3709
38 9572
4317 1184
7501 9263
6602 9749
7750 6598
653 3901
7747 6708
6264 7594
1032 2644
2075 8356
3364 7771
2451 5074
1149 4458
8144 2627
2622 1318
4976 64
2094 6592
6336 3316
3272 3097
6695 2156
9304 9642
4845 8207
7923 4612
9317 5776
7464 3196
4825 5283
5772 9658
4149 2810
9840 8975
800 3583
4338 8424
3953 4861
831 7482
4810 4508
9064 2519
3084 1850
2789 1658
6648 947
6176 3264
4914 7478
2745 5083
189 3958
3022 1870
9817 2420
7009 8485
3506 3159
9570 8661
4101 1048
4864 6433
3500 5532
9642 9575
3837 6395
6476 7819
7197 7572
5509 5329
1945 7856
8333 7702
9041 891
9203 6689
2490 1796
2004 7363
591 8860
5813 7424
2004 7330
446 9626
9240 5294
926 3804
2650 6453
5227 6592
8304 3194
1663 1287
603 1795
3536 6140
2718 9274
5375 6546
1149 2580
6931 3648
5434 2462
7286 6442
5377 2683
4173 914
9444 6605
996 7128
8062 4596
7652 5886
776 9551
5214 4048
4499 7607
4599 9157
3501 6595
782 5886
8523 8613
2772 1212
6276 2953
2942 8883
4653 806
5665 8271
2376 6116
8470 388
4351 6705
288 5487
3790 8482
7240 5478
2006 8306
8342 2899
3308 3343
8018 3551
9919 4012
6065 3480
1494 8804
5242 852
8407 9427
8539 7219
9197 1500
9585 4319
7955 4211
3945 791
9613 6329
5931 3455
797 5754
4239 1386
5523 471
8209 2578
7380 9256
8747 7580
3164 9016
5643 5882
2956 6881
8840 9547
7737 6203
7913 1516
8758 6704
9403 3956
12 1023
8112 2409
4250 9360
7618 4439
1627 7427
5576 7610
9342 9957
8391 4169
9402 9473
9961 8929
5226 2607
18 5744
9887 2166
6559 6783
1114 1570
6389 9547
1926 5551
6806 6245
1724 2463
519 7599
5588 1074
8642 5279
1583 3527
397 1614
2817 1119
8263 4989
549 9965
7417 5556
6680 1959
5573 5650
1512 527
6813 1160
4698 5894
5089 144
5929 9841
7036 2800
4173 4464
5822 2192
2530 8003
8251 4871
75 6621
8639 7523
7570 2426
4282 3146
869 3255
9937 6371
8179 3986
773 3708
6224 4503
7696 1252
9127 9804
2641 2511
7674 1967
8413 7382
7745 8165
4459 9072
5994 8328
7794 3356
5486 4323
2605 3390
3155 1437
1732 465
1492 8165
5389 2030
4543 4875
1810 6357
1525 2805
16 1376
4944 8753
652 3032
3948 372
6565 1735
3927 2955
1608 3677
6375 9773
2441 8359
1023 9696
753 3901
3530 6093
2125 5243
6594 2674
1121 8959
6904 2184
1066 5272
4183 7189
992 8880
2145 9684
7769 4142
4413 7183
3545 155
2067 139
6895 9576
5637 6844
5895 7400
9597 3730
1524 681
4946 6293
4315 2259
1148 4297
7169 9873
7593 230
7577 7716
7217 2381
4505 4299
7491 4424
9203 2949
1373 7540
7624 7046
745 4753
9 7312
5569 1741
5502 9752
5074 7452
928 6240
9869 9204
9747 289
606 8178
2873 9337
8996 9500
1607 7100
2458 7523
7670 4806
193 8394
517 161
8047 2584
9925 4807
4211 954
1888 4150
6734 4586
7191 8750
9202 5186
3112 6524
1327 2766
1474 5369
1032 7254
3385 6681
6893 3850
4858 9114
5215 6245
6671 71
9871 4113
876 5507
283 7005
8847 3667
4305 8155
5881 5046
6087 4725
1451 650
8845 4828
6855 5735
7836 412
8770 439
4466 2187
2653 5984
6233 7398
173 9382
871 5425
4747 4412
9205 4242
4682 9384
3649 7803
8251 5457
3386 773
8620 3390
1475 4541
7883 1632
9519 1781
681 9824
1873 3176
1433 6284
2496 7805
7201 1271
2522 6874
2081 3237
390 6516
5401 1221
4780 646
4941 2713
7212 1190
7236 208
5505 5206
237 2325
2200 4102
3509 8596
4373 8193
7922 4439
6946 9314
7630 2708
6562 9941
3762 8107
6263 5112
9128 3751
9782 5263
6985 4259
3189 4660
9091 3485
6498 4290
8287 2139
5079 8307
1301 4332
3460 6018
5217 631
9911 4709
8507 9720
3747 7117
5100 9827
2050 4350
9281 24
3484 4384
4583 4319
1331 9414
6995 3583
6905 4093
961 72
4894 7856
6612 6914
4939 6007
9134 1858
5229 1432
9023 5531
2841 9404
7779 4468
5058 4906
4226 2752
452 6942
6926 1906
4963 7663
2470 4156
2957 8547
9886 4256
9338 204
5855 3622
571 4892
9409 8544
5184 2097
9049 4483
5600 4002
9616 1310
8029 9151
6938 9991
1108 9967
8337 9180
4062 7321
6279 2424
9010 3364
5443 8354
9355 1825
7913 7150
1566 2103
2809 3965
9079 9486
6567 9438
7880 1801
7338 9260
8544 1071
7825 7523
5808 6657
6306 3686
7167 6220
8923 5138
7617 4735
4793 3628
2962 8632
8915 8612
7521 9724
5664 5255
7757 9389
1215 7388
3985 8918
390 8270
7106 833
5439 9870
8431 1557
2705 1950
9509 6648
9187 3998
9153 1891
9982 6513
5304 2022
3188 4403
4898 4218
3272 8741
5912 1880
5661 2310
5527 542
3553 7824
5243 1030
2987 7438
3313 7787
5608 7690
1515 9549
786 7234
2668 7267
513 491
5869 9025
3012 7834
3303 9859
4074 8365
6953 6465
4654 1266
1004 6866
9144 6355
1875 1141
6098 1938
6017 9367
7936 3280
864 1462
9105 5069
5003 965
4242 4377
7456 1354
9132 776
6431 6608
7005 7464
93 5659
2296 3237
8691 9321
9541 3415
1971 6100
7942 8589
5662 7865
4435 2120
8849 6263
9396 5249
3978 7680
3738 8011
1663 2486
4971 9775
7759 3573
4376 4081
2546 868
5444 2588
4880 5200
7463 3926
2151 1139
9793 9144
5638 9696
7581 1137
5877 526
4607 9675
1752 3172
6533 6392
339 6322
3133 6566
1467 6233
1384 5597
7685 3711
2038 5813
8114 3910
2989 7225
9593 9096
2444 2602
4461 4139
649 4173
6561 5650
4878 955
88 1309
3464 5022
9768 771
1621 2167
9603 9674
9278 2456
2414 3570
8664 8625
1841 2243
3100 8339
7228 9486
6488 9718
3542 880
8877 7358
8146 2146
9745 1534
993 7639
8282 2917
4053 9476
357 9785
958 5820
5482 4518
8983 3679
9429 1726
5240 9377
2776 9988
6355 21
1363 806
4347 8475
7279 4245
3226 155
6811 7387
9894 6339
3077 6606
452 8733
4629 6932
5837 7981
5413 6422
9158 2707
6715 3139
2181 6864
3967 2153
3322 5773
1620 5002
9050 4726
2688 8758
8254 306
5176 6286
9492 6982
4581 6322
9170 6535
8590 1985
8079 1794
4470 2650
6156 7934
3847 1291
9325 7556
8959 8122
8476 4297
4518 1871
9894 4838
9762 6071
3158 8226
4074 6094
9152 8427
7095 9554
7961 6081
3070 7775
31 3430
6078 2872
7094 8526
5436 8288
832 948
4184 5542
3214 8372
1450 6555
9316 4173
4297 3417
2142 1659
3483 7979
4769 5396
8820 8723
1789 438
790 5148
8183 848
2523 227
2333 5481
8497 6884
8881 3152
9209 5800
7854 6981
5006 4785
3578 9396
6700 1550
5911 7261
4400 724
7698 8545
3772 6205
3015 4608
2573 1646
9349 6717
5973 3379
5250 764
4752 3532
6650 6337
8231 5846
5106 1466
3483 9190
4265 3174
494 6153
2333 8408
6750 7416
4208 9082
6099 2240
4377 5661
2149 4535
5242 7450
3829 9724
6527 9041
9197 776
130 9295
7619 4891
5218 7994
9746 3975
2671 6634
3777 1429
6566 2595
3304 216
4404 3246
5516 5824
4273 2926
7240 3403
5504 4185
2081 4180
8609 540
3563 999
4850 7191
2623 1817
5325 815
2076 5445
4415 2482
4559 3994
7298 8458
2670 9767
4336 8030
3005 7272
2511 4582
4272 3255
1792 3328
1879 6128
4852 3660
4160 5984
6315 1929
8731 8457
2933 5474
179 9420
4287 8608
7442 1540
1548 170
8320 4349
5790 173
8241 2548
8314 923
1970 5889
1614 5736
3993 5729
6751 3744
2868 2721
4267 9374
5730 9155
6594 5147
5777 7701
2673 9253
9472 2878
2664 6209
8733 7102
2892 1317
8754 717
3267 6148
459 2537
8573 805
4244 477
2130 3591
3389 1448
6071 8949
5524 7652
9558 3339
40 7443
4103 8658
9062 6492
3821 3283
950 3227
6426 3856
8268 7644
5759 1780
4953 9109
6806 8728
54 1045
4964 8021
7669 7608
7857 2336
1571 1858
9061 1430
6739 4392
7434 3415
3167 2253
4783 9636
9822 8909
7177 4764
5595 945
6728 8157
3923 4284
7388 9643
7507 7203
2412 2108
2403 8792
6405 9836
7012 4474
450 7911
1777 173
781 8494
6373 1619
8326 7053
697 8700
3772 909
8363 1403
2104 935
4442 4503
7171 6737
6300 4955
6200 1227
5827 3977
3910 9360
2262 3281
9982 1091
6120 5961
8240 5719
6968 693
4622 6399
6573 4729
8180 311
9177 8204
6643 6147
7108 2079
8322 1236
104 8165
5005 7548
4157 4014
7788 5692
6709 6093
7495 7455
264 1531
5989 4313
6516 3829
3188 8427
7654 6882
4227 6479
2186 8670
7726 1431
9347 7048
1208 2538
2 2803
8948 1425
604 9929
2893 6522
5980 9890
8637 8635
4128 9171
1418 1965
4413 520
248 7188
6834 6515
4054 8690
3763 3101
9155 8936
4228 8076
1248 8816
3252 888
5535 2657
8170 8695
3235 3038
9142 7288
2791 638
3787 7070
5872 6753
4103 5949
8668 7896
3039 711
3800 6583
1058 8675
1578 6365
8406 2584
152 6317
8137 620
9495 9939
1319 4159
7072 6216
776 9667
7604 5008
6546 369
8459 3528
1463 7013
6283 3627
7050 5365
2381 9221
1786 2246
8228 35
4858 7491
210 9028
3875 2434
1566 9262
7970 3513
2034 3057
1719 348
853 4688
68 363
9615 4510
5448 71
2439 4293
240 6632
5754 7027
4814 3591
1854 9962
5779 8869
4813 8345
5472 6246
9382 9643
4232 2888
8729 5845
3813 9904
646 6420
899 7794
5013 3899
5738 9366
5662 1535
2969 5727
9859 7644
2941 4391
5710 7048
9626 9810
2155 7266
4837 464
4442 4516
8796 5454
4448 576
8738 6394
5967 6630
5284 4645
9876 6946
3038 6909
9191 2903
7652 7746
653 4260
7107 3863
5556 8418
3632 1622
405 801
8118 1522
1722 2663
3227 8055
3502 4903
866 1036
1122 3305
2662 9815
5849 6042
8541 6025
7072 2844
253 8787
5609 4291
8708 2732
2985 2156
8058 5088
222 2349
4570 125
7806 2909
7332 2880
4959 5419
5826 4081
752 9358
1595 2669
479 2226
6851 6815
9170 389
276 9411
1369 7761
9708 2312
9416 4085
7117 1707
1113 5708
6181 2290
4143 416
399 5819
8766 2117
7918 8070
7775 7337
5371 2372
4010 4875
812 4823
8505 8250
3013 5990
9789 2470
8257 9062
5164 272
7386 9970
3379 8016
4148 8267
578 662
1699 280
8489 3829
829 4993
9741 1889
1421 1430
6297 6426
3990 7510
9014 1091
5156 4500
4180 5069
8575 64
8148 3646
6270 5476
2366 7431
6890 8210
9870 4253
8887 4106
7904 5755
8968 268
9747 4354
2349 4668
4539 7448
6036 6748
9231 7877
1931 8808
4456 5352
9177 8143
4008 1081
2470 5245
4061 4481
5439 1510
330 581
8493 7447
8777 3103
5312 5307
8098 103
4191 5756
2385 8985
7917 8719
4615 6003
616 132
7338 4057
301 8574
5425 5633
720 6902
1668 4657
4663 7354
5704 9389
2223 6999
1345 9393
3937 2203
2341 1818
2796 3273
1226 8307
914 2726
1273 2208
9949 8206
1962 3412
5438 5838
8943 3511
5447 6860
8766 3009
4940 965
7161 2043
8325 3341
2068 86
3858 341
4812 9251
3251 7641
4167 1219
8751 7498
3717 3087
6946 2175
7148 9175
3755 3843
104 2797
4420 8955
5144 6568
1004 1853
3571 4020
1824 8058
3248 4882
7648 7074
7430 3419
2123 5243
5390 8549
1767 2211
5346 8416
7123 6683
5839 7338
4827 3978
2512 3535
1066 4633
7794 101
4583 4350
8755 569
6324 2196
7886 7936
1461 1104
732 506
5618 3240
7966 4309
5094 3453
5747 7086
6985 5325
2880 6985
2384 7488
3356 1943
4074 8592
294 8980
1610 3914
5913 4286
8293 6897
3030 4369
4532 272
3284 3051
2633 5542
5499 5098
5224 9400
5492 87
5176 8320
831 2307
8077 6266
834 4199
2904 3971
298 2274
6993 4990
5399 9193
3995 3569
6099 3393
9852 3284
8587 3664
4677 5683
5638 9895
6201 4195
7119 1933
6717 812
9784 2386
5408 4212
5849 1312
9879 7696
7574 9224
5213 4353
1719 4497
8857 4569
6388 9678
9444 7329
8282 2204
6090 7110
6467 6178
2733 6478
6130 3574
5987 5788
6317 4916
9575 4446
4594 1034
9430 2579
238 1565
5951 882
5245 3871
6485 9872
3803 2349
197 2486
2481 5438
2001 870
5474 8902
8432 6844
431 6952
4021 9975
102 6184
6992 5550
8799 7312
1979 5860
1999 539
1125 9806
1484 607
48 694
4539 7703
7105 5858
8555 1025
7893 8136
2810 2622
3729 2713
4405 9496
9967 8574
3911 2189
9344 7769
6827 6428
2726 2641
4139 2026
7867 4214
9062 1399
5350 8622
7900 3358
3450 111
5016 5582
3807 9952
2443 9390
8231 6339
3147 6954
4027 5901
6208 3578
9502 5260
9083 1996
2531 9639
3176 6747
7688 4270
20 5283
8329 666
8739 3046
6448 8770
9193 5797
5139 6872
7157 5422
301 6041
1827 8700
1989 7860
3537 9858
3559 7994
8365 9012
3974 4600
1267 6293
9307 7467
7708 5788
9101 9223
1051 5928
296 3840
3401 6449
251 3408
9104 9023
7215 108
9558 6823
2153 758
813 1505
1890 7768
6080 3255
473 873
3994 6076
4747 6291
5557 5758
791 2745
9575 3992
7718 554
148 7555
7761 7521
3232 642
8576 3375
8713 2471
8260 6466
6598 1639
8126 4279
8568 491
8474 9978
2464 9719
161 9776
8807 7198
5445 5538
7696 6355
1546 4512
7767 682
2920 7519
5593 5302
2991 5234
4908 1107
5541 1802
6513 2540
8869 5516
5061 2946
5385 7408
5128 7904
2684 9060
4493 8685
5613 3292
6603 6424
4701 2790
3779 8366
7867 9642
667 2511
732 3353
4693 7543
8688 7641
6677 2308
4100 6878
2345 4741
3022 1675
8953 7272
5451 3975
5999 4231
860 8842
8940 2343
6018 5800
4794 5398
8026 1889
7077 5055
4268 9986
13 1570
3102 9318
4551 7797
3290 5588
4814 208
7962 3625
1178 3203
5009 501
5004 1248
3982 4636
8677 8661
3024 4304
4866 9893
8455 676
4262 5671
1615 1341
3660 2690
66 3052
3589 9607
6012 2902
3842 6748
2836 2867
1732 3607
583 6662
112 6290
551 5015
8566 4074
2032 2469
719 2133
5499 7547
3457 8320
5228 2460
6772 4233
5643 2222
2684 4025
9884 9754
9544 5527
9948 4073
3917 2367
200 24
8718 5474
6147 160
3642 2988
6789 3732
902 2791
1166 7684
4106 8830
1425 2593
8346 9777
8355 4413
6478 2587
4121 2143
305 6334
6960 151
6779 45
194 3466
6055 5309
5747 1617
8378 9700
9409 3384
8343 9569
5745 7072
3748 431
4956 7865
3900 1632
8325 3754
944 2820
9732 5189
7416 6584
2949 6338
8085 6916
1724 8394
3068 6249
3626 1015
5274 7205
8879 3488
9952 7715
5480 1408
937 4801
7915 3561
9650 8471
9452 7677
2654 2817
4254 441
4394 3006
5854 5446
7281 7717
6727 5765
2526 9456
2354 4903
3492 4547
9313 246
7092 3719
1582 1406
8437 2347
7329 9983
8975 3198
1578 2095
3270 9076
6553 6081
8027 9859
2858 4878
7559 6144
3585 7357
9345 4747
9994 9559
5841 693
1163 2696
5070 7300
8628 6508
3791 7465
6867 9297
8947 709
1214 948
4486 2613
630 9530
462 419
9374 272
5639 5044
305 8918
4918 1775
5148 87
3669 4978
716 3239
8150 3515
3260 4460
7857 4175
2806 9763
5398 295
9947 8792
6465 776
9766 4820
3759 3908
5978 2679
1277 2608
1422 5338
6568 9593
6673 1099
2554 8962
881 6630
5312 2807
2265 6349
7659 8676
4014 8215
1875 5733
5098 4629
1694 8936
5871 5743
8973 9931
7054 3583
4342 5491
1769 1800
1256 2555
4260 1104
3715 3196
7059 3059
8420 5719
2407 5794
4465 3665
5810 2168
8547 9311
2607 5853
9800 8484
884 1785
6385 5229
8188 7027
4204 6624
1304 8031
6251 2166
5722 9639
3255 676
6662 6631
4059 2786
7019 4146
6687 6428
1874 6482
3018 2564
3436 6643
7189 3989
1874 5078
2213 3952
1846 9419
1810 7611
7271 9132
7056 4514
7554 5777
5963 2355
1133 4177
4694 8617
5126 167
8015 9819
8580 1524
3544 7609
6952 6040
7313 2586
9122 2047
6184 8785
2744 7877
8171 6405
8862 8128
6101 3793
2418 6006
8524 2611
6878 4183
3536 688
9602 5348
6776 3862
8935 4958
3570 3525
7857 8703
5389 4109
9088 7554
5817 5529
8106 8655
7457 7495
7984 7791
3741 2220
4175 9076
8207 7244
5954 599
5101 2670
7867 6262
3811 5955
4217 6828
183 110
9394 3066
7681 189
2927 8921
6205 5046
8530 9646
2102 4120
7597 4137
4860 2444
211 6204
5622 1621
2887 8673
3428 9894
5781 9219
7453 4402
5333 7111
5360 5829
1283 896
2313 5262
1799 6116
6051 9706
6077 4672
5142 1958
8644 7423
1220 8568
666 9994
1905 1072
4868 9045
1804 8243
8151 8159
1548 5758
4293 2207
1684 734
4415 6098
4327 9780
3541 1692
9556 6521
5536 7112
4253 9808
4112 4931
4465 2155
7222 1357
9362 7352
4478 9411
5959 805
9056 2912
8472 8782
8516 8587
2273 4730
4047 8760
8819 2997
267 8736
4217 8873
1505 3785
1218 4373
293 2704
8386 7572
1273 1453
6395 4365
6138 9015
3108 3854
4739 5727
8471 1113
3865 5356
1291 1426
1818 1171
8330 59
9828 9956
8965 657
7055 6449
149 5350
5482 7598
5242 5849
6279 2620
5318 3088
4980 3783
4424 1271
3114 109
2721 7951
7485 1400
2077 5041
6392 9154
2136 2368
4495 9673
2266 2408
7085 9508
7553 7915
267 7116
6180 3344
5499 1453
9023 1475
4924 320
708 3239
4506 2920
6043 6744
3491 7177
3686 5018
1217 7615
376 8886
8331 8358
8712 8865
7297 4723
9571 336
1352 8091
227 3085
6771 7354
2453 3254
8916 7553
423 9847
7120 6653
7937 3136
7990 2733
4821 6538
3388 1703
4093 9690
2240 6478
9543 9785
4381 8569
9996 1917
8547 721
4706 4096
3597 1200
2712 9516
9663 7120
8849 2901
141 683
7397 720
2219 7720
996 2548
9686 4637
1467 2440
9035 8168
3230 5807
9026 9476
4721 6679
8967 3205
3028 6628
6732 4915
5772 3641
9176 4877
6143 5999
8611 8542
9143 286
6618 9289
5162 3584
9265 827
3689 7326
4824 9108
8502 4248
4539 2947
472 5843
3740 9505
4043 9628
1002 1674
4117 3175
9233 2664
7178 4912
7909 2183
8890 797
9170 4278
5133 9294
7459 6282
1603 4650
9809 4481
7279 3014
468 3294
2174 6361
6177 2117
4547 5114
4135 5820
8752 9643
5118 7045
9648 6621
8290 1800
3248 5573
7466 2176
8633 9333
2600 1317
8727 1213
8365 5676
3598 9641
2981 5772
4606 9984
2585 859
8978 714
3441 3025
6193 1456
4757 8801
121 458
2366 6638
6666 1740
9329 290
3197 5758
4139 6265
6015 2160
8331 8787
3117 68
1346 2044
2709 2725
3533 805
270 6809
5514 4241
9924 6336
4182 1618
1626 7295
5887 8335
6839 2128
3408 5989
4769 5982
2306 233
4838 2520
7434 5105
6211 962
6344 3050
4373 8558
4933 9928
4704 9526
8402 4240
3092 6658
6714 6708
8391 7093
3937 9478
2656 9434
5817 5963
6306 791
7585 4816
4449 1104
5926 4489
6255 6912
4549 7819
7041 6568
6654 7029
2502 8483
8136 3846
6066 4156
772 7888
8065 4481
3217 1111
4646 9815
2169 2345
1197 7529
3343 1756
2739 1036
3259 5833
3524 1398
9222 7783
1489 9016
9129 1024
103 1611
536 7430
4370 7506
3858 2547
2785 2924
657 6882
1222 9048
7410 1120
9978 8059
5718 186
545 537
7005 3809
275 5589
7559 7222
9080 3368
2032 3869
3100 5637
5257 3692
4425 8026
1707 756
1008 3745
1862 4993
2727 52
3291 7995
7304 9547
733 6156
1386 9909
2646 8851
1783 7317
4161 8359
6957 2864
7725 7749
6285 1487
4282 2216
1158 2961
8763 2857
8170 9913
9130 9037
5811 6228
2819 2363
8555 4941
956 8746
5915 4683
1289 5391
727 8936
9353 7193
5960 1507
2375 4248
7760 3352
9635 3923
1948 4
9387 4064
9778 6619
8612 3223
3965 7095
132 990
1391 95
9688 1145
9448 2211
6496 5539
1946 8600
7026 4391
1182 4265
9065 2290
7918 4802
554 1461
369 6963
7464 5273
1143 5722
4153 1427
7895 6389
6675 6667
1389 3906
5328 1519
7694 8285
5316 2155
5936 388
191 992
7565 2706
2924 4925
1978 3339
5172 3828
7660 1551
7134 1103
4665 5133
9665 8120
5823 5335
8960 4788
8028 6096
9501 6440
4490 3803
9634 5641
6460 3765
1983 7985
1629 303
6248 5631
9091 7426
4743 9048
7999 6920
3708 285
2938 847
4782 5722
7225 263
1679 1741
9822 6569
7498 7127
5639 3371
311 2465
1805 5859
8486 3438
831 7679
5175 2234
1723 2436
6175 4648
9891 8411
5058 7139
8058 1714
4121 695
4857 9128
1528 6303
9 9487
6434 4626
1275 9851
3667 4718
8134 3818
3642 7115
8215 7155
5667 662
5730 5176
9215 7737
6232 701
3731 617
7195 1197
1850 257
2928 4066
3640 502
2082 2177
1679 5505
8356 9944
4865 838
3793 4177
8400 6625
4274 2891
4780 1224
6687 1647
4175 1198
3559 3224
6055 6155
2235 1093
3232 6211
869 2083
6772 7142
8312 2482
3789 4024
418 9173
8206 2075
1147 6869
9831 3661
3009 6161
1446 589
536 8610
1470 5274
9318 2365
6855 698
57 9001
1771 6106
2225 4109
9824 4357
4871 4948
1125 2837
4866 5041
9399 5041
541 152
1354 7212
7191 9756
7836 9923
1917 4936
8482 6993
6503 6334
534 9300
8749 8242
8272 1925
9812 1053
6913 4922
3013 3326
8464 2222
1356 2380
7572 8378
345 1557
4464 1720
4927 9480
8217 8758
3472 5567
2390 1816
5930 3947
4581 8868
5829 8630
6110 4976
2359 449
2617 7894
4877 5797
9765 80
9276 141
1236 8599
2146 7372
5175 8938
3980 5517
4139 8776
2111 9125
5682 7931
9676 2999
9378 2157
469 9095
4922 9348
1943 696
8425 42
9727 2673
9634 4553
9744 3146
8103 8487
521 7784
4585 4612
4043 8105
5258 8837
7167 5228
9911 3352
2812 2970
9070 8672
2434 8532
564 9040
9665 6435
6858 7307
8934 5590
3952 9765
617 5388
9336 2990
6522 4329
9352 6929
2020 8448
198 671
3040 9291
270 9560
6390 7610
3444 4312
5847 6844
3573 7196
9355 3307
8406 9556
8790 8418
7030 1619
7412 2818
6778 4836
609 2182
1045 3133
1011 2401
1868 9127
343 1999
100 9620
5749 2322
2903 9872
5603 2109
2998 4378
4778 3264
8215 9503
534 5431
1925 6337
436 3588
8051 7192
5233 8237
5676 7120
649 5181
2695 8467
6670 149
9152 256
8984 4772
7829 7733
8703 1694
867 1658
131 4565
9414 2309
2886 9240
4507 4756
7612 7602
3973 1225
8232 8904
7918 9406
9810 7056
4791 8459
3783 2204
2530 2118
7067 7035
6991 4263
7813 573
7420 5306
251 8401
6759 631
4948 8890
4488 3576
1217 355
6417 3820
4178 883
9007 9735
3404 2011
3589 2
9223 7706
8724 9910
8084 589
3676 1744
8794 7390
7516 1506
6977 373
7820 5875
9499 2274
4219 9794
2086 2579
5765 9404
5434 8726
8603 3911
6595 656
7317 6801
9133 6010
5081 8413
6887 7681
9686 4940
9856 2537
3873 2727
1579 9120
8846 3500
1953 8032
9233 6660
6337 8346
5803 9825
1884 6662
7601 6040
6237 1609
3429 4531
4669 7755
8198 125
3898 4557
4474 5769
9800 7814
6539 5277
8478 5681
8962 3353
3615 8542
288 4096
617 2789
1594 4353
7874 3076
1964 1665
9691 5253
8255 7260
3519 5170
3004 8238
5802 5651
6 3325
4338 4579
4773 3414
1471 3687
5881 1130
1667 7089
3651 3285
8671 6633
1703 3253
5490 8592
7300 9110
2755 2821
7316 6094
2923 8739
4607 842
9086 7528
4759 8971
8042 1437
9484 2440
9244 4371
4647 6557
1722 3393
9242 1159
155 3053
9659 5938
8884 9197
9381 1486
5263 2942
8461 4634
6444 8900
3441 9249
8415 8857
1861 1696
2678 5414
1387 750
9414 2760
2273 4303
1536 7508
3157 4464
5897 950
8675 6195
7002 1925
2765 735
1827 3740
2185 655
1587 1669
9057 1601
8415 5201
3593 5015
9551 7791
471 3430
5675 481
1565 3737
415 560
7788 7306
7089 2036
9200 7815
5368 9552
2868 2110
132 4365
9136 529
8649 8088
9845 8866
8244 3327
6825 5825
2886 7003
2688 8248
4136 3427
1548 4933
2498 5326
6698 5785
8622 5177
8015 9107
1353 1221
2726 6185
4855 8705
3310 1124
7788 1913
9756 3226
4773 5724
3973 4530
782 9886
1870 4847
1965 9895
2672 1583
7911 7461
3612 6228
7222 8541
8797 104
332 9573
5133 4468
1281 7082
3306 4940
7473 3209
7006 8249
5485 613
3720 686
49 1273
8472 8838
2400 4645
6602 821
3526 331
6253 1988
4485 9924
2708 16
3478 1467
2349 5162
2546 9503
5858 406
7313 2174
6867 530
7111 2265
3514 836
3213 926
7615 3766
7278 8607
8199 2145
2595 3265
2576 445
1054 8833
8535 4082
7594 4484
8287 4787
860 8730
4763 7196
1184 2348
31 5180
1400 128
5688 2372
4370 8030
4496 9820
7832 9562
1928 1807
4418 5871
2841 932
8402 5533
7834 4858
2139 5005
1666 2983
9411 785
8234 6972
4415 303
8499 8836
1414 950
3779 7246
1547 5117
120 3255
856 9635
3693 4036
5420 6404
4269 3807
6474 5168
6733 5281
2206 3514
726 316
8094 5874
906 3779
7966 7096
6410 5521
1114 8974
7188 4328
8632 6886
5880 3203
5507 8182
5636 6327
1528 5039
130 333
8474 1612
9665 174
3888 9553
8167 5690
7980 3899
960 7819
5292 7419
6224 4313
4281 7778
223 8267
8407 8904
6672 6615
2463 3725
5135 3358
5646 3562
3077 3839
7065 2764
4442 7811
2053 653
3809 4498
3375 7344
8620 5525
4942 4354
3133 8154
7096 9445
7790 442
1205 9315
4623 7810
5792 6802
4428 8278
9085 9334
3619 762
4257 9799
3899 9383
370 6541
6251 8904
4230 2352
6722 325
4539 9364
1581 8223
9567 2963
7329 3189
2568 5558
7544 9652
3327 8399
8842 8478
4355 8725
949 5808
5720 2471
589 4997
7275 3568
2340 1763
8870 1123
8839 2415
342 6074
3952 8651
4772 630
4832 439
9911 5610
6304 7006
3650 6008
6822 8550
5920 1457
126 5994
1038 4269
7593 4125
4158 6031
3101 1595
1918 9577
2184 7331
2853 5177
5280 354
8930 1044
1818 482
7269 310
8394 5651
3075 9637
6341 9602
7255 1179
8733 8512
265 8073
2302 594
1073 6258
4701 1565
7009 1300
9097 2944
4312 5106
5714 5634
9628 1823
3186 6143
8746 9075
4987 1235
7119 4238
2493 3015
1019 8673
2123 2092
3343 7117
311 9254
5106 5450
3125 7
3284 7804
6956 7179
4663 2359
1226 8742
5471 3988
1123 7425
8042 6308
6381 6272
8078 9034
8394 5944
740 1189
7485 2351
7531 9776
104 6707
4790 7920
1948 9459
2698 9869
9621 5032
7390 3304
12 8124
6657 8683
1075 2042
3572 7231
7144 4307
3273 1533
1691 4443
6086 352
1521 8223
3835 2496
9750 670
9024 815
6226 1008
7470 5855
1592 4970
3402 4883
3713 7074
9740 2010
5782 5127
6893 7602
627 750
2670 4467
6003 95
843 3513
4907 356
5609 9258
6778 4062
9109 3006
4188 622
2653 4723
8147 3411
9492 8815
8945 2386
5806 5171
8101 2023
3762 9670
8368 9759
9559 1195
7159 6397
6188 8718
554 2000
7908 2298
2997 3174
7902 9960
8925 808
147 2745
8571 1516
6322 2342
1794 6166
7313 7019
1504 9931
5612 567
5509 1201
4019 8560
3602 3999
8144 5025
2648 8515
2130 7484
3260 5475
3740 4312
5654 1354
576 2049
7967 104
989 1300
3219 3173
7478 966
1618 7729
7073 5767
728 9489
9217 7320
224 8709
8931 3852
6228 371
7472 5165
8200 655
282 255
7600 4721
1932 5125
8860 6393
9435 6610
7983 5618
2597 6284
9495 6764
8461 1958
5141 4735
7025 2940
366 7530
8511 8669
4950 7006
2478 9050
8670 5534
4168 2919
4168 9119
9106 2424
7221 5020
7275 7945
3781 422
9999 1774
2508 2550
589 4233
6360 5796
4084 3947
6226 9450
6239 6353
3409 5859
9690 9796
8337 3224
4103 6679
4947 174
7935 2051
7831 8362
5302 4824
6417 2256
6486 7882
4283 6074
4753 2744
7492 626
2690 3986
8909 5970
7890 3190
7340 8339
4005 4778
7017 618
9412 5450
9720 6442
6227 8488
5361 9452
1614 7819
9155 4813
9431 1796
5396 7743
6569 5101
4460 8398
9919 798
2602 7241
284 1375
9751 2588
2925 6375
9113 1548
7829 6411
7666 4697
6023 9126
4078 3838
4505 380
6332 7033
5904 3492
251 2897
1632 2899
9603 550
2431 6163
3913 2215
2499 1560
5007 9323
7627 2321
5808 8338
4215 5598
5054 178
4425 9290
5447 7679
3203 5409
6471 4481
2625 7460
8063 262
6450 2453
934 6975
9290 1287
1951 9948
3031 9493
3048 7420
7332 6711
9373 2511
9937 2953
9896 5694
5533 7517
3179 9751
1900 8772
3294 3774
9280 3258
4556 5402
4618 2387
8915 298
9246 2537
4909 9548
7593 2767
8996 4203
3734 9460
4578 58
7391 2798
2601 402
2771 9191
1493 9071
2858 8388
8754 8355
9787 1712
2523 8641
3295 9039
1421 8068
1446 7156
2124 4210
9188 5871
3704 4424
5777 5192
7363 179
100 1523
6559 5915
4368 1156
9295 2357
1807 7811
6271 7864
4720 1847
4247 7337
1269 2117
2275 922
5696 6331
193 8789
7574 2710
3214 2398
108 3408
8578 7641
8974 5024
3261 8413
4930 183
819 8609
4525 8329
5106 1287
644 4523
9495 5527
4922 5142
3352 7192
1043 8233
7861 3585
1875 6480
3882 5098
3864 7018
4071 4289
4083 3039
5811 4147
9994 9022
7606 2281
2988 8817
1489 4034
4520 5134
1377 8122
2330 3660
5982 7607
3494 5653
858 6560
4161 9045
5004 4747
8490 7924
1124 6185
619 4688
3879 9688
373 1627
467 1016
9541 3846
5023 5973
8083 7791
9805 4213
5541 4176
3446 3996
8129 7601
5921 1727
5244 5498
1712 1029
7914 2765
6890 6751
9073 1086
3679 6514
2196 6828
9776 8139
7694 7502
7799 5107
304 9702
2354 379
2665 9452
5673 3674
6022 4149
7313 7526
9777 4739
285 3926
2255 3414
8005 601
2633 9435
7601 9927
6504 5060
954 1020
3135 4256
1933 7703
8840 4629
5114 97
5172 3521
878 6743
7854 8131
8350 205
1788 9337
1787 54
5744 3716
4290 2891
2402 5380
3884 8972
6641 6775
489 8903
2186 2057
306 4428
6041 8183
8563 1740
4430 4458
2019 6299
5827 824
2886 7552
4406 2669
444 8441
325 5215
5584 2816
1782 4933
2664 2273
5505 8504
2723 3070
5709 7230
822 817
2104 5819
4394 5394
3674 5046
148 3664
1435 6682
4536 7186
5521 9043
2011 4300
5147 9635
7577 9069
8461 2894
1618 6734
8856 275
7048 9946
2600 8049
7659 6742
4699 2629
688 2013
4100 7840
1491 3053
9052 5529
5432 9847
2667 5937
2446 1846
9689 8753
7378 3805
3832 7596
5595 7301
8382 6615
4958 3574
6196 6120
2546 4388
34 39
9842 778
1782 4625
6984 2873
4228 104
8513 4876
1206 6957
4680 7635
2291 1784
8746 2099
5054 1833
1685 9496
913 5300
8273 241
5786 8107
6775 7856
7685 9832
2702 5725
8912 6008
2980 7497
5836 9563
3458 4197
4093 6959
1463 3423
1859 5623
5827 578
5298 2734
9895 5463
9130 3402
6534 7507
8781 5904
7154 455
2193 4654
4035 5925
6820 3763
6365 8828
7165 3705
7996 7602
3051 6359
3642 4132
2497 4959
7969 6848
9060 5170
537 1600
5961 8069
9018 707
4595 6458
1089 855
766 6090
3565 8858
8290 133
6525 8013
9462 5866
3320 7346
2856 5896
3076 4134
4815 9242
8332 3250
9562 1441
6322 4780
3212 6212
1210 779
4359 4282
9837 4822
7380 221
3498 7230
3723 5674
3440 9305
2512 6563
3254 3468
4851 2022
9133 2629
4845 5606
7495 2610
6780 2829
6337 7460
3668 8197
3162 7258
394 8818
1646 4154
340 3268
1611 7859
9129 2681
3765 9477
6589 9393
1345 5056
3763 5997
6107 238
3743 3323
7686 9483
481 7525
9762 3168
9044 447
5625 2377
2753 7675
9182 1452
8938 9004
7211 3421
4962 175
483 4193
6791 8853
7851 6309
9521 9128
4064 8979
5343 1878
4950 4382
3076 8267
1567 9328
3724 1561
6440 1733
5093 5024
3997 25
1497 4232
9328 8592
6753 2810
6477 7579
9181 4750
6583 3127
2289 6723
7387 9529
129 5997
2795 385
8668 6614
5467 2069
4997 5093
6212 6622
5128 7348
8257 6337
7412 5043
2152 103
7917 2335
5141 8481
7111 7383
6847 5526
1468 8856
8780 9690
7367 2822
6534 6733
6345 4772
7150 2585
9896 940
6670 6424
9711 7726
4405 9861
4303 1747
9513 1770
9054 3493
6847 2079
8149 1518
6428 9598
9758 4954
3892 7723
8048 4714
9203 9001
7294 3483
8960 352
9845 9154
7484 5507
2128 4019
6317 5935
2748 1004
9572 240
7357 3269
3822 8167
718 9625
753 9560
2979 5470
4798 5838
7922 8091
6559 2421
5436 9271
3287 943
1989 8507
6723 6575
387 547
8235 7651
6913 8557
9781 9050
6789 6856
4434 4893
4566 9873
9774 7394
1065 984
4930 6775
9171 9192
9323 922
8938 5090
5722 4566
1100 9991
3628 8596
4976 501
1984 2179
4848 5497
3425 1813
3110 9632
700 1719
2034 4214
3011 5525
4696 1962
3910 7874
504 8316
278 4840
8288 8593
4458 2850
5945 7310
2253 966
4280 5025
5911 1857
5022 5375
6258 7959
8814 8522
9991 9273
6830 7289
6617 9363
8302 7674
817 7686
2431 7712
951 3893
6643 3726
9750 7981
3963 4163
7673 6179
913 7541
2994 6522
3351 1079
2264 3437
7586 9341
6598 584
8881 1387
2483 5360
2772 9428
3321 5559
8748 247
7785 2982
6496 9771
6408 2687
3699 6380
6999 9190
6497 8017
2335 5610
8989 1072
7894 6090
8703 7738
5051 1750
8264 9345
9881 4808
4453 4837
629 8897
1480 4955
8672 5682
4983 7701
1568 4201
5288 440
1532 2555
3305 9922
8122 7434
4951 7554
1550 5083
8740 7560
189 6316
9478 5441
4980 6274
1204 2047
9949 4582
2551 3122
3692 8758
3986 4607
9825 9438
701 9320
8473 4270
8373 1307
8332 8711
1573 6083
3213 5341
5716 3382
5698 181
8265 9219
2991 4741
4514 774
8221 5940
9559 5043
9617 1458
7878 2289
3080 5630
8634 7483
1262 6495
6982 2328
1750 4786
7124 5235
9902 3097
3247 9458
3498 3288
4954 7719
2338 3347
5685 8123
782 2457
4781 7532
6752 3866
4152 2189
2437 8868
8821 6259
5997 6705
9833 1162
6307 7841
358 3522
1890 1411
3892 4048
6964 222
3095 6762
4845 1528
2178 9582
1077 2962
1661 6955
5814 3503
9035 6089
4410 836
8205 5534
4216 5084
2293 868
4319 4864
5953 877
1295 9996
6012 7792
3134 7126
6063 8218
2826 7778
6212 6811
1102 3859
2876 5193
3051 5849
1351 6362
8414 6783
9021 9316
9734 8652
6482 8183
578 1073
9361 807
239 1930
9491 7735
8672 8968
7865 2052
5712 5803
2633 5430
8137 4089
8190 8538
4267 9807
3040 3795
3636 1250
6258 3904
2764 7880
2680 4696
6253 5880
4682 6506
106 6893
4875 9958
6966 8979
582 9364
8905 6140
4561 5445
7051 2547
921 7237
6423 5141
457 8339
4366 8993
4779 358
2228 5256
5832 8184
9424 1879
8912 4426
6839 6224
8807 8319
9022 6985
2186 8784
1449 7590
8537 3617
8244 765
5620 4544
778 9222
2640 4019
3521 1230
8084 4713
2364 6369
6479 5452
5619 5591
4657 7975
1578 4573
5024 6899
8490 1977
6546 4881
7403 8168
1739 8446
5014 5384
5525 4845
6903 2460
8690 6555
1452 3139
4040 5392
595 2654
8499 6086
6714 3215
485 3818
5922 9545
301 4616
56 4625
8449 6163
834 9517
9488 4775
5457 9885
8689 7944
8363 4343
5890 9849
1083 5492
4041 461
6737 7032
6150 2959
669 9218
5496 9640
6749 6431
8856 7680
4997 8749
1300 1591
5100 5794
6560 2502
4187 801
8886 1571
7211 8448
6894 9426
6318 669
2807 9550
4805 5576
8866 4480
9606 2329
633 6828
3872 5924
4857 5141
5208 9095
5579 8433
5531 7404
6705 2695
216 6695
6341 1730
2216 2152
3052 4433
6636 5340
7041 6572
3535 6940
8852 9482
8710 8533
1488 7126
7854 9222
3106 894
9644 4921
6183 99
5301 1345
536 2730
2135 7933
5595 7777
911 9533
4761 9290
1139 9242
8157 9601
7217 2549
2108 8130
5281 2904
2711 1742
3310 152
1601 1081
5687 3919
2426 2067
6205 9362
502 3637
3285 2154
6141 874
9943 5209
6726 7242
1344 4022
6795 6516
3130 3332
6456 6676
4481 730
4912 4988
3709 4714
8519 1027
3676 7710
456 4234
1014 2266
7224 7223
5315 515
5051 2488
5813 1196
7867 5807
4716 8591
3263 2104
1650 1339
7556 1749
5727 2596
1679 3280
6223 2864
2957 5780
4370 2992
4571 2243
3088 2083
5235 6854
8106 4007
6513 1468
8408 1645
6826 4764
3876 7657
2043 6957
6362 9553
6106 8624
5051 7854
1796 7422
2298 1110
4191 1541
2387 6007
4346 906
4274 2679
409 6693
334 8514
3197 1258
1765 2477
1365 2799
6636 3949
2126 3031
3608 3618
8153 6198
4892 8561
7512 7266
209 7739
3562 7790
2768 8534
7088 1845
1151 1242
8 3596
6557 260
7832 247
1035 8641
2203 3545
7563 831
8333 83
6131 346
9599 5043
7877 6669
3452 9727
9566 9519
4038 8574
2245 5725
9984 1691
3838 8684
3551 1296
6934 6592
9669 2262
2337 8616
93 2883
9263 6510
6729 2655
403 4389
9914 3374
1545 4208
2872 6659
6521 4965
2172 2215
2669 5765
2750 9343
3186 9012
3580 8609
7613 7477
3509 4214
5813 8255
9510 2526
4937 3002
7671 7946
8446 2799
6060 7289
5967 9432
2117 2439
8014 7725
5920 9755
697 3803
5291 9522
9404 7614
3463 3739
4913 3736
5066 6995
5605 1143
1230 4278
9076 8032
4102 4905
4675 7804
6213 3612
1852 6750
8307 9740
9947 6945
4501 8774
8762 7136
8449 4055
9575 1237
2276 1791
4380 9127
4206 279
5511 8282
7147 3848
1476 8872
1209 6736
894 4595
8924 7386
5285 3367
305 3969
1290 9862
4661 2995
7450 8974
4531 384
2512 3654
9565 2037
2534 1440
2513 576
2290 6843
7640 9663
5312 9976
9704 4041
2467 6836
1294 1513
3320 8284
9463 6378
7668 7128
6019 999
8936 7540
3238 2291
979 5251
3715 6327
4353 9157
9836 6542
6024 4627
9293 171
3895 4679
9321 7745
8391 6639
4187 6498
9510 8267
9647 9322
5093 7800
2700 9128
689 7514
2692 1323
1299 4732
3220 3140
8623 4822
2756 5187
6395 8054
653 6106
4664 1707
8487 3118
341 7225
8271 464
5819 1801
7698 988
9196 2376
3587 4573
1849 6225
7387 2145
835 2876
6991 7991
6208 8770
2837 713
8123 5227
9767 1444
4003 5928
7686 109
8434 2682
3030 3699
7748 7655
200 2623
8749 7174
3660 8600
2243 5215
7499 6622
3975 6241
4276 5427
9393 6448
305 1405
8644 2388
4385 378
5801 2883
3166 5037
2810 68
6866 6422
4874 676
1971 5150
7769 263
3122 8724
7754 8350
13 7223
145 7417
983 850
4238 1244
3414 264
3452 431
7498 7215
3745 6842
9662 4027
4299 3357
1306 8595
5589 5896
9310 8873
6725 7938
5166 1818
1383 9885
2076 8859
1722 3704
6447 3097
9446 3026
7115 9907
1186 5180
4544 8231
7251 1801
4815 1883
6269 1899
5132 2489
909 4117
7277 5164
8627 8199
5439 628
9615 6973
1993 1224
413 9282
9577 9295
7038 2826
6779 6259
8782 9579
2772 177
8208 4782
8734 4892
5810 12
4336 5534
7818 3357
8050 1852
344 3748
3965 5853
6653 8931
3701 1248
7892 7610
391 4421
7259 151
4812 2090
9255 1525
6200 5371
2111 351
4768 4170
1995 4150
6800 1774
6623 8555
4093 4233
681 2437
5689 9180
1094 136
2794 5530
2455 4236
5307 7689
488 9045
1858 5049
3933 7029
7650 9529
7913 4981
8663 5289
6662 6569
191 5789
1091 2449
6179 8345
7173 1020
2750 9269
3638 8071
3419 8698
451 1517
8051 7097
3870 5192
7002 624
9279 2815
2724 5907
3097 1553
3545 3678
4645 4014
2985 4651
350 8631
3946 1798
5724 9971
974 1004
1692 5854
6969 5245
785 2251
585 8584
3218 6945
3537 1021
7175 5143
5459 935
5791 6777
6102 9576
1753 9361
7260 838
1137 5644
2510 664
3905 250
352 9492
5136 4426
2772 957
6305 1863
7084 3854
4386 6717
3866 7008
9774 5318
83 6558
6982 2222
6817 8510
6802 5158
5133 8283
407 8787
1604 3691
1636 4726
7305 3706
5943 9528
5 100
6248 5343
9402 3444
5797 9589
9034 8082
2116 4481
5678 9064
7780 5703
3791 6804
4043 284
4221 8847
6174 5758
9324 5169
9097 3799
5084 5965
1288 2084
7704 192
4968 2250
8965 1238
4588 3835
4786 25
9088 8358
9759 5769
5144 4383
3008 2024
470 8494
3178 1036
4865 5421
4985 9999
2677 8724
1275 6674
3547 112
234 9016
4985 2833
5138 1000
6386 5585
4630 537
1002 9590
2935 5897
4900 5466
9927 5546
695 1574
8645 7268
6638 1728
4528 9541
2604 2095
9491 7486
308 6584
2551 5404
9740 2597
3505 475
2711 1967
6197 7619
4397 1648
5550 2724
6841 3589
8124 2519
4306 932
1990 3406
8930 2544
2027 9791
6264 7562
419 4156
7088 3441
3312 8180
8598 8312
1911 5977
5019 1404
1398 7414
3954 61
569 8941
9810 5335
1687 3735
7485 6144
5324 4633
87 2561
8049 2016
1542 6760
956 9557
8080 8013
9217 5813
5815 8616
9630 4850
5084 2070
4057 273
1572 5846
5580 7260
2343 3609
4663 452
8622 548
4073 6260
8341 5845
9979 3561
8217 3712
9944 5107
3738 7686
8768 7363
3260 8352
740 9700
4128 7248
4557 5202
2935 8548
7837 5081
7097 9281
1913 4314
327 6398
5185 351
8911 7159
8549 8032
2293 7516
695 6493
8182 4440
2570 3565
8030 3250
9953 691
8000 7324
4445 6699
332 2233
5215 6094
5622 109
5357 252
3490 5673
917 6961
9657 104
4810 411
5311 6694
4739 5682
2025 9046
1913 5356
4832 2738
7215 700
9889 1157
4073 9735
7012 3729
7283 1429
2502 3294
4985 5600
9254 3572
3238 3417
9633 2844
4216 9856
1924 1068
9215 3309
3330 9768
5383 618
3087 5961
5415 7846
7793 9682
8340 5352
8982 6206
250 2775
2966 7004
4119 1696
3469 3421
2586 2618
3439 2838
7011 6601
3319 8187
1506 8011
1335 8375
1145 4042
8460 7627
3793 265
8713 6712
5768 3391
7033 9443
8381 4913
2485 9064
7700 2462
8694 8075
1913 4440
6025 456
6359 4167
8942 9422
1907 9098
9353 3718
1892 7085
5599 4021
6109 945
3705 7806
7202 7945
7969 6827
1589 2871
5863 1415
8521 1076
1435 1266
6045 221
2828 8699
5209 281
4195 2521
4063 1459
6039 6451
2985 8718
1535 3269
667 6411
2301 8545
7637 429
388 9319
3131 9499
9778 6425
3445 330
5430 9042
3971 3705
2018 6381
9286 7748
8281 7287
4744 1937
1304 729
4768 238
5109 6887
3219 8704
3240 9470
5301 9712
3489 8650
5588 8666
1109 4577
2207 3811
6017 5369
26 1299
3773 9000
9524 8445
4803 6509
4057 9322
7697 4582
941 1362
1682 7607
7376 3810
3362 1566
3957 4776
4030 5244
8917 2915
3822 9343
6701 7456
6989 9296
9997 8137
2828 1806
3684 9408
7798 6017
4067 5874
5805 3390
9614 8340
2040 1658
9893 8783
4703 9340
3004 4890
7091 540
8012 382
121 5492
3797 5184
9808 7519
5207 1684
5937 2460
7990 3920
5899 6073
9386 5518
6666 3975
67 6291
5843 223
2579 5646
4710 5190
1904 7198
3944 610
2492 8217
6020 4970
4974 717
5642 8287
5454 9716
9128 637
662 5448
4551 5643
4634 5681
3277 833
108 8321
478 3820
6071 4787
7565 1142
9926 4721
3644 2708
2229 604
5516 8811
3113 3822
643 2044
1103 1815
4448 795
6919 5725
1491 4259
1310 9496
3950 1338
6189 7990
433 5985
4584 8663
238 5310
6774 4188
2058 1051
1454 2128
7773 6691
9678 4201
5955 8368
9070 9175
9577 2083
2240 4923
1970 6312
3116 4628
2133 366
8154 9557
8159 5778
7916 1578
4815 8460
6240 6535
8809 4247
3484 2455
3510 9074
9330 1686
8584 4295
4642 8081
70 9661
7498 9559
4682 9150
357 8566
7234 1545
7184 8254
6477 4430
5174 5378
8552 8085
5905 5810
7912 4638
7653 3083
4967 4762
901 7969
6941 6167
9289 5450
9140 2580
4744 1959
8579 3621
4629 1166
340 172
5240 5361
1860 7226
3716 9093
1532 3675
6001 154
8308 5262
8084 908
8804 5470
5047 2132
3376 402
7865 3560
8492 7775
9363 5431
459 8141
7881 7336
4794 6805
4813 9269
7491 5998
9453 7385
3909 238
8329 3953
5848 2469
8664 4482
2507 5634
7304 4972
7333 5786
3063 6613
8884 8656
5255 5583
150 8229
4422 9633
7486 6612
5182 6319
1109 5087
2559 8574
1384 2614
6396 7275
6504 1217
2083 7297
870 6477
3326 1509
2581 2541
4870 1819
8509 924
5432 4325
8782 2729
7457 363
663 5840
3013 1254
3166 348
7385 2559
3152 1428
4070 5505
7312 641
2054 4240
6417 6415
8097 7474
8041 8837
9546 1804
4441 4286
1899 1920
1576 5502
1136 9213
8929 9427
818 9320
897 8978
2262 1480
1651 4632
636 6583
3922 6072
9472 8036
9212 3294
9341 2756
5369 9177
3571 8746
9492 2670
4867 1423
780 4806
6178 3911
2388 6355
9128 3528
6281 2245
4434 2239
4797 735
8181 4226
7158 8151
1692 7442
5121 5453
7565 6974
4327 2837
3662 5988
4477 2147
7898 2105
4475 1503
4803 6190
1988 9096
1038 6159
4116 7691
4751 6752
2915 4802
2958 3519
5374 6588
7028 9801
9683 4407
4842 1305
3635 6138
5813 2330
655 5560
7378 3179
7370 8735
7562 1598
3720 8566
7002 9744
97 4537
3234 1199
1184 4687
8521 6222
4726 8574
4436 4061
4447 7841
7235 3002
8784 7272
1779 7434
4324 7455
5119 9411
3376 5624
1638 4454
4976 1490
361 6561
4465 8177
9003 1879
8306 5635
4531 370
9309 4397
6465 4399
7701 1646
866 7263
692 8657
2988 8992
4527 1964
5182 9488
6894 1879
5437 1570
6307 9872
4392 7663
2482 1128
5500 3741
6655 9281
9802 1670
706 6418
4499 1833
2041 2030
2348 3204
7813 677
9798 8710
1822 2911
3958 5390
216 4565
9931 5402
8520 630
9354 6047
2703 4821
305 5951
2369 707
5239 6780
3549 6879
2145 7982
3528 9509
2496 2731
1335 220
9393 3862
9877 9973
3467 5722
9528 1159
2502 5562
6307 4106
7974 8125
7209 6201
6921 9592
9801 3873
3037 8672
6279 7034
8117 2631
4941 6620
7288 4679
1698 684
6622 876
4315 6613
5013 3833
4967 6266
551 3767
196 7248
5289 9080
4291 3835
1537 928
229 5660
3566 8913
3734 8128
4996 4095
5656 7490
4608 8555
4926 6334
1353 2940
190 4419
1137 9609
5326 1172
7418 4124
9767 1910
3226 6407
8958 5296
2610 5951
3468 9875
5359 5249
4191 7767
4351 3331
193 4104
3554 4597
8846 7394
1406 6395
2715 1671
8702 3660
4267 6435
5878 9275
9410 1274
8926 8104
2075 691
2639 1414
6396 6996
180 2435
2210 443
5802 5986
7235 480
9186 6525
9876 3014
1458 7743
1912 3647
8349 6463
2878 4865
9008 3195
7596 3764
8307 4438
2727 2568
4671 3122
9716 3619
6162 6079
2169 456
3732 1858
1264 8555
3084 9647
7414 9611
1039 5652
755 9032
7644 2027
9231 291
394 6308
3601 9353
7783 9464
8487 5650
1744 9838
4282 4268
6898 8004
4206 9065
4608 2569
4198 4258
9095 3287
2195 7088
3153 5400
2194 4961
1424 2942
9224 230
4309 2904
2741 4403
8124 5907
1838 5334
9067 7444
1992 8249
320 6513
8063 7283
3171 1593
6923 998
6700 9082
8323 3252
2098 300
1506 4701
6832 537
7779 113
7713 9152
9162 5344
4976 3156
1949 4617
4565 4874
1253 8031
5983 902
8722 3153
838 8989
1493 9418
643 9317
5185 7302
2079 12
3052 7569
9345 6460
791 7115
1947 6180
904 384
9749 4485
8285 9887
887 4581
2535 4190
4909 4366
6788 5548
9007 6821
1938 2777
5515 9377
6111 6324
1123 327
3753 303
8764 5343
4238 6053
6960 2912
5358 4258
5 4721
5142 3121
8418 8162
5738 1351
3862 3199
5146 6980
4065 8199
9720 1599
6817 6149
5022 9376
6208 5121
3390 4687
1012 6858
7835 5719
6300 1366
2682 5224
3118 5542
9340 7899
5439 9091
3617 6912
1893 9546
338 9710
5483 3636
4365 1441
9830 9143
5370 5350
7175 8065
6369 6902
817 4406
4088 1409
936 8035
6765 4236
521 2630
2006 2140
8533 978
5424 7279
8595 4367
4875 6517
1970 2693
3228 7930
855 401
3363 1229
3330 2612
627 8349
3479 6751
252 2584
6082 1143
7360 3581
8302 5909
3582 5169
1291 345
3383 6791
3025 5600
638 9216
7889 3839
6776 4100
8141 823
577 3473
7980 3641
6929 4932
2084 5345
9828 1086
5917 4737
545 4274
5663 5959
8979 4290
7548 8892
2630 6326
4629 6152
2142 8315
6021 1553
3256 685
7825 2536
9350 6273
8032 7536
2060 7182
8090 5781
8797 2926
9649 311
7921 1797
1692 7917
8994 8563
1317 4351
8871 3938
1918 6496
2232 5167
4801 6400
2608 3649
919 2701
424 6919
7065 4846
879 1081
8185 4248
2079 6483
101 509
515 3636
1444 1343
2522 2839
127 730
5732 2704
1668 5324
1322 50
5778 2013
684 3083
8512 496
7864 525
621 4822
1360 6991
101 8002
923 4359
7533 7770
9441 4548
6475 8098
2874 3991
4610 7503
1477 8947
219 7746
7433 1570
8938 4191
910 6860
639 2651
2844 6415
5940 589
207 8756
3839 6615
1411 4574
9706 3642
5044 5000
8185 481
8315 7221
93 8407
6007 961
3846 1493
651 9404
8779 7043
429 6813
7467 5352
148 9236
5589 7268
8642 6029
231 108
9394 1245
1923 621
6792 9848
8900 3368
3988 6683
2686 9785
7297 9200
6273 7101
8970 6580
7356 9468
2696 8056
9431 9924
8609 808
5973 949
9876 7220
4328 3062
4707 641
220 3911
4587 2648
