9420
78643048
3518 1563
7252 252
2007 8688
3730 8703
1106 5273
6149 1205
4756 7476
3584 2033
7214 5291
7340 9500
6076 4650
5568 3361
9709 3332
642 2785
1907 7710
283 1680
1362 3219
6482 2348
8790 1467
840 5516
1142 1188
2853 465
1907 2943
6652 9267
8948 5599
2124 5679
6606 1080
1285 7381
1911 9856
8292 5709
7690 4226
1459 6638
6289 5415
2880 9010
9611 6008
1161 1400
7428 6387
2465 4290
9163 8351
2830 6991
1475 4873
817 505
5213 4302
7283 3328
7252 6821
3409 5296
3302 7168
5226 5549
4182 1260
781 7319
4122 2395
4240 7310
8564 5772
1513 143
5205 1126
6014 7940
2790 1783
6618 2330
5386 268
4494 7894
3354 7587
7871 8762
1318 4132
2697 9418
6808 8613
4450 7360
8644 4973
7146 5992
1493 3511
8573 1155
729 3613
7332 8754
1073 7312
2628 3324
7568 1429
3197 8621
7245 2335
855 2978
1655 6817
7033 1326
54 8028
2852 8254
6315 708
3553 3110
6275 7226
5438 2117
8868 4263
8584 9340
7315 5970
2047 2772
73 6510
1497 8231
8821 2368
9045 7123
9548 6307
244 8699
231 767
9522 5046
3963 4621
9176 6231
7172 8826
4122 2321
5214 1299
7976 5112
6807 2823
5767 3962
2113 4289
3858 3242
4822 4090
9504 1404
2420 9497
7237 8131
6930 5970
6656 8644
2102 7428
6548 1436
156 1271
554 9828
5932 253
391 5934
6038 1015
9699 1723
3450 1866
397 5293
9798 3213
6814 2125
9511 7527
1680 7450
7839 1215
7921 4453
7197 6532
9747 6749
5203 2874
8686 7931
9571 6772
6717 3311
9380 804
7491 6191
4940 7034
2494 9375
4979 8443
732 8429
1603 3901
8137 2103
314 6134
7359 6970
9154 3434
1365 6196
1164 6886
7608 1409
841 1383
4166 7031
6330 8581
1751 1236
1602 890
1257 1354
2099 7919
7987 5784
8511 804
7292 6213
7725 3473
6626 7640
4385 4862
2511 8960
6654 9738
5797 5181
5231 5679
8339 747
7056 7599
5205 3978
5787 2161
273 5357
8504 3222
1912 3083
7717 4507
2392 6298
7695 2039
2747 3446
6762 7245
3577 5065
9082 6347
8743 6704
3024 199
9536 4232
6416 7105
2360 2980
2545 6577
8647 5009
8903 3440
3286 2387
518 7523
441 7684
1528 3932
6261 2435
312 5350
2055 2287
5814 4263
1587 8422
5288 2736
7524 3241
7224 6487
4465 2655
2242 4418
5411 7865
6747 6417
9708 7217
1745 1330
4311 9954
6482 3951
7225 8300
8765 9648
6372 1802
6254 790
3240 8670
2322 7893
2886 8807
4277 9004
8262 4290
9321 8566
973 8361
9714 300
1627 4429
6542 9755
3510 8676
8850 9695
8909 9663
6737 1266
17 1259
5432 4801
7636 7279
2518 7793
4477 5634
2164 3604
6063 7279
4253 9312
1786 4167
7229 3028
5839 9083
2786 3662
3758 1258
7537 1381
5435 3068
6623 7058
2900 617
9830 5044
2249 8404
4787 3397
5108 942
7296 6061
9912 5506
7150 6696
5711 2518
574 5171
3954 8565
6390 6048
9279 3531
6194 6549
5411 5613
3636 5408
3141 8020
1520 1391
9422 3568
7676 2497
4418 2220
3013 2329
6088 6668
4782 659
5916 3914
9395 3412
9563 6226
8926 1228
7886 2394
1582 7040
344 1779
5389 2239
9917 3863
2409 2608
6420 1398
3307 1049
5241 9129
6114 2025
378 8934
1277 5072
1340 4962
4537 2663
9824 8790
5597 5945
8773 8946
8397 4215
8957 8356
4976 593
1434 9742
182 3614
5392 6404
6308 3593
2580 9871
1259 7934
4271 3912
6784 3396
1854 851
2128 7471
3217 1895
7783 1560
3872 9880
2854 8384
6252 1443
2536 3151
4724 2142
228 7785
9030 8579
3188 6662
2664 9577
1306 2307
2816 7377
2727 6531
7242 1246
134 8298
5094 3205
7221 3238
4391 3434
6773 3870
7750 1880
8253 5377
8397 7463
8355 233
149 7431
6467 7638
2310 8216
1658 8611
7716 9491
1736 94
2727 2649
9859 3088
6546 8110
6039 8069
6713 7218
230 8634
3424 8296
1992 5238
2078 2487
7893 8853
5758 8617
5354 5798
2936 9396
7476 9574
5162 6078
1687 1656
2139 648
8663 2601
1020 250
55 7357
2965 2724
4507 2532
6343 3635
3581 1010
2225 9339
2908 8927
2427 5755
906 1723
3933 2878
3149 5312
8200 5648
1560 4815
2175 728
5925 9480
8002 2375
3462 2039
8860 616
9257 2771
3591 1171
1514 9550
1301 6446
4106 1254
8283 3095
5157 1264
1940 4690
8314 8795
5249 4108
2271 443
1430 9938
141 8864
6063 9586
7636 1114
8348 9814
536 9833
8442 3566
5834 2340
3046 7408
6096 3577
2098 9611
1210 4346
3244 8880
8947 7823
6951 5673
786 7965
2959 4899
6213 3195
1502 2472
9515 918
2875 7942
5702 9555
3199 8480
1014 6676
4808 2379
6837 1469
3482 2769
3959 5495
3006 9853
6731 7606
9247 5820
3911 3490
7783 4366
8872 369
6803 9765
2468 3063
5034 888
106 9830
9279 8328
4577 3241
8293 6499
5938 4156
8871 2183
5406 1944
5700 5027
7211 7141
4657 3960
4481 1898
3341 345
7869 5763
4580 5709
9028 468
4180 6217
5329 5892
599 3510
7887 289
7240 7143
2465 5605
4746 8119
2570 644
7842 7988
6220 2918
3579 8572
5828 7654
6710 6000
1881 9809
4676 6914
8988 5387
6774 2771
5577 7148
132 6932
7838 7044
7218 7880
63 923
6402 8277
456 4611
8062 1460
9178 5840
8090 9857
2133 9715
9247 4671
2609 1716
6442 8463
6702 2086
2236 6593
5439 2120
8791 1613
3999 6474
2810 5296
3579 3448
9852 6459
3728 9118
5308 1106
2204 4363
2323 573
1150 1240
7735 3492
3073 5636
4103 1666
9441 5809
115 965
1879 8717
7300 5821
8617 8623
3401 5730
8577 8117
5803 9255
6017 7408
3289 959
8230 8861
298 3713
353 509
671 2042
8067 5730
7669 1601
7653 218
2507 9823
4493 6829
4465 7652
9780 1965
5028 4303
5015 542
2945 7008
8372 4491
4122 4840
3269 812
1068 545
6681 5041
5561 3675
3916 597
2411 2014
863 3043
8862 2943
2156 3972
509 3183
3138 2623
4644 6222
5605 8029
1850 9563
6590 5531
6133 9260
767 2634
3302 1162
543 9116
7019 9523
6756 335
1970 3329
1235 2857
9090 8455
6858 5565
7008 5681
4158 8318
8645 7268
7164 9610
7872 3179
2786 4587
1108 6312
7996 3027
4220 7637
4014 1568
1062 4695
5662 3945
5373 7536
7722 2823
2548 5408
3731 8156
2313 7932
670 9618
2006 6049
8711 2512
1056 2143
1555 5397
3976 6467
1897 6633
598 8757
3124 2869
3952 8284
9683 8161
1001 2765
9178 4170
1949 7108
3647 5421
2511 7455
8579 3503
3785 6185
2588 8215
3995 6059
9918 2377
2470 4081
8684 6359
4291 3251
613 1245
4508 7261
996 1075
7111 6916
3180 3889
8773 8411
5399 5787
693 9846
739 1242
3793 9679
1994 5808
691 7747
7321 7291
4235 7033
4546 5643
6331 7234
553 4140
9938 3674
1291 5559
5377 6713
4955 6191
1958 9269
3006 7366
2643 6549
363 5650
7719 4949
474 3302
846 1770
8605 9659
9297 3947
3328 879
2368 7151
1886 4499
6344 597
1269 4724
4074 5040
5048 8822
4678 7845
1572 8547
6169 10000
6417 1694
6972 8886
7715 468
3372 8456
9632 2190
5199 8664
3571 6635
6409 2285
3999 611
812 148
7500 5956
6599 5295
9166 5332
5284 9338
8253 837
1025 6782
4764 1793
6161 5887
8349 6503
1523 4589
4061 6869
8519 9471
7010 7434
9993 8325
1703 3516
8833 8160
9951 3357
9783 4730
5835 684
5950 8616
3544 411
849 3970
4547 536
9350 1774
3173 7634
7760 5069
3396 7423
4227 2655
2617 9846
8405 7617
4090 8522
693 8096
9417 3938
8290 3402
4318 3310
2562 3593
7997 9539
7328 1363
5718 2798
9166 4376
6547 9579
972 9469
5353 255
8787 4361
3089 8074
1977 9415
1783 3336
1376 1039
2670 1391
2478 5692
8173 7198
5719 3148
9938 7281
5977 221
4319 9862
382 9909
8369 7798
3268 2411
3280 6436
6126 1679
9971 6012
5119 5620
1526 531
2905 5722
575 5708
3531 6465
6440 4270
8419 4930
6771 9908
9632 4993
6509 3389
4476 3276
1912 527
1136 7161
5855 7460
4793 4853
9313 1169
3780 7913
9310 8798
3158 1066
9453 1858
767 3320
413 6189
1891 380
3781 5822
2435 2765
1840 1751
1945 4104
3625 8636
8793 1929
6881 5795
7196 8825
3397 8151
2850 7449
8711 8
6083 9064
5209 5003
6730 724
9821 7635
6366 2193
4958 1235
6967 4888
601 7935
1822 247
450 7233
3265 4701
8095 8574
260 54
2406 6022
4651 9405
4190 1918
6955 279
4131 8133
5373 7428
9017 6412
7542 277
7920 6876
632 569
8492 241
3584 7119
1771 8541
8281 1194
9767 2575
3272 7950
9871 1350
2366 6273
6045 267
6335 3907
8703 1615
6726 2753
1796 4164
9837 3482
3895 4512
3871 5423
3870 3776
8247 7152
1915 1528
8745 7543
328 3165
3584 859
4096 5202
5383 8694
8933 4181
5122 3034
8478 5267
474 7217
6399 8264
5898 5857
9712 4655
5287 7701
689 9008
1458 8617
3506 2697
5299 7910
3724 2763
1231 8626
9432 6209
4370 1629
5906 136
6655 2566
5285 4486
8405 8452
2088 1993
5256 441
3637 9041
5235 482
5325 7425
4215 1852
7466 4679
6588 4046
7193 9776
3658 9787
3716 987
4711 2365
4596 8040
3923 4134
6645 1812
6188 8602
4052 3625
144 9784
8450 4577
6954 6383
664 5367
4835 8616
1059 3553
8692 2885
5894 5702
8269 6597
5442 2535
4499 2126
1042 7466
4409 4059
2524 3594
3188 3807
2627 7186
9185 9921
2932 7654
4657 2629
9921 1900
1106 2677
1255 6096
9812 7710
9850 654
5053 2381
8586 1961
795 6977
5768 8264
4049 2047
900 2973
4415 658
7857 1165
3125 5000
7846 1798
300 6214
4011 3349
8825 1002
5528 4480
2549 648
7290 6482
1694 4464
8602 9605
3471 4815
6489 646
9559 573
8686 3017
8843 8540
283 5993
1426 1729
3166 5864
8288 2587
223 388
8941 4323
9036 2775
7867 2158
46 63
8786 9177
4385 9863
920 4722
897 8158
3773 3070
2697 12
8861 6521
1560 2628
5939 4772
446 9098
3377 1663
9145 4579
3886 6075
1113 3415
7993 4053
7290 8250
6023 9153
4991 7790
5206 4214
9821 3958
6897 933
4363 1215
7205 5783
6037 2419
1794 1256
1472 2415
1673 2004
8449 725
3136 6668
2177 1299
4776 3975
2582 2494
7739 2776
3208 9914
1075 1678
9343 9145
3787 9586
2480 9473
2897 102
8133 9671
5837 4255
2443 7516
2779 2489
6758 7347
2604 7018
1944 653
1567 2673
3191 5791
9549 4764
7972 7608
6518 7074
5599 1555
8496 7636
5142 5584
568 6512
8264 901
9391 8952
4530 7869
9921 9241
6659 1392
87 8353
2720 8474
859 957
8319 3734
3537 5924
9160 6281
4085 8947
6242 8978
9681 2222
8941 1090
6637 9789
4707 495
3405 2104
9992 3883
5669 3143
7932 517
229 9094
4315 7742
6438 4898
8639 6967
6153 3037
2090 4760
8651 9252
8780 9920
5343 6958
9925 1107
2320 6285
1274 8420
5379 7885
7766 5203
3734 564
5172 8148
2317 3034
7349 5734
2744 44
9355 7380
5042 4128
5532 6165
5770 9293
2981 7117
4321 1039
1698 4490
9843 3138
8417 9795
6259 5174
2585 7166
6670 9956
5127 1689
3106 169
3527 8976
8202 3876
7745 3904
9734 5184
5170 188
763 2272
3895 4382
5486 267
6408 8199
2676 2322
7283 7760
2066 9538
5157 6964
6817 1085
3081 4985
5882 4921
3933 8156
3292 9721
283 3759
7465 3119
6620 3917
530 8826
3770 912
1078 8281
4997 4942
1556 5146
3147 7968
7351 819
5461 3417
3853 6442
6354 3229
9338 1741
696 4686
9886 1003
2007 976
4407 7866
422 5473
7084 4759
2094 4982
2989 4746
7943 6972
2098 8808
7762 3232
9515 1412
2625 8809
3941 4568
9229 4368
8969 2863
7140 2001
4340 7051
3820 6996
967 9449
2829 4783
6454 2137
7115 6673
3097 8544
2172 2599
6926 2731
6825 9843
1835 3995
4362 3644
9357 4985
4928 2871
1665 6122
4290 5240
5054 5683
2525 7584
5351 2673
5319 9376
4594 2271
9636 9077
5813 5597
2492 1441
9061 1853
4867 2389
7305 9451
9566 1014
3387 1567
3606 5337
6830 2109
363 9235
5865 7675
4242 9899
6336 7061
486 6170
1088 6812
1606 9826
2946 2187
2219 318
4916 4549
1865 7374
6691 4752
236 1784
9330 8706
7157 2345
129 6679
8561 3919
5225 8853
7594 5901
9845 155
6390 807
1024 6987
1970 7313
1307 2409
6943 2198
607 5922
969 8867
8240 2891
4559 1598
3065 9324
7005 7213
5884 2605
663 2382
4900 2307
8780 2243
3270 8571
7585 3947
5284 2593
2484 8291
7997 8763
198 5473
5570 2729
7183 4032
4640 4491
2037 5928
9290 4596
8383 525
2525 9925
5472 1664
2585 7056
8987 4351
3231 8143
3026 6860
911 4059
7786 8706
6711 4041
1422 9402
2492 9171
4400 643
187 5388
4235 1618
9615 3018
3328 6046
479 251
6002 618
4318 4589
8647 3535
6427 1271
947 7912
2798 2482
526 1107
7779 1218
6252 3526
6629 4244
9320 6443
7496 4392
1637 3119
4179 3586
7879 2416
1302 6450
2886 270
4275 9792
53 591
9207 9035
2420 8268
8622 7030
2592 9239
2289 6077
3475 1170
2317 5184
8126 3997
1251 3130
8009 4907
2787 7983
8479 3836
5135 6731
6729 5712
151 6690
875 5984
7000 9916
154 8512
5890 4439
6656 8978
9579 6963
8622 1551
5579 5852
8172 6634
6947 287
7500 7495
3417 7225
8086 2554
2447 6075
6525 1215
356 1594
8151 2371
8408 6667
3544 6902
1091 1615
6780 6808
5685 1366
1379 9668
3316 6456
8110 7057
5753 2040
8825 366
2633 7990
9665 8852
2072 6424
6445 769
1601 3026
3079 732
6061 7174
4233 922
6916 4019
7717 814
4044 8257
8802 4195
6552 9211
6407 6476
8126 6026
2641 2858
6032 8387
5039 6689
2799 9581
1175 4798
1339 8103
2374 2856
7957 3969
6121 4958
5876 8571
6245 8832
3701 7519
8377 4830
1102 104
9564 3730
9152 1765
9183 6986
1092 9938
9729 683
88 9915
5695 7160
3340 1626
7013 3128
3967 947
8980 9621
718 3228
241 7024
2374 6114
159 4163
8848 821
773 9275
4436 3048
100 7361
5548 5334
9839 4692
5533 7122
431 2460
8740 1450
5564 7027
8213 1907
57 4078
7354 8293
5159 9758
4266 8044
1195 1930
5837 7935
2229 419
7772 171
5702 8529
3695 1138
4287 1792
4158 9744
6781 8862
1829 6719
1580 3423
4962 9522
1708 2722
7065 1034
5387 8967
3888 5804
9416 3170
7877 3327
2516 1924
7417 4295
4688 632
495 527
6098 1971
9215 1528
6968 2088
1580 9312
6322 5101
7045 2295
3448 2099
9623 2962
5203 5386
5630 9111
8889 1438
8323 7696
3885 1291
865 3248
6203 8751
1286 9137
9776 1879
6206 3691
1733 9794
4085 3244
6215 824
581 9324
372 6764
9920 4997
7425 3045
1809 8783
1667 757
688 2121
8759 891
167 9150
7850 5786
7300 2654
979 5621
610 4570
843 8520
9398 353
6521 8048
5500 7358
1535 2767
8503 140
8921 4367
1390 3892
644 7012
5212 897
9885 9853
5775 6086
112 2785
1601 2967
4134 9657
5882 8279
7917 5980
4695 202
9415 7779
9348 703
4399 8309
6693 612
5545 7319
1635 5913
3968 3804
6287 8404
8201 5755
3889 5830
1803 8515
8198 6132
7631 446
6483 8524
1827 174
2754 8148
1654 344
1190 9831
620 5062
6507 9977
7553 5590
2194 9811
9019 6336
5125 6741
4679 7182
2713 6649
916 3084
8927 4054
7139 4013
807 416
8215 3067
3672 2588
2860 8039
5155 6587
3279 6410
174 8261
9750 2801
7936 7256
6096 8548
3612 8849
3730 9497
838 7672
5915 3060
4747 2394
9705 9353
5097 7908
5463 1428
2288 752
9035 11
1145 1097
8623 2543
6398 826
360 9538
4393 1600
2181 632
7387 4331
2096 2144
8988 1941
3768 5891
5821 5936
5327 5472
6755 8154
9164 6231
5953 8652
2311 8810
6253 9667
5493 464
7688 4781
9188 8485
7129 2643
5154 2765
2956 419
8230 1376
4953 3007
6418 2996
5470 1482
1039 2477
7851 2060
7972 5819
465 3141
926 386
2290 8365
8216 3299
7387 1534
4177 7038
4818 3663
5949 5529
7287 727
4155 4060
8336 4136
679 2279
2551 2288
8665 3645
2810 4954
8156 1353
6317 5493
407 3892
2023 9559
6640 4835
5410 4050
3194 3504
9716 2003
8752 9604
6521 9171
4855 1415
1118 961
2597 173
7018 3177
328 2616
6464 621
1506 6753
3777 4430
7560 6110
7830 7512
5590 4426
2597 7547
2585 5125
8517 2582
2613 9309
423 9487
2043 4651
1860 8560
1121 5141
7452 2423
7497 3560
3278 1427
1348 3844
7361 4517
8845 8750
6743 4993
4037 839
7698 650
7774 5753
6292 4655
7803 6561
5379 7843
1038 2847
4366 7484
5362 413
5330 6535
8758 249
8618 3261
6324 5194
192 432
3451 249
6544 7864
7423 1664
9745 6300
2260 74
8911 4166
8459 6995
4381 9391
563 4448
4766 7737
7770 7184
2397 8278
9790 1112
4239 3226
3033 3109
9377 2295
730 238
5149 5632
7268 765
2295 6407
2641 5107
8851 9037
5468 7264
8654 5747
7463 9573
6429 3871
883 6784
975 8904
797 5645
408 842
2267 2854
6748 6328
7101 2616
1887 910
6196 9717
2331 2257
5709 6598
4808 1169
430 7773
5540 4468
2581 6289
7560 7381
9716 9895
7756 4203
2710 8925
5317 9718
6909 9929
993 6400
5747 7457
351 9833
2336 6850
5878 9237
9965 9731
7701 57
6993 5978
2578 3266
3698 5467
4534 4728
1370 8902
7736 9556
1602 6822
6895 5113
350 1975
4159 9929
4019 1853
5849 6509
1430 3342
7211 187
2639 310
9105 3813
1965 2326
1395 3863
1435 7685
8819 3831
3490 8347
9411 8195
667 1473
6074 6798
2322 9920
2952 5855
4743 2402
121 6515
4773 7762
6628 9000
2743 7387
9872 3888
228 7289
9308 8145
6700 9066
9235 4400
8821 782
5534 9818
9172 8358
7946 5553
8309 8238
3395 7520
6773 6128
7221 6293
6071 55
5161 1519
8344 2363
7104 3825
3958 1461
7359 6229
9781 4006
1499 4418
945 5498
4184 7676
5827 2330
624 9357
2241 2981
4459 8613
6699 7309
5697 7167
527 742
4465 1641
7244 9128
795 5943
2636 8963
2431 6082
4251 6779
1226 5679
7488 8483
4331 4677
4551 6395
3270 4677
9930 5221
4579 9101
4574 8500
8383 2740
6856 7549
7641 7672
9813 6785
9083 6035
6514 8358
8518 9383
6062 9406
4163 8732
5599 2117
4830 4506
5637 5328
7953 938
1329 9571
2133 7010
540 2761
6686 7388
4955 9868
3413 2688
5910 3515
1728 5180
5585 9838
9592 7726
5856 6975
2114 3336
9951 428
8092 4258
331 3639
5096 7841
7925 565
5917 3703
1796 3487
677 9805
4701 7432
8472 2105
3153 1251
615 2016
5066 2854
6545 1594
8409 1134
7817 9866
9319 1634
2762 1090
7193 3363
3495 5989
107 1673
8118 4992
999 8944
7546 3884
4432 4880
4117 3810
5097 9452
8984 1232
8387 7367
3716 3912
3077 6903
7181 6427
9822 7726
5226 7081
8772 9273
4819 9446
4926 2249
5250 2816
890 6595
7857 4567
4196 7413
8607 7246
5142 8754
7928 4388
1861 3716
5127 2077
6196 9986
5389 4154
8925 929
9628 4778
4523 671
207 1121
9107 3723
6129 5311
2262 5055
4378 7467
5311 8411
6862 1340
7604 8839
6568 7976
1298 8675
2046 1600
1129 6554
42 3155
1091 7688
9816 8658
1177 9742
20 9883
9007 4365
9948 430
7325 5683
5273 5833
9991 2139
8973 4592
7728 8938
2253 2475
8063 8027
1510 2916
5123 5632
3255 9568
8626 4476
6201 4949
1328 6010
3066 5387
8795 4486
303 2381
6652 1788
5463 8455
3033 7948
965 6667
5273 8539
2825 1603
2925 1121
8291 1330
6565 4106
3857 5571
2898 6078
9589 3453
8601 1277
9811 9538
3042 7864
601 1760
5155 5580
4440 9949
4467 2272
9031 3957
9514 433
8985 8741
3575 2102
4446 3578
4076 9636
8275 8145
803 8012
5417 8619
4289 4389
3643 4848
8911 4311
2565 4023
5674 3023
2064 4585
6460 5205
6919 146
7701 9303
9756 9587
1112 3481
1401 6585
6696 3334
3885 6606
4378 321
278 3898
6602 4789
8962 5070
7029 2145
9703 480
6642 934
3438 8693
1797 8492
5835 2377
7744 6444
8034 3183
5220 6359
2860 992
9609 508
3618 4370
5181 5840
4952 4900
7729 4737
3169 100
4612 4143
3891 5380
7659 329
7732 7378
278 1669
6675 9025
5579 778
5249 1182
9626 2409
9369 9198
7794 9469
2632 6099
1278 4440
164 4331
1130 6754
6112 232
8744 8960
8388 134
8185 8313
3159 483
4410 5054
9003 578
6181 2246
8584 7594
9977 6532
6526 8780
5574 2704
6239 6808
8804 3477
8392 8460
4561 3009
8956 4764
9167 8274
2617 9421
1662 4024
2791 628
5614 8466
3025 4720
1654 5743
6266 2436
8354 8347
8521 8134
3800 7095
1135 6
3768 4226
6659 9740
8591 586
4279 6332
2025 9887
428 5096
6187 1022
983 1166
7787 8162
1022 1981
8345 5893
524 8473
4361 2672
967 2766
2324 4153
1981 2143
8578 4638
5502 3286
216 8759
6311 7824
2483 1724
5300 4048
4892 249
6869 4
4283 1376
6288 7017
6706 813
6228 5197
5348 8515
6767 7705
7113 567
3501 8687
1373 8400
6048 6132
2830 1062
3670 4873
6512 2406
748 3550
2526 5898
645 1426
715 6913
2115 2795
2210 8491
206 8649
4748 7838
6366 7055
6925 8045
8899 150
6947 2155
8748 1182
484 1397
4048 8577
4563 1191
7162 3299
4439 2399
8430 8114
7935 4583
851 4268
1167 749
4436 6642
1110 1374
3276 5100
9363 3495
2602 129
8345 4093
8305 1909
7538 4293
7643 7065
7394 2682
894 1462
7977 1318
223 1221
7512 6583
5825 9128
3751 5017
1577 9102
4794 8347
8163 1451
8335 8622
4476 4982
3608 1068
5148 5460
9500 8474
6815 2727
9194 2181
268 4241
7986 325
2803 5555
7362 7357
4792 5573
9668 548
610 5580
9223 7788
8706 3447
7011 2047
9487 6607
294 470
8803 9590
6921 8247
2334 5289
6061 9153
108 8775
3855 6343
2409 5332
4677 9420
2736 8206
2583 2765
2658 9537
7040 9017
4298 2041
2157 3915
8906 8103
2616 9112
9186 5173
8155 2078
8836 4856
5862 9279
1629 262
4817 4521
6870 8203
3138 7521
8647 9177
969 8121
1844 283
7360 1337
7731 2301
973 6515
7819 2664
9649 9627
1221 2850
8777 9014
4952 9094
2677 499
5195 9693
470 1643
6378 8693
6133 2270
7678 2486
5129 506
3859 3164
8549 6671
479 5321
6999 9110
3879 5691
9824 5598
9181 2248
8826 9235
206 8601
3459 5118
2275 9108
5917 9737
6321 9160
1251 2662
1572 4134
1018 5473
1844 7411
4724 7009
4958 9280
2568 4622
4830 6965
6103 7341
2332 9345
5234 2461
7388 2357
3135 8873
5022 8398
2159 8028
1488 6076
3901 1403
6271 3895
7445 940
5280 8632
986 2110
7796 4238
5150 172
2242 9427
8853 3724
1416 4563
9473 7708
4961 7868
8254 1177
9246 6689
2529 9063
7622 9864
7207 3849
6168 3471
578 2859
294 4436
7173 4049
2897 3993
2180 7975
7216 3635
4436 6161
4858 8435
262 5324
1447 7374
5868 4472
6001 8943
3138 3448
8066 7373
6983 2276
6937 7841
2001 7256
9694 352
226 7916
1190 3559
5079 2653
2350 3167
7720 7394
22 7957
8289 5963
3325 4008
4085 1859
3497 340
5363 4835
6086 2793
6688 4948
5230 4157
3237 9177
713 7666
4307 2804
3752 3500
8530 1688
5003 3540
2849 7303
3395 6116
4673 7372
1120 7176
6820 9768
7957 9320
5601 7292
3480 673
1141 350
4361 5832
4087 3794
3398 3025
9796 3109
1714 2310
1672 973
6399 1185
7051 9744
9312 1346
4019 9053
5681 3048
2694 2883
6848 2034
927 15
7898 8391
54 55
7788 4960
9856 1938
2877 408
1071 1986
1125 4027
3524 5670
113 1208
128 2716
2799 2517
9883 777
1746 2487
6087 6549
1182 1819
6072 1896
3000 8195
1978 6235
3209 6062
2236 2278
8415 3637
5738 3497
959 8111
9894 8955
8966 6465
582 9276
7188 2307
4375 882
155 6200
4256 38
7143 9047
7849 6515
8991 6857
1918 2581
6500 5185
1626 3934
4004 2000
3098 336
7558 7250
8620 1019
4710 7666
4749 4618
5893 1300
3067 4795
5348 9932
8908 6136
4463 4531
7420 2178
3810 3241
7451 1932
6871 2100
8469 9420
5531 6426
6101 2283
4747 7207
6554 7854
3610 9054
2766 9314
5984 3953
6892 7686
9611 3765
9929 1318
6725 3485
7905 8430
8205 323
1862 9754
6113 9425
4012 2493
3639 9879
5960 5851
5349 3924
3729 7592
7304 7428
5156 531
1200 4896
9456 7266
3040 9563
6256 9377
1325 8334
9851 1871
1578 1996
3275 28
8185 3179
905 3306
7772 7618
9570 7999
6825 9150
5111 3360
8996 5732
2129 425
6807 5325
2006 205
1261 9864
5423 3699
6238 8762
375 1214
1448 456
3621 1056
7527 9006
5494 1552
8979 8610
746 3456
6258 9079
2178 7011
8093 9403
7659 1097
1600 823
6882 7788
5073 2406
7802 8829
1588 7813
8520 6609
306 3875
4157 1860
9889 770
1520 4598
6098 4521
6687 8489
7438 6374
544 2721
6580 6088
4577 3288
7659 4588
7454 162
8953 8140
7052 9903
2764 2267
2383 2025
4849 3769
9611 993
2640 3541
8840 5416
7959 6599
3262 2536
1530 9971
2521 2039
2567 4117
8178 6490
1512 2855
4540 1234
8125 4485
3867 9952
913 1787
8944 2522
4185 5537
9005 7245
1172 9707
6410 2713
374 5224
2011 2531
7290 2621
8321 3986
9631 5810
3781 1948
5245 1635
6050 7761
2598 8284
3796 7431
5323 820
8296 5780
845 6296
6568 8674
1119 477
8281 9097
2497 7591
1638 2188
6875 1265
4177 5169
347 58
86 5867
5616 3043
3462 2036
5318 6861
5130 9095
3778 7133
7255 6994
8043 6263
1776 1869
8081 9289
4214 8784
2234 9760
6841 532
1084 7759
8334 2785
7313 4178
4150 5938
3291 6025
3451 1609
7563 6556
7343 4884
1567 667
1826 2650
6165 2611
6096 9317
8588 987
8221 7253
8329 2088
9171 1643
4314 7576
5795 4384
7363 4392
1343 740
3892 5394
4841 5722
8371 3820
5428 1572
4636 3925
5611 4814
9146 5162
6089 644
5104 9566
219 4684
9693 2329
8513 7486
8683 8076
4025 1393
3699 637
3766 8540
7177 5989
8687 2432
9293 7655
9219 2180
1809 3400
6318 7433
7776 986
2015 652
8087 4497
6586 5509
3830 4491
6316 6389
6012 1458
3992 6910
3316 7274
9346 2540
5690 9606
2395 2112
2404 9835
6840 1093
4814 6085
8199 233
3696 7539
6096 1888
8209 7706
7075 2828
2471 9340
6358 653
9315 7589
7568 2957
3102 4535
3201 1286
9505 1460
8842 4466
6317 658
8961 9309
3935 5399
9766 9068
8062 6568
1403 8679
1648 2617
3082 425
4899 7265
6548 2236
488 2070
5348 5704
4658 8464
34 7505
7868 8319
2214 648
3293 6363
1064 832
6652 6800
2035 1535
7048 2959
4430 4499
7943 3829
4558 558
7505 3643
7103 3682
7117 5089
4443 5030
3708 597
1454 911
1394 8758
7099 7250
294 4998
8292 6200
8106 3391
6667 6330
1783 9889
3493 8492
213 8531
3346 1053
2205 5818
3696 5040
4707 9994
8393 6604
1681 3867
1987 2106
8132 6484
3377 3238
8187 3016
8788 2240
450 2402
9071 7692
2937 4085
3032 5722
9942 6343
4685 9429
2948 2332
3253 3466
6169 1073
1431 2116
7188 4406
5546 6597
1649 7733
9335 3874
3483 3887
3002 5640
2699 8527
9620 9156
5622 1270
6290 4952
6089 4467
470 71
1782 2366
7895 9912
3505 5228
5918 8081
414 4977
3182 3635
5387 8011
6456 8530
1883 3025
8321 1897
6463 2309
9946 9303
9744 6686
3818 8172
9981 1381
2398 710
6851 7734
4701 72
6218 1012
6453 8352
6505 4569
9676 675
3339 3349
9525 8083
825 4761
7677 55
8969 8403
2787 9019
9675 2372
5730 6058
2257 7887
8844 6111
6573 2301
1266 2303
4667 655
407 1881
1160 8999
5971 9957
2141 5891
9775 6842
9099 7153
7221 9101
7584 2343
7269 2025
4087 1303
3279 2401
246 2035
73 6752
2550 627
8142 5823
5423 5018
1833 1949
744 2026
8784 6267
6931 6873
7674 110
9617 2762
2467 9657
3199 5200
7925 9662
5002 9534
7122 5585
1390 2640
7390 9579
3689 2763
9584 5615
8737 9130
3528 9188
412 3999
6349 7359
4942 4386
8294 9284
6895 483
8677 3985
3174 8317
5958 7826
6127 3765
6568 91
3018 7377
8930 8360
240 2957
14 7942
9030 7302
1844 6587
533 3539
6425 9759
6736 6363
9019 2213
4892 3201
3523 3085
9334 7205
8519 3322
6562 4549
4467 4879
8080 9290
6555 3596
8558 3760
2271 3581
7662 5115
2647 8980
4180 2470
9099 687
6233 4009
8739 1469
757 2638
9732 1123
9097 5720
5328 8976
3319 8874
7873 1278
4540 215
7192 3569
2898 3031
5489 97
4270 7212
25 3809
9692 7925
1686 2841
9935 6561
4868 5369
116 1001
4080 9770
1188 3289
9936 6416
5931 2112
8725 8779
8788 4189
4713 9190
795 9654
9747 7720
4996 4836
601 4653
2267 609
467 2515
139 9877
7557 9571
8198 1028
6849 3818
5284 484
368 4169
5282 9378
757 6401
8793 1620
3579 2997
790 7324
5999 438
356 828
6124 6044
5482 1512
7043 2777
4418 1438
2768 4574
5517 3087
2569 4600
5942 3595
8324 8593
8647 902
7587 7179
5072 6188
3186 3505
2180 814
2924 7931
3926 6859
4580 4203
8221 6511
1206 8639
4716 4781
8716 4545
5856 6173
270 833
6823 6819
3188 851
4557 5472
6474 3910
2386 7261
3076 3505
6474 6674
2151 8537
5474 494
4210 3559
2810 6185
9740 1372
7243 977
9765 8457
8494 2594
4243 5101
3590 70
5764 1256
882 678
4082 739
8209 4544
5726 2245
4230 1717
9073 2766
5745 9045
8715 3083
6763 3681
7910 8112
6025 1314
5969 9527
1183 2497
1874 1549
7376 888
125 7326
5290 4738
4443 6276
7484 9218
3220 5749
4069 3018
4784 7879
4033 1551
4755 5099
6406 542
2865 510
8648 9124
8137 5884
9922 6444
1 4158
9709 5071
2099 9776
7858 105
2991 7332
3737 7962
965 5009
6705 2281
7485 5646
7461 5860
6964 3666
1601 2380
8461 4383
3247 6392
1948 8290
8524 1396
1554 9165
7236 6556
9579 8234
7598 8854
6912 4618
8308 1469
4632 9195
7033 3684
2909 9030
5504 9080
6971 4202
993 1429
6030 9789
2158 6695
6217 9995
1113 1902
259 7668
9347 1055
5370 3870
291 4587
313 6443
3659 5437
737 2638
8001 2815
3450 1638
7775 4992
8000 2447
7889 2273
5100 5591
2359 2386
6556 1037
5589 2745
2245 43
9070 1354
8111 5453
9960 6764
9455 7678
5763 6341
4174 510
1090 5993
3242 3126
5443 7263
3726 9716
2355 4800
3591 8454
7344 6339
639 1539
5377 1675
569 7441
8158 481
821 732
9774 8607
8734 1759
6181 5228
3475 2965
5807 7811
1203 6824
8306 323
1864 9718
4348 7999
5839 9416
8798 9261
2955 7726
6153 5106
5378 8309
5770 546
2439 6468
5237 6173
3509 8569
470 6379
6189 6844
5248 4787
7314 6679
1304 4895
7080 3091
8889 8335
1387 8416
4855 5391
8868 613
6607 1421
4430 293
7084 2503
3900 3560
6926 3966
9662 6999
6789 2400
7886 6097
5646 8465
9223 7364
1793 3368
7837 1746
1091 653
2950 424
1123 1083
3251 3450
3893 7528
4280 825
2621 5211
4183 8452
2928 6921
6596 6287
3516 821
8879 8179
5885 7779
5746 4082
8436 8332
6628 9139
9588 9499
8638 7555
7103 1797
5466 2486
3366 2264
5077 4047
5847 3191
650 2761
9370 4337
4760 1027
5172 2453
1407 6403
1763 5641
4942 179
6763 272
5780 2172
567 7092
8364 3678
8306 6236
9085 5794
9796 5864
8193 336
4778 3089
4973 8429
5660 402
4559 74
4078 7899
2881 9344
5250 2790
884 8733
9511 5179
5793 8709
8196 1571
3949 7680
3242 7514
3465 9602
531 9129
9945 721
2609 3134
1171 5189
7462 8043
1785 6549
7030 2059
8446 1592
3010 7558
9646 652
9298 8902
1451 8463
1512 9470
3485 6872
8310 402
7800 2968
9146 4288
724 5252
5896 7694
2952 2210
9018 8369
2580 4939
6893 4164
3628 2841
9103 4996
6620 8140
4121 510
955 3871
572 2251
9044 9340
1977 8400
1610 6628
1367 8171
8569 5797
2109 8138
4260 9210
2895 3210
1127 3046
6889 4126
2428 5594
2646 6569
6147 489
9971 6847
5106 7827
999 3104
8673 2513
8332 8910
3690 6797
6244 2811
7782 7784
9816 5700
2192 7322
6057 5271
2579 9709
3260 5394
5576 8576
4805 6843
4627 6906
5931 3405
2227 1584
8697 8715
6638 1055
1160 1021
9438 8344
8593 3788
5769 5167
6716 7694
7897 9959
5711 308
1208 1993
4807 2464
6314 1289
5688 4027
2280 2332
4710 2596
7942 1144
9849 5792
5577 9226
8776 5540
3542 8418
8181 8858
3456 8946
9964 8348
7520 9124
2043 4852
1454 4869
7115 6751
2552 8340
6859 7680
2494 7914
1633 7197
8534 1764
5658 9252
1289 3636
8886 947
1950 8008
3861 1081
8321 2663
516 1929
5495 8369
5420 389
9465 385
2272 3447
786 953
5099 2249
7748 9588
4172 4126
6646 897
6391 525
3501 5264
2023 5753
2053 5504
6679 8816
505 3993
8281 3930
8267 3332
8167 745
132 2852
3041 6621
7594 8479
1300 1926
3421 815
3630 4412
3945 7624
4982 1341
9526 5527
54 2379
6136 5591
8029 9325
8187 5418
6538 5587
213 1785
236 1230
9220 9354
5861 122
3738 4864
8788 8422
1530 9603
3584 3453
9423 2013
1874 9187
8390 7518
4431 2639
7026 469
2696 4828
6930 3272
7584 796
1597 257
4545 2284
8131 2462
4341 6055
1516 7857
1138 9000
9698 759
9868 7373
8253 340
4753 5198
54 104
3975 8134
4498 1828
8124 3337
4824 9038
7228 6028
8512 8545
7682 6664
4353 2637
785 5446
2191 2260
7448 4324
1413 3057
6585 4383
7375 7399
7724 7128
3729 7722
7651 2952
3383 7974
4326 1048
818 5594
2815 6945
8320 9601
8955 9696
1112 2352
5922 1314
7011 7952
6906 3592
8669 2644
9681 5221
2874 8467
525 8065
9757 6218
2134 2858
8191 6789
4794 322
7871 9175
4617 2074
4153 804
6808 514
202 2923
241 6200
3478 444
4753 4013
9353 8809
8019 7143
6310 5963
3311 5155
1600 1027
8575 5389
7207 5303
6984 5782
3980 8726
3345 3189
9118 2670
7954 2367
7897 4860
8128 4024
2307 4964
9880 5898
5860 7227
251 5394
6156 8517
8338 8836
7157 5006
4048 4568
168 8759
4955 5308
8170 5842
9236 7808
6719 8015
4878 3822
8926 1999
9328 2036
9178 8903
8020 1547
5942 6575
5256 5081
4583 463
5046 2741
690 9461
7251 264
8188 7120
308 3719
6697 8799
7190 3205
3848 5298
5819 4467
7398 9465
9062 5029
9873 9586
4297 4615
9323 5957
8651 512
4312 8679
7967 2962
3386 3948
3605 4559
8435 2118
5257 5851
7084 1057
8690 3173
2736 3499
1300 3681
7006 9507
9759 4707
5761 8097
7341 2719
2911 7248
5108 6698
20 9989
6287 6516
4719 6581
5931 2760
9699 4976
9104 5992
9284 2744
8493 8214
5517 7481
9095 2608
9817 881
9608 5195
9058 768
2949 6675
3039 3791
2059 8426
5200 9414
4164 1878
6225 1229
1395 3535
6198 1981
6820 7674
3417 3947
5323 4728
6785 4913
6304 1978
7628 8917
9737 679
8804 2533
4200 2258
2756 1574
3530 1818
1637 5319
1597 8346
6849 1078
2748 8192
973 5533
3446 5100
3887 8727
9823 7333
5890 8406
660 6261
4426 3951
3827 7350
7948 1111
7093 8257
8413 2334
6008 1597
579 208
3294 8353
156 7491
6467 1939
9889 8065
9100 7515
4917 9243
9339 8263
3549 5272
1044 9157
748 2541
7532 1368
6285 6100
1362 3031
5414 2613
4182 8699
116 7694
372 6035
459 1478
4960 71
1986 585
9671 2904
125 7241
1371 9112
3828 2845
1130 2382
9596 2306
7501 1019
9185 6760
1812 5338
2031 4937
8748 5250
2779 3918
9545 3629
3245 3137
6327 647
2136 5785
742 8376
2877 7952
4646 1608
8646 4034
3970 1374
882 2330
9265 6343
6208 4666
4046 5281
2303 9504
3020 5195
2377 3985
7244 7534
1996 3446
7427 2578
862 7187
6306 6617
8334 3810
5422 2937
2209 3890
8251 2087
9837 2041
1917 9983
949 1627
9581 1012
3761 8617
2808 1701
9437 4282
3015 6293
8612 1069
110 2371
8908 5437
1019 5592
6412 8675
8628 7168
7564 3592
3427 3495
6672 1522
9620 6229
4621 6517
2703 3586
1469 4334
7068 9491
1729 9542
4418 7193
1162 5952
911 8120
5257 7464
2019 5821
9436 5981
2372 3834
8577 2630
7435 2890
1504 3194
7258 4011
3936 6810
8823 3209
7102 7622
8612 5398
3421 349
4614 8531
6312 775
4740 1906
9632 1085
5586 4714
7679 4351
3986 9470
6324 2185
69 9977
5276 3855
1005 5449
4426 2023
8180 3847
586 4646
1345 964
3244 6352
5555 3442
4896 6218
6196 7904
862 618
8578 7399
620 9403
2244 7447
5586 637
3694 4599
2481 5327
3521 5706
7906 471
7729 1077
2428 9021
6857 5777
5189 7400
2236 6
9898 7270
5810 6208
7233 5373
2169 1330
634 4787
9398 9908
2645 639
5550 5736
3271 5058
7221 6519
3284 6134
7907 1773
574 9537
6660 5957
4316 6200
262 8727
3665 2746
9261 5321
2839 1159
4823 5278
973 3129
5446 2062
4746 7253
5157 4969
1949 2040
4943 4633
8823 1843
7776 2393
3693 725
8424 9307
6677 855
5228 3673
5575 5990
8029 465
6487 3616
3830 6979
3703 9865
8000 9795
8233 9001
9479 8596
835 8768
6236 8952
5181 8457
5148 2535
3423 4966
8376 5995
5887 8622
3948 2053
6470 8464
3760 7741
3353 8867
8578 9059
4311 1596
1837 6114
7988 4181
8255 898
3422 6798
7179 3928
2376 8466
2635 2431
4268 6165
4350 8678
5172 9367
2461 2757
3062 3159
2401 5572
3687 3696
9790 4985
4059 4084
294 771
5384 6415
2022 5413
4003 765
3016 1640
1794 7277
1863 2676
3489 6830
8443 10
1314 4963
7335 3149
874 3259
6832 4638
8828 252
1405 8659
8426 6390
7115 9004
3237 7929
776 7921
564 2596
6050 9543
5570 6649
5802 7292
5358 4368
6139 463
2814 8987
9559 8758
8164 3939
5843 419
5660 4687
845 2852
838 6084
6428 4870
2936 4257
4133 1021
7236 7152
6123 8267
7705 5285
2782 8989
6910 3772
6384 9336
5583 1566
5204 9363
7366 3856
8880 3864
1781 226
2551 5492
2880 3302
9268 8343
40 7297
673 5579
1254 6736
4115 7929
9065 931
7740 1101
8991 9990
6782 7465
488 8644
871 2262
7020 9064
8179 1571
7913 7071
4838 5625
963 1996
6666 441
2724 8086
3571 9317
9101 5542
1253 1554
179 5260
5439 3425
4604 9625
8252 8765
2170 8616
326 5746
6525 2381
9288 8248
4881 5396
4838 755
5023 8387
6214 1283
4824 1882
7262 7589
6527 3254
6082 4903
2407 6143
1005 7920
9348 2857
5099 1138
5134 8810
3478 8301
8652 7087
6246 4677
1548 4648
862 3175
8381 4294
6088 8704
857 174
3910 1391
7515 1866
4289 8059
2638 1673
984 267
5742 5174
6627 3323
587 7294
1011 7132
4834 6158
4055 4186
8694 8338
4304 7703
1850 6467
8271 364
1346 6529
3916 5588
9831 5433
3519 9594
563 8115
6637 7437
2502 4922
5080 1813
4850 1078
6082 8588
9184 999
5032 4308
9409 3584
4247 7924
3875 1535
4417 2774
613 3398
5040 1009
1599 1622
8771 2713
1197 1008
4872 8879
8991 7885
6643 7143
5325 5012
2037 7385
9970 1969
7215 3598
3798 1223
1607 9089
1384 5811
4377 5453
4561 1953
4461 6358
8035 3049
8760 1767
3674 9572
8188 4094
8545 8354
307 3917
9359 3917
3265 5841
5206 5465
5664 6248
5138 6995
8937 3620
3723 6874
1043 4598
6331 8519
923 1778
8306 3382
8562 1565
3020 5890
1707 5814
5518 7716
1410 2267
4803 6847
3263 7646
3120 3467
2113 52
7488 2901
3808 4461
3173 9716
8275 290
639 3368
7327 3727
5973 7708
3769 629
5857 3592
2640 3545
7587 8367
4159 1380
2001 9026
1275 4485
6948 8534
9818 4200
2543 3438
4397 490
4760 9379
7948 467
8835 5792
3837 9118
3022 7275
9725 6748
5484 305
7215 2954
5942 7276
5413 391
4587 5919
6697 3729
3940 9485
5565 1388
6915 6086
4415 5701
5349 776
674 4729
8649 4047
1861 2755
9326 4323
6150 7890
5379 7464
8865 4611
4554 8904
9374 6835
4161 4759
16 8578
1096 8769
2641 6515
8296 7951
8163 5194
4131 5794
9337 7123
4001 2738
7249 9060
9808 4927
1747 7140
2282 8637
8467 3742
5372 2131
3075 1955
6396 6855
3422 5821
7157 856
6766 2566
6386 2271
7822 3617
4281 1201
9220 1264
4076 5204
5 8139
2981 7864
2938 9881
5052 1495
5115 1086
7973 9663
8426 1128
2253 1878
8373 7577
3058 4703
4208 3653
8709 417
2334 3139
9145 2192
5568 8117
7903 6765
2852 6028
7174 3564
7480 6285
440 3121
3185 1663
7684 1186
2266 5291
6423 7595
5676 2804
1058 3255
7457 80
4048 4478
1048 9470
8139 9898
319 1809
3994 5795
8245 708
3982 4465
1952 3413
360 6988
689 6860
2864 2731
588 6493
3924 6675
1506 1733
9126 5727
3634 2207
8871 805
4981 6702
5987 5680
457 8393
3133 5502
9999 5597
8153 9595
2692 7048
6893 5609
544 8404
738 3378
4107 2865
5389 7017
975 2153
129 6576
8091 1490
1545 2834
878 8553
8156 1137
4025 4947
7077 4591
6931 4545
533 797
2254 2413
6133 8307
8332 3945
1292 5164
8125 1721
6674 3744
2715 2670
3302 5619
2938 4891
528 4417
49 4449
1872 4062
1949 1994
6103 9543
2895 4216
6697 6063
8785 8416
2079 5462
1451 1865
9719 8708
875 5166
6401 3231
3170 6515
5873 6545
6585 1054
5438 3329
242 7103
5825 5814
6203 7480
346 6724
7738 4048
8543 2887
1376 4169
5752 3203
8313 6545
7909 56
9749 8237
3276 1946
3474 2531
3915 3814
1187 7202
7326 5454
4563 7244
3550 3881
4498 1155
4555 6528
3854 61
8124 4433
3159 1455
7559 5633
7270 8952
7679 5997
2599 6609
867 8517
2348 5470
8762 2354
293 8011
2483 4557
9172 6174
7189 5546
8309 7720
811 412
3398 5958
4093 1589
1144 6201
1653 1943
4921 7894
5716 5626
9965 6589
6775 3514
249 8416
6464 1186
3115 8205
4952 17
2908 7410
5037 7967
1980 6216
2199 8506
7707 5733
5822 1938
1751 6835
1121 9788
2942 2620
5855 4736
8875 885
1593 647
6894 295
871 2634
4557 6822
1751 4708
236 8635
2575 7003
2563 6074
9093 1897
5492 7930
3969 8812
1509 7580
1064 2017
3784 7051
7136 9749
9867 4338
5732 3998
4674 7209
323 8502
154 5385
6950 7812
6342 2045
2125 4234
9274 2615
4832 3115
1924 3866
7706 588
4375 2185
6364 4945
6568 3513
4731 8568
6549 3783
8009 7815
3556 1354
8463 2357
3416 4352
9294 6242
2557 2028
4039 4099
1234 9439
8383 6473
8889 1018
5067 3193
2239 7457
2890 7836
7660 8204
1762 7313
1271 950
6121 5846
5356 5568
6063 416
3551 6464
7786 7553
1761 3184
6063 8685
1353 8355
7880 4034
7258 8253
5070 4075
9393 3890
5632 2958
3789 1479
8540 3651
6798 6274
5128 7352
1056 4710
6024 6407
9499 932
6895 6845
4909 2563
6520 4303
7773 4343
7812 5022
9652 5208
2211 7558
6251 1401
122 9378
7041 4701
4773 8373
1735 9992
4613 260
9341 9344
3739 2820
5054 7176
8697 9924
5617 4721
3471 7374
4161 2428
3815 8849
157 1086
6220 5781
2922 9068
6499 6100
9838 8398
9075 3555
5352 7736
6261 2310
6536 140
5231 9098
9690 5051
1662 946
2572 5644
5878 6952
2316 819
4721 3066
3014 7041
2132 7925
3549 8567
1754 2957
3168 3595
4644 7665
7843 7643
5283 1716
9613 1308
4642 1578
1830 2268
4017 6646
1309 6414
8014 2485
822 1429
4443 2077
6108 3314
6934 9019
9300 6836
199 8972
3195 9192
618 2647
530 7144
6552 9999
713 782
2256 7257
971 2836
2617 8685
2820 7926
1617 288
2951 9716
1947 4375
5970 851
5541 356
1379 4381
7603 2589
5412 7090
8452 9660
858 7217
9387 9419
4305 1369
4340 5737
4281 9879
3464 7052
5212 1393
1407 8641
6419 7574
7210 9969
6426 9625
8678 1338
2150 1987
5082 3933
8537 2473
4875 5079
3343 7179
1123 3244
8785 4643
3152 140
6385 56
7072 2720
9646 6764
9542 5760
8146 7607
8736 1746
9023 8957
2918 8696
2279 303
2718 1828
5291 5564
6804 1067
6491 5740
8638 8516
9445 7459
8923 8261
4966 9429
274 7190
3988 9185
7088 4707
9061 1474
6973 5442
9629 2088
2296 4511
4846 9374
4890 2386
1139 6946
977 979
7621 9001
8058 6746
7125 9991
8774 1847
7057 9938
1388 4892
2585 7220
1668 9199
3298 6952
8142 3895
8824 6452
6713 7457
7870 1316
2336 711
3063 6218
5180 4288
2350 3901
7344 1871
2860 4015
2075 8017
320 5096
2051 6078
4007 5910
6562 7387
4158 4485
2191 4685
6688 4160
7070 6546
4068 5007
1507 8059
8591 7442
1702 2989
3596 263
7945 5676
3546 7182
9627 4420
3661 2665
6358 5401
3707 2976
436 2181
280 8952
5711 6055
158 3999
2602 3483
428 6673
5489 5662
2988 2296
2901 5186
8344 418
8676 5206
5958 4544
6835 7096
1561 5752
7958 5343
5607 9192
7474 8752
7720 7928
6786 1801
6502 8363
945 5882
3188 3846
895 80
5118 6838
966 4129
4121 3716
9504 6670
7153 1423
9151 3029
7471 7264
6362 4229
1067 4259
2821 5861
9593 7278
3590 2490
1049 7729
706 1876
1903 6291
9987 2269
1581 3573
3921 960
5895 9343
8888 9422
7511 3447
8006 5528
8485 4498
6963 2131
9906 5140
7311 6763
5300 1009
1738 7892
5131 5663
9678 2607
8210 2336
142 3884
1314 8732
9436 3952
4198 6518
2150 1623
79 4155
876 8028
8127 3736
6165 6838
702 5779
976 7315
3940 8349
9359 6
6244 567
1859 2370
8392 1564
7579 1439
4566 1744
6264 5658
4499 6257
1989 1445
5541 7637
3940 8656
2431 6683
6769 358
6195 3458
6648 7991
4997 3131
7580 2572
453 5905
4606 4388
979 6202
5753 7941
2258 4525
7274 8464
5905 3844
3291 2417
4589 2740
1279 2527
9616 1303
9449 3667
1455 6597
3306 1133
6885 2727
7117 9487
3639 250
4350 2061
7391 3987
4604 8094
8307 4656
5387 5052
3137 2955
8047 6303
5658 42
3497 7340
1474 380
9015 9953
431 4640
3930 1765
3093 4459
4908 5486
824 6862
6611 9014
4617 2273
925 4454
2066 5707
3163 7988
554 2512
5840 6954
6881 1615
4188 3065
5407 6235
5701 9320
156 17
6533 8953
8012 9798
9770 6049
3150 5687
872 6350
3038 6837
8968 6331
4299 9289
302 4371
3801 7244
9357 154
2558 1382
9596 8017
3342 8854
5636 1300
3985 4558
4161 5269
2294 7748
1569 251
2952 9785
3056 4661
843 3868
5047 3582
4636 46
9825 2873
3968 4714
1428 4810
1044 7813
2537 5422
5235 5490
6765 575
3536 2791
8322 3533
6646 159
5499 8400
4464 4808
9240 5081
3540 5619
6405 3770
4056 1263
3692 4498
557 3086
8546 8296
6105 4740
2754 4183
8265 6153
9178 6093
3056 5999
2123 4603
7628 3164
5516 6684
8484 3137
1540 9675
3390 7011
2028 5635
6314 3155
7080 1237
5561 4313
6109 2281
3931 6076
368 3291
6334 8286
8532 1406
5156 7950
7491 4122
8488 8569
5141 8225
2235 5546
614 6090
6127 7466
9793 2242
3434 7098
3495 3001
3591 1854
7628 9448
4637 3520
4291 6553
935 3363
562 7428
570 9222
7614 8650
5763 4602
4662 5595
6377 1865
9345 3322
4677 8492
9252 1628
8301 3619
6372 4800
2025 9640
7810 564
3128 4330
4460 2207
2356 4297
9237 4753
2289 7401
3957 9984
1635 9075
1915 7130
9445 6257
1419 9527
497 4537
427 1898
2701 9483
4425 7291
3624 345
8812 3540
9697 5014
8979 6013
4591 2290
4858 9864
7198 2219
2244 904
9172 3027
7110 7337
3745 7923
3421 2907
3936 7758
1642 232
4310 1813
5168 6451
439 7083
5682 4199
634 569
5708 536
7632 6825
6081 5702
5441 3835
8551 1084
2935 100
8203 8164
6013 2469
479 6254
7992 1825
9265 4545
737 1093
6358 4488
9348 1440
6887 229
2819 9942
9212 3688
893 6370
9702 4084
4490 6506
6246 5392
9543 1937
4540 6277
8667 553
160 1423
1640 664
6328 4720
8914 2043
7695 3235
5522 7845
701 7297
8585 6286
1274 6422
8180 2722
7851 7916
6682 3128
4856 8686
528 5772
3793 8877
2539 6267
1805 116
6344 622
7522 6954
906 6695
113 2056
4639 6051
2835 7117
5905 4447
9209 1856
6579 5408
1756 6342
2713 8582
564 7896
7218 702
7231 4306
2194 8233
7216 6932
1841 4040
9820 4210
215 3173
2651 3524
9579 5926
3084 2010
5818 6295
5887 428
5185 736
7757 1764
7521 9811
4131 9003
3150 4135
2343 425
3860 475
612 2016
2714 4875
5800 1804
8292 6344
8606 5159
146 4592
5389 3399
7750 7177
3158 4125
7554 5996
1088 3482
8940 2170
4844 2638
3904 2318
4447 7597
6147 2190
6285 6250
7903 7142
2661 2231
4921 9713
1265 6762
2783 1201
5376 6598
6365 3033
965 5056
1844 2759
4283 4778
8370 3822
6875 9788
4245 2382
2764 2971
3479 4114
1777 3378
6358 1715
8529 6365
2665 8376
9273 3491
2678 4171
8336 8250
7534 3815
5161 5804
7132 2788
995 3905
5182 4645
9630 1784
4398 5605
9095 2848
3042 1137
3895 4984
2521 6895
1814 8071
4873 4138
6733 6374
5078 4671
9540 1951
4124 5069
7060 1887
5399 1662
6826 5831
3715 9630
1525 5241
302 2197
3087 170
6553 215
5192 1595
9924 4513
5096 2033
8644 8770
6698 3331
1364 6336
2597 4557
1976 968
5573 3723
675 9339
663 1598
2586 7080
1553 7154
6792 9121
1411 5021
561 5387
3172 8070
5573 565
4454 5435
4876 465
9184 4703
7727 6376
9521 1172
7270 206
1607 8916
4549 2935
9405 2847
3056 339
9130 5435
7582 83
3973 5907
7532 9072
7037 1923
8625 1020
9267 9918
6560 9764
4501 3822
7593 3671
386 2936
2415 8987
7500 1783
903 6835
8158 2263
2211 5651
900 9791
1145 5523
7364 7934
6405 5183
4550 2721
1737 9616
6946 4099
3809 5411
8550 6051
1219 7221
7734 5286
2224 3242
8422 5724
863 3999
4004 7785
9357 508
6993 9495
4575 5806
8817 4155
1148 6756
2598 1470
3596 5070
8144 8465
2504 2152
964 2255
4149 6087
6708 9220
6144 5858
8407 3734
9469 7370
299 1375
6470 5719
6734 752
4279 1776
254 6979
960 7176
4109 4525
4309 1041
1017 4679
8595 2705
3917 1179
321 2072
7560 8215
9624 8822
5149 474
1910 6913
3288 9908
6927 2672
1817 9040
2066 4076
8693 8021
9387 6842
1376 7545
5571 8042
5247 4144
8560 2476
8787 2709
1770 8330
1332 9122
3567 6662
3326 192
4964 119
9863 2927
2869 7631
6272 9572
8377 8474
311 6925
8409 4323
7618 3984
6009 5287
5423 1367
3203 1288
4633 8321
9748 9797
9609 4845
5373 9458
8732 1695
5579 2406
7819 1546
110 4649
5173 6505
9169 6831
2140 4621
6047 6203
847 7585
7010 9967
1472 8578
3460 380
6468 9923
8602 9870
243 2706
6701 552
3161 5265
879 913
2963 4260
4476 4738
4799 431
5936 5447
6872 8147
676 199
47 7203
2749 2410
2271 6166
3615 7705
4003 2731
749 5088
6125 2360
8528 9568
8776 3485
6681 2036
7842 7401
5095 9076
7107 6058
2176 8378
8526 5131
8442 5190
7402 6288
1137 9437
7832 7738
6025 4174
3696 8182
9401 1640
2792 3332
5958 1108
8065 6013
8149 7944
2635 1505
3164 5355
5913 2609
5772 9752
2892 4277
4281 9335
9780 6463
7933 2691
5781 9350
9814 3140
6315 2625
9576 6257
7155 91
9190 8099
5320 3240
9083 9057
8874 8302
3945 3315
1689 1787
669 6929
3603 3506
4537 8132
116 1730
602 2305
2334 3066
8735 2998
1362 9866
7078 2253
5926 8683
1710 2593
4808 3231
3670 2579
813 3818
4483 6679
7641 3881
2642 335
8262 8481
78 1060
5359 4750
4787 6369
5307 1245
9528 6520
2583 1528
8701 8052
6085 2488
3554 6324
6804 1844
5070 5417
7389 9546
6970 5846
1093 9746
9544 5044
4592 3322
9364 8424
758 4202
6144 8394
8453 7501
2424 6728
1231 5534
2199 9057
7620 2761
7148 6847
9069 6324
4770 5027
2408 281
6501 6434
6335 5809
1871 7031
9943 2664
6002 6067
3421 3969
7466 1161
3649 4221
6708 5976
97 7034
8644 9683
4986 6176
8355 9715
2419 9300
8914 4549
2670 3652
9973 9613
552 2176
1796 4524
715 4523
6024 8531
2537 8801
2295 9156
602 31
3884 2119
2099 3328
860 892
6896 5754
6312 7073
9354 4453
9243 1489
7411 6348
2442 2773
8277 3002
8846 8248
8885 4026
3072 1575
8064 4626
3802 6903
2899 669
9391 5719
3242 9214
9920 707
9296 9225
3232 8753
4964 869
2577 9362
3698 4521
9993 2829
70 6425
5365 457
3611 6662
4908 3283
3971 2031
9279 8516
9435 3867
7041 2976
5116 9718
8898 4806
7230 2636
7250 1985
5531 1005
3719 5263
7722 2172
8005 2330
4681 4797
6326 2948
7297 3394
3336 4711
5300 3071
6709 6919
1149 3690
2592 9852
8756 6698
6507 1065
913 2741
9395 9569
2085 6871
8497 9342
7216 9210
9867 1186
9577 8707
4721 9716
9900 278
8185 8049
3655 9967
1821 5298
9773 8490
9248 4125
8995 1994
4447 3675
5026 6291
6623 4409
3530 225
6617 9812
2399 8496
9566 4242
5963 1435
1974 8007
3395 5158
2353 5532
1095 3254
4273 8879
9544 3870
6725 6956
5522 9414
5902 3257
945 1995
46 3585
7113 9467
7311 3248
5165 838
541 4872
2606 7403
2633 3287
3002 9670
6790 8283
5189 3179
4792 8794
7713 164
6338 9803
5920 7530
866 5281
6247 4642
1784 2196
9509 3572
9041 5042
3700 3643
6913 4226
7043 8619
3464 581
7599 7270
8879 7695
8644 3521
1308 8977
5905 8559
1208 9640
3672 7779
923 6856
2786 3296
7017 150
1049 5691
7711 6495
9246 9056
3434 7255
9426 8586
982 4694
7392 4315
5726 2578
8668 2555
3931 2994
7274 2906
3320 5432
7260 6556
2482 4888
6035 4119
2683 1300
624 2146
2003 3838
1356 3748
8526 9259
6149 862
2352 8904
4306 6284
9428 3462
2676 1396
4132 2399
4718 1122
4595 6044
7756 91
3662 6934
9707 4690
9192 865
1404 2569
9725 5725
8536 3714
6983 7315
7390 3718
1482 4699
602 4727
8222 7294
3474 4124
9695 5971
285 3832
5933 85
5267 3116
5614 9746
8811 9380
8184 2924
3458 2192
2727 1337
1695 2236
544 3588
6458 1972
9976 2883
7811 9769
7692 7055
1910 9980
7816 7247
841 6957
1196 6024
1737 6395
6854 8414
1893 9247
7264 5273
4821 8805
5758 3678
7289 5916
4319 2867
9246 7645
605 2523
262 9758
9158 462
3451 706
7769 8391
8872 710
2931 3022
86 9729
4399 9691
3101 52
3498 4766
9003 3176
9653 7750
9046 4485
3263 8126
1884 900
8475 1657
4927 6088
7797 7178
1534 6836
4986 8355
7989 7745
296 1233
8610 7617
1256 2967
8751 736
1457 9907
9744 9289
8797 9263
1301 380
224 2318
962 4738
2516 6383
3107 7966
6824 2117
1516 5144
6156 7135
3395 9064
7417 1972
9839 8285
877 8968
4571 5694
113 2343
1046 1449
1189 3687
9913 5906
8441 1437
1103 7378
9508 1905
2765 8308
587 5131
5012 4068
3564 9234
2849 6205
1944 2486
8966 4706
8246 8006
2872 3995
205 5298
6503 9702
1990 4949
6536 1605
8153 2377
5141 363
4119 1673
5664 6828
1152 1670
6972 2264
9686 505
700 760
5777 1078
8862 914
1617 6733
4598 8332
564 5911
6974 4762
3775 2914
3541 624
9556 8734
6103 3240
1220 9916
5822 7243
8620 6623
525 1707
4741 8693
286 4755
2017 1100
754 8604
3401 7107
8637 4702
5749 833
8982 5205
1782 1665
5912 9144
7882 5408
7049 5288
2482 4887
4203 5180
2401 6833
9046 4105
1243 5033
8019 2216
4380 8193
6790 3977
7652 7509
6932 1295
4579 4474
5422 1710
6646 9932
5531 8336
959 9827
4393 1354
5414 4355
551 4475
9505 2686
7734 6792
3365 4067
8520 1187
1671 8695
1132 3841
1330 6760
5996 9185
766 6923
3397 6421
2769 7804
6575 8888
3969 9997
5085 9629
3620 797
6841 5048
6363 5735
96 4498
4647 1739
5343 3283
4624 9273
1776 7196
5986 8413
3950 4132
8209 1186
1656 5656
8107 8775
9614 2547
6073 3034
6694 3511
3827 2950
925 4887
1030 4024
6507 4455
8992 5589
4250 7459
4667 9070
3518 5312
7165 9470
9858 2105
7638 1269
5943 9280
4077 5609
1656 6011
5708 7045
9004 8860
991 2285
1356 3229
803 5765
3689 497
9662 3945
5185 799
2548 3653
6623 8041
257 2084
4758 7693
8728 8850
1213 6270
5357 3168
1846 1075
7909 1426
8311 2468
5942 1649
5379 9873
6427 1808
1775 3967
4327 6578
6699 1094
8225 3635
364 9814
7878 1047
7150 2335
4297 8873
4281 9569
9408 5150
7158 1863
5795 5651
486 198
5084 692
3760 1554
7864 422
8139 6657
7788 5756
1812 3611
7275 7622
2263 8586
6088 2154
9104 8159
8184 7645
8815 7484
4484 1047
4237 3295
1745 8875
9850 1083
1665 6640
2984 9840
4460 7425
8915 8666
1766 1410
5948 7760
3500 3784
7001 5997
7555 2787
2121 4607
9449 215
9178 5028
2835 2928
4485 6968
3345 3397
161 7498
5705 8604
9953 5844
8800 7907
1739 5719
8163 2498
7316 4547
399 5649
4737 1123
741 9878
9695 7585
8411 3833
252 7080
2276 8517
2177 6024
979 3079
3494 6520
434 1575
7699 3231
2662 5690
6091 1940
1765 9305
4228 7544
6525 3563
3711 1597
7305 5235
5055 283
5834 5643
4883 2842
7701 2480
4129 6863
4708 2694
1826 6707
2274 2524
620 6559
9609 4511
6414 3806
5274 3899
3179 4681
7573 7786
5189 9797
3327 6872
4564 2421
993 1310
9309 8020
5046 6428
751 9900
508 4468
9117 7089
7620 9477
6089 6485
3273 8580
7653 3777
4876 5115
2573 3303
2046 6769
3842 436
9903 239
8713 5217
3963 5357
7014 5125
4285 117
9399 4107
3151 7295
7908 1112
7657 1583
9580 3691
2030 8936
2400 3622
6701 4017
3042 6234
975 6910
4751 297
4524 6947
4141 3742
9008 5182
5729 9135
1624 6361
5667 7210
1626 2395
8526 6963
3179 5919
7599 5749
2159 4585
3635 4580
5312 4170
5186 1803
951 1864
5723 3149
5407 784
5804 6931
4526 1166
7641 5752
4181 712
9016 7162
679 2869
2360 6291
7999 4933
6138 111
639 4899
8068 6922
9095 9203
8819 2476
6990 1793
86 4984
8935 1168
876 9106
4245 9904
2142 7878
5774 6607
3152 7849
7378 61
185 5827
6493 599
6067 4468
7647 6586
4304 8504
2726 9608
3745 8624
9699 5484
4590 9435
1144 4552
9542 4631
8982 4863
8465 3888
4500 2451
2503 1306
3542 3794
6087 4485
1586 6462
7371 9356
1812 6901
9051 2730
8742 2472
9095 9365
1344 4369
1880 9084
8020 2270
5696 8974
3891 758
2127 9274
7286 2463
4317 6969
6726 7696
9783 8961
9853 5295
7140 4573
798 4078
7768 1164
332 1295
6381 8466
2895 1025
6861 2332
8781 1542
5460 8943
1987 8529
3131 7376
5483 2453
2225 1289
8741 2202
6395 3786
8758 7346
4103 6909
4293 6629
803 9751
7540 6033
8707 5637
7339 2509
4215 1498
2566 2984
7684 1308
7433 2339
8250 2731
5460 1638
5540 2603
2481 7652
2885 5393
1769 3806
4792 2257
3857 7614
8469 7467
5490 8583
1903 5174
7464 4609
9633 4039
5135 7524
4578 5600
9947 3141
4835 8810
8233 5357
3130 323
571 5463
2568 778
3874 9225
5214 8799
8804 8329
8236 3085
8959 1729
2395 8251
589 1696
1122 6488
862 6913
9818 9997
6557 1099
6399 1952
1825 6239
1854 6300
2042 8528
1406 769
3658 2595
3831 4653
7530 2088
6707 2712
2191 5436
5339 1071
1662 1794
2147 4637
9162 8460
4450 7060
8985 6652
4949 5847
2920 3585
4775 2816
4464 8031
8534 6568
9972 3939
8015 8447
9673 6167
3642 3177
4899 5565
9926 5124
5453 5437
6105 2866
9225 1160
2298 508
2434 7448
8379 1661
3060 8195
3450 9856
5224 5453
2013 1514
579 1766
1389 7143
4070 8969
701 2169
8859 1900
9835 1059
4452 342
1116 8114
3026 6190
6486 6656
1941 1702
3008 4446
1831 2249
7916 1699
1271 7931
777 3296
4700 7584
3459 4147
8123 7848
6586 9018
728 6617
9263 7956
3276 2549
4858 2580
3051 2313
2362 2083
8824 7974
9625 40
3379 8928
1049 5429
8217 5858
5607 8444
1447 9567
4453 347
7272 4666
206 9368
8124 2300
7822 1976
7546 9085
6096 6542
9605 3476
7418 8102
8565 6450
5928 2478
3153 2565
4330 1752
877 5035
3903 3715
1529 4267
3843 9047
2287 2093
6649 9392
5986 1512
2834 7823
1588 179
6359 6586
6763 4176
2681 4747
639 6413
4194 3731
7811 5017
5663 4436
8537 5186
5947 1636
8510 3459
7245 8155
7177 7772
4133 3176
3154 7930
1 8041
5145 2764
5602 5069
3028 587
1306 6030
6011 4505
7061 1025
3185 5991
9975 8938
862 723
6675 7727
1141 8970
7192 5959
6226 9478
1135 761
6453 1506
6493 3173
4603 4296
3539 2457
599 2461
7398 4883
6204 1186
6274 2936
1400 597
497 1298
6378 7673
8369 4695
1956 4886
1182 8388
5924 6854
6887 8502
8065 7489
9143 4332
6547 5297
168 1043
2621 5148
9472 4670
440 1905
823 2582
3623 8551
3380 3007
1199 5660
4655 6735
5599 9907
6695 676
2064 5432
6016 4929
1961 5708
4320 4825
6541 4570
7595 146
7353 1316
9664 7955
954 9399
9590 2029
2239 6348
1284 2015
9212 1876
2375 5550
1515 8106
9772 2902
3415 4393
8356 5485
5873 9797
1669 769
6126 3198
7286 6338
3898 5798
5053 3716
5050 5495
5451 4585
3001 7113
5961 2386
6029 6399
7997 9167
2592 9912
4119 7210
6722 7412
782 7765
1995 6398
1117 2006
5018 7001
4995 848
2801 7599
3392 875
4119 4861
8116 7540
9887 2731
1718 2990
6372 2173
6973 3823
7721 4864
4389 8073
7719 5746
8465 8143
9864 382
683 2328
7129 9216
513 1820
2721 7788
1641 8677
1632 9058
5848 4817
1135 3348
1454 5249
2318 9250
4478 2042
7303 8906
7745 8533
5999 6709
358 9208
2275 4622
6648 7404
8270 9840
5460 4806
920 4299
9333 5891
7454 5271
5792 7676
9583 7091
9132 3840
8438 7289
3850 9263
6907 2011
8421 9468
9745 4502
7851 2012
4139 3723
5677 92
2499 2556
4773 1595
8492 8141
7996 1887
3138 1794
9418 5996
8668 6513
1373 8856
9322 5001
3157 1551
7362 9495
3031 4233
6420 4244
5092 8346
6852 3231
543 9355
8490 9963
1694 2615
2211 9115
527 1999
6312 7513
973 4984
2372 4889
3067 4517
5469 4811
376 2631
9817 1665
7556 1865
6891 8799
9645 944
2166 2352
6161 6377
6229 7698
9975 8272
1543 9997
1791 7532
291 6176
7644 1779
8463 559
1016 5682
2225 7843
9910 983
9909 8079
9473 4278
5551 445
7837 7035
4987 857
2487 6421
5615 1812
5323 2250
5832 22
4552 9881
9799 1931
9914 6291
1251 6972
8128 1272
9770 2892
2936 7711
3405 5469
7731 4443
3343 7061
8255 8797
5429 216
3594 5558
6884 5350
6735 8799
6405 7053
8184 4876
1899 1512
4956 2576
589 7149
9816 8018
4773 8996
2040 6676
9211 9433
6196 3733
3785 1041
2 9393
5056 8852
3360 5971
4905 136
214 5313
9184 6362
678 1951
9850 3330
5929 7571
8140 742
8088 1650
9563 6947
6637 250
2942 6053
3625 6597
8945 2140
6745 9633
2837 4518
8657 575
3114 9186
2654 9580
819 3671
2973 1043
2438 2553
4908 1374
7858 7711
5113 6341
411 1924
4880 3233
425 1644
2345 5755
1277 6368
6534 5079
3289 2659
5052 2981
720 8208
8344 7631
239 6469
3392 630
2784 3373
1382 864
155 8667
8897 3433
4698 3357
6018 6380
7480 2120
1430 3213
8544 3665
8919 4765
6243 1759
2233 2974
2226 4409
7451 2003
4711 4654
6835 1827
1848 189
2118 4385
1532 7178
949 2365
7718 7366
3503 4151
2448 4072
8119 9322
5032 3218
9663 5521
4782 5328
6049 4186
6863 2277
5744 4103
5679 2110
2740 7934
5662 2406
3145 3113
8141 2550
8489 7463
5744 8974
7456 4699
1257 522
4316 9258
5018 6216
6637 7039
1209 3366
4536 5867
2743 6170
8617 8138
9541 5770
583 5786
3527 320
7533 7094
4201 7893
6759 8029
2989 471
5473 1200
2944 8474
3112 6399
9898 9122
8918 9280
761 9845
3580 2199
6158 6974
5654 9382
6223 869
7108 9168
5756 6497
1937 419
2712 5435
254 6829
7584 6546
6779 5242
9442 9226
9446 4795
3905 4032
5640 5258
8708 5498
897 4544
5500 3211
1315 3220
3736 7866
2631 3487
5135 4745
8445 4560
2443 7445
8674 2552
4049 1068
6162 8868
278 3909
1477 4745
4702 9231
1505 8887
566 760
1653 1842
7115 8922
4461 7833
7832 113
7071 1173
5252 8993
2146 2915
877 7226
6779 1685
9890 3382
2434 1227
2365 2990
8415 2221
553 1436
5027 9418
106 5214
3721 2885
9598 1918
397 7997
9486 7822
2302 313
143 3665
1348 7313
3046 6973
2729 7065
851 8419
2952 9422
3555 8113
9091 2828
6317 1497
6854 1287
7015 2643
7506 5791
7056 8872
5182 8143
4930 8976
774 7886
8026 33
6299 5352
3514 6065
1682 6708
9705 6629
8867 2472
4678 3109
7824 1558
712 1852
2877 4914
5255 8981
9385 9962
9385 5554
3900 764
2058 1000
1424 5368
3035 1864
5507 6603
2477 1588
1950 4672
1356 1599
8085 3261
2194 8243
715 3636
9476 352
3548 4935
2873 5333
4259 4444
4914 3190
2459 3956
443 9480
3881 4168
7563 7039
7504 6548
4032 8612
8653 1316
6713 6579
6564 7006
3927 9954
2653 7644
7488 3140
7834 9894
3573 6686
1948 732
5846 3885
2630 4070
350 6096
5605 4570
729 8244
4366 9188
6630 9660
4128 8644
8902 2401
5217 8245
2727 8291
9451 1651
7650 3568
7075 9195
3113 3233
921 6710
717 926
1765 3654
8889 5273
2336 2440
5047 6789
6639 5351
6895 3643
5740 7943
9535 7363
3318 8849
8870 1120
7372 5468
4248 373
3541 5982
4465 2091
9255 9095
3765 7464
5172 9366
4709 665
3173 2936
7204 5302
9408 4549
583 8987
6188 4091
4347 4819
9755 3389
9270 7458
8188 5193
506 9307
6335 888
6613 2535
4351 6253
4777 9699
9484 2500
9222 3524
817 1634
2770 417
454 6964
7592 4397
5916 9912
2881 468
1344 7993
9530 4620
9677 1203
4986 8166
3732 6474
5767 3832
3212 8848
2009 7525
1983 5457
3224 2557
8946 4437
7125 5109
1125 6120
9597 4332
3487 5701
7949 9846
3127 5549
6264 3297
9455 4464
243 4627
206 3294
4338 1310
9002 7395
6363 1502
4638 1651
6853 9651
8094 5186
3668 9343
8627 2210
5342 1954
6159 4069
3973 88
9861 1663
6621 3208
1563 9033
8970 9958
1521 8197
3874 4035
9380 4324
50 4553
484 1522
2176 8074
979 441
5886 9099
2651 6614
8343 9851
8269 5106
2925 3139
8391 7965
7190 4519
5394 7968
2825 5874
6163 1794
4588 5066
4892 6290
7008 5549
6143 8350
3931 8976
8337 9906
2510 3984
5000 9609
1655 3992
3912 1253
9302 6790
7258 5315
2590 9172
3971 9842
7300 5011
9207 3067
3091 156
2328 1911
6752 2804
5095 3165
7425 5336
4621 5752
6937 4360
4175 714
2478 2750
4104 7806
5687 6515
3005 6195
541 8443
340 6744
2827 5752
5452 426
7179 8590
2098 4584
791 9562
6438 940
6878 8150
2743 3402
1532 7438
384 8517
1487 9452
272 3845
2966 3270
6249 9251
6025 6076
5183 5639
5236 9203
4362 7194
5049 5951
7846 1391
4668 6007
6072 8661
7602 5016
8494 3704
4259 990
4968 5147
4415 3336
2331 266
8800 4481
6366 4972
9098 417
3143 6059
1074 9656
3602 5945
2705 7336
6373 8136
5554 7049
4994 4201
9673 9141
6354 1342
171 8390
8963 4029
4059 6248
4503 4185
6914 4851
1693 1266
6725 4451
3229 3661
6433 4690
28 4388
9963 825
1050 430
913 435
7086 8188
3775 726
9094 4502
6285 2931
6829 2516
1793 4508
3351 145
7599 2753
6100 6598
6632 5332
4281 544
62 3092
7222 1678
5320 9707
8052 3296
139 1006
9826 7906
4562 112
831 9111
3532 9894
9654 9904
426 4286
4455 854
9536 1438
3641 5630
5278 2850
4370 555
3184 3216
6963 5470
9588 6773
6156 2369
7650 1221
3798 1408
8955 1530
3709 6417
5905 1084
6544 358
6525 3552
4870 3476
6630 6593
5151 745
876 8605
3545 8025
9917 8912
8980 7010
7331 9347
4068 3275
7572 9582
8634 7481
9124 8826
3247 2330
2439 3887
4912 9065
8644 5742
1206 278
4502 396
7149 7050
1884 5709
2454 871
5855 2431
6091 7660
1145 6164
9341 1606
7771 8592
9728 1714
3283 4021
1707 2232
1076 3670
6161 6454
3767 6375
8303 9585
6322 1013
9172 9010
1518 6867
3050 8432
20 3736
1204 7859
7464 5025
9780 5938
4129 7955
9219 476
7089 7936
647 4764
9696 4574
8472 2042
4487 9187
3243 7868
1127 8257
8638 6334
9432 8864
8472 9776
2628 8101
9787 2735
3605 1970
3596 6236
9549 3439
6922 6235
3143 2806
7444 583
6449 9656
9936 4347
7205 8218
4152 721
5376 9577
6249 3421
4586 9804
3483 8633
5110 3354
7886 3827
8999 5199
5260 8978
6798 9354
9912 5978
259 1972
2408 8664
6406 494
6271 3286
3942 8655
7766 3342
6619 5759
6690 4080
2018 4168
1590 190
1596 7904
5346 4647
6763 6104
2244 5170
6088 6812
2615 7905
1876 6635
7979 519
8008 3192
1899 5449
1815 5164
8655 5116
6035 8376
8357 3795
3621 3997
388 9952
7806 4746
3221 984
619 6887
6976 6390
5081 7019
7366 2621
7835 8987
4696 2441
2919 5939
978 1365
6212 5502
4663 1957
9027 3147
6336 1087
3199 2403
3856 9086
1460 4685
9586 1386
892 4719
7766 9045
6852 999
2462 9587
3982 1824
4493 3595
9796 7198
6618 3182
4361 3244
1995 1646
4512 1239
6731 3447
9179 3282
5106 8066
901 322
3606 8696
3271 8163
1817 5213
8139 6647
3813 9674
2245 5141
8753 9094
8257 1004
739 3265
5933 251
2060 1676
4044 6548
281 3534
797 950
5944 8142
5456 842
8800 3368
8307 4365
7996 7731
6646 4394
1425 8658
7541 7915
573 5722
239 249
4935 6721
6323 7290
7066 8018
2775 5512
3377 2726
42 318
618 9417
4743 778
3337 8467
119 1779
2606 7716
4300 496
1205 1338
4622 6327
7080 9437
4948 3841
4744 2204
6390 5189
6944 6641
3661 6081
6093 1807
8980 9199
6357 239
2745 9679
1259 4203
6192 472
2368 8803
1959 8989
5153 8477
8181 2049
5387 4985
2523 2185
431 5263
3938 2584
9571 2549
1037 266
237 2068
6875 6720
9252 5136
2460 288
7480 5215
398 1919
3660 7161
6016 8384
2589 4007
3474 4749
979 6630
2193 869
6667 8548
5825 1625
8374 3967
7203 2433
9084 6419
281 9221
7294 7261
184 1321
2746 7870
2169 9198
4943 7982
4513 1807
9135 9652
9100 5118
936 8568
3612 1694
2669 588
3607 853
7137 5972
216 1787
1068 6430
707 3865
2121 8886
75 1518
9347 93
3808 9236
8844 1612
9310 9360
1323 9919
2362 3126
8848 2535
9562 4468
7382 6923
7899 1862
5498 1031
9465 7561
5938 2762
6675 8878
6359 6028
5589 4422
8301 5767
8295 6364
281 6647
2896 2518
8773 65
1256 8021
1158 5246
589 9852
8726 801
3165 7495
6479 3295
9716 1849
1373 6578
1976 7729
5129 6137
3751 6421
606 9004
4343 3884
1426 9788
1023 4045
7313 7389
9462 2697
1694 4391
3990 1226
4173 5011
7757 4257
732 797
5297 9524
6606 5243
7845 6497
9776 3552
8138 4876
9535 2351
8692 5353
7843 6392
7737 3382
4873 16
413 2704
6188 8959
4474 4972
4926 97
7837 6855
8208 2578
9866 5455
4874 5679
3180 5090
6955 7191
9218 5941
757 372
9376 4927
8456 703
4634 2944
5063 1580
8680 8256
3196 1433
2960 1430
3886 5621
2150 7271
6827 1690
3765 7699
5374 908
2162 1622
3589 3168
9779 5533
7423 3025
2415 2045
1998 1041
9368 4462
8193 3196
6501 9333
8664 571
7469 8461
9199 2141
9332 2337
2199 6390
315 3377
5448 1810
7480 47
2336 5411
3183 1816
8195 6447
381 4381
74 9063
2417 3579
1199 9936
7289 2040
8730 9909
6461 6756
8297 829
7395 7599
9405 7910
8682 2491
6835 135
2447 508
8970 727
2205 6973
4979 6753
5484 7468
845 1908
2352 2960
7297 2055
7764 6499
3802 6327
8773 4565
5393 3475
635 710
6558 4591
1105 8528
8351 5694
2642 6212
3576 1604
283 2634
9937 8302
2298 6568
4939 1483
2674 5398
9715 6779
2438 9753
8617 6535
1065 5333
9120 4418
6768 2805
10000 5015
2508 6790
7202 2574
2925 6200
3409 1157
3284 7493
5557 3050
9903 8429
7698 3791
5524 741
3786 5848
7150 8421
3581 7852
5037 9866
6318 3220
549 7125
3078 3999
3522 8179
4354 9083
5343 3041
3526 9636
4972 859
1697 7740
2754 8303
2626 3168
8839 1194
813 7703
762 2190
3333 5832
25 54
405 7238
3530 670
9059 723
4434 1556
1370 343
3118 8287
8272 6517
6789 9569
9097 4800
5167 1755
2445 8693
2195 8801
7416 4240
5118 2023
3631 8876
1233 1517
6958 5951
8859 4037
925 1057
2669 3779
4587 202
183 9820
5107 2819
8230 3574
2855 5039
1754 6273
3044 9622
7130 1229
1303 3570
2636 9354
6195 4268
8391 9615
3989 6157
6348 9811
7713 2732
9978 1000
2191 407
7664 8138
3127 2851
1485 414
6609 2550
3606 1033
7642 6249
8895 667
5159 5294
7253 4956
6305 4082
7679 2289
5557 6966
1789 3580
7181 8747
995 2055
9860 4083
4318 2217
2683 2523
498 6285
9831 2788
3431 2310
3199 2724
9422 5268
3392 2669
3932 153
897 3771
4275 9210
6045 1647
7636 1784
4413 3726
3800 4946
9819 6938
4354 6435
6490 6844
7208 153
3212 192
4608 4680
4197 215
387 7491
365 5135
2594 4151
6910 5869
7527 8294
3600 1185
6152 316
220 6346
7742 27
6802 1253
6169 8801
4253 8793
6824 9999
831 4136
2921 1829
1468 7930
6548 8913
8641 5034
7008 3661
996 6859
3878 9257
1680 6316
8391 6135
7927 1603
8013 7461
1644 2923
9738 2386
8317 7794
4946 1538
389 4149
6573 5651
6628 2488
2988 1376
3747 8357
8243 5373
6719 7290
701 8920
1559 4200
8331 5864
7635 4872
3135 8016
538 9493
5602 3397
5429 8312
3367 4292
6461 5129
9480 9416
3937 6388
5608 7474
8569 853
7750 1726
9812 1236
9319 6517
197 1711
4329 658
8339 1302
3513 7389
734 4041
1873 1854
3136 8038
959 2422
1970 5283
7440 699
3133 8142
5000 1831
1108 5253
7313 257
3552 4435
5947 4984
7327 1874
5593 8089
7039 1775
138 7335
6960 1777
4313 2390
6876 771
6361 9299
5033 8319
8946 3856
6421 9322
9110 9974
3223 6608
1087 1997
6648 7619
2974 516
6571 3005
1819 6045
6950 2260
3918 8404
5330 989
4692 2309
4882 2186
2012 975
4368 8213
5330 4685
7460 2577
9149 4657
561 2771
6856 4932
5117 2702
4167 6082
546 3577
711 7266
4619 6303
1598 9278
3781 968
982 1609
2548 968
1179 2242
2739 9886
2290 1621
517 1771
6284 276
4008 6341
5408 2262
9527 2411
2182 9367
9562 8045
4304 686
2755 8701
345 3226
6056 3407
9321 1541
8977 4340
205 5973
9307 1777
6759 2547
5840 1562
3895 3134
2960 957
1038 4024
8143 8615
9559 3012
7232 4481
4649 2813
9312 4541
9224 9322
182 2459
5814 953
701 470
6126 27
13 9748
6858 7084
8892 4549
1442 3886
1747 5931
6064 5676
4074 9928
8395 6173
3592 3535
1109 2391
2898 9433
3890 6554
8178 6726
4162 7200
5216 5202
3792 4636
6341 5454
4268 2069
4942 6416
9011 8837
3252 8002
5372 3047
210 5770
9139 6432
4420 151
6813 6391
9398 2352
3786 9517
8264 8277
5004 2925
8949 6812
3495 5945
4328 2988
2482 1223
7903 7502
8119 5268
1856 7473
5678 224
2294 8886
2395 9326
1439 136
165 1284
4120 6635
2443 9717
4737 8414
1379 3909
3468 4863
901 5097
897 3160
3536 8500
9767 314
2982 6139
8896 38
168 5606
4874 161
2151 8979
4621 550
7424 4747
4659 8483
4851 855
8831 2252
4290 983
4385 4784
8968 6416
3237 4180
3598 3533
2579 4204
7566 4883
1140 8899
1372 3539
6134 627
8948 8147
2294 8789
7737 3479
7846 3635
5536 6339
6938 3563
7142 5247
3737 2652
6257 8085
6579 7919
3645 513
8768 2171
2528 3153
665 6045
9980 9845
878 3463
5140 1876
1482 8570
8730 3482
6557 1859
8180 9162
6349 235
9343 4732
2432 8743
7867 3541
3570 7059
6335 4683
3103 9900
9135 8727
5311 7345
6555 5644
295 5373
5466 8697
5097 2097
8424 9048
3192 689
7323 7535
8898 3722
9430 2077
9116 8873
5167 2208
5579 9198
9127 5963
7047 878
7712 8804
7879 7506
3400 9315
270 2440
1574 7114
3273 118
503 9998
1554 9040
4303 6175
3627 4748
8788 9957
1217 1115
1322 101
6028 7941
17 2011
6981 891
8838 2437
1252 9085
2323 6679
1438 3153
3134 4193
4180 9817
7484 7263
3731 7928
693 4589
2053 1686
565 1631
5978 5718
3150 8389
832 1657
6343 743
2376 1387
3131 68
543 9824
5507 8649
7720 7820
5272 1749
9689 8583
6178 6352
9553 5543
7760 5847
2323 3982
1115 960
7341 4650
1952 7173
798 6541
4053 6824
9233 8976
3028 8037
4700 1094
2950 1930
6974 5843
4587 2982
1200 8488
2238 2590
2751 2876
2593 3205
6579 487
2949 3176
1589 4332
481 743
4330 6550
8388 6870
7395 7259
5643 2400
5675 9444
6808 4438
4947 5691
9820 2008
6933 604
7976 6215
8730 3596
566 6102
7459 2131
7070 3677
6240 7530
4569 1351
517 9839
2184 4997
5527 2139
8052 5000
1844 8607
6574 2918
3415 6460
7080 2869
8331 5771
4499 5416
4616 6958
4900 2757
7492 6228
6386 9086
8393 8797
5266 5531
4296 380
9643 9955
6809 3346
5315 5215
9544 6682
227 5022
3765 9121
7183 4874
2604 6378
7440 900
2939 3603
6209 7874
1210 337
4342 2756
9146 8643
9796 8805
4775 505
8497 3721
5309 5729
5852 3636
9800 733
2136 2510
4812 2852
2061 4480
3475 8163
6840 2409
7396 6099
3083 3444
1471 4290
7080 2131
1297 8554
1629 4632
4683 2390
2803 4282
8688 3938
3840 1370
3612 9143
1253 4314
6799 9368
4114 8642
4656 5404
7426 1837
9159 5536
9879 6555
5211 2485
7921 3395
5364 405
2701 6902
8709 9897
156 5006
6039 9901
2400 6459
9611 733
8743 1037
105 9488
3653 9848
6975 2598
2387 9694
74 266
4512 3286
6798 4927
4926 117
8686 3793
9167 878
1272 6284
3437 1727
6560 7218
3216 7717
4443 5843
7547 9248
8868 5513
3957 5467
6456 1256
4143 8575
9577 4258
1444 1255
636 276
8127 4928
805 8133
4880 8011
3049 8903
6816 4319
8619 3989
6617 1010
7098 3708
7015 2365
6664 7628
9976 1846
7417 8136
8333 9302
4690 6524
3729 3500
903 8080
1159 4484
4640 76
129 5273
3417 412
3509 5984
9034 5312
3420 7011
3850 2185
5217 8226
7117 8760
7504 7033
6099 6626
761 2110
5297 9649
6051 5125
9501 8304
9032 4817
5839 1920
9300 7003
7549 2701
3500 1692
8764 2764
3339 6030
388 9672
597 2350
155 6387
6766 5153
5257 5250
1620 2865
1928 8330
9826 7879
1876 2732
9456 4585
5170 9128
7634 6004
9488 1750
8935 5355
8512 618
1398 118
9316 7745
2745 8734
9857 8840
357 8523
6908 1274
7128 4100
2252 2079
878 5284
3510 3997
2161 8490
2601 6222
936 895
8239 6883
8376 2941
8234 5929
888 628
3931 8102
1463 5732
4577 1796
8787 8623
7134 2294
2399 3699
7886 1367
3309 4618
1734 308
3288 9562
1727 8331
9963 8213
5677 2732
8070 336
6036 779
3807 9174
5206 1275
8795 7464
8199 4964
484 1369
2678 452
6340 3676
5197 6727
2302 3741
2298 4232
7973 4657
7398 2077
3304 5321
7952 2364
1372 444
4275 6354
8152 1992
2576 8937
285 1459
1849 6782
4004 5767
4126 539
5855 4678
684 430
3162 5368
3878 4216
6795 5514
6280 6458
3517 2088
9906 9804
8614 8966
2464 4306
6186 53
9607 9798
9526 2291
3313 8716
4315 6526
1849 5682
3496 9443
1719 2835
4080 3269
1098 7517
5144 2661
7840 1099
4319 2122
7844 2367
8655 3764
7505 5154
2089 4732
6045 5896
2827 8813
4816 7531
9258 8000
5374 4701
9883 6252
5199 9291
6767 7668
8203 9617
4527 5874
6584 1708
6236 8391
2085 9288
9515 8594
5407 752
5911 2346
3788 8840
8461 6372
8487 5232
1880 6652
6393 961
2499 3988
8819 6590
4387 9046
8851 5129
4527 3832
8879 6727
5283 8200
7467 2862
7393 697
3729 4703
1911 8836
6105 5578
2782 8710
496 6478
2876 7180
9872 649
1487 4029
5970 2154
1215 8777
2598 1988
3266 5972
8855 8390
121 9303
2905 3991
3805 3683
4733 1192
3732 9056
4793 6332
2853 2937
3036 2511
8397 865
2418 951
9854 813
1210 7944
7745 4547
4579 5227
6345 924
4284 4500
2752 7185
1791 9953
9835 788
8898 5156
1383 8908
4268 4380
9178 6923
3269 5256
9336 5406
3115 9547
2337 7764
9491 3130
9433 1125
9466 4985
3025 9230
3368 8421
9233 556
5532 160
2200 1241
1838 7701
6213 9722
7436 5147
7301 810
4283 4063
7955 4835
708 8669
6151 1067
9224 3972
9409 6716
6546 7612
9609 1721
5539 7889
7388 7243
3567 4840
6164 9404
3651 8444
6092 2528
2801 6317
7012 8595
8577 6581
3137 5563
3800 2126
7956 7469
5310 4023
8438 347
8275 7828
442 7935
8254 3069
2321 9122
998 9015
1024 8430
9447 7440
5503 2171
486 5635
4204 6788
562 3828
1403 1793
1329 7557
2648 6906
5401 3913
2862 4858
7825 6497
9425 8732
576 1608
4838 8821
8458 6437
7061 8745
9247 3126
7341 913
1140 7959
7770 5658
8684 5546
6544 3572
2538 6928
594 4305
7959 9233
3534 8375
1192 3150
8871 5924
352 6425
9501 2985
5182 352
4300 3850
405 9981
8975 7382
3898 9915
9535 7887
3930 3509
7672 5514
1277 6920
82 932
139 3683
8223 3715
2674 1410
5844 1792
9053 7070
9177 3979
1986 7033
7412 5484
1253 2974
2921 6345
4506 2885
1343 9578
6573 288
8456 3426
1518 2118
9477 1819
979 3925
5383 4640
5415 9412
8464 3996
7985 3316
5648 5791
3585 8042
9635 8833
6645 3070
5160 5831
7467 7913
5019 4955
9667 8384
2278 6414
8858 4896
7490 9303
4176 7646
4861 198
2958 5102
7082 3462
6243 2189
5155 7495
5264 6412
3035 2998
1780 3196
5175 7400
6177 3376
9012 9783
527 6762
6125 3692
4098 8486
8423 6341
7250 4974
4527 663
3119 2917
8705 3491
707 2648
3160 6722
7377 9384
3187 6658
5309 9564
7537 4568
1644 2449
9560 9680
8199 6456
227 417
7548 6400
3380 939
1821 3948
8853 6987
6848 3390
6827 5268
8840 1696
273 2995
6624 4485
247 2310
8739 3825
9259 1378
4460 7439
1346 4625
5092 6428
3321 7314
2502 5163
3690 9206
2531 6190
5509 7752
4817 808
687 7271
8473 1754
3619 9187
1619 9993
6425 6766
9299 2639
2743 4637
833 9311
7763 8164
2622 5222
5624 912
416 1714
6190 3990
8649 433
676 911
2462 2124
6161 6379
8718 5657
1411 6754
1788 7973
531 4982
7053 1545
7646 3424
4217 3452
2042 6893
917 8683
6710 2050
8822 5788
3803 7311
3340 752
8126 7375
9390 2534
1281 2538
9819 9891
2504 7549
5623 6687
8154 8909
2720 905
9834 1245
4121 941
6832 1465
1124 7597
6111 1474
6842 3103
7996 324
8730 2203
3628 5432
8682 4393
7566 524
8973 5164
3715 5582
7700 1583
8842 9772
355 3873
6867 8907
6624 940
711 4856
9407 9623
8118 193
6729 1319
2595 6536
8866 2121
4303 5027
4993 4338
3017 8953
6283 2819
921 8270
5596 7257
8862 245
8166 2384
4253 9753
7144 2563
3279 6208
1170 8159
4399 2801
7246 4049
4649 2738
5087 7817
832 1745
6590 9394
5872 5559
1400 5404
1388 6521
8503 4976
1589 2938
3973 144
7652 1634
7368 4749
8352 2415
4898 1268
3086 5401
6633 8753
9990 6769
8984 6898
1530 886
4675 2541
9551 3912
2580 2595
4861 9224
714 4509
5832 5723
8592 1412
7489 7220
99 9879
9247 1108
5095 8570
7362 7278
7836 3439
8679 1652
1140 5348
1337 9282
6092 3613
449 9407
8712 4466
2107 961
4001 5208
6411 3347
2462 381
7822 4386
982 3910
7852 3097
6200 2614
3145 685
270 1705
3846 8976
7439 6279
3567 3469
9733 4143
1772 3291
5240 565
1491 2611
5733 851
1845 2912
4715 6491
6162 9735
8175 4669
3304 118
1627 383
9681 5608
7819 6922
376 7198
5716 1089
8031 7314
2767 5743
8223 180
2682 6227
8035 2173
1800 7642
8857 7383
496 9053
6087 5254
2163 3854
6877 5391
7720 9945
9583 9852
6714 3952
1352 530
6436 2110
9882 8716
9366 2260
5047 5947
2825 7614
7954 9235
2887 2540
4222 4989
6728 4281
230 7663
7897 4073
5645 9860
6547 7989
5592 6202
914 8484
8998 4134
5509 7789
2283 862
9236 1772
2751 3031
952 9995
8975 9445
6487 2777
9051 8791
7905 8333
5461 1558
3693 5838
8555 8766
3832 9627
87 1753
7168 4655
127 5582
1311 7979
7304 1834
7920 5428
5396 6247
1574 7112
288 4658
1919 1353
8607 827
6741 1974
8761 1594
8830 2689
4307 8705
7778 9523
606 5520
3854 2959
8945 7336
4395 6944
4808 5358
599 7381
9347 1331
4142 50
7785 7163
5228 833
8991 2776
9027 1117
108 2440
9347 1223
7727 855
684 5364
1898 3509
6269 316
7640 4100
8360 6440
6362 713
5582 3566
7450 9280
5243 2567
9770 4976
4614 7825
3745 7144
6127 1888
5432 4567
9387 6269
1902 5447
3662 5124
3503 498
5972 755
3140 5239
8391 5299
2197 8985
1578 6782
1738 1486
5290 9783
2736 5285
863 1213
3452 274
897 7326
3327 355
9101 3847
2922 2744
5505 5775
4059 297
7619 9753
6967 7472
5801 3279
6757 3226
489 9863
5090 8510
1676 8116
2347 703
9423 9643
7045 7206
639 7847
1986 6391
3700 1655
8989 9792
4112 3819
5827 3455
2235 713
7604 3150
1076 9026
1739 3395
1375 1064
865 4488
3144 1538
8064 2896
2404 9798
7197 384
5700 2862
5815 1630
9361 6167
7192 5286
5048 5467
2550 9739
9390 1188
7686 4721
1650 8386
2627 8645
7257 502
2690 5444
5217 8274
6339 1342
6819 2715
8969 6295
7356 7691
2882 5046
4165 5673
1058 2846
7523 3586
2546 1698
9058 5958
3255 3282
1948 3125
692 3137
5232 4375
8515 3715
6129 5106
2900 8166
160 3709
3885 4158
442 9033
8267 8919
9121 4500
8595 1540
5759 1363
707 9206
3593 1716
452 9745
6073 483
5951 1995
5263 8980
7772 3349
9849 5591
8883 2956
3460 2451
1951 589
2089 3213
2341 7466
3642 4542
7431 500
5470 1583
283 4424
325 8594
3059 3938
2773 7840
8114 2676
2758 554
4468 5045
944 3683
1109 9593
2889 8580
9123 4259
7587 4710
4864 9523
7767 2821
4021 3864
1678 3220
5985 8262
768 4508
8583 800
8634 9247
9711 1993
8646 4019
8896 9398
5490 4116
9978 7059
3324 9178
9352 3962
8181 4882
4377 9775
6393 5237
6922 9882
3636 2784
1004 755
3960 1878
2609 5744
2318 3438
1664 8752
7461 519
1983 1909
1627 3798
3162 774
2641 3953
5656 6033
1017 7749
3462 9237
7359 8255
9784 3158
2701 6292
9846 9029
3246 3319
4681 8632
5211 8354
7611 2120
8383 6270
1374 7573
3908 650
8522 322
6798 7200
4390 7879
238 7886
253 8842
8303 5453
4897 8671
2076 5973
2584 3554
6493 6097
9700 9624
5894 1365
8948 3600
5840 6853
8804 5692
8609 3588
4510 3716
9370 6175
3910 6806
8463 7114
5410 5530
9916 9483
7735 9769
7132 4550
7669 3420
6860 162
7518 9788
4263 6651
7250 2398
1894 7979
1431 236
98 7302
6042 5900
133 8560
7028 3714
4648 5484
4846 9047
6531 6166
7120 4903
4434 2496
6147 2376
8903 2170
7784 3287
7712 5802
785 6809
1286 5075
7595 4281
9210 6922
8995 3681
207 1190
5946 9710
6816 9448
9748 8113
9429 4626
947 5386
8321 2525
2310 7447
2298 5996
4035 4729
1486 7796
3439 274
7750 4325
5136 2562
4464 9816
8438 7443
6931 9782
6892 8687
3046 3776
9019 8803
1426 6578
166 488
8084 7765
9297 9879
2633 9505
397 1700
6680 4440
6641 548
6626 1941
7165 5730
652 8270
2835 5011
5105 222
3964 3527
3645 5675
5523 8533
5094 9936
3316 1173
7459 5786
5456 2323
1705 8036
5254 8349
8233 7127
1658 3029
223 6990
6403 7582
3671 9240
5952 2411
5561 7822
3582 5982
2460 1080
1771 653
7355 3420
853 3631
6311 5157
2214 5119
4515 1441
7860 1469
2646 6985
8342 7507
5587 9683
1852 2574
3472 6583
5999 1738
8200 3633
9771 6407
93 9979
65 1293
828 9660
6707 1683
6813 4904
5494 556
7529 9492
9488 55
6090 4527
4383 2559
7150 2917
2939 8706
6561 1306
7526 4704
2912 5617
6396 4887
7639 3265
8347 1250
1007 6368
3043 5161
3368 7554
3763 9364
1467 1105
3807 5364
925 8732
3301 4079
2367 3125
5641 652
8711 1237
1929 9632
1276 6499
3028 3684
8522 521
9256 9196
4974 2876
4984 5499
3302 2181
2959 4155
6556 2985
7017 7254
2145 2376
9909 9435
6655 6329
4354 5387
2455 7630
8173 9424
4060 372
3713 3993
6095 4760
8612 7319
5482 3899
790 4328
9921 9731
8844 6081
9882 3660
5309 4868
374 6102
7977 5556
4063 66
2633 2200
5694 2952
8158 1376
4852 1998
6723 2897
1438 2848
5178 852
3080 7982
6895 3583
1469 7178
9428 4968
4865 1242
3137 6793
5939 4576
9367 3932
81 8860
4898 6387
561 696
8548 4761
2094 4959
8059 8473
2306 7156
8553 617
972 2674
1315 5254
436 3248
7353 8429
3853 4400
9931 6878
923 3308
5518 758
5231 8272
8769 3268
5751 4360
2705 9387
8183 7512
9070 6128
472 6110
1898 8543
9696 460
394 2523
7396 5721
174 8774
3266 5010
5166 7511
779 2611
417 4095
9971 2617
965 1889
8445 2352
5163 6000
6268 6082
3425 2845
864 7893
4797 3330
4601 6248
2294 8041
6433 6667
1761 9398
6345 4483
4268 6435
9102 5126
891 5748
1443 8552
6185 5781
3728 3122
9895 7194
1897 6377
3411 3467
3707 4084
1336 6478
2874 9188
8497 9164
7729 246
2341 6949
7571 9938
6064 7130
1691 8963
1699 5785
4589 4607
2892 8291
8502 4481
4979 7876
1291 7625
8626 6267
8599 1612
196 1477
8566 5783
2317 8597
2081 4634
2682 4474
5315 4585
7936 5713
6295 4028
3056 3337
2434 1609
1762 5042
3106 9271
3463 6125
3440 9921
1166 7851
3755 5850
3698 2270
2422 5752
687 6048
3746 745
2920 5227
2244 9916
7025 1050
4237 5624
9031 820
4832 5371
2457 2956
8595 7168
5384 5790
5891 9446
6584 1280
3815 133
8313 4754
2304 827
3078 8541
9518 6228
8478 5580
8834 861
9246 3910
7580 665
6738 6736
5346 814
2810 4376
6434 4705
4073 5951
376 4698
215 9975
6045 5951
9844 1287
581 3931
8208 1305
2250 3003
8496 2781
8760 10
5213 752
1928 9027
5634 2897
7770 1165
8633 2524
7979 8141
1991 9829
5862 7270
1633 8667
7050 1529
7646 5132
7648 9261
1515 1128
9230 1005
2931 7486
4380 3527
7196 1829
1617 4845
8628 3182
5193 9323
6929 1462
3038 3413
9698 5362
8608 3433
9924 3436
8085 5909
9363 93
2565 7416
2644 9181
5610 4703
4295 7770
1639 5573
1686 5481
4754 8734
6942 9222
778 2709
3881 8867
2012 1134
9129 8124
8757 9396
9841 5725
8922 2295
5605 7005
8346 281
9481 7868
513 654
9886 1660
2373 9244
7759 3013
3991 2737
4916 9573
6270 5867
5144 841
5095 8160
6969 7376
33 2240
6931 475
7139 967
8716 853
766 7433
7598 8599
1481 5639
9391 3933
8323 4170
1739 1351
9923 5159
1304 2561
349 9387
5611 3840
313 1660
1539 5187
9745 3728
6886 365
6881 8108
4886 3266
4744 5995
9517 1479
4360 5461
8148 6394
9732 3698
4374 3299
2414 3334
6825 5967
9845 2518
4161 6569
2284 7095
8101 2038
7603 6027
9629 6991
3898 5856
8624 5152
2897 7767
3789 6695
8526 5038
2831 4828
5472 9639
3599 7353
2747 5920
4014 1881
4494 3419
1503 2256
5457 3841
6194 9981
9143 8183
2211 2315
9099 8959
6121 275
5295 3692
7528 4581
8435 4396
782 3531
2478 5730
342 7398
1759 3496
4913 3366
6076 588
4852 8122
6123 7199
2554 7840
555 5783
9720 1031
5522 3876
4300 9814
8185 4131
7040 2082
2666 2285
7819 6368
2 3431
2638 3006
5215 2572
5604 4102
3030 8013
9472 3621
2201 8020
666 7305
8905 9832
2108 9252
2014 3909
5361 5999
9201 5111
2106 3886
3400 1035
4957 7000
2158 8071
4670 1915
8620 2169
8509 5669
8921 1683
8561 6333
5812 5954
5160 3422
3266 552
7328 5170
1466 6796
231 6973
2500 8709
9446 8675
6331 6926
1459 3627
3441 9792
5309 3633
3300 2461
2304 3004
2074 5908
8321 1721
881 6849
6646 7028
3709 9816
4345 6763
3394 7707
172 6968
221 4509
5715 1569
4877 4365
5035 9985
2265 8941
248 43
4678 1759
7324 8884
6624 6361
5037 750
9015 1552
1036 3960
100 6068
9795 9102
1026 5034
582 8925
9045 8473
7442 664
7449 1217
7086 2143
6930 1102
8644 4599
9245 2526
2162 9761
3797 9557
5207 1887
2166 4020
547 1342
5115 9705
2938 8904
3338 1419
4780 3146
8076 1231
8585 4168
9489 6880
771 4846
5367 4662
9816 283
9884 6365
8123 2005
3412 1836
9995 4440
372 7113
6578 6836
6979 9860
3928 7187
4573 3489
1775 5331
5943 7855
662 1171
900 1620
6310 3679
7414 5092
868 2872
3426 6252
3501 1769
4198 8444
4568 2559
5602 5960
7725 7037
698 648
1616 5524
3080 1225
2357 8952
2689 2942
4105 1883
2896 5718
263 9399
1356 1085
1380 8699
3750 7287
5551 4673
9124 2781
4990 5492
1908 7723
2528 9092
6811 6767
1061 4022
6993 2673
1662 349
4385 2258
5829 1899
2697 8445
41 473
6417 1574
9245 6308
1892 3974
2313 4999
3778 11
3007 1572
1930 5219
1230 3158
9646 1170
6156 4655
3887 4044
9252 5988
9891 3651
4235 6062
9228 8709
9618 7477
4499 8912
7372 8651
9705 1070
4415 7216
2357 2410
559 5805
3499 6078
851 5884
488 7112
4550 2136
9143 3314
7369 3007
4784 2063
5013 1657
7218 7335
5144 2383
1790 4733
9438 7381
1945 6471
3391 7572
8760 9181
1483 7946
6205 8616
566 5200
5000 720
839 8069
3763 5434
5484 9774
8167 6791
9552 4848
1139 1874
6979 3880
1845 6493
4675 8122
3063 179
3459 2923
8732 9226
7426 1032
9358 4133
1768 7189
8660 6049
5268 4734
1217 4813
2829 3550
4696 7787
3777 9200
8483 4429
889 1287
7323 8883
6333 2460
8096 3629
4051 8967
2983 3251
3200 5231
6256 4742
4410 3633
5051 470
4173 2660
6907 8481
5401 2966
5192 5775
1598 3092
8388 8711
9249 3945
8231 5508
6499 6206
4165 9554
2611 3063
1287 6704
4572 9398
7513 2390
1460 5151
7778 9462
2603 1210
3254 8062
433 6140
3266 1189
2528 7863
6189 3365
2827 1398
7548 8211
597 9284
2937 593
7295 2871
6789 6222
3489 4524
2615 326
7757 1943
2085 3171
187 583
746 7180
4097 5995
6659 2667
866 6812
3987 366
9945 9307
3761 2057
220 7972
5753 6208
7555 6354
9012 8577
9 1778
9130 912
2839 476
3438 6466
4145 4284
2955 5871
156 8725
142 1516
4357 5568
1661 5700
7422 8958
2936 1052
1688 800
9101 8172
4826 8453
7149 8098
8130 1637
8271 3715
5416 3191
4149 1912
6563 9012
2820 5708
7212 6079
4234 6050
8665 6765
5159 9480
3112 6181
5846 1549
7872 9577
6993 9129
8024 6392
3634 9991
8165 4903
7094 4442
1472 8452
1692 8455
7816 8789
5534 4945
7702 3869
5719 8826
3410 6053
3541 5254
7046 730
72 7174
4917 9574
4423 3785
4835 4484
2769 8497
7740 2190
3150 7844
6620 2642
17 6818
5763 5142
9490 5225
6581 7761
9496 6289
3902 9827
7523 7292
3114 8833
7265 8353
8736 455
9317 4765
5604 8586
6311 7820
9066 3639
9830 6922
788 140
6563 5877
5407 8161
42 7975
9242 8912
1062 8608
9718 2778
2328 3525
7118 1725
5958 7237
5380 4549
124 2309
9855 1717
5359 8421
8750 1292
3180 4270
7683 6669
6669 9238
2785 7429
9044 5466
8076 7650
4047 8885
686 9626
1322 4509
1770 6144
9148 544
7631 9051
9702 3830
8875 8527
8521 4213
8543 1453
2825 800
1688 9217
6396 84
4904 832
8274 6267
8918 9066
5034 7631
2384 2955
1506 5643
4166 5368
4828 2195
3656 6092
3939 7762
187 1991
9264 4054
1790 2416
9609 6644
4095 9246
9110 7530
7811 7649
887 5474
6556 9840
665 126
1054 298
2234 6285
2834 1606
2165 4398
2367 3122
6488 4308
1720 7844
4417 7697
5954 8721
1704 5853
4819 9246
2365 5618
9808 1283
4668 9634
1612 8421
8906 5199
1084 9009
8056 1817
1819 496
7859 4860
9718 1661
4068 4374
6005 6464
5371 1786
4413 752
5722 8872
954 9794
7770 6980
8055 3667
8587 9981
4765 5362
8303 5211
4231 3707
6758 6684
2694 9284
2080 4420
3693 1613
4742 4147
9385 7141
4084 3553
7477 8123
664 8506
7453 8474
7420 4026
6976 1517
3616 2947
1278 7393
9441 3814
3378 5771
7819 8931
2762 858
1596 5893
9844 7589
7660 4149
843 1497
9891 3055
3784 7988
1829 542
9987 1549
3783 5586
7760 8832
8553 5249
9364 770
6250 2628
4482 2374
8085 1734
7999 166
520 3300
9276 2060
4611 7051
2972 5100
7306 9617
8519 2621
5679 4533
8870 5343
6334 4289
7744 5237
5105 3838
1056 8857
8314 686
8813 4597
9775 1047
2003 3460
116 4224
6661 516
6374 8392
4917 374
1864 8615
5305 3713
5440 8180
7918 4887
8955 1333
9397 6016
7360 7351
8390 594
651 1808
3052 8464
2886 5392
8026 8377
8278 7141
191 6904
3450 9134
2903 5672
4119 3396
4399 2857
6894 9436
9902 6626
4911 1184
8306 1752
6991 2768
5871 6677
3603 8599
4563 2378
5773 7093
1102 2573
3307 6392
1361 3580
8886 4913
1970 689
5425 7006
4112 7008
6531 7479
5103 3126
4080 6722
8392 5647
5028 1122
1293 8612
8170 939
8269 401
9736 9483
8250 4222
2050 4087
7319 6512
6576 8954
5192 9672
2613 7916
4005 6326
8028 7708
3870 4902
5245 9171
8394 1834
3973 7984
8311 219
9511 2018
4622 1932
2022 1733
4889 8271
2895 3608
2802 6797
2583 2042
5319 7357
8004 4535
4788 3365
7464 2820
4046 4910
1993 5270
2340 5588
1695 9814
1507 5984
3648 3092
1572 9464
1410 956
3783 6044
8979 9173
8818 7951
3875 8663
9373 4216
5952 4408
7701 4072
7515 6274
8396 351
5486 9482
5288 6322
391 3097
7700 1026
1288 4408
9298 6425
3750 9865
7823 8492
9657 4878
2078 97
8294 8584
8205 1999
2380 1108
4201 1049
1752 8527
7725 8773
1948 9385
6050 145
762 8789
9798 7987
5026 8315
1744 1553
6384 3427
2310 2757
1854 4388
5994 7468
2261 3941
8347 1854
6183 8715
726 6165
6513 2358
681 5248
8660 7658
6927 5410
296 2884
7111 6045
8006 7413
4308 8385
1821 1874
4721 9454
4389 6302
5606 6429
5258 5949
9114 8848
1663 9021
4687 4451
5410 6852
1989 6071
9310 9851
4248 8706
5147 3992
9236 222
2656 5168
7688 7655
5975 755
6891 8630
3352 1911
6134 9924
5762 4778
3007 5065
3775 8253
6714 1849
4474 6785
4380 6160
9462 5091
5649 2119
9063 4439
6208 358
46 7774
9838 2108
9780 9789
6822 9018
3080 87
1022 8223
5895 3043
4840 3551
729 7055
1058 3190
8924 1047
8315 1396
2428 6948
6148 6436
6072 6558
2137 3407
4896 1430
1167 6192
2151 9827
8086 5239
3503 9704
1840 3152
6366 8100
2294 7421
2335 956
7797 2317
3506 7287
1162 1654
5615 7415
2515 8982
4289 3004
965 9271
8341 9383
454 9264
7136 4935
9606 2138
5613 1935
3455 9632
4449 696
6128 3411
2848 3462
6661 3905
9005 2966
2841 2036
8883 8731
9682 5569
6115 8321
3003 1842
5189 7725
4327 1599
8482 8223
2201 2112
6719 8157
6800 3170
8435 8577
4518 7322
2875 4091
1499 4694
165 8047
5645 2907
2800 6659
1667 4395
5089 5311
3400 4088
3228 7309
3098 2532
1105 4061
2323 2518
1585 8337
3507 1805
5892 4039
1588 4985
2972 2124
2626 6577
443 6953
3744 9880
1533 8353
2001 692
7236 8644
8020 6505
6605 2161
1716 7903
4703 6809
9406 1641
9824 5216
4602 5164
9266 651
2869 3819
7026 709
1208 7470
6696 8052
2809 3488
7624 9613
299 588
7956 1127
6607 4230
6078 7649
7061 1190
9901 2126
8718 701
2057 4093
8476 531
9060 6481
7940 4064
9866 6897
207 5088
4802 5567
3196 9495
4630 8192
9522 2263
303 8745
9906 7588
62 240
8612 4206
9193 278
8258 5037
4625 767
8872 1249
9051 9982
5049 2944
9145 9343
639 5926
7210 6313
6448 8415
9903 3002
9658 155
3533 7736
7 8844
1758 4130
54 3683
8206 6472
7511 3438
5179 5527
660 3244
8555 4857
3603 7372
3658 5749
9862 3891
3882 3975
1396 4887
8311 4483
1038 1924
1143 7371
9600 2905
4487 3853
1132 5555
4508 6928
5395 8894
7888 8557
1861 3408
4057 1743
9463 7740
4912 3832
6038 2648
7345 1704
2111 694
4734 8085
799 9207
8688 4216
1042 9145
4986 3260
6854 148
2835 8029
5162 4486
9632 7513
2562 7382
3678 5066
2287 787
2887 6893
2442 6626
6605 1200
584 4656
7771 2522
5167 7877
8196 5543
9041 5463
2880 3502
4274 3079
5682 8218
1721 6588
7264 8397
1981 6639
4763 6525
4437 3990
1467 209
5760 2188
6330 2493
528 5538
757 7753
4830 6887
224 8918
3548 5293
1329 4843
1924 422
7062 4662
7053 5360
8787 6867
3346 6910
9469 29
7270 3823
1850 158
9505 8504
3753 8033
5492 2877
1702 1380
267 3400
8526 4632
3921 4598
9095 2390
80 8924
7018 4321
809 1358
3182 3998
5011 2749
1208 7309
1933 2782
5494 1210
4900 5876
248 1402
6583 3229
2689 7183
218 1418
9036 1984
4856 938
9517 7745
4918 159
6601 1884
5577 4626
3636 5426
4106 1213
5930 3383
2553 793
4993 8056
6797 8349
7261 9345
1095 2694
8445 9319
6431 7718
792 2618
4544 2950
9924 8538
544 338
5313 993
8061 2893
5957 8270
1723 2746
7789 6147
7739 2028
3079 4965
9854 1244
8542 4932
8606 3221
9861 864
3209 3814
6659 6657
7025 129
4179 9059
4516 6495
5502 2532
6652 2465
1029 2198
7261 1134
6875 5402
8324 1600
2080 1425
9697 8841
322 7447
4233 4837
1142 2916
9767 7732
7422 7355
9400 9697
3734 8027
1647 7209
4932 4149
905 171
4534 5427
1778 2868
8516 891
6680 8458
1206 1883
350 33
6249 8034
6502 3642
2128 2571
7498 9945
2755 8714
2331 8077
3221 5293
7133 6558
1319 7802
7450 4344
2529 4429
9271 8422
9343 8864
7325 8688
5812 8968
9356 4164
43 968
1579 9180
4803 7312
4985 5306
7701 627
9703 3374
9298 4361
2878 1535
9222 52
6846 960
291 3520
397 8409
8678 8652
3699 8903
5686 2740
2355 7536
743 1976
9611 6237
8183 6592
9972 8874
3345 2864
7014 7572
5039 8020
6369 8361
656 5453
64 4775
6225 9937
7689 3911
1224 9083
9150 3191
3577 6973
3612 6507
5567 5180
4498 8992
7378 207
5581 5707
4480 9127
7938 1581
4278 9009
11 2835
764 7408
4148 9540
1144 4668
5512 3737
1714 7476
5103 9208
7480 8273
1511 2094
6978 7854
8436 4481
3650 1249
1175 1230
257 1457
3730 5586
7926 4159
1195 3237
2507 8045
246 8117
1113 6249
8383 7102
9045 2055
1809 9725
1723 7455
6343 6894
9067 2357
9946 581
4466 7225
8586 7965
6692 2313
1260 7890
2759 9274
8545 3703
6126 9283
7235 3527
3253 9916
678 7951
7320 4079
1463 6052
4863 8002
2369 8789
6037 2479
6955 5458
3747 8527
2096 8816
3341 8783
8015 9078
6482 4684
5213 5804
6889 4038
6292 5324
3916 616
789 9315
8434 3102
2071 6766
578 1100
1901 9926
7556 5649
5500 4266
516 1814
5521 5925
6163 7018
5118 1475
5145 3347
3546 2616
4216 3766
6510 7140
2718 6059
7810 3898
5005 2847
7733 5016
2613 9831
7810 2615
2370 1460
6438 7337
9357 9291
790 4895
6303 9262
204 8382
6179 7384
7343 3326
1328 919
8758 8552
3859 7042
5307 2988
8834 5833
4411 144
4551 8211
2761 7057
7187 3097
7527 7070
1838 442
9342 8521
7692 7623
5440 8411
6103 2660
5113 9020
465 1647
2922 2189
8356 5455
7949 4505
245 5329
6555 1153
109 8121
9710 4453
6292 1087
2211 8006
1597 8868
5129 1280
6986 1510
7253 6937
202 5891
936 7278
627 9139
8488 4257
6547 6715
6980 5637
8720 5919
7788 4936
6714 3212
2324 4263
7290 2808
8691 7323
3017 6920
9482 3559
2403 2557
1954 6757
7211 1995
8192 6566
3344 7644
4117 3716
2697 9802
8647 8739
3065 2283
8337 1896
3024 9007
1363 3406
3654 8260
4936 5155
7294 3096
5173 9653
2575 760
3280 6202
3623 9784
5389 2983
664 6213
4961 7318
7177 522
4946 5077
4826 7968
4276 9569
3330 5111
1546 3344
847 8037
387 4650
5239 5695
3918 3479
871 5385
4798 1800
9270 7126
4456 2578
6698 1943
9829 3211
2057 6977
7457 6999
9008 6909
5705 8595
5750 5843
2330 3258
684 3153
4321 370
3104 2586
735 4127
9322 590
7385 4476
548 1524
734 7852
5271 8961
9647 3819
7148 724
96 6028
7996 3973
5751 3238
9391 1590
1644 4081
6974 6008
4366 4586
976 9087
9678 4497
2143 6535
4841 7090
3316 1619
6842 3598
1477 9385
9368 6913
6594 8313
408 6694
6078 4703
2673 7065
9336 6903
7415 2039
2864 1013
6038 3284
1197 2618
8181 115
3832 1934
9049 9535
6013 1011
3737 7587
1173 853
6098 6946
9898 6662
644 6017
8405 5719
9711 5715
593 3555
6177 6424
7281 4403
2879 13
4969 1276
7483 4197
3427 7064
7424 2787
1512 781
607 7756
8145 3694
930 842
8558 5701
8086 98
5838 6089
6323 5507
8974 9973
2026 31
8908 3763
1134 8278
6957 4090
8572 3023
802 8132
1233 5827
3333 6683
1073 706
6861 1764
8480 614
88 4869
7765 8685
4022 1826
3807 9822
5681 6689
3859 3525
7699 9573
5415 8568
6686 727
2324 616
1939 556
6895 2482
913 2644
4761 6530
3124 4630
8750 4029
9097 308
3550 4607
8319 7808
6852 3307
3462 5148
6084 2886
5619 1296
5165 1766
3101 3773
2247 5978
8162 2912
3387 3263
9570 2925
5331 5293
6181 739
5012 9054
6584 4146
9288 4978
3598 3157
4594 7438
286 7858
9528 7753
8490 9746
908 4225
8562 3966
8219 8293
7057 6326
126 3809
251 4472
2502 7433
8827 9704
7584 546
1614 659
3018 4776
2419 3329
6794 9473
7743 5292
6578 7675
3918 8106
8292 9049
248 3057
7491 5347
6578 9976
5887 9771
440 9259
3694 1653
9106 1004
9549 3749
7130 468
5150 8598
304 8895
3672 6337
2016 8920
3417 4870
8368 237
8067 2652
8243 4400
8121 6723
6808 1130
7818 7757
7741 8381
7707 4272
3806 9343
4627 4768
441 9617
6677 7555
3539 1436
2094 8870
3956 839
8121 3218
4184 7864
4389 3035
2793 2590
2049 1452
7498 8428
4634 3083
9346 9880
4643 6072
7742 9395
9399 1345
9028 1382
134 9699
4951 2780
4095 705
9620 5131
3788 3602
6580 1269
7279 7509
4916 7369
987 6628
4787 7560
3639 3782
6646 4950
9292 8288
2362 537
732 1422
451 1730
5016 8560
4437 443
5393 9308
9572 652
6574 5045
6133 9926
7305 2551
7026 638
5203 127
3492 2980
4707 2380
7128 6154
9177 2865
3241 6274
3616 2052
6763 6149
4986 232
6801 9901
3579 5717
1512 54
5603 3013
2295 5852
5778 2485
9309 8464
8499 322
1142 7194
9674 6916
3070 1759
3009 3105
6062 2121
6432 362
7168 2178
310 6110
2202 8414
6988 6667
168 3445
6471 1978
4295 3894
7880 7474
5245 6131
7478 8438
2896 3916
4287 968
4840 4110
7952 4002
9507 3765
1752 8122
776 6935
4550 1044
1077 5089
2575 1263
7864 6121
4656 2962
6960 14
9226 4986
1193 536
5754 5032
1824 432
6308 1204
8227 110
2636 8136
3181 4137
4219 8326
481 5710
6272 5019
1294 9748
3542 2813
4190 8579
6640 8234
1544 8617
2250 7358
629 472
2157 3314
6655 1835
589 7307
6013 3182
9587 7131
8742 9078
2089 3787
3047 7128
2343 476
636 1552
4049 4895
8761 5585
6526 859
4653 7252
1866 4270
4114 2112
5915 5493
214 2046
748 9278
2449 390
9454 2719
7656 4313
9037 3197
6782 6755
4652 5123
7224 3506
5827 7917
9815 72
1747 8286
1068 6630
7378 4888
2522 6085
6060 368
5282 3718
7172 4901
4835 5031
7050 6552
1014 2727
1979 6981
217 6763
5035 8499
7353 2866
9571 3291
9767 2830
7476 4299
8159 4196
6412 4567
8254 2001
9172 9580
4880 6799
6647 481
8604 6262
574 3177
8257 7943
8506 3218
2864 9987
2072 4975
4007 5189
5382 1243
239 6115
8404 1811
9821 859
5581 2986
8695 3230
5341 7051
1041 3945
4495 6541
8634 4475
