3628
13718367
7437 1430
7637 5518
81 4021
22 9823
3445 3396
415 6568
1230 4840
7401 7733
7806 7032
3056 797
3421 7264
2862 76
4633 4278
3814 7491
8554 3761
5531 5436
9117 9896
7376 6769
4343 4904
3607 2072
5290 7354
7147 9199
1658 2591
8738 6225
4330 9634
1254 7186
2439 7348
1919 2897
6435 4982
5606 9196
2465 7191
5578 3301
6 9521
6016 6227
757 2067
5527 4287
3583 3602
310 5568
6356 3327
6051 2969
6140 8467
1169 3453
7034 2559
7240 857
2171 7851
2714 6014
8599 1331
857 5407
5616 5530
7723 2334
3534 5766
8038 9851
2753 7802
1656 9730
6124 1547
5007 4421
4904 7005
125 7076
5933 4884
7817 5049
6552 1430
8542 2620
4282 3793
1838 2958
4738 1369
2935 2501
7806 4834
136 9548
872 6978
2100 2649
4756 7812
1487 9967
3993 4752
8204 6067
3907 246
2711 382
4897 98
5897 8734
2230 2896
4623 3119
434 7124
9918 8383
6071 221
4882 4902
8571 559
3782 7297
4076 3613
3262 6291
9116 321
7130 4654
448 9524
6820 7356
1475 273
7681 8662
3689 2410
8719 7029
7022 3679
9183 7993
7470 8509
8376 6460
3545 8381
7043 2411
1350 3467
3568 4228
8971 4267
4866 4639
8707 2892
3582 7601
9299 3892
8919 2855
963 4352
4931 3153
7309 6626
5751 8258
222 9904
1462 5670
5752 2226
5017 350
1064 2263
9742 1313
9138 6557
7511 9910
4942 6340
5697 4295
7537 4710
2203 4657
8055 8199
6149 6671
7284 6918
9730 9410
3307 512
8888 8566
4721 4451
3148 6298
8547 6633
9 9039
9339 2813
4539 1062
3785 5930
4798 3884
7343 8408
5465 9917
9688 548
2790 89
2541 3968
2839 6956
4642 6909
8782 288
9003 1914
9934 120
427 6574
4156 6856
1957 170
3845 668
4025 5925
1825 8551
7591 1744
6347 6666
4945 4536
1566 2636
201 9034
8571 6291
4575 9291
5772 4548
217 6999
7341 2444
598 1227
1696 3587
2527 9021
4366 1227
4894 3986
873 4514
7985 9308
5276 5781
760 4156
9601 7954
5908 6192
6268 9894
4695 8159
2942 7982
6429 1797
3048 5803
6701 1541
7712 9184
3432 8211
8845 7924
4234 645
3760 4930
831 9964
4957 7292
9098 7514
9417 3079
7994 8356
83 7951
6598 2495
5573 2454
9356 7808
308 650
8736 3899
4164 7768
8089 9119
8384 5843
7430 3185
8477 8519
5381 1417
3600 6004
3107 106
1580 8069
3881 1771
7032 6485
3914 2156
9545 4766
182 5866
264 2136
6516 4553
9060 1188
3480 9732
4363 1281
6237 4275
8424 2066
774 3063
5767 9901
5464 650
6056 2568
9773 1277
4246 9709
4549 69
3866 8980
1734 3638
3084 3657
8968 6648
9327 1040
9109 5541
5832 6389
8503 8022
9241 8443
2403 4294
383 3229
3662 1642
8690 6678
9348 4372
3042 9855
8051 4539
3908 1058
2099 7855
557 3799
4099 6922
4167 1644
8613 6123
6239 8668
7439 3661
4452 5455
944 620
3088 5451
7981 7310
768 3110
253 9111
5524 4291
4098 1906
1439 954
2004 3758
4362 9434
6352 905
2269 5830
634 443
2219 867
6835 9045
3923 5696
9174 4983
2644 8764
5569 5982
387 5770
2125 4968
4604 7225
9658 6698
955 2235
3699 6912
4085 3765
1991 2062
3418 1764
4653 6470
2906 4170
3711 9756
440 668
6839 1507
406 4103
7859 6436
9208 2523
3369 2494
8409 8119
1167 530
3559 2793
3461 7454
5099 3136
3533 9
6055 6834
3991 9441
9456 9264
6818 9863
9406 6574
5304 9814
1920 3303
7550 3498
1624 5953
2506 6925
337 4494
2334 2986
7500 5963
1531 3200
4852 1284
2386 1532
5247 4702
1434 1824
8758 4519
1742 7267
2490 8247
7141 2710
6678 6740
6258 2296
3170 3853
9795 1278
9127 2682
1797 6937
8848 346
2854 6823
4005 9141
9769 7676
2021 760
3872 7343
6684 2924
6678 3691
9217 9012
1081 10
7286 5956
8932 7171
2417 7772
3165 8175
7779 1447
7377 2417
4002 2016
4135 4369
8301 2239
8973 2710
2764 3369
859 2363
8667 7858
406 3998
7152 7608
3140 8661
7361 6333
8849 8205
1372 564
2634 4337
7488 5508
1110 8442
9895 2068
6767 8821
2291 8494
3001 2643
7162 2922
6310 2969
2010 2975
8810 2556
3058 473
1416 1384
3227 7575
5030 3934
7627 2226
9637 5946
649 2735
9608 1019
956 3245
4224 5316
6965 8140
5117 5992
5268 7641
8419 2389
8274 3140
2018 9716
3892 9417
1713 4926
1665 19
1216 3302
6197 5950
300 8234
3304 5367
7898 4882
2994 9172
3917 1288
2125 2005
1802 940
7083 2083
8597 5844
7967 9274
9411 6645
4875 509
9689 2078
8055 7978
6057 5723
4456 1772
9045 142
8391 7150
6592 2056
3366 9714
8488 7851
7366 5647
8171 7762
2019 2148
2449 292
9383 2772
159 1602
4451 2999
9494 446
75 5500
8054 7144
9269 4830
9685 1509
4451 4704
7281 6939
8428 6057
2773 3741
9720 932
2248 2539
8532 4980
6648 8275
2476 7664
8220 9104
3881 9595
3798 906
7115 1539
1454 5941
1192 2248
5277 9357
7509 5400
379 2663
9895 832
8678 7348
1127 6065
7878 6109
4574 4025
8829 1423
587 6001
452 7204
2443 6438
3501 845
5652 7810
6345 1862
541 6715
53 8661
2907 5666
4869 8896
6924 3016
1026 8925
891 6719
2991 7293
2444 125
2287 7578
6227 7556
1312 9221
1982 6668
8255 927
8701 5621
403 453
7024 8502
8878 6888
2941 1531
3193 5421
9285 3048
4351 4
6617 6068
6922 2811
8650 7464
8952 7157
3489 3320
5342 9126
4957 4981
1645 997
9229 2679
9808 4599
4014 9259
450 1164
1018 1569
1924 8894
6727 9989
3335 5041
217 785
8296 1833
439 1634
4581 5025
3232 6232
2412 8961
5669 4333
5832 6844
8715 84
2435 6050
8491 3155
7181 3638
4340 1221
5727 8746
9412 3125
6505 408
5513 5929
8085 7429
392 4423
1866 2687
2779 8834
8199 8532
4789 9547
4247 9609
4754 7907
4814 7734
5692 6089
2910 9059
2917 9394
399 34
1552 6505
2336 9760
5703 3902
713 5625
6633 5843
1649 1943
3063 5521
14 994
8462 6255
7442 4918
6164 6112
4713 4051
6590 6820
7042 9875
402 9336
1063 1064
4244 5149
5431 3762
18 1343
1071 1409
7199 559
5082 5630
3021 3759
2484 7392
4715 7877
185 8840
3760 7951
7012 5622
4413 5734
4274 3189
3577 1087
7587 8922
2611 6009
9368 6305
8983 749
3810 6026
7403 6734
8397 7771
2427 623
6068 6853
8409 6610
7945 6491
3024 2744
2087 573
3145 4581
5923 1593
3507 4143
4560 8962
4245 6603
250 7871
6755 7919
1163 8876
509 7449
7543 9088
8718 7165
8896 1806
2651 1984
2904 4243
5185 1305
4601 655
9200 8177
6918 3094
337 4489
4922 8961
8192 4114
7454 4243
5198 9522
1460 705
3315 953
3399 8853
167 6780
1046 7043
9570 5039
4592 9093
7343 9822
9920 452
9621 8269
6640 7496
2039 6549
1903 1751
2397 9758
7721 1731
2319 6313
3236 1324
5613 3531
9050 2055
1078 6473
8154 2075
4492 4786
8456 9204
7122 586
2679 476
8002 7573
9411 8142
5018 7435
3095 6375
9147 1858
2182 7592
2717 6247
6851 1812
3547 1565
2647 6094
2955 5942
5159 9135
9536 731
9271 2640
8295 656
7289 2352
1191 3664
5039 3869
3494 8026
4468 7167
9316 4472
6233 767
208 8961
38 2636
327 7802
5419 6930
1943 3913
2907 8785
2934 7496
1295 5214
8813 5833
997 6932
5506 8578
6061 6872
7607 2233
4907 4372
2288 5739
2898 8490
4758 9877
1540 618
6125 2092
1557 5991
9987 7802
3974 2666
9611 1270
9699 6904
8772 4354
2324 5988
6629 9432
3426 8810
7000 7547
5355 8583
9299 8836
9517 9238
3012 369
4799 3109
1789 7739
7365 2981
5280 2566
5641 6988
2717 118
4651 6585
2769 5875
9861 2647
3269 8411
1747 1174
7025 9559
7925 2330
7737 9206
2770 7411
1987 5449
4196 3003
5419 9514
1028 2520
7949 8917
498 7230
3250 7315
5719 9568
4626 9593
9088 2334
8997 2449
2940 9545
7623 1144
8338 5388
9964 8742
8742 6934
2946 557
327 2889
3119 7238
2956 6160
4789 4597
5269 3113
4073 8958
6680 5911
3206 525
7114 8710
7535 1124
7773 4922
5267 1496
6900 8865
7888 9563
2583 4260
553 5457
4107 5197
6593 509
252 9830
5849 46
1084 2613
5745 5582
8892 9727
3058 5034
5048 961
5910 1137
518 5414
3932 1397
2561 2730
1678 5538
8208 7151
627 7885
1857 4655
356 9827
5064 6957
2251 6447
3356 6427
797 1255
2570 3320
2623 6701
6311 9899
8217 7594
9693 8698
7023 461
2540 5373
9701 1861
8497 9680
920 463
6019 8447
9911 1220
7291 8966
977 5657
5832 4763
1581 1417
1159 3966
8670 4804
4982 4089
8317 8456
7869 6226
2772 4615
9513 3106
7439 9765
2672 6927
2229 6342
9397 6974
2526 981
9248 2361
9233 8749
5106 6997
6986 3644
7575 2922
9558 9677
7496 3251
9998 310
4086 5845
1199 8664
7659 8681
7212 7015
8644 8065
3655 4169
4266 6690
6415 6974
8633 626
5850 4814
1419 8493
722 1333
2783 4640
895 9657
4387 8737
7068 4065
6733 817
7565 6071
130 5299
8762 3869
4557 9084
9214 2951
4548 1584
4258 6606
5411 4761
8346 9580
965 4037
5436 241
5791 6255
4346 2083
7292 518
1929 5365
9331 9218
3288 2778
6418 575
5535 2400
7332 6331
994 6661
9009 1193
1320 181
3929 8852
1488 8537
6204 4695
9043 7776
3845 4316
7237 337
3269 5363
7528 5697
9970 5662
7499 8111
1903 7765
1518 6407
3146 6000
6533 105
8991 5455
4926 7787
7698 4046
3879 8046
6862 6821
2843 3780
6977 6571
3020 1901
5948 5677
6299 5617
510 4164
5703 5416
3521 3968
3288 11
2296 1254
5447 767
5802 3760
960 9022
2316 2634
5565 9561
1336 2462
846 9309
3770 5450
5593 2301
692 2030
60 4043
6323 1963
7949 5775
6783 9504
6339 4843
2602 9004
6308 6808
647 6985
8138 1614
9796 1363
2371 597
577 41
1026 4383
1909 7893
6396 276
5357 3649
4961 5368
8051 8716
238 145
9794 577
4571 6548
568 3386
5918 4321
893 1139
2262 3211
8101 7426
736 1729
7774 4324
7116 9381
6817 4917
7056 5058
6930 3331
8178 1675
7938 1694
1515 9875
857 4062
853 7282
6587 5176
9884 7497
2327 216
511 7784
5969 1626
70 1347
5095 536
6316 1531
9029 4805
2969 1921
3256 9568
2325 3270
7327 1058
2900 3990
5701 3843
290 7241
3800 4371
1612 5455
7962 2812
2962 9288
3237 3238
1127 9850
2977 5006
4789 1950
3841 4637
632 7850
372 4066
409 8586
1661 8873
7209 8773
9918 8884
4522 9713
2276 316
2819 3526
5717 9435
7653 6154
2591 8575
4189 8134
2548 3880
8779 165
6114 5630
9646 114
9953 6398
256 244
8726 6770
4558 705
6386 2419
3261 369
1430 8870
9966 5382
6049 5636
6734 2989
7058 7151
8766 4149
6708 136
262 2292
8620 8808
1213 1173
1731 8199
2985 7880
3514 2699
5932 9490
8126 7033
6325 7520
2057 6207
8782 61
4054 8131
6470 7319
1679 8861
7808 1301
8364 512
9313 5773
7409 3234
8751 900
3873 7906
3612 579
7942 9517
9671 9704
5925 5186
4144 1951
8016 6088
2658 1337
7413 1771
8330 6168
5376 2598
5423 4233
847 6783
8651 9105
1724 9080
238 7052
2708 7878
1951 4274
5936 2276
2712 1960
9561 432
6057 5698
2182 7610
1054 1600
7180 2034
3428 7843
945 7882
9460 4528
9934 7131
1998 1073
9836 2675
5571 9084
2364 6408
6287 7373
2483 1926
7407 3413
8662 3081
9205 8704
5070 338
6019 6395
766 5363
4915 3290
6679 3252
9048 1904
8665 4971
1221 1409
6744 8968
1473 6655
4415 2990
6311 8466
5365 3492
9356 3610
3284 8788
4401 2628
5387 3158
5334 4754
4406 2131
4350 8365
6452 62
7807 3768
4196 6121
2699 4265
9202 194
9919 2934
7236 1434
2090 852
3117 2104
1287 17
9698 341
8679 7286
3023 8311
1869 7353
8192 7773
2419 2927
4890 2729
4282 9591
1777 2381
9474 5305
6601 5919
7141 8647
7398 4920
2768 5323
521 2107
2950 6044
5393 19
2127 3877
1816 7445
452 8451
7684 3859
6160 7795
5129 7189
177 617
2724 5613
3571 2065
3609 9878
3513 5647
474 1101
6160 3183
1141 7166
8 1410
2753 9564
358 3163
549 595
5482 8623
6432 9698
7404 5835
6617 1159
7753 8103
9719 5763
3736 9237
5129 7996
4119 1828
1661 3598
4728 4334
2991 5728
3663 8408
8526 9042
9632 5352
9991 6968
7305 2027
7335 7990
6162 8432
2878 9573
975 8601
5351 1748
4313 2695
7626 7123
2166 7290
4441 507
8008 7165
5878 7783
8604 5781
6894 7303
2541 8718
9557 1302
7913 7549
5286 942
8621 8777
2712 3489
2637 7891
2598 5595
8364 7503
1192 591
3205 6329
7929 9871
6841 6308
3933 9639
2608 1114
9354 2451
6826 6479
1038 4741
6553 1936
7751 9686
3948 8537
7150 1106
9479 9333
8617 631
9892 8289
5293 7535
717 5340
1778 4063
1697 6436
7608 7724
7633 3323
9016 2220
8076 5431
6726 4087
3441 2128
4287 317
4245 9726
424 6608
8660 4709
2140 2877
2503 9982
6703 3051
7284 8092
1147 4663
4592 414
2624 2762
6516 6168
3949 1329
7458 4764
4424 3389
7662 8391
9607 8840
7943 1924
3815 4015
4543 9232
6183 2099
8688 3905
2569 1603
9960 6131
1362 3236
2652 3847
3917 1789
6107 7077
660 9291
4048 236
8571 4455
9819 4792
4496 5152
71 2167
9209 9409
2321 9107
1212 6294
1154 2942
2137 6315
9833 5094
8058 6240
1869 6030
300 6774
3138 4732
9203 1505
854 7618
7767 5270
4592 3021
9096 5955
331 1326
3061 235
970 9659
8749 3364
6752 856
371 2192
9824 8662
5541 925
6000 5035
2458 8522
8309 2414
1708 3970
2726 9543
8074 5272
791 7128
5067 1629
6063 1690
7809 5500
5612 2046
6138 3103
5648 1592
3322 7575
2514 5616
8350 5543
1796 5685
7550 4785
2814 9796
7073 1563
9503 6562
7071 7301
7873 1128
8537 6435
4124 4773
4217 2261
4201 2685
5243 737
6715 8281
5202 9755
186 8063
1280 7486
5367 5601
210 9213
3314 7535
38 6000
3238 1749
7110 3107
1278 5577
6868 5864
5148 4863
2086 778
3159 1480
5152 710
3835 3272
3976 1934
6908 1853
3258 5457
4758 2836
8179 2277
414 270
3119 5937
3657 6765
3069 9458
4864 7035
8317 1024
1234 7634
9592 5641
1391 9570
713 1081
6040 5966
6269 8703
6468 8643
9514 333
708 7048
5895 3594
4063 4255
5087 3080
9445 6391
4698 850
6836 9609
8680 4097
4790 1635
1989 2763
4125 8951
793 6678
2457 6982
9002 4108
1386 6185
537 7385
589 8551
2345 5119
5752 3556
6588 8209
8043 6763
9723 2110
2019 8571
5309 1940
7994 9532
4758 5782
2785 1895
7598 2637
8117 8523
3991 5728
2107 7572
9360 5919
5585 3393
8833 148
6116 4960
6672 1534
5880 8592
4341 4961
9595 8274
3420 5465
9827 6208
2303 3393
7184 1648
9545 8697
8319 751
351 112
5056 6262
7490 2598
8306 9991
8995 9590
492 6419
1642 7878
3074 9214
8898 9950
8085 2909
4922 589
8387 4368
1501 664
6554 4000
3762 3872
9578 8185
4011 1647
9971 9360
3494 9377
1180 9010
2016 6015
8542 926
4423 9637
5959 1212
3054 640
1349 4924
6145 346
9 7573
6972 1415
6046 6389
1200 2660
5726 875
5147 2114
362 425
2511 1963
577 4097
2075 302
7731 9769
1725 4429
3354 9847
1225 3350
7378 1213
3651 6910
5536 1910
6290 5420
9063 7047
5007 1417
4243 5175
2552 8256
1514 450
1773 9129
8643 9459
5657 524
6354 9659
3574 2916
4439 1832
7521 7971
4848 6992
6714 1918
2110 8487
4273 2712
2527 7322
7936 2147
9102 7306
134 209
9542 2299
652 6155
4857 3283
3406 6192
9039 5414
8231 9155
8913 5929
4209 2057
6146 1032
3425 4899
8685 6205
3635 85
1953 3120
2614 1578
6329 9020
1029 1275
5553 9700
9632 72
1146 4421
833 7581
6418 7205
1583 8343
5384 2711
190 385
7403 1818
1021 6885
4143 8875
5727 5209
9403 492
8831 6097
8027 1008
5005 1298
4691 9308
6817 4372
5745 6379
2865 7364
1893 6450
1172 782
8036 6784
5706 9095
9708 7447
45 9664
8866 453
710 6648
6576 445
8279 3573
212 4292
618 342
2861 4707
8433 4930
8075 2675
1503 7220
5969 163
6360 6790
9634 5998
1030 2127
3897 4723
4426 940
9543 7181
5698 3565
3314 9440
6754 4395
8645 5568
4551 1906
5429 3323
2336 3437
5575 7079
8854 2487
8191 4019
6360 8104
4118 1989
2034 3140
965 705
1322 6659
5490 6771
2196 885
2096 9077
1873 1231
5714 5744
3359 8772
6628 4092
6987 2710
2606 3100
2447 9276
5565 3743
2123 1345
4324 4719
7781 1865
5965 7010
5503 1133
9644 6697
9837 5467
481 1858
3696 5408
3594 3970
4524 7254
7572 5163
8292 6259
4242 9068
6481 5132
6613 3849
7108 4676
3335 3054
9501 6976
8395 5230
7182 7833
7542 8385
1201 9469
123 7005
8868 9781
8897 2879
4943 8825
3581 823
5957 561
3596 7747
7811 1218
8164 7453
3209 8534
4678 8289
4176 1324
3035 4618
9661 6774
5381 9622
801 7329
6236 5845
5449 5515
7243 9058
6433 591
3680 5493
9450 7342
8217 4925
5879 1588
5104 8054
9068 9988
8781 7806
9211 9476
2796 1811
3775 6115
9354 5876
6516 5244
1882 9810
5757 7178
9526 1175
6185 5872
5852 2854
2173 5055
1289 6030
3578 2302
9747 3403
2111 8556
835 5346
1812 9000
2533 7043
7512 1259
9073 6440
3842 3948
8413 726
466 229
9650 274
3248 5451
9758 4
2271 3751
1687 9345
8627 8790
4208 4586
4 3804
142 1560
8896 4703
230 8474
4802 208
9202 8765
1100 9422
4716 9033
3725 8130
1670 7495
7976 6323
9627 794
7327 2449
767 1927
7718 1294
8178 8075
8172 9440
5585 9543
1175 2356
570 7157
2896 182
1648 127
9572 2616
4683 5553
9512 377
1195 2683
4180 6495
3147 6766
1556 2582
8186 9747
2194 8400
9521 9276
374 2264
1133 3686
8626 8963
3047 5726
1282 5098
6092 7787
6853 4965
6049 8372
8360 343
3486 1582
1101 5967
3397 9668
469 880
767 7712
4640 2951
618 2158
8219 5134
538 8710
8653 2692
315 8024
1460 683
4988 3947
5881 4428
9624 9923
6102 2059
6615 8853
4038 161
8837 5738
4194 2898
5897 9945
610 7306
7687 2334
9474 4600
3076 3474
9158 7145
3880 3783
9758 6020
6874 5249
3523 7545
4677 2618
5806 1908
6660 4723
4026 8184
7684 6013
6031 782
6037 2476
6241 9128
7885 7221
3161 1957
8890 6797
1869 9949
892 3576
4737 1696
2884 567
2450 5728
3905 7775
522 1156
3915 7638
9985 1040
3624 3546
1491 6212
5621 1064
2690 4731
6928 5514
5590 4117
6354 3657
7899 3415
4627 6527
1627 2355
1690 7857
4826 3006
5555 8219
5726 3791
2272 1475
6087 1070
4464 5334
2579 5483
4602 8588
8222 6320
5424 8591
2394 2610
2144 586
9943 4646
8331 3727
6373 7994
4883 4851
1236 1303
4231 6525
5181 5835
1252 1270
473 5386
1362 6573
8160 4425
8363 7448
2589 1155
5126 7106
936 9123
2719 4307
2873 5083
6262 6554
4942 8868
270 4103
1588 3841
4366 8143
8717 8937
550 1790
5176 7613
2113 711
7777 8780
4304 1121
5263 4777
4778 2799
1367 6263
2375 6185
4667 3704
6732 713
7105 6156
5803 679
2577 3837
4100 1918
1613 357
7297 1616
726 9301
7795 1734
7845 1325
8880 582
465 5542
8948 3120
8017 1435
2723 9150
7928 4533
2396 4580
5601 6459
4237 5994
5246 4456
4438 5981
9749 2987
1740 9628
2827 1600
4265 8383
7556 3029
3190 3222
7009 3974
9411 9747
1712 457
3776 695
7182 1087
2047 3196
3807 6663
7097 2623
4632 5100
1493 6053
6895 1129
614 4229
730 6022
469 9671
3246 4510
5992 6581
4468 9595
4827 8840
3569 9296
1799 6956
6316 9257
5024 3023
9411 6879
5912 622
9200 6168
2162 7202
2593 3026
3871 1044
6957 6283
1874 5278
5357 7264
3756 9424
2245 3497
4006 5888
972 1744
419 8203
7502 1953
2552 5465
8292 6254
4926 2370
2097 1034
4071 3302
6741 9133
5965 5125
5972 295
3006 5897
1644 7938
2337 4528
6671 620
7269 4674
3810 6597
5621 2994
48 2241
9204 6221
1499 7498
5486 597
6559 8611
3069 4215
2324 4184
7960 6819
2161 6157
6977 2268
3719 4021
3151 5060
984 9896
8004 6550
4546 3884
3366 625
1708 7885
9059 4729
4297 2431
1571 1317
2757 6447
8291 2470
4121 3853
4702 4792
7719 1064
1793 297
8650 9647
175 4340
3948 6787
8826 2818
3509 8764
5672 9040
673 5534
942 7962
2366 8715
9301 6184
5396 9025
7578 1947
9070 2554
985 7750
5003 7749
1489 3588
8800 510
3169 915
2901 5830
9723 1628
9351 7285
6043 6602
5248 1698
1314 5115
1975 7099
495 5566
3205 7283
5792 5367
9050 9933
8150 831
6954 4561
6505 6363
185 5356
4813 835
8956 3034
4377 7907
6241 2082
737 4295
2533 3882
4267 3503
9913 2945
2316 6143
2894 5398
6852 1344
8719 2695
7475 3672
9188 1802
3468 9226
7904 3191
1726 8303
7682 3264
5512 6843
8573 3481
8580 5942
4450 8558
8621 8213
5997 1098
837 4771
7384 6104
7517 5589
7512 8789
9933 5251
4151 1486
9974 4958
177 9417
9764 4741
9105 1935
4161 8071
6348 3571
2496 6529
5613 9578
3294 7351
3925 9131
2348 693
7376 8709
7262 6949
1892 9014
433 2954
5233 4885
8005 3835
4034 8203
8111 716
8112 6054
2662 9461
1769 9046
2535 9286
6346 1709
5505 678
5104 6906
8520 7632
1994 7216
376 1943
3918 6924
4230 3290
5182 4264
2183 1751
8859 2266
4730 4808
7750 6436
4560 7765
4369 4692
818 2699
3574 7369
5783 5948
5615 8862
172 7072
4781 2118
6370 3377
3868 4980
6473 546
8066 3486
4915 7646
3969 1368
6350 4273
356 6174
8197 6356
9832 3559
5532 2218
6648 261
3894 2192
1395 5921
6276 3150
9273 4033
7504 9177
3385 4498
3335 8228
8214 6303
613 4748
863 5933
3575 793
1192 4923
2656 6514
8124 5139
3857 74
8367 7814
7706 1012
2303 1235
5063 82
5691 4082
7937 6666
8869 8891
4298 2646
4497 7169
8281 9131
8802 3249
2276 7546
503 2986
8276 7355
7164 7163
9161 1095
7915 7507
1802 1504
7832 9697
7237 3837
9772 1164
9166 9201
5337 1269
8626 8319
7628 6674
6593 8272
564 8550
3721 7171
9135 1669
3534 1546
2666 6812
9133 8160
6906 4004
7180 5807
5106 6891
4116 7509
9918 8155
5813 2388
896 6849
7234 967
7673 4235
8413 9740
7991 9601
984 5184
6325 1354
8045 6129
4867 8244
7369 2772
2322 8383
7675 7084
2210 3634
245 544
5050 3239
7604 4302
8953 9307
4642 5632
1869 7499
371 1582
6768 5209
6520 9104
2274 8110
2423 9065
2473 3666
3066 6915
6158 6883
6776 8827
2159 2274
5729 6531
3350 6412
7858 6225
3965 7489
9441 244
6794 114
464 4526
4369 1615
6397 4448
827 5061
1363 960
3554 2553
8826 9075
337 4678
2797 4815
649 9872
3238 3735
4897 588
7806 6044
2932 1385
8391 1632
3300 3897
502 530
5670 4811
9573 5606
6842 7618
5380 8497
7607 4759
769 2484
9658 8228
2325 9959
2318 3478
5640 3824
6737 1698
2161 4602
194 7669
4928 4222
9110 9037
3250 8294
7845 6890
7491 127
8635 390
2972 1511
5482 147
8926 1976
3676 2143
1867 2561
858 2850
4120 6775
4175 8140
238 3699
5561 2047
5674 3565
8053 7612
5424 4618
1670 6627
151 3023
2192 1405
9256 4797
9372 8991
7036 9331
8110 7836
2592 8051
9902 4820
5150 394
6368 1392
5681 2935
3227 8044
4520 4766
4300 9768
4811 3237
3065 1276
7087 4686
8008 8540
1363 5081
9945 191
3498 9097
3661 3398
7325 4857
6420 2258
5276 6763
8290 3748
5394 4010
4384 2766
367 7711
8181 5436
5835 9301
8030 677
7331 6512
518 2632
5685 4692
4060 6904
4812 5567
4646 8779
29 8378
4126 584
5158 8145
4557 254
7548 5068
9856 5585
1561 7670
9924 1588
8007 8166
5469 7516
6431 9641
7596 8028
531 3809
4103 448
8368 7415
9633 4818
86 1952
2047 2980
5279 1761
7126 4320
2762 9251
5115 8338
5011 4926
9687 3445
8643 3685
9024 4987
1454 44
2419 8707
9520 3852
957 8773
4150 1679
6975 4707
35 64
1682 7059
6287 7834
4106 9692
3431 6820
3762 4392
4669 9649
6589 4207
5753 6867
3275 2534
729 7378
9523 3743
5057 9596
9648 1964
7144 6422
5835 5241
1513 6764
3463 7469
8064 8849
7021 3836
5324 7021
2778 1756
3205 4777
8492 5574
2777 5311
7594 7894
2579 5633
1347 651
4511 6150
3885 5373
9654 7345
289 1068
6616 7634
5567 888
9178 3316
636 8317
5446 9929
1694 3678
2428 5050
8491 8326
9272 3516
4756 84
5943 8419
119 2863
4601 6259
6169 3379
9851 8012
8857 6697
1815 694
9969 7071
8312 2348
6096 3519
1620 5601
2219 6772
4472 1230
4569 1283
2907 6331
8340 2722
9473 5944
8844 2838
8803 7454
1125 6365
9604 1728
7791 6185
439 4422
4705 6947
4177 2542
9898 224
6462 5812
8957 367
9973 8276
3365 8907
5680 5660
3888 6806
9615 113
6525 8546
4965 5005
9459 4976
6043 5137
8607 996
5751 5645
8500 3007
1440 1710
1377 5503
4909 313
2580 5875
1147 4629
209 5893
6257 6659
5305 8471
9013 9574
9438 3737
3105 4866
2827 6923
2932 8474
5345 2960
9411 4432
6369 3216
1836 9591
1887 5713
7944 761
6783 1296
6729 8114
4116 4110
9621 3384
4312 8795
9201 6505
4367 3726
6894 5914
5093 6615
9536 6398
8378 423
6507 9485
8332 1686
2616 1850
5757 7527
19 4807
9324 3740
1172 9713
6695 5728
4145 5930
4031 3677
8698 3217
381 6397
2878 1037
4212 4469
6161 5752
2683 9774
6199 4786
2570 9345
2231 9962
224 2115
9676 8736
5673 3940
9812 1232
3614 851
5357 607
9624 7456
1460 6260
4606 9880
3077 2541
6828 5781
9094 985
302 2272
9679 1572
2766 2118
8382 9009
4531 7111
1127 3959
3827 3992
8635 6112
1723 3150
793 17
5105 1534
5656 1559
1120 6693
3428 1059
3344 5071
2157 8459
611 7767
989 6916
1882 6152
9622 1144
5578 8378
7839 825
780 3841
1992 9399
7022 5414
549 7927
3005 8240
7451 3288
3503 2164
7282 7722
5906 1719
1300 7547
8354 5494
7870 5817
2151 6446
8159 7223
6346 594
9053 4337
7615 5994
7813 6261
9501 3016
4903 2823
4259 6565
491 9577
3115 7577
3889 6197
9628 3608
6767 2474
1593 3737
988 8121
1744 9971
4295 1991
1931 8161
3952 5073
1933 1234
6384 3632
1938 1622
7814 1468
1527 4800
7534 225
7057 7268
8863 4868
5606 6487
8086 6595
8656 6108
7715 2775
2173 3189
4344 168
8715 5016
4438 3827
3038 8029
8564 217
9097 1196
4730 2594
137 6270
2739 2232
4675 5391
4639 3857
857 2818
2286 9721
2392 2132
1971 8201
5642 272
9651 209
9011 1187
1904 7855
7361 2202
3498 2481
5389 3381
299 691
4879 5695
6571 1119
657 1387
3250 7141
7462 4778
4375 2677
9274 9213
7673 5428
1007 1113
6739 2415
998 4846
4292 2133
2909 1217
8582 1948
4307 562
5826 8755
809 5735
3013 717
1262 8999
3545 11
6810 7417
4945 4140
1297 8862
7034 4591
9851 3187
1754 4632
2680 8282
6713 1308
1107 3672
8030 5096
7862 4272
2804 2741
9866 2802
8756 4878
1609 8730
1399 2782
4453 2608
4209 1773
8906 5182
2573 1789
4191 8134
9839 7857
112 1296
7673 7877
6466 1041
7478 6744
8555 2982
9416 2510
3417 8308
84 2128
1183 5183
6316 7359
3293 5583
8265 3228
9507 3044
9317 9914
7697 4135
5735 4188
489 1563
1005 1154
8318 7382
4711 4594
6381 1756
475 401
3748 8432
5187 4850
1931 3915
8649 2027
644 8446
6013 9607
2198 3087
4713 3045
7564 6304
7989 2482
9133 1216
7301 8018
206 1274
9504 1190
6391 1963
6202 2851
9413 7433
3509 3404
8658 1342
1138 1960
1131 2337
3378 1920
666 672
4619 7165
4819 4659
5116 1457
2518 7920
3460 8558
7298 9214
6437 3480
3228 5839
9994 8465
2267 437
5116 7901
1745 1237
3651 7504
3762 4498
4481 3266
2206 2735
1002 2470
8257 1407
473 2370
4622 8414
5906 902
3137 3298
7860 1805
8691 1427
8167 5889
3292 1147
5653 1147
8090 5847
2135 2375
7284 5630
3095 6083
9164 7095
2736 1854
9132 6866
3915 6171
1847 8116
6805 5742
4862 7992
1310 9380
2037 4816
7809 3540
4043 8672
3455 2451
9154 4209
4357 6096
3298 5488
4446 176
1584 3736
9361 313
4566 4917
1595 2501
728 3849
502 9839
3300 6321
8043 8296
3572 9964
8171 383
6771 1559
5448 631
165 675
3964 3459
9236 552
7298 6583
6837 394
3822 1218
643 7898
7835 4131
4491 4373
6370 6100
6185 9016
7091 4486
5710 5281
4626 5627
9946 3179
8952 1950
4544 5814
9203 8564
5214 5760
3975 7960
5929 2360
2200 9315
6766 4812
4712 996
7755 9413
5643 2766
1162 5984
1491 4284
9016 5433
2685 1275
2306 2245
8086 868
2359 4555
4312 4507
3070 3424
2413 2783
2062 9794
7127 6767
4987 3514
9225 9037
2245 7560
1731 4345
3242 8568
6152 2447
7148 6758
2325 1509
5805 274
3783 4195
1489 8893
4981 3917
1773 7099
7806 985
7622 9754
4942 1560
2007 4911
4390 181
3537 730
7877 8068
5729 5106
8691 9555
8248 4955
4257 8727
9295 937
9649 4068
8276 8118
5551 6740
7649 7357
7718 4710
2451 1900
3436 1315
237 9809
475 7460
133 1389
36 3168
2839 557
5632 364
2004 1891
3840 7771
9097 1984
331 3826
5429 3487
9747 1506
5852 8300
251 2053
2874 7827
9621 4487
9794 8243
1185 6437
1562 7051
3531 4417
1841 3479
6086 3742
745 310
3358 418
9103 892
3686 9802
2852 9768
5068 5082
1650 1812
6093 9033
6203 6172
3415 6530
5550 4206
4116 4785
7217 6898
9772 1237
2129 9302
909 3048
8000 8856
8479 5979
3139 8358
9115 2003
4296 1076
661 64
5651 2706
4000 5431
757 3611
9919 1292
9639 8308
136 424
9684 8604
5028 5773
3454 3224
9486 5485
9381 3024
2812 4062
9232 7839
9134 9242
3660 3101
696 9853
3687 2588
920 3659
1696 9746
5152 9163
7475 8346
7374 5956
8037 6918
6117 3865
4973 3535
7565 819
2513 9751
769 1153
2680 4443
5734 6220
762 2138
8530 6903
3923 5861
4256 551
4763 9799
654 9616
320 8752
1583 4252
5333 3099
1662 8681
228 1082
8795 250
4080 38
2924 5744
7825 9036
4103 7602
5973 9482
4782 2441
700 8822
2761 3577
793 33
7113 1661
1496 9167
5318 4713
4564 2157
1265 7794
4818 6450
1668 4512
7790 6495
6154 3831
3663 573
6670 6802
8639 3070
9168 1052
7357 1827
2581 901
8258 3287
643 4320
2711 180
5084 5237
7745 2940
6553 5059
5497 1447
693 6661
6408 2063
463 9458
5312 1973
5804 2693
6248 3665
2195 9951
1612 8806
4454 577
7865 1058
5433 4118
9620 9845
6897 2227
3267 8580
6971 9129
3841 1532
3121 351
8525 4478
6085 7970
5413 6281
7145 5472
6630 2821
5692 1437
6080 3115
2711 399
5996 1253
8712 3807
2189 561
7182 2628
6868 6516
620 3829
2596 2160
643 2168
6475 4275
5855 8244
9052 662
1617 8002
4460 1876
719 6807
3328 956
5690 3172
2361 2267
4852 3184
9048 9667
1649 7191
7636 5631
9777 9184
6129 4527
2139 1834
3219 6522
7150 1280
8555 2914
375 4507
1936 9489
9968 1058
4596 2706
3502 7080
2800 3785
7136 5921
2689 2730
1796 3531
5246 8429
5018 7377
4790 6175
3794 5678
6511 7051
4167 3036
2900 9342
2927 906
9763 2088
6737 936
7900 6998
529 8991
9199 8822
4217 6861
839 6603
7848 6157
9579 614
6055 4069
1655 6528
7854 595
9220 4894
8491 2642
6561 5897
3945 9495
5150 6156
4585 8815
1600 4200
3498 1335
3602 517
1423 2640
7029 5014
6551 7230
1957 2219
7733 818
5392 1378
6696 6099
6633 886
3211 1248
8242 9072
5814 3321
4116 9488
5816 7213
4295 2443
7098 2233
4680 7401
938 5497
4381 3058
8025 1217
2544 2882
9246 5326
9459 7962
7098 7547
8028 5160
9806 4054
2344 1029
3746 2163
1627 7005
947 1981
8138 2657
4846 3496
417 2293
819 2992
452 3332
2716 2219
4944 9107
75 2693
829 5835
8511 6928
9765 175
9700 833
6614 6351
284 5673
7245 5186
3199 1739
5073 6123
525 9606
4766 3344
1640 7195
2862 2855
8249 4798
9139 7099
5624 3690
843 8367
2984 4360
7910 5851
4318 9614
3025 4886
155 2128
6746 8366
8957 9353
9365 4715
2829 7059
4210 2231
7528 2637
2139 603
1231 1499
5164 5928
6939 7162
5405 4181
4012 5193
1576 686
8313 9636
5327 1846
1311 3954
9632 6235
6747 7659
1036 6034
816 805
7440 3098
5851 7375
2299 8157
2917 4721
3294 4430
8683 5346
8378 5916
6713 1449
2455 3304
8940 1457
751 7106
7172 5245
3104 1139
5979 7227
2514 3141
7444 7622
7001 4262
2785 5010
8506 9660
7183 9321
7199 3332
6425 2108
8457 9145
1496 2705
8314 6020
7703 4171
8146 1318
5127 502
3342 8390
3505 6510
8770 3107
9259 6071
9588 8906
8316 88
1760 8039
523 5824
1151 9904
6177 484
2174 2493
5354 8787
7408 5537
8933 7994
9858 2971
5106 1592
2113 4543
7068 2250
1222 167
2096 4781
8632 9967
2512 1971
1719 5158
2260 9514
3877 2000
2105 8228
3670 5889
8102 6284
9837 2710
6829 6144
9843 2704
8653 5718
752 9593
4819 8282
3617 4511
5164 5033
1103 4498
8524 3844
8355 8825
6419 1968
628 9023
7328 5092
2584 4018
5949 5759
1857 4874
32 4283
8054 9139
4836 6662
3644 6862
4272 8809
1285 4136
8445 7604
5262 9580
1208 6695
829 3337
9215 5844
297 6195
2670 5129
7204 2368
5346 7913
8641 3302
6143 1559
1048 7234
629 6826
5937 850
8735 4817
4066 9910
6828 4130
5317 9981
1162 4985
2754 3648
9479 9655
4758 7842
2507 3498
7551 2794
1122 1842
8304 7504
8352 6940
5721 8320
1906 2587
7678 9670
7828 8999
4498 643
8240 1920
3007 152
1387 5354
104 8381
8637 9114
2945 4275
9219 5525
1748 5447
5458 9629
2747 2380
5343 1068
850 9010
3090 5999
9427 8970
7960 241
1364 4301
2973 3012
8536 9873
851 873
6453 2867
2679 892
2606 3668
3891 5030
9531 9989
8401 1505
709 7066
1333 2732
7399 5016
3592 8947
1583 8805
2438 8178
6526 9486
2668 4697
1840 5895
5713 3748
1107 1931
8786 9957
6638 7156
7261 5447
5236 8816
2142 5075
8886 9697
7984 3436
2507 8334
6305 2608
8955 7142
7680 7511
9438 7273
7328 6821
7992 4774
4992 2245
7834 1650
3719 7076
1020 6084
7371 7148
2832 5828
2249 517
6184 1677
6319 8818
7216 940
5803 8879
9015 6469
2294 7596
4063 5836
7637 3225
2377 7927
7978 4548
9852 2335
154 3362
9823 6267
7676 7674
4920 6003
8520 8621
5000 4901
9689 5246
8764 2887
1995 1084
5130 1293
5170 8969
2669 2664
7645 3794
5908 867
5438 4562
1445 5471
9935 4581
999 5239
3697 4029
8227 5367
3372 9143
5924 1204
5949 4676
3657 6184
6612 2847
7092 1409
5288 1226
1557 218
5901 7208
4888 7311
2852 6646
2523 9501
1627 7623
2411 2163
7746 7068
4406 4532
7323 757
9327 911
3507 3816
2885 912
8938 7682
838 9928
9710 149
5126 5202
426 5053
1558 7289
162 2614
2200 1033
6236 8662
3063 3128
9429 9521
5230 268
3290 1554
7521 6317
2413 8816
3643 7141
8436 7745
6961 2134
1848 6739
8625 8944
8941 3792
7353 6715
5269 5383
460 9992
3403 5864
9667 9200
7296 8047
4455 9345
7740 4075
7482 4686
3710 2668
4942 8123
2738 9034
9258 8153
600 9371
8486 1401
659 8032
784 4714
7966 7708
256 7121
1269 6733
7672 981
9862 8447
4011 454
455 5127
6256 3291
291 1763
4759 1343
748 3756
4625 1597
6632 7778
5438 3060
7930 5707
5764 8540
2798 7741
4631 5542
7124 6154
8768 6726
4919 4910
151 7184
2645 1427
8827 6030
3092 3007
883 4812
3068 5392
7680 5332
8817 1622
1589 8277
7190 8761
8739 4930
5023 5211
3670 9884
6187 7814
6889 2364
1054 1297
5333 2228
3132 6976
8710 5558
2621 8117
4758 7974
9633 92
8943 3992
474 3408
6195 4736
3652 5203
6302 5369
2728 2837
1059 2425
9278 2573
2305 3100
9799 6207
3001 8840
3742 9309
6235 6964
8241 876
5762 7717
2354 9082
1086 7191
5058 1409
5179 7113
4254 7950
1127 5462
7192 1059
8826 1736
1536 4261
1719 3962
689 5807
8163 5986
6140 2042
4785 1305
5498 148
5890 8714
3169 2804
9139 5294
2313 483
3190 6442
2607 2615
6012 6878
8231 3570
4698 9776
8282 770
2319 2950
107 6434
4234 6755
6325 1977
4289 1281
7053 7888
1009 6168
2545 2672
2178 2663
359 1003
7893 5736
3790 1812
6123 5561
9127 2507
4353 412
1628 1336
6186 3974
9010 741
4495 2024
6890 9030
4914 4102
3780 1488
3889 2301
9 6301
6488 8227
4497 6335
739 2912
4671 5192
9136 1849
450 6983
9323 6353
1824 2484
8569 9550
4226 7173
3021 7411
8777 182
4051 3440
4988 2546
6706 2952
2136 2496
8387 168
9834 7687
8488 4383
3213 1831
1280 3894
2552 8775
9458 881
9781 9979
2583 5369
8612 8464
9926 4426
5388 5562
250 8900
8431 4843
2159 3945
1560 2985
8264 7079
3380 192
6486 2897
2557 4622
1591 4547
9503 3713
4471 8243
766 6192
1945 2849
2593 3910
1352 420
8782 9078
4716 8581
825 3626
6041 58
9331 4455
5076 8593
3219 3082
7607 9470
7707 2959
9463 3146
7299 5920
6023 1042
4191 2120
8039 9300
3920 2976
1624 6721
6379 794
1487 7083
9112 5129
1263 9209
7398 2334
5019 6698
3026 9498
8869 5062
9978 2056
5820 9999
2045 8433
4547 4738
3861 6653
9567 6633
642 328
3117 270
170 5897
3581 7298
8688 1370
8275 2541
5962 9404
1226 4885
4188 6490
6992 5138
7558 2770
7334 9874
7149 2194
3037 5295
8425 8694
5609 2400
5980 6774
4273 6744
2176 7443
8295 9833
9455 5279
8247 8161
8703 2427
5026 3113
3571 6884
3589 7985
6214 1105
7216 4156
6850 8116
198 5375
2591 8663
2449 496
5275 6367
1243 154
436 9705
4702 8438
808 6788
8279 8762
8333 2498
5280 3504
2994 1855
8899 5525
2330 9177
7190 4485
6176 4193
8110 8484
5093 8722
769 4815
7400 4585
8961 5381
3787 6982
901 5310
466 4106
1799 3822
7246 2227
9759 2000
2300 946
2755 4444
6805 961
6336 307
6383 2205
4897 8999
4507 5882
3155 4378
3833 2403
9631 8081
7062 8112
9032 614
3631 5193
2437 6859
1065 6795
7843 1853
9622 4898
2514 5175
7460 769
7761 164
2686 9291
586 2596
9831 8507
6275 5756
5420 3881
6122 865
5938 4155
7024 2320
8942 8282
77 8550
7128 8776
5617 750
6557 9137
570 4700
8560 3494
8078 3285
5717 5603
6998 24
5899 3443
735 6476
2446 1978
3571 8103
9324 4397
6298 8266
9284 7539
8932 838
2788 6969
2690 340
3610 8177
1525 1210
90 8378
697 3866
714 5728
7529 1529
8742 1396
5238 1104
9725 3499
8421 2261
7585 3787
7486 6396
5115 4573
6785 3644
6142 9310
8221 7143
4962 4527
2341 2134
4095 3086
5769 2864
1527 6888
6125 6747
4379 5899
4850 2608
3405 8316
6454 2975
3270 9745
6662 3977
2657 7824
5273 6753
100 4921
5187 304
5455 7237
3363 2300
2816 7096
810 3343
5122 6027
98 7728
2460 7395
4311 1300
1302 6003
2797 7099
4291 1778
6602 5523
6159 4134
7098 8247
3591 476
6008 2668
3588 4734
3606 1026
1536 8947
4252 5506
6340 8446
9629 9551
2068 3566
9773 6424
5639 3783
1085 4620
4776 3064
8535 8348
4127 2191
4670 6198
5743 7441
8905 4739
8240 2253
1174 4821
3714 8093
4987 5851
434 6308
4989 3794
8754 4995
1300 7177
3930 2521
9627 5479
1099 1485
7618 3605
3413 494
6818 3948
5959 7476
5857 9926
5238 19
3542 1331
2214 2715
486 1120
5033 9467
5085 8436
2069 7211
7506 33
9346 8178
2911 9933
7239 2186
8841 7568
8572 1878
2153 3113
8205 9634
2392 286
8487 397
9246 9568
9628 4375
1228 4896
5576 8953
5156 7360
5473 3704
2378 1190
2058 8953
8302 1193
1692 3889
716 4200
312 5600
8279 2558
9299 6512
4031 1204
1256 3724
6326 8807
3634 3731
5600 5620
6268 5650
5497 1317
6156 20
950 6278
6798 3979
5799 2640
1510 4533
90 1051
3393 5338
1583 7413
9592 6797
858 2623
3787 5079
6183 5215
9207 793
2989 4016
2150 8913
9725 2422
47 4083
9173 1795
1533 5914
9158 6921
9335 3184
7816 8815
3759 1986
5098 1736
1799 2648
5498 4030
7607 2992
391 3171
7844 1427
8401 3358
4333 5019
3533 5731
9141 7116
2052 6215
5349 5291
3048 8013
4310 208
8918 6857
5258 7189
9566 266
3182 3878
8357 1196
7088 6473
3017 4237
2321 9484
7917 3730
8834 3981
5533 1093
7601 7617
2830 848
1769 8058
3666 1382
5341 5125
523 7899
1047 3313
4781 5094
7539 5381
3787 2825
8708 3565
1722 5465
8090 2906
1221 7387
5178 1001
6536 5115
5019 2288
6071 860
1350 7058
8535 6333
3907 5413
92 2648
1366 6770
6729 3289
5952 3697
3703 2429
4415 469
8436 9967
1859 9735
2121 3686
4846 1402
1619 7982
7367 1626
8315 6257
4002 7843
6271 4289
6329 5385
2948 7254
3068 573
2639 9038
2762 8820
8256 917
1860 7190
9235 7133
1918 1072
7801 6361
7343 5314
8882 9460
6001 9651
4524 3817
9551 5973
6753 7045
4401 2911
4369 3246
7320 4593
5936 1162
8270 2481
7813 4699
7316 4987
3951 7172
8420 1480
2528 452
84 7577
5403 1761
8108 8898
7873 4989
5264 1780
2116 4245
696 4499
9699 6469
8264 7670
9456 3277
9058 8041
113 4706
7232 8167
1407 6281
5010 268
9950 3317
2630 1429
2876 8839
260 830
1198 1531
8698 5616
2717 2454
9709 8270
3154 7383
