6958
521433
583 8325
6 54
80 98
16 46
56 54
61 67
40 8
75 40
22 47
7 1
99 81
69 84
37 16
52 72
38 22
64 71
85 73
82 48
91 18
90 10
89 29
53 36
68 4
1 90
65 43
33 70
35 44
68 72
4 6
86 39
16 68
69 51
97 39
36 82
99 27
51 75
81 71
66 7
80 71
32 78
78 26
53 78
84 18
12 32
16 59
58 16
84 93
60 19
97 64
14 49
24 59
10 40
9 93
53 17
73 11
39 32
64 71
49 77
22 59
49 20
83 45
1 2
51 42
2 65
92 66
10 45
60 3
12 43
63 58
35 17
70 50
26 52
28 25
45 8
99 30
22 25
66 33
9 32
39 56
34 52
62 46
13 62
77 25
94 44
67 36
93 62
52 64
81 94
100 45
81 85
50 46
44 63
6 56
5 28
96 3
88 82
82 7
42 33
72 3
33 86
90 53
92 13
11 22
54 1
25 75
75 62
85 62
87 22
2 81
53 33
93 29
86 61
12 25
23 9
70 16
58 65
46 71
31 47
42 5
23 8
98 21
62 100
95 96
44 75
77 50
33 77
96 93
17 43
34 40
51 64
17 60
33 58
50 16
22 72
46 19
69 65
35 49
15 72
49 47
92 65
36 100
97 76
38 44
75 42
37 87
71 83
48 78
41 26
68 1
5 4
24 45
92 52
88 32
73 41
79 92
10 19
69 100
57 60
73 57
54 68
34 45
67 19
26 49
64 85
94 12
50 38
18 42
91 53
75 60
87 86
42 26
82 48
51 56
7 45
61 53
63 16
53 89
22 9
70 15
35 99
85 31
47 2
26 3
25 26
79 11
48 23
47 82
56 92
34 17
78 14
93 43
86 74
3 25
30 64
24 97
81 99
88 84
78 100
81 67
92 53
39 28
71 13
45 56
98 45
90 77
66 23
29 61
42 60
13 22
54 67
12 58
47 34
33 43
84 47
80 54
52 91
34 17
98 52
24 19
2 67
7 94
80 83
86 52
30 50
42 79
21 11
1 18
87 65
15 91
10 62
69 86
97 52
57 40
93 76
57 9
17 57
55 29
5 92
95 75
33 5
36 97
99 75
14 100
12 84
89 76
95 36
79 70
71 38
76 71
75 28
50 34
66 48
100 64
93 30
67 90
66 91
50 35
76 31
85 1
68 20
10 44
16 92
30 73
84 36
53 66
21 38
58 2
75 15
60 37
94 34
44 51
24 52
70 100
54 17
88 76
60 47
85 94
24 67
59 39
59 81
25 94
71 82
10 65
100 26
62 36
4 21
63 44
19 6
77 90
21 80
44 4
70 85
55 24
80 88
50 10
40 53
16 61
96 66
25 69
22 12
20 76
82 32
54 9
55 88
9 74
43 15
35 67
87 92
74 11
76 8
29 18
44 50
30 88
19 55
9 38
75 100
34 73
31 100
35 28
59 9
85 26
80 22
83 43
19 37
64 45
37 37
61 93
16 58
24 64
42 37
67 39
76 37
63 54
87 94
61 8
39 23
13 36
89 16
25 33
100 6
59 98
9 36
42 70
49 66
68 52
40 50
57 100
30 75
89 75
99 51
55 62
18 9
81 93
98 9
94 3
44 67
38 40
74 2
68 44
7 15
85 95
75 43
86 35
5 40
71 84
44 12
36 78
85 53
85 20
44 77
46 13
72 12
39 69
1 86
57 84
28 94
50 33
92 72
86 6
96 90
7 86
2 92
76 13
42 74
63 27
67 26
79 50
5 48
74 1
83 49
81 19
68 21
89 49
9 97
4 27
33 4
48 40
55 33
4 95
88 49
83 92
89 34
51 29
27 75
58 16
58 49
51 79
70 38
31 6
35 82
26 29
92 46
37 29
12 1
13 2
67 98
49 42
21 6
58 84
100 15
38 47
88 48
92 28
43 21
66 40
54 30
2 78
11 95
78 41
75 17
40 14
15 60
13 45
24 5
39 77
47 18
37 37
84 94
75 71
65 31
14 44
72 81
32 19
85 86
93 92
75 74
86 89
39 70
69 8
5 97
5 3
7 79
12 13
34 39
31 19
11 9
57 41
3 35
86 18
47 24
92 61
1 13
64 14
60 43
13 32
6 51
71 93
98 20
77 24
63 69
8 2
34 55
58 9
69 45
13 25
69 46
20 77
93 66
5 19
86 56
94 64
40 4
29 61
71 62
83 80
52 100
41 22
39 60
74 95
64 90
63 63
2 97
52 89
53 17
14 55
86 53
46 23
70 1
60 58
32 35
11 4
16 93
84 64
27 10
48 40
99 2
4 11
7 80
39 95
78 92
54 67
91 94
14 67
48 56
86 75
37 66
5 80
89 60
24 34
94 43
68 52
93 48
59 27
33 26
61 90
2 23
94 69
57 7
58 64
21 88
14 87
35 27
65 16
75 67
70 10
35 25
83 75
81 46
81 89
79 38
2 82
20 88
97 98
69 45
91 79
100 22
62 50
22 30
41 45
19 64
28 72
82 91
96 77
24 60
89 49
36 31
20 94
71 52
50 55
13 42
81 98
56 72
96 44
58 74
50 12
72 20
54 90
49 57
54 36
64 58
65 35
7 86
1 90
94 88
45 17
33 12
96 49
53 41
12 4
29 93
16 54
51 76
38 87
60 77
95 40
61 85
79 38
23 87
3 9
11 92
10 36
30 28
6 3
99 81
87 81
57 8
27 47
63 38
2 79
14 86
77 22
75 92
24 66
75 43
50 8
46 3
25 39
1 34
61 97
76 5
57 25
44 31
48 48
12 37
54 15
26 72
45 72
5 43
44 26
48 16
12 65
49 96
16 18
41 1
77 42
49 94
5 82
45 47
31 79
26 88
44 16
42 44
66 62
86 36
76 98
85 37
63 64
19 22
63 56
84 81
39 71
7 27
91 76
91 71
60 41
42 47
72 50
48 58
100 35
9 9
41 31
43 23
47 100
46 50
84 37
77 62
53 13
2 42
43 33
41 4
4 23
35 20
54 81
1 11
5 4
6 76
89 9
95 46
46 70
41 17
52 6
35 87
5 13
42 69
84 62
68 92
45 24
63 90
6 15
38 92
98 22
64 5
5 93
64 20
82 1
76 95
44 47
35 39
1 27
73 37
61 74
9 31
25 88
77 57
63 57
64 100
87 49
11 23
77 30
72 40
33 38
14 23
11 89
10 29
21 60
15 59
99 19
55 25
67 71
16 24
7 67
96 37
24 5
58 10
7 25
10 29
83 52
23 51
100 28
87 2
26 79
11 89
57 76
4 82
25 8
91 85
68 59
50 72
80 77
47 62
83 86
58 54
3 37
69 82
5 3
42 53
52 96
40 48
3 43
31 23
17 48
62 76
1 29
63 48
96 5
59 34
72 79
1 50
89 58
11 66
4 1
87 71
54 8
28 86
94 64
77 83
5 3
81 56
93 8
35 89
85 10
79 84
21 8
14 90
5 66
90 69
7 21
27 91
67 71
63 35
59 87
24 23
95 98
58 70
92 92
3 85
87 35
49 51
43 5
51 22
61 38
30 72
98 70
10 72
17 64
28 80
75 54
11 96
23 18
18 89
27 81
19 82
6 60
66 8
9 78
60 26
14 64
5 3
68 43
19 13
23 31
15 57
83 30
22 21
24 19
50 49
38 52
28 15
88 87
17 31
56 32
9 68
54 39
1 54
5 54
94 72
49 76
74 69
61 6
25 15
77 38
62 91
70 6
6 49
20 32
49 36
94 92
39 100
85 82
77 100
84 73
95 50
98 85
22 20
54 67
98 91
73 7
68 100
83 5
67 86
42 18
49 16
9 44
41 77
17 71
17 27
92 82
78 9
74 68
10 100
60 13
62 9
86 31
86 7
90 21
8 61
65 85
94 45
96 51
16 52
78 49
70 51
71 41
61 69
43 17
100 70
25 38
65 20
62 21
10 39
14 22
46 93
8 42
53 53
49 100
20 26
33 81
89 58
10 48
55 30
87 23
21 60
32 68
40 12
37 61
36 10
5 98
47 100
92 75
90 58
52 31
71 48
90 50
4 46
76 15
36 23
28 56
63 60
82 24
26 52
44 21
24 35
56 66
87 55
43 71
24 16
44 74
58 39
43 96
98 1
5 35
19 27
3 42
80 69
46 55
15 88
18 39
58 13
47 76
27 28
8 68
89 28
27 19
44 5
84 57
21 76
42 70
84 52
25 19
35 21
40 39
36 93
69 43
97 12
93 82
17 49
8 55
70 14
41 15
57 95
4 67
75 93
73 60
15 73
25 85
84 89
36 77
58 36
82 86
64 34
61 31
95 2
78 28
33 91
56 65
75 57
69 30
42 58
54 11
1 43
76 82
62 14
7 98
29 100
74 36
1 36
47 48
31 29
17 42
78 30
37 60
27 62
81 40
99 91
26 89
37 66
45 14
80 83
83 76
8 87
83 93
16 5
87 33
8 2
17 53
72 94
57 99
100 54
54 75
9 55
85 8
3 9
1 21
54 80
94 54
26 21
69 29
94 49
48 87
4 51
100 58
42 85
15 45
90 62
100 80
45 16
85 95
92 61
56 85
79 57
16 35
9 28
51 38
88 52
15 21
27 34
1 13
92 29
48 62
84 19
79 38
62 92
91 98
52 24
68 47
20 91
21 1
64 28
43 10
87 73
39 85
3 87
43 58
3 13
73 37
1 97
39 85
83 68
75 64
35 1
8 38
97 73
89 88
4 46
77 22
94 83
97 55
41 42
74 68
89 62
91 47
74 67
21 81
97 65
40 55
74 54
20 58
38 39
40 73
71 96
60 7
88 38
94 97
63 14
79 63
44 89
8 1
12 4
88 34
79 61
54 42
35 91
65 86
42 25
75 23
65 80
51 73
97 57
16 67
63 71
42 39
83 71
16 19
16 86
56 28
67 27
9 25
91 96
84 9
38 72
79 62
26 8
26 32
65 56
58 30
49 53
75 79
55 84
55 46
30 29
30 44
9 2
6 37
23 13
93 99
28 71
42 91
25 99
8 64
32 51
59 61
41 80
68 89
100 73
96 61
67 54
41 78
25 2
65 31
5 63
91 54
38 33
42 71
37 74
83 42
30 40
27 66
99 32
95 37
38 11
12 73
8 61
34 57
85 83
30 41
48 44
1 19
40 56
72 1
10 77
91 5
42 48
28 95
12 31
1 80
58 29
57 46
59 91
85 72
42 99
12 12
58 43
16 42
27 29
52 13
5 42
98 85
65 67
88 35
11 32
28 24
7 6
36 7
80 86
25 17
11 15
15 43
57 44
49 40
50 79
95 39
97 50
26 97
83 44
33 31
68 1
83 80
90 81
66 71
9 53
28 51
38 27
59 77
56 45
99 81
8 38
72 20
78 68
63 44
92 33
50 56
49 21
94 12
27 55
30 34
86 26
75 82
7 64
53 37
50 81
9 4
51 25
92 48
86 58
17 63
22 59
72 99
70 7
21 37
44 28
94 9
6 42
30 17
41 92
52 87
47 12
91 48
79 90
67 28
55 57
6 37
80 44
80 90
33 59
99 93
9 21
28 90
79 93
16 15
33 77
97 100
25 43
1 82
4 15
19 84
5 78
77 40
81 63
12 43
78 48
84 17
56 48
16 70
91 31
54 20
57 12
51 6
19 23
61 99
49 67
24 52
21 94
100 80
89 61
70 26
25 32
38 32
43 34
88 18
63 63
14 35
70 30
36 92
90 15
46 87
53 90
61 13
58 72
69 71
41 2
93 98
24 80
13 64
58 54
99 37
93 99
18 67
80 7
47 63
74 12
38 47
77 94
20 58
57 98
75 70
59 100
92 29
22 91
45 15
44 75
80 93
67 30
42 89
63 87
71 54
89 12
58 36
30 75
93 2
65 46
65 31
59 9
3 11
81 83
11 79
44 12
38 53
30 41
29 16
66 30
28 49
98 28
87 22
45 72
66 5
57 9
42 29
61 66
55 100
66 38
63 16
54 78
19 83
27 58
53 96
32 2
19 11
33 43
92 33
58 86
83 41
25 18
36 55
8 5
40 80
87 96
49 89
62 83
87 77
99 83
21 51
18 44
40 100
35 69
56 17
42 13
76 94
17 57
61 64
72 91
13 56
17 42
99 68
30 92
80 40
66 28
45 85
9 67
69 56
65 25
100 51
51 68
29 43
93 97
20 52
6 61
76 53
41 91
86 9
37 93
80 16
29 12
85 26
31 49
28 31
19 36
22 79
99 69
66 19
17 27
30 25
2 3
11 79
89 86
24 29
34 86
55 64
24 20
38 45
67 17
27 30
42 32
5 19
80 51
95 35
89 26
15 6
62 54
84 8
97 13
79 31
24 69
40 78
68 36
72 74
1 60
65 91
13 95
70 29
31 21
93 39
93 90
16 18
20 73
80 92
57 57
10 78
56 19
38 30
42 36
4 30
28 40
5 27
84 99
67 44
35 46
52 8
48 50
35 6
13 83
80 1
43 47
51 59
40 85
91 21
1 45
18 70
5 98
83 50
22 81
24 48
71 18
97 65
99 4
69 82
17 80
83 45
23 18
56 64
75 33
31 9
81 48
26 80
10 17
99 15
68 95
87 29
100 61
56 49
54 80
75 40
52 50
97 74
67 85
11 20
52 63
25 96
4 60
52 83
47 62
90 4
30 23
20 97
58 91
14 92
94 85
10 35
56 3
10 69
51 88
58 38
51 99
98 96
39 96
74 42
57 7
44 35
34 93
57 18
21 82
23 70
68 34
55 56
42 60
9 17
49 39
54 90
20 56
70 44
46 74
9 27
85 31
7 67
87 69
93 98
92 18
90 11
27 45
14 89
67 22
62 44
93 38
76 10
75 13
62 21
33 38
57 21
13 6
54 50
60 88
69 96
22 75
83 33
28 83
99 77
10 12
67 93
82 29
8 76
79 9
82 50
21 72
55 57
24 13
32 46
37 11
81 15
38 65
35 73
42 76
13 40
60 94
66 100
67 20
24 96
10 5
99 33
82 94
69 50
46 79
93 80
82 71
99 77
21 58
65 15
24 67
84 7
60 28
83 78
23 12
25 100
95 60
87 87
47 31
35 3
54 78
42 43
30 49
18 26
58 15
3 98
67 56
53 86
65 43
25 20
60 8
3 36
51 14
7 88
100 96
48 72
81 3
30 68
36 29
58 25
24 34
22 50
97 55
97 12
84 59
3 65
25 57
27 72
82 57
72 94
29 75
97 89
11 11
36 37
41 59
50 25
20 79
45 36
8 69
71 12
24 64
47 6
80 93
78 6
62 65
40 11
26 67
86 22
56 86
46 30
95 86
5 90
44 29
95 3
34 66
11 15
76 21
39 13
31 94
87 73
80 36
89 2
75 50
21 5
51 17
26 53
78 88
40 90
28 85
90 13
39 28
19 77
25 44
77 21
57 56
98 29
25 74
2 61
95 4
60 96
93 18
52 75
50 89
26 84
92 59
50 100
89 79
89 59
88 1
18 78
13 23
89 12
5 22
48 13
67 76
85 58
46 89
30 35
47 35
32 67
83 85
83 22
34 97
31 49
4 7
35 74
23 72
39 62
91 23
82 95
54 44
96 57
88 75
62 17
99 20
62 66
47 41
2 25
15 78
10 33
71 55
39 37
17 77
74 73
90 23
38 99
34 53
60 61
79 95
94 56
10 34
11 52
23 58
98 77
10 29
6 84
90 91
69 55
51 44
43 88
55 56
67 22
22 6
20 5
19 96
9 11
66 8
79 41
4 71
86 47
100 81
45 80
59 77
8 62
9 27
16 30
45 4
63 21
88 71
23 34
25 100
47 55
59 55
65 93
92 29
78 95
79 73
64 100
97 89
19 58
64 69
21 5
2 5
41 57
80 4
87 61
12 51
65 45
51 52
2 46
92 7
9 11
65 93
26 23
63 11
98 31
28 23
21 89
97 47
15 8
99 57
64 97
87 96
51 96
92 82
32 81
69 88
35 13
81 61
8 24
20 96
41 51
95 87
83 58
36 5
97 51
53 97
60 4
58 43
92 28
27 15
44 57
68 37
1 59
65 54
3 30
34 18
33 39
65 72
74 80
44 26
78 36
35 56
28 14
48 75
29 100
78 49
1 90
15 56
35 56
17 13
71 94
16 63
33 35
45 83
12 85
76 15
12 62
1 76
59 64
9 18
28 25
72 99
2 30
19 60
16 6
46 49
21 9
12 44
10 60
25 33
37 75
32 48
73 14
54 92
10 88
92 25
1 87
28 99
9 2
72 2
56 29
63 34
81 15
48 73
60 74
33 16
42 41
74 74
1 55
64 60
11 68
72 75
55 66
2 22
21 43
54 42
33 57
21 30
76 99
82 28
51 98
90 51
12 35
88 63
22 66
58 26
29 73
16 76
64 45
92 95
43 84
30 43
46 17
20 46
69 3
75 12
61 41
29 75
16 85
14 91
82 57
98 73
51 61
85 7
28 99
10 20
31 2
46 81
10 33
80 77
47 61
79 15
46 75
67 18
81 75
77 5
30 19
58 84
29 84
24 65
59 83
77 60
65 88
75 18
2 11
24 8
88 1
100 77
94 20
84 14
44 87
67 76
94 26
94 81
65 24
11 72
35 61
74 98
53 54
51 39
29 28
57 97
67 12
40 60
64 32
23 87
83 31
51 31
73 73
31 70
33 27
6 43
63 35
22 94
53 37
37 23
75 86
16 42
43 58
99 56
22 35
32 79
29 46
57 35
52 33
94 73
59 4
78 82
35 66
69 71
8 99
96 86
33 99
19 36
73 42
95 33
70 45
91 5
39 94
70 6
6 92
11 46
71 87
36 92
80 1
62 23
74 47
54 54
11 54
85 8
9 14
36 96
43 4
41 29
34 18
80 47
41 46
65 87
44 4
15 74
47 91
4 55
4 43
95 19
56 16
91 52
7 24
21 24
55 21
21 98
23 74
47 77
59 55
21 42
38 56
68 100
99 19
24 99
96 54
6 18
46 13
87 91
89 32
33 20
80 28
86 60
81 39
99 83
43 98
91 15
94 61
95 50
85 16
10 9
88 98
98 61
78 23
41 21
14 52
93 23
19 65
59 12
79 2
46 73
47 68
59 75
34 73
56 9
14 12
40 15
58 61
60 53
23 78
86 69
53 34
35 30
94 15
68 95
4 35
98 22
80 89
32 45
28 30
32 8
6 40
75 64
27 10
7 43
82 5
11 47
36 18
29 6
82 89
91 62
81 46
50 60
23 83
79 62
65 60
71 78
5 100
52 78
30 100
54 26
81 18
39 44
20 72
88 82
83 27
60 38
31 95
99 92
24 28
18 38
10 8
67 76
13 55
70 53
81 46
89 100
72 36
44 84
21 40
14 12
2 48
2 33
41 83
49 22
16 28
57 82
70 84
5 50
6 47
47 95
31 42
86 87
84 68
30 60
21 33
5 62
45 25
41 29
30 82
51 93
47 78
33 5
4 6
44 39
77 47
46 20
17 81
37 41
19 72
70 21
84 99
2 38
28 86
61 79
38 80
72 48
36 6
62 19
60 14
50 14
77 97
62 43
40 44
20 67
48 94
56 68
33 49
62 41
51 65
76 79
77 54
42 57
38 44
54 54
71 42
29 79
25 6
63 17
5 65
74 60
3 73
28 5
65 92
19 71
77 21
49 46
38 36
80 39
33 97
89 20
65 5
55 46
15 64
9 16
28 27
67 72
65 96
70 76
93 64
17 7
75 27
35 44
31 14
35 91
4 81
89 87
88 22
98 87
87 25
4 1
80 70
58 1
54 55
11 23
74 66
18 26
60 14
41 36
71 92
18 57
77 89
60 57
35 68
82 18
99 25
85 81
35 27
35 41
59 68
1 7
85 41
3 98
54 1
88 48
95 56
28 34
79 27
48 72
93 59
38 4
73 14
39 78
58 18
87 74
88 4
63 2
51 35
51 57
47 84
3 76
32 38
74 65
61 21
21 45
2 50
38 33
50 6
18 68
17 23
73 54
53 64
52 47
17 5
44 18
22 77
34 8
57 13
98 17
34 64
90 20
4 21
49 12
72 52
55 58
97 25
32 80
58 59
42 51
74 74
65 56
85 49
14 38
95 82
77 95
9 83
70 55
50 33
40 9
69 45
70 29
35 84
98 47
60 22
19 81
35 41
28 72
14 18
70 39
34 89
19 20
64 96
53 9
50 68
42 1
39 64
79 15
34 41
36 4
6 59
39 36
59 96
42 22
44 39
9 34
80 85
86 58
75 9
68 96
12 87
10 71
57 35
84 76
34 2
43 58
55 9
47 66
7 92
49 78
15 32
80 13
45 55
81 68
9 24
83 9
31 94
23 93
54 61
9 16
37 3
19 76
11 94
4 84
29 98
43 22
58 45
53 52
94 58
35 61
46 57
63 20
1 35
90 28
84 31
82 38
36 76
76 87
76 92
35 50
65 97
46 26
31 59
15 98
100 17
55 7
28 47
28 30
10 27
53 41
8 51
20 20
40 96
14 31
23 82
98 60
21 15
47 3
23 79
92 83
23 15
51 50
98 44
37 99
90 41
86 95
36 63
75 43
65 16
76 93
1 7
74 15
20 43
13 19
51 36
88 77
80 84
61 69
58 20
50 19
62 54
51 2
6 12
8 38
67 8
73 72
21 66
25 17
72 99
61 35
53 86
4 11
62 98
60 67
3 12
48 63
99 73
41 68
52 86
31 20
93 33
99 98
64 53
28 6
60 32
67 15
20 14
5 17
69 61
17 89
11 20
37 22
10 39
37 8
45 83
93 97
55 78
74 56
22 21
6 71
41 62
68 74
51 50
43 78
87 80
92 52
98 48
20 35
21 12
19 10
77 79
87 28
1 58
3 71
13 9
66 14
61 22
27 3
76 17
14 78
25 78
99 63
2 66
84 19
30 11
46 77
60 16
17 72
49 63
47 68
77 65
68 62
68 12
14 9
96 37
9 7
19 87
13 93
63 60
16 36
11 42
97 89
15 56
5 92
20 46
19 84
100 83
52 96
60 22
55 93
67 73
41 100
9 43
41 10
45 7
36 69
66 26
89 70
63 79
27 72
100 65
78 6
8 54
12 81
18 75
35 87
48 74
76 68
26 30
3 44
92 40
26 60
84 38
35 47
89 26
97 59
31 24
64 31
59 2
56 93
9 96
54 46
67 34
18 61
82 79
67 40
33 100
41 96
41 87
44 21
64 37
27 85
3 64
84 59
90 17
5 91
6 32
27 97
32 34
30 79
7 10
9 9
54 43
92 3
96 66
55 72
4 8
31 33
75 17
41 53
20 65
48 48
96 100
96 16
45 80
42 6
36 36
96 75
53 70
34 2
97 31
11 76
85 13
66 6
28 30
28 40
46 36
89 1
28 98
90 17
4 99
23 15
28 65
54 98
52 25
60 94
86 60
55 59
97 62
46 1
67 53
69 52
63 87
87 46
48 54
36 22
91 98
98 83
34 95
27 74
90 31
6 82
28 6
3 19
100 58
85 53
85 21
44 10
92 55
76 38
78 77
95 4
2 47
69 29
24 76
40 4
14 33
74 77
70 42
7 21
42 6
9 49
4 25
56 53
76 18
69 88
39 26
8 88
60 66
73 95
50 7
81 88
21 8
84 26
2 40
77 23
23 92
99 67
7 55
77 28
66 66
19 27
70 26
99 89
93 46
73 26
92 27
4 36
32 98
85 66
23 42
53 96
3 75
22 70
85 42
91 3
7 50
81 15
10 88
2 66
92 57
32 95
76 5
93 30
42 10
88 23
34 78
28 31
17 44
71 77
94 75
20 44
22 95
80 44
14 76
42 43
49 77
80 33
72 25
60 11
23 5
81 53
21 22
77 28
60 41
15 45
19 92
74 31
94 40
81 100
81 64
69 60
26 8
65 8
71 5
24 49
99 49
90 84
93 67
74 32
15 63
20 13
81 49
99 37
22 48
25 9
53 24
56 91
58 86
70 39
50 30
62 26
42 36
23 4
10 1
7 9
70 22
39 12
21 11
48 47
70 50
47 3
20 62
62 78
88 52
23 40
64 18
80 37
25 57
84 30
56 40
11 48
47 36
27 7
3 98
61 56
2 41
80 66
87 55
69 59
14 40
68 91
75 27
99 42
93 2
48 2
7 26
62 89
5 14
57 6
68 53
77 35
58 64
18 19
80 65
3 10
9 51
36 61
63 72
1 6
21 81
90 41
87 4
14 48
63 46
76 78
65 1
66 23
93 96
37 35
84 21
51 31
100 48
100 16
93 19
51 95
3 73
79 57
30 100
71 2
39 84
26 27
16 84
79 45
65 63
99 17
72 25
19 86
92 69
100 49
87 82
92 71
73 70
29 86
38 8
47 43
81 95
8 37
81 54
38 68
45 40
36 92
100 7
75 82
89 10
62 20
82 24
69 65
55 15
100 23
72 86
45 79
34 46
79 5
36 80
95 46
34 66
11 30
18 82
1 18
4 26
72 27
28 51
11 5
100 33
60 27
81 48
76 77
10 90
55 60
22 86
68 23
75 78
64 73
13 21
78 32
90 59
31 23
64 77
73 50
25 85
89 20
68 2
91 80
74 4
100 41
78 12
73 21
54 33
41 25
67 43
70 44
91 60
64 30
97 73
95 88
34 99
83 41
75 99
76 1
60 44
23 66
71 97
32 75
28 94
72 98
8 19
42 95
5 44
29 42
11 31
84 6
97 24
8 48
42 65
43 99
98 14
81 33
29 7
57 28
77 48
27 66
82 81
41 61
8 36
16 12
35 84
68 58
12 93
93 30
80 46
10 42
68 32
54 37
91 31
54 79
78 98
87 98
59 50
4 35
26 87
22 19
1 51
28 82
8 95
77 60
68 29
55 30
34 45
20 64
34 44
21 63
4 71
36 87
23 29
39 79
14 51
39 5
29 98
55 63
64 88
56 72
21 21
46 19
19 90
49 92
25 84
88 21
12 93
16 66
40 96
5 5
36 25
93 66
89 40
12 6
81 86
4 66
99 9
9 42
35 93
54 65
12 85
46 2
69 88
81 82
5 85
51 91
51 8
90 99
67 44
77 35
90 90
10 97
100 64
64 24
42 9
65 61
23 12
96 43
99 91
76 66
77 62
41 38
57 2
73 23
24 13
72 91
82 54
88 100
67 49
32 18
21 48
81 85
52 62
4 40
57 35
56 63
3 38
35 79
20 29
76 49
19 55
50 32
52 29
94 27
33 77
22 39
62 95
71 86
55 90
60 36
11 27
73 8
27 84
75 12
6 97
33 67
58 75
84 80
97 4
3 67
46 8
97 74
23 85
86 73
85 54
95 11
73 15
13 57
64 15
2 46
46 77
17 85
31 3
31 55
56 98
88 32
46 6
72 2
61 59
30 100
6 90
50 33
72 8
37 11
59 29
3 28
55 16
40 49
27 6
65 94
15 85
37 89
31 40
24 31
5 54
74 1
47 48
82 60
28 6
69 89
90 65
66 6
20 80
28 25
75 19
69 32
80 73
78 5
56 34
28 7
20 33
68 92
68 59
21 52
97 43
15 20
32 46
28 61
4 33
86 23
43 96
81 89
61 65
2 84
18 97
35 42
96 81
70 72
66 92
28 62
60 34
11 71
98 86
11 85
19 82
84 43
59 35
42 3
94 18
91 68
85 30
71 98
68 71
81 23
27 87
38 76
93 20
19 45
93 91
51 31
26 43
69 71
54 71
77 73
23 75
34 25
34 12
47 100
62 75
93 42
61 77
8 42
36 48
75 5
49 50
61 84
24 67
34 76
6 81
3 46
61 34
24 70
48 62
18 30
25 13
2 73
47 38
72 25
1 60
17 25
12 89
52 58
48 95
90 16
60 76
44 3
65 35
83 27
41 94
6 61
53 36
71 24
78 35
12 41
18 87
71 75
58 70
85 53
13 33
83 96
23 4
18 41
92 60
19 55
61 46
70 96
13 30
85 39
40 93
21 15
28 96
99 22
3 42
22 41
86 23
8 35
72 1
86 99
40 16
5 69
6 79
92 28
58 31
6 39
4 67
76 73
15 34
84 62
92 38
89 15
8 62
6 100
45 23
62 52
91 81
68 78
94 76
28 4
17 95
74 42
76 19
67 58
76 39
19 3
38 95
91 88
46 87
49 79
43 90
54 46
71 68
65 2
54 20
45 21
58 47
88 42
7 1
95 64
11 60
2 90
89 36
3 57
7 27
66 27
43 50
36 80
50 95
68 72
33 72
92 93
54 30
44 31
12 50
95 72
67 33
29 40
93 61
67 74
54 21
52 5
96 99
33 99
73 53
21 14
28 23
95 29
39 22
73 29
43 96
14 72
63 71
70 55
10 84
27 18
27 96
68 94
3 13
26 52
36 12
88 99
78 94
17 70
63 56
40 7
87 94
27 45
60 22
92 33
2 16
87 95
64 69
12 43
42 79
31 49
83 90
83 68
61 86
44 99
43 43
64 2
24 8
42 36
43 74
79 34
56 51
56 95
36 63
87 25
52 6
42 34
54 59
72 59
92 16
34 4
68 55
41 26
46 25
95 69
10 54
57 19
54 10
36 28
17 95
46 61
82 82
5 29
40 60
93 19
24 85
40 87
54 40
72 67
96 64
39 69
63 27
86 85
14 77
94 38
27 74
23 84
78 96
57 21
19 47
53 11
78 62
74 54
20 17
18 14
71 6
33 76
79 51
99 15
49 3
10 66
38 52
60 25
100 2
68 66
94 38
53 3
38 30
84 95
46 75
88 18
22 1
75 2
44 56
84 22
80 77
61 54
54 56
57 84
17 41
97 49
42 89
20 11
65 61
65 23
71 90
82 32
80 67
2 48
70 75
64 33
100 39
94 81
81 53
13 92
44 72
41 60
11 41
39 76
92 30
43 65
16 27
91 13
5 69
87 10
39 21
40 34
5 54
80 96
58 22
68 67
38 90
38 89
28 85
18 25
34 92
22 54
50 67
11 47
41 38
22 29
63 67
12 72
6 93
66 47
33 45
87 99
2 29
24 37
38 31
17 82
87 14
31 73
38 71
21 2
62 80
13 68
46 50
19 13
6 39
36 66
85 72
38 89
37 87
40 86
85 22
51 33
74 93
84 97
40 95
44 37
54 23
53 76
10 13
21 65
38 97
87 53
28 72
9 12
60 77
8 40
73 59
55 89
93 96
28 67
25 80
67 68
32 72
91 28
23 47
73 84
30 71
23 66
96 88
93 35
59 10
41 95
2 37
90 57
42 93
7 40
45 86
23 35
16 54
92 49
63 64
58 72
91 26
82 69
43 46
76 53
100 26
73 12
19 64
71 33
41 92
47 17
40 82
57 29
92 67
21 25
82 33
37 72
67 92
54 65
66 77
89 18
67 34
61 82
71 6
1 2
18 59
97 77
13 54
73 31
99 100
78 68
74 47
96 46
79 24
42 79
78 85
27 84
57 36
37 86
89 33
43 39
59 62
72 90
64 64
62 13
61 100
5 3
97 70
59 31
58 2
25 76
42 83
48 57
11 79
66 86
1 38
10 49
95 70
30 82
3 5
91 65
8 14
77 20
52 54
17 82
82 29
34 57
21 3
91 16
37 76
90 52
64 88
57 61
96 81
40 64
79 26
93 56
68 29
15 73
6 6
30 30
54 31
93 29
61 57
96 72
26 92
27 52
100 59
52 60
86 25
3 87
98 83
30 15
24 88
71 42
69 59
15 63
39 23
21 70
80 18
30 15
7 57
91 40
64 12
77 41
86 12
32 69
3 99
76 15
26 57
17 63
73 13
2 75
37 78
19 47
1 26
27 35
20 25
97 35
99 64
34 28
1 45
95 72
62 76
38 59
54 34
45 33
87 77
88 41
9 90
23 78
28 58
28 21
76 10
89 62
58 73
25 99
38 26
24 24
84 79
45 14
22 61
99 39
74 2
31 49
65 6
1 53
51 50
28 10
57 4
21 55
83 44
8 7
25 86
78 11
1 19
46 58
62 98
27 60
58 67
37 12
41 12
28 6
57 5
45 43
75 13
10 56
51 54
53 97
76 100
51 30
14 52
34 77
51 85
61 6
41 80
1 28
70 79
67 7
94 17
1 51
57 32
23 53
42 44
32 46
32 24
28 28
57 2
63 98
65 27
97 32
7 71
99 33
25 49
51 33
61 40
18 17
57 42
24 62
46 49
50 48
70 39
16 51
46 80
73 89
20 9
71 52
49 69
89 25
35 42
65 12
64 98
9 62
68 53
50 50
24 12
13 99
8 86
96 51
44 29
82 28
25 1
36 5
3 85
78 11
11 73
55 66
24 8
67 9
37 48
28 93
54 40
33 32
17 48
39 61
23 30
60 27
5 37
9 97
21 50
7 32
24 73
9 54
11 8
47 50
62 1
38 98
70 95
8 92
63 10
9 48
60 42
12 42
63 50
71 56
53 93
41 28
62 20
60 61
42 26
72 4
94 41
86 41
64 78
39 22
25 18
22 3
54 24
8 65
87 8
61 63
74 99
93 40
90 49
73 17
51 61
79 66
25 48
41 40
99 71
65 15
76 34
40 19
6 66
22 53
76 81
2 29
93 30
82 88
20 31
41 11
38 10
94 76
14 55
71 68
26 89
79 33
80 20
32 3
18 96
100 12
36 1
66 57
59 81
20 87
41 49
1 29
71 26
28 34
94 4
63 67
85 76
99 47
38 75
90 67
76 85
26 60
87 2
3 69
55 28
92 66
60 64
28 14
53 1
32 95
89 48
6 94
100 12
28 57
2 17
4 51
57 30
95 18
22 81
86 58
66 72
72 41
22 10
67 80
26 83
43 37
85 36
81 65
52 59
66 90
51 84
31 23
59 58
96 66
4 39
22 92
27 42
77 37
86 88
59 22
45 1
11 34
95 63
54 36
82 69
47 37
57 64
2 20
32 73
59 87
29 74
20 39
26 79
60 45
2 82
49 71
79 15
48 3
85 19
69 20
17 55
65 17
14 8
65 48
32 32
13 85
50 9
50 100
35 2
14 42
76 31
86 28
27 34
76 66
17 31
80 77
31 59
69 15
41 66
60 27
49 9
49 48
38 3
48 62
89 16
39 30
93 93
89 60
3 39
30 70
18 97
17 98
95 62
28 10
77 92
86 62
41 20
72 75
68 81
99 66
57 92
95 21
61 92
61 85
56 86
98 82
14 29
90 68
79 70
8 87
1 7
35 41
93 83
23 37
35 87
88 47
12 87
70 94
5 11
25 34
50 26
95 60
97 74
57 33
81 93
12 48
74 26
91 82
81 19
83 84
18 27
74 24
45 51
2 6
46 41
32 2
16 95
19 19
11 17
22 19
45 56
7 48
91 53
95 80
32 74
4 42
50 69
86 52
45 16
24 18
35 95
16 76
24 26
81 53
66 95
59 28
3 10
13 64
47 84
69 10
22 58
36 19
29 70
17 46
91 45
54 51
90 38
43 51
46 64
49 64
38 46
100 35
21 77
32 54
93 57
71 77
56 29
1 46
58 46
65 73
50 83
39 58
15 85
5 10
81 27
88 97
48 99
76 89
23 92
4 57
20 23
69 77
30 25
36 69
73 94
27 75
42 68
11 34
26 79
43 55
33 46
20 61
46 77
97 54
92 30
35 20
9 6
49 58
100 32
61 7
38 34
58 86
90 25
91 62
65 72
89 92
7 54
57 40
78 4
7 80
2 82
70 83
9 20
72 24
55 98
79 12
96 60
94 79
12 12
95 20
40 25
81 94
10 83
35 85
43 99
4 6
23 40
24 55
4 96
15 32
65 44
83 77
37 2
21 51
81 79
59 29
28 97
97 3
89 75
91 99
24 65
28 24
6 71
64 29
97 54
82 49
87 37
99 66
80 38
75 69
21 30
93 33
68 28
14 81
95 67
71 6
14 59
8 69
28 87
48 15
52 82
63 72
79 20
20 76
44 89
16 93
95 55
94 50
16 84
20 94
91 19
30 26
19 16
60 8
35 19
66 96
78 81
72 68
17 63
39 46
3 21
39 9
41 97
45 76
23 90
34 23
94 48
39 19
56 11
9 58
80 2
26 95
99 55
51 29
6 44
75 49
58 40
66 85
42 20
1 100
5 35
13 42
30 84
74 49
30 18
68 1
18 83
69 12
50 18
49 7
93 68
5 68
22 78
53 95
100 5
54 26
92 9
51 17
77 77
49 33
33 10
59 56
88 3
91 69
31 46
44 72
5 16
99 9
37 45
16 100
19 19
69 3
23 30
34 60
39 9
74 19
35 36
65 66
98 22
2 29
8 84
55 81
39 17
93 1
64 41
35 94
19 34
36 14
43 98
26 91
31 79
13 84
94 7
1 1
24 67
32 26
52 56
49 14
21 83
32 34
24 48
17 87
50 77
21 37
23 89
54 69
35 67
95 42
7 22
80 30
30 65
61 80
16 17
75 3
11 53
66 48
14 33
34 65
71 56
43 58
64 6
72 42
92 45
69 68
32 23
19 38
36 47
87 41
11 68
79 7
53 65
84 67
45 90
27 46
83 46
1 19
48 44
85 86
23 38
30 20
34 82
99 96
70 34
72 35
60 70
10 80
27 84
35 44
30 46
78 2
83 33
92 91
29 80
62 31
24 36
69 40
55 37
53 98
43 21
97 6
77 41
22 59
55 30
59 78
25 61
66 81
36 37
97 46
61 56
65 46
10 1
97 44
64 13
7 35
14 30
34 23
60 27
51 24
2 84
40 42
36 44
30 7
2 90
12 57
50 44
52 85
29 91
97 7
9 42
27 2
64 74
2 70
59 34
19 88
100 78
99 38
58 50
83 29
43 18
61 92
67 15
59 17
56 20
56 52
15 65
65 64
90 12
7 10
32 80
100 69
21 70
73 99
80 45
59 100
55 57
37 86
44 96
59 16
61 49
82 53
33 68
2 31
45 66
15 93
8 37
83 2
39 49
92 97
36 9
17 76
36 48
1 33
76 85
34 52
16 90
30 76
54 93
37 85
67 70
18 22
5 55
19 23
97 72
98 3
95 48
95 54
22 63
35 38
49 77
18 53
91 23
59 7
72 83
54 97
67 64
86 92
29 9
30 47
18 22
19 41
54 86
72 79
92 35
55 29
64 90
31 51
76 10
30 69
42 43
38 59
9 57
95 22
92 84
45 27
13 12
18 53
60 24
72 52
16 26
30 85
36 7
65 40
7 78
62 71
25 43
74 41
1 35
11 18
12 68
30 44
50 14
47 58
36 8
60 39
37 54
83 88
51 26
50 47
7 35
99 64
53 93
69 66
92 22
79 65
56 95
4 83
100 62
19 34
88 64
36 81
16 31
60 20
66 54
50 46
70 65
20 6
94 84
92 61
13 15
41 89
53 64
95 77
11 22
22 53
19 63
45 5
27 64
10 79
89 6
57 15
27 76
79 67
86 66
93 34
26 81
11 90
42 34
84 89
72 45
83 2
72 57
51 15
62 60
30 36
23 63
11 17
23 41
6 15
36 79
100 59
56 73
29 90
56 68
15 41
22 53
58 91
37 64
64 59
17 4
92 8
93 30
9 38
83 74
35 23
68 52
52 56
83 70
89 34
8 55
9 52
65 66
82 53
70 80
66 53
56 41
21 10
84 48
70 39
13 31
82 36
65 18
62 20
55 63
57 78
41 26
4 7
95 51
20 81
84 26
25 89
92 32
91 80
70 60
36 32
93 9
69 95
24 36
52 3
31 72
4 26
6 93
77 47
62 11
39 25
98 96
24 27
93 63
7 1
58 69
93 67
45 72
25 74
88 76
89 71
40 41
1 60
77 91
43 67
96 11
34 11
1 62
46 78
34 43
57 78
27 41
87 23
75 16
43 6
100 29
16 77
90 90
60 50
19 26
90 61
28 79
28 25
92 31
96 73
48 52
30 44
36 99
16 15
26 25
54 7
30 45
73 42
97 86
58 29
50 35
93 52
55 14
78 58
56 2
95 24
42 6
87 60
49 13
56 32
40 8
65 41
52 28
30 6
54 71
1 32
78 31
96 36
89 32
37 37
69 95
96 48
79 82
61 74
89 64
12 20
25 51
39 89
36 74
24 29
35 11
57 8
77 67
72 88
98 61
98 42
88 11
2 53
97 87
13 15
69 31
39 13
22 95
99 4
44 43
10 95
96 15
24 16
100 12
43 7
39 51
38 47
54 82
6 78
7 8
95 24
13 90
21 5
84 79
61 60
50 87
50 44
24 42
56 41
16 21
50 54
16 85
39 53
43 21
5 54
74 48
15 98
14 78
42 79
62 67
9 8
48 23
40 89
60 32
31 66
75 76
56 45
64 55
50 89
18 61
93 86
38 28
43 91
13 61
60 42
54 99
14 43
41 16
79 85
5 87
25 29
88 83
36 37
99 94
31 47
38 94
5 78
29 32
97 92
46 11
39 29
35 10
48 18
1 5
100 11
84 46
12 31
76 81
70 87
12 92
77 36
63 84
92 19
23 61
25 94
55 68
78 77
12 27
26 21
63 68
64 38
52 48
27 35
55 2
83 27
8 87
53 66
12 28
3 65
25 39
58 58
11 45
17 44
75 5
97 27
3 38
39 41
18 54
91 96
77 75
73 53
9 70
84 42
90 34
8 17
57 77
11 48
20 63
25 74
58 28
92 1
10 2
58 67
94 47
64 34
88 46
58 84
94 71
33 52
45 59
71 16
47 14
14 90
76 44
61 29
38 92
25 89
67 32
37 93
49 63
4 96
25 30
6 39
67 77
35 77
14 9
53 81
29 83
85 22
45 36
93 40
10 88
35 56
34 69
14 56
4 91
89 46
89 78
18 89
13 71
82 33
83 75
100 47
42 29
35 69
77 44
18 49
69 64
75 28
50 27
64 24
10 62
40 38
12 67
74 87
59 39
45 80
64 61
34 64
79 24
39 87
87 58
63 7
97 15
89 39
29 37
39 29
98 43
50 57
57 25
18 94
52 15
10 84
50 98
10 36
90 27
15 46
41 92
78 71
73 74
11 85
14 4
2 78
20 55
41 81
89 27
17 35
85 12
93 73
13 59
52 49
77 58
61 24
61 92
26 61
97 54
23 72
79 81
45 79
39 37
63 98
33 9
58 46
97 3
8 46
85 55
6 92
34 69
46 51
70 49
73 9
50 31
94 72
80 43
3 13
66 77
39 83
25 44
19 4
42 80
89 76
63 60
25 43
1 70
32 61
88 55
33 98
11 15
84 48
47 20
87 60
36 86
90 57
20 75
28 89
63 14
36 8
65 83
26 76
75 55
47 100
89 23
12 93
2 76
61 29
37 5
43 84
38 68
94 44
30 96
92 73
67 5
40 71
61 76
32 16
27 31
1 94
70 63
42 24
93 78
69 13
50 53
82 81
26 39
41 41
62 60
60 89
65 39
45 89
63 74
83 32
9 94
30 83
65 75
88 39
88 39
47 3
57 69
67 63
87 53
24 11
27 26
68 38
47 68
32 16
86 31
50 95
46 42
81 86
49 83
55 99
46 67
16 23
40 54
41 57
71 6
92 91
94 25
14 74
10 57
67 28
30 7
50 19
27 84
57 91
80 31
41 63
38 61
99 43
42 40
74 46
48 80
63 67
2 76
92 5
87 7
50 40
78 76
67 8
5 79
63 75
24 36
87 59
9 70
5 63
87 61
70 16
3 91
65 49
36 15
60 88
47 35
9 63
15 75
80 57
51 11
35 74
18 76
43 72
34 99
91 6
27 8
53 48
63 23
69 92
11 80
46 16
40 86
8 38
7 16
3 35
62 92
97 56
17 35
79 48
35 61
74 81
59 34
49 85
64 95
15 37
73 41
45 86
51 82
16 85
23 24
64 81
8 11
36 34
27 65
91 73
75 74
14 99
4 25
31 44
43 45
27 17
2 67
60 31
72 70
39 94
98 73
77 57
92 58
30 95
16 100
5 5
32 90
90 45
98 92
67 77
67 75
28 74
1 60
56 11
48 65
71 72
43 81
15 67
71 95
47 56
1 11
90 35
54 67
28 94
42 87
35 48
6 53
76 34
27 32
56 31
30 72
63 99
42 61
69 12
98 75
79 78
31 39
57 39
60 87
88 68
21 51
83 64
2 74
84 52
68 95
12 83
5 81
62 85
67 77
63 76
89 3
70 34
32 46
55 77
98 51
85 26
17 23
51 63
78 61
21 18
53 63
6 21
2 92
75 88
75 56
77 85
5 56
11 60
10 51
20 8
3 47
18 20
20 66
66 24
17 41
3 75
18 55
26 69
68 81
67 79
74 26
99 19
49 20
71 48
22 46
73 94
54 20
85 72
52 22
8 60
16 19
38 76
88 66
24 46
69 68
39 19
71 64
9 65
88 40
53 40
60 91
24 9
8 44
57 23
100 76
21 81
14 56
24 67
30 18
39 64
8 76
19 19
78 45
3 27
80 57
47 28
30 6
96 77
25 100
91 73
73 39
61 14
51 49
52 53
73 90
79 80
12 46
18 73
12 17
81 42
86 93
77 57
4 58
76 87
6 1
61 97
25 33
14 45
17 47
97 29
87 17
92 92
35 30
58 46
31 10
53 86
65 93
90 42
14 73
37 44
39 47
1 83
50 6
77 61
47 79
12 94
20 67
41 44
30 42
31 72
87 100
33 18
86 35
79 95
12 2
24 70
83 92
58 30
42 91
52 80
53 34
14 20
76 28
26 84
27 3
79 47
78 39
48 73
90 11
89 39
93 63
62 68
44 17
72 97
2 28
31 56
38 62
7 17
55 84
72 58
27 82
98 60
51 74
99 79
39 9
39 100
33 66
4 88
37 92
14 97
89 60
75 26
30 39
68 83
25 21
45 85
50 49
73 73
84 82
2 21
64 36
91 99
25 33
52 54
20 40
83 16
20 76
18 20
66 23
79 64
55 8
79 37
65 88
12 23
14 86
95 88
60 89
15 8
40 71
2 64
44 25
75 9
57 32
14 40
57 2
29 93
4 80
60 77
52 82
48 10
45 76
82 54
25 91
25 1
15 2
5 8
47 62
45 48
95 89
15 19
1 79
40 100
44 14
20 60
9 59
31 34
25 29
15 48
85 52
94 70
69 44
8 96
24 75
5 20
35 57
22 54
37 100
17 34
93 94
30 51
36 51
36 16
3 71
1 97
28 80
83 81
34 67
3 36
80 49
13 6
2 11
2 12
41 44
21 80
3 64
57 72
53 91
18 66
36 96
40 37
96 59
54 69
71 51
62 66
98 9
23 92
84 67
94 3
79 57
66 15
80 56
71 91
71 14
47 9
96 59
61 54
22 76
9 86
94 43
1 67
26 61
37 29
25 80
53 48
91 70
44 89
91 59
52 89
16 8
54 31
78 18
9 80
28 53
9 53
49 88
55 53
34 97
23 76
2 3
29 9
85 32
16 37
63 50
61 61
44 28
98 82
31 5
42 45
29 89
99 22
2 97
73 67
16 48
30 38
90 81
99 72
95 81
32 82
73 90
75 53
73 54
95 66
8 44
28 33
16 8
89 55
15 94
90 85
51 93
59 17
74 74
17 57
81 72
40 4
28 23
93 8
22 16
95 55
93 81
80 86
55 65
53 68
85 89
37 56
56 60
97 50
22 55
70 54
97 27
22 63
67 89
74 25
88 81
89 71
95 76
32 86
58 41
66 12
58 76
5 4
86 39
57 24
19 70
10 32
11 14
14 58
13 31
35 2
14 91
40 44
92 66
80 87
66 2
22 53
24 88
87 40
46 59
35 2
49 96
94 7
72 27
81 19
38 66
17 45
12 54
91 16
84 45
48 31
44 49
17 27
8 36
97 54
90 53
95 92
85 33
61 83
38 67
64 73
77 57
49 73
79 34
79 46
2 77
97 81
57 93
42 11
14 25
68 25
35 53
42 78
4 93
53 99
65 95
56 77
15 77
50 8
85 92
86 54
99 36
36 29
28 39
82 67
19 98
43 46
11 22
75 40
22 63
70 68
1 1
17 26
27 47
4 9
1 94
89 39
8 2
20 73
27 81
47 40
23 97
18 87
80 96
37 94
96 69
19 65
85 88
59 54
92 46
26 98
12 92
46 75
80 64
57 89
12 6
44 19
78 20
40 45
54 98
71 71
81 37
84 96
6 91
53 64
9 1
63 68
78 88
94 81
35 57
44 23
51 50
22 44
47 20
84 74
67 2
94 83
76 43
41 51
87 68
80 12
88 78
65 38
91 5
29 87
1 77
56 44
56 47
43 56
87 9
56 97
89 32
55 8
24 91
7 17
94 32
45 83
30 96
74 44
28 65
47 12
38 24
57 38
95 3
28 40
79 77
28 53
98 74
24 82
88 8
95 41
50 75
8 2
72 71
47 19
30 32
3 7
65 18
71 71
89 9
43 41
23 39
39 72
6 94
62 60
85 65
38 20
88 71
92 31
84 48
85 32
16 27
44 64
43 85
2 19
86 70
3 22
78 81
89 48
61 64
71 5
92 36
61 80
88 95
6 48
39 76
58 22
9 50
74 35
95 89
93 84
98 53
56 5
77 30
74 83
23 29
60 90
76 56
71 54
72 7
100 86
61 80
78 80
7 61
85 30
42 27
12 55
14 16
94 21
39 47
9 53
43 19
13 100
80 84
21 52
31 18
60 89
72 74
93 70
79 77
51 48
59 98
61 22
57 15
68 15
64 57
49 10
46 82
24 78
91 34
36 30
73 81
21 100
74 71
54 10
4 45
67 31
46 73
26 49
59 58
50 23
36 29
68 84
50 48
12 11
53 23
24 75
55 6
94 2
100 50
18 69
3 52
77 35
45 5
17 80
46 36
25 66
56 42
21 28
88 13
89 62
65 63
78 98
60 16
100 25
91 97
18 42
44 80
52 8
70 38
46 26
20 9
27 14
17 68
93 85
74 52
30 58
43 10
11 75
46 68
82 2
13 60
5 12
22 53
16 12
58 28
28 33
20 91
74 56
96 75
83 79
63 37
7 85
13 93
52 22
34 97
43 36
73 7
88 98
55 68
35 9
78 30
78 96
61 83
98 28
14 89
40 52
25 14
63 39
4 91
71 42
13 11
13 15
12 94
21 34
77 47
36 91
42 86
12 99
33 50
34 75
99 78
47 22
6 82
64 60
8 53
54 16
72 82
53 40
56 41
95 31
2 50
93 64
85 30
3 49
2 82
20 34
68 23
6 43
72 27
66 45
25 23
89 32
28 86
35 62
66 98
30 7
98 12
52 7
58 91
10 65
22 83
53 26
47 14
2 6
56 93
53 4
3 26
21 86
20 50
88 92
13 24
1 34
92 66
38 93
73 5
88 56
43 62
45 55
98 36
80 57
52 25
54 89
100 86
46 40
65 52
100 80
60 95
100 88
66 67
30 15
98 11
99 89
28 32
70 95
68 93
11 93
77 83
14 77
40 62
37 34
85 1
33 2
82 87
77 73
83 70
11 78
16 47
62 23
23 33
60 4
44 34
45 7
71 94
47 51
77 34
40 100
32 39
94 72
7 46
27 74
49 96
68 95
38 55
81 63
78 69
62 46
12 10
54 9
56 63
30 22
86 76
83 50
57 21
12 91
82 13
98 22
40 31
66 70
85 49
76 61
13 32
62 13
15 53
66 49
62 42
34 7
55 17
97 53
22 93
91 44
14 72
83 48
7 84
94 89
62 98
44 60
79 41
49 10
81 53
22 99
23 46
39 69
52 47
52 22
97 64
19 13
46 20
84 25
84 53
22 37
89 30
29 85
73 3
16 34
30 55
59 6
3 55
61 9
43 100
77 90
17 21
25 49
70 8
61 55
6 64
6 11
38 89
45 80
12 40
71 49
28 31
7 10
25 25
78 63
11 95
12 7
41 93
93 98
28 64
1 78
75 43
50 81
8 76
9 85
80 67
36 19
32 39
35 10
54 10
45 1
65 61
52 29
79 46
56 40
97 24
50 77
47 9
87 70
46 11
40 46
88 35
19 38
79 11
17 29
12 90
80 88
65 6
67 87
97 7
7 8
56 4
50 82
63 67
27 89
17 88
85 29
82 69
41 62
31 52
75 12
53 8
41 73
51 1
92 7
56 58
6 92
80 66
85 34
18 74
78 35
6 67
43 29
53 95
84 83
38 82
90 10
9 3
56 65
39 52
20 12
48 4
34 32
63 42
79 16
95 98
83 74
6 77
49 70
28 40
60 67
99 17
34 51
51 63
77 37
38 71
96 97
18 47
56 98
82 24
54 64
36 83
69 33
15 21
86 1
76 92
87 88
31 67
66 55
80 36
100 66
80 21
45 1
2 72
70 60
51 88
72 34
73 31
39 58
78 100
2 30
21 17
32 53
13 63
82 68
21 62
18 39
51 50
40 27
69 14
36 19
17 8
13 27
85 11
72 70
82 61
26 32
36 24
81 56
25 32
87 4
15 51
14 22
78 98
15 68
63 76
29 25
79 93
21 15
42 47
51 38
57 28
47 39
29 20
86 57
71 26
1 46
63 84
14 50
17 68
7 57
92 59
95 15
2 5
84 98
77 70
95 28
93 41
75 43
97 82
28 6
21 47
99 66
39 29
91 41
87 21
92 83
18 23
1 73
3 93
8 72
38 63
47 30
19 93
73 17
20 37
42 49
5 80
84 79
80 36
74 93
35 63
95 72
74 52
5 50
26 45
80 100
63 17
29 34
53 47
93 59
13 27
24 100
72 63
43 86
30 58
41 42
90 33
20 67
51 17
4 33
34 27
83 73
12 1
39 78
79 37
9 12
66 62
15 6
97 100
13 82
38 82
42 68
51 42
91 94
80 75
29 75
32 83
9 98
60 24
53 85
56 29
72 17
42 88
70 4
58 93
39 88
37 84
89 16
7 23
83 84
1 38
12 44
69 57
63 45
84 91
38 22
21 67
79 9
4 71
99 27
43 34
4 98
48 82
82 15
34 91
47 6
5 36
74 89
2 62
67 23
85 61
77 14
17 1
37 96
7 73
88 14
66 12
85 96
83 36
11 9
33 54
50 9
85 74
79 18
40 79
60 32
73 94
46 84
15 47
50 89
47 68
81 3
77 40
8 67
29 74
12 90
65 18
37 36
92 45
86 3
79 56
96 79
13 77
49 49
31 51
21 20
7 38
80 6
98 7
52 48
24 95
19 24
43 89
10 27
95 49
66 27
22 75
17 71
46 62
28 80
23 17
15 61
57 4
95 80
64 85
18 70
58 30
58 76
18 90
55 41
76 71
7 29
29 80
47 70
88 51
82 65
98 70
81 46
8 72
76 37
64 5
22 69
47 67
57 8
21 60
49 88
41 100
85 12
45 77
96 31
62 72
93 45
36 27
61 26
11 100
50 21
13 12
67 18
45 84
63 44
98 49
60 3
32 16
42 81
19 44
63 40
100 55
46 43
89 56
92 27
58 79
35 22
72 90
49 93
99 30
3 93
16 17
11 42
86 95
88 57
73 64
64 23
30 74
65 64
98 93
47 98
9 32
29 27
5 91
49 94
15 60
12 1
44 49
2 55
43 80
41 96
96 87
15 37
19 39
57 89
65 71
36 89
12 64
10 31
22 77
72 80
93 86
57 91
4 79
82 61
75 45
30 15
42 69
49 28
29 17
42 90
94 5
79 92
29 50
55 36
95 99
79 81
81 21
43 35
60 25
36 52
80 94
87 33
75 86
27 16
69 8
34 28
67 84
59 93
66 61
27 61
91 67
100 7
62 3
86 51
37 98
33 34
13 15
93 97
80 83
20 82
56 5
1 19
36 52
51 66
34 1
64 32
6 92
79 45
71 24
19 1
54 60
7 4
83 93
85 23
41 23
24 11
91 12
61 73
3 41
73 37
57 68
88 50
69 6
80 81
88 5
49 68
38 68
63 48
85 43
9 100
72 15
2 27
77 24
91 84
42 87
4 58
96 60
79 3
67 30
71 7
36 49
41 48
93 69
38 95
32 56
81 23
45 60
39 68
28 75
34 46
68 31
21 12
60 16
58 41
23 59
38 85
66 20
93 7
59 79
90 94
55 38
63 98
79 81
66 72
8 24
48 9
90 100
51 55
45 75
2 44
48 21
95 1
58 25
45 29
73 90
33 58
68 37
25 4
76 47
6 70
87 74
58 19
6 59
16 1
36 9
82 57
85 92
41 55
39 46
63 2
72 79
56 90
96 56
47 95
20 25
56 33
3 55
3 96
18 31
23 13
10 39
95 63
9 58
95 92
21 36
96 96
3 23
19 12
28 51
10 64
14 15
67 40
17 55
84 34
94 88
61 36
15 44
41 57
59 76
25 71
17 50
7 54
33 49
56 97
25 43
62 92
98 44
8 81
83 37
86 10
37 68
1 58
23 12
97 15
49 14
26 49
17 8
34 79
66 74
47 3
72 82
57 41
57 56
36 67
82 60
52 73
100 98
66 87
37 88
80 88
46 78
9 28
77 16
75 7
83 63
58 3
88 39
98 31
51 95
22 31
3 49
27 76
82 91
5 90
50 18
89 44
85 28
11 35
59 69
59 76
38 39
85 75
40 36
63 38
43 69
27 68
51 55
62 10
24 74
20 23
36 95
67 53
7 88
14 82
42 34
51 81
52 67
70 22
62 39
85 97
42 63
78 59
37 84
64 93
43 27
72 83
64 43
75 14
14 64
32 44
44 33
34 25
30 48
48 9
24 10
55 16
81 64
53 95
39 70
43 55
94 19
16 67
99 35
91 88
23 11
32 83
83 30
54 58
15 28
26 47
63 60
64 92
90 30
64 54
37 24
60 82
92 26
89 11
77 62
47 75
76 20
11 40
89 67
6 7
80 78
83 31
44 84
1 30
22 53
58 31
42 2
75 58
100 2
69 36
69 15
55 5
73 34
51 49
29 90
3 96
57 49
1 30
98 17
59 49
31 79
41 1
98 37
54 6
32 43
4 93
96 48
35 52
75 3
29 38
99 6
7 74
62 4
86 3
59 58
33 82
88 29
55 74
45 28
15 5
97 50
51 68
52 48
70 30
10 93
72 75
98 93
40 43
84 47
25 24
44 77
69 26
57 36
5 51
10 100
70 54
95 100
72 4
27 86
89 32
48 88
32 74
28 37
64 43
76 60
44 75
44 94
25 25
75 95
59 2
48 45
31 15
36 4
72 83
9 79
74 56
36 61
74 36
27 52
2 53
18 71
28 12
84 34
76 34
90 92
95 55
22 69
84 70
81 93
17 2
95 1
78 73
24 24
98 13
36 55
39 43
97 100
81 46
3 46
74 5
46 94
42 42
98 57
43 6
94 86
87 10
39 21
10 63
73 61
3 74
48 52
14 91
15 45
25 4
6 3
6 12
83 99
57 68
37 12
100 76
93 14
9 2
39 24
66 57
55 50
89 69
5 50
85 73
83 74
58 4
81 10
81 90
84 37
84 99
82 49
48 27
37 43
14 59
72 11
75 82
62 72
90 80
40 47
22 28
81 82
86 15
75 47
12 90
41 29
67 31
59 11
61 79
99 83
12 12
45 12
21 15
77 23
96 7
87 83
65 96
87 76
74 29
10 99
26 15
7 100
78 2
89 78
1 76
90 2
16 66
35 72
81 85
80 68
43 21
45 55
90 46
78 71
40 58
34 9
50 43
11 25
46 46
28 37
97 46
50 28
91 23
54 89
95 62
55 47
5 23
78 63
37 40
88 11
22 5
38 49
67 19
77 64
68 9
68 17
33 41
83 31
72 83
8 60
56 49
12 85
2 28
7 53
36 36
53 30
57 7
97 8
80 84
55 41
56 42
87 61
22 17
48 17
23 7
9 7
29 60
71 93
10 77
18 93
82 86
59 34
46 52
38 16
20 78
55 37
95 85
18 24
41 10
74 36
78 74
21 20
64 71
63 39
71 85
27 17
56 70
84 61
95 24
78 19
27 88
46 72
59 2
93 19
73 5
15 96
13 65
57 80
34 35
98 74
65 76
77 60
83 45
50 80
72 52
49 74
15 41
26 91
64 94
75 8
51 80
65 31
48 5
62 99
30 22
77 7
85 92
89 35
36 17
34 49
18 9
6 29
17 3
63 47
64 81
29 94
41 82
17 87
27 99
3 51
15 88
51 47
10 11
87 77
26 51
3 18
9 23
10 70
88 36
78 72
54 13
63 36
91 48
24 99
15 5
41 8
82 18
94 68
78 5
72 74
59 19
69 55
53 41
52 23
41 19
20 53
6 82
33 49
15 31
89 29
2 36
87 53
2 54
73 54
8 64
95 93
24 50
46 26
58 60
79 53
22 42
19 100
9 75
10 20
46 7
76 96
33 25
9 11
95 29
93 89
64 51
25 40
1 14
7 1
97 55
89 66
59 16
97 55
88 27
69 28
23 26
72 59
56 67
58 67
100 86
7 22
98 86
91 43
72 97
100 89
49 1
27 42
64 39
30 74
93 53
80 7
62 28
44 90
54 11
82 30
72 78
21 30
89 80
55 99
14 76
69 16
18 78
68 11
15 22
16 32
75 18
97 82
74 90
75 76
38 82
80 38
12 92
63 83
13 55
48 47
82 68
13 64
50 58
44 83
58 68
30 62
27 95
13 49
9 62
91 22
16 63
69 75
99 4
67 72
15 80
2 12
39 74
72 3
44 63
100 75
64 59
72 100
62 89
35 61
91 78
73 27
53 46
86 26
43 53
24 89
58 79
23 81
26 21
41 63
64 89
91 73
80 72
93 54
15 22
20 91
59 70
71 24
7 41
100 79
72 80
31 73
1 62
7 21
34 15
23 6
81 24
65 40
18 24
98 65
93 17
56 57
6 4
30 84
68 94
88 12
32 50
14 75
70 53
95 10
71 90
51 61
38 48
76 100
51 22
73 33
14 24
78 9
57 76
14 12
68 33
48 86
45 44
14 58
47 36
49 71
46 26
15 86
98 30
43 59
11 28
85 52
50 2
54 96
70 72
56 65
77 80
86 80
54 82
57 17
80 56
21 24
35 45
15 30
92 67
5 99
88 26
22 96
42 64
43 11
35 33
60 43
80 99
55 62
45 59
61 14
75 48
39 68
73 74
91 38
12 52
64 89
32 49
42 56
49 75
13 32
28 47
85 30
38 30
30 56
5 30
42 57
32 18
36 72
44 22
41 56
62 70
49 16
53 45
84 80
54 63
59 42
63 59
43 49
53 72
59 67
78 52
66 30
54 70
60 39
66 68
25 64
26 90
32 62
97 51
92 35
57 66
100 13
83 62
64 74
11 48
3 13
45 86
32 47
10 54
95 4
7 66
29 97
13 48
81 60
52 86
32 32
87 95
88 65
59 79
32 75
92 64
26 28
91 65
78 82
49 49
10 68
5 97
75 72
42 86
65 8
79 86
72 12
52 57
79 64
45 59
33 12
18 33
95 86
10 58
23 42
29 85
80 83
93 89
49 6
41 98
20 65
10 7
53 41
69 18
91 40
