5785
53993679
7943 3022
9140 5807
4963 3781
3536 4049
8550 6580
405 5891
5917 8610
4274 2275
6274 1494
251 1607
2439 1754
8539 7430
9058 2317
4174 7865
4496 8136
2653 6154
3587 6590
5971 8516
5029 1966
2776 6340
3345 2582
4714 4662
353 9559
8248 8207
6362 4074
4769 6096
2169 7839
348 3483
8877 4891
686 8803
4996 586
6685 695
4463 4735
4247 932
6228 649
8660 2069
463 7606
684 8769
2379 3775
2150 5166
8524 5549
3771 8895
7608 37
7910 736
8823 8220
8360 7266
4872 6279
9317 1978
8986 8620
3161 2519
6191 4624
3945 7272
678 6468
5192 2747
5087 1595
7958 3429
8104 5283
1089 8991
8124 3730
4403 3148
9023 4655
6819 9387
4608 3058
233 837
5530 2218
7696 9832
6331 5996
7058 7560
4548 5194
7504 6251
3717 7116
5374 6491
6223 3503
7269 8516
9862 5794
7164 5262
3335 8964
5535 2612
8246 3257
6005 9164
9619 1562
4270 1619
2170 348
6689 8575
6740 5676
9146 2074
7648 3769
878 3821
5199 8823
8128 3875
4930 3297
5152 5544
5494 4848
6488 3157
8457 6691
2376 2041
5827 4018
412 8727
3173 4551
5921 186
1210 4661
5020 7975
8461 9632
6057 7021
1949 6281
2808 2474
8025 2580
304 9283
6405 6181
6615 2237
3868 2725
4363 1656
9401 2091
4598 819
2003 2357
2423 1636
4683 9664
6906 9670
7238 8736
5128 530
6691 9597
8286 9536
3484 3233
1257 388
9103 31
3644 9109
9862 9354
4528 6026
5456 5478
9696 7401
9285 5859
4694 1918
4009 4909
1080 9585
576 1779
1771 6832
9590 7890
4158 1383
555 1757
6153 7859
195 1467
3106 1266
7435 6891
4373 3255
5865 1421
6948 1800
8693 8312
7778 2717
9709 689
2910 4292
3052 4591
535 6876
2724 588
4440 8452
6693 807
8372 6551
3067 6424
7957 7245
4804 8943
4213 7955
5272 3107
2371 4466
8672 5751
4000 8221
5674 8771
9431 9721
9149 340
5625 292
7548 1531
2786 9217
8107 7054
1069 5004
7677 6435
3469 2894
1001 4073
507 9237
1692 3737
1194 1719
2542 8354
2163 4738
9635 6422
4973 4875
1104 813
4408 230
2878 8567
5151 5119
9939 6213
9456 4335
7200 6268
9883 2423
7904 5633
9922 3578
6761 8713
5577 1178
744 7333
3468 3339
6209 3715
1849 6964
7208 8029
741 4793
5373 3161
6426 753
1645 7119
4136 8487
5209 8764
5160 5359
9782 5563
8180 5345
9436 4365
6595 3476
2595 9395
7807 9961
7912 5028
8606 8617
733 9739
3210 641
8788 5216
6205 9653
2439 4575
8097 6407
833 3225
855 9838
8014 9645
5036 4476
9105 3097
7462 3773
4119 3296
3006 6255
6097 9822
5380 2956
2168 4971
2679 3186
2008 7697
7880 6163
6695 7179
7465 5871
4367 5481
2245 1684
9809 3377
2700 4653
9509 4906
1372 2398
3471 179
732 390
8921 1310
2115 3753
13 3788
2439 5981
9525 2587
7303 143
4020 5236
9995 7500
4700 1897
792 6098
8794 2257
6227 866
4074 3575
7413 399
9115 2874
3059 3907
7606 5895
7243 583
4446 9139
8866 7960
7032 9039
3157 4628
1467 2937
2796 192
8962 3027
1697 8715
8254 3956
2301 2985
5302 6048
6448 6931
6860 1105
1606 5039
107 9550
2072 7080
9696 5495
1849 3872
2263 1927
1993 7036
1718 6711
499 5537
5824 207
4930 1299
3645 6725
9732 272
6050 9670
9528 3396
8736 4477
1837 1749
6089 3244
2596 5073
9129 4228
7136 6541
1417 6657
7864 2712
6158 42
3774 8540
1781 7441
4276 1393
2337 4070
4901 717
5619 2240
8707 4341
5254 8914
3648 8765
1771 817
2553 8276
923 959
7731 5658
2776 319
2300 50
7690 9015
4981 7192
6335 5631
4017 1928
3921 7320
4626 5506
2140 7462
5143 3457
2358 6723
1003 6026
6655 2294
196 7080
1797 6773
704 9265
7475 8496
7767 8281
4688 3543
8695 2143
7744 2540
6370 3803
7610 3805
4585 4184
6976 5189
429 947
5598 4230
3150 8603
2325 7238
6708 5576
3071 3315
8057 7643
4214 9879
6282 2121
9901 1720
500 3682
5075 4256
9290 1811
7049 6807
4285 1424
6309 650
6165 1035
8648 3652
5838 992
7135 845
7364 1863
6187 5878
8355 6890
7387 4870
7173 7568
853 483
8465 826
4526 7318
6678 4415
7525 9492
9201 3409
1571 5810
4924 3009
8315 1026
6303 4186
6545 4602
4338 6371
5793 6997
4899 1442
825 9241
960 5097
6 3624
6640 9565
751 1028
9626 6167
9341 8383
9124 7854
3851 2566
112 7331
8181 5265
1105 2701
3383 4909
5707 6378
8468 9754
5255 2338
9717 7781
8271 9082
7383 5465
3750 1131
4824 3853
8142 8278
336 2695
2601 7912
6288 1999
3276 719
4885 5188
7124 4983
3402 9102
8878 1404
6686 2416
4451 1568
1913 1696
4315 5725
414 9938
1619 3067
6345 6650
2445 6573
5331 5074
1954 6298
7559 7705
2946 3472
3631 841
6595 550
1600 3980
6254 6007
266 3654
6628 7904
1357 2933
2721 3598
9746 6949
8365 6511
1835 5290
4540 107
7337 798
4160 460
4956 380
1690 5912
4879 6761
421 1178
9083 3450
2840 1216
397 8220
1111 722
1424 896
7719 8714
7365 7145
7455 217
8684 4622
3662 6322
8468 915
1898 9764
6476 65
8003 8921
6086 8528
4935 4344
7744 8498
9101 6270
3015 2415
1619 7683
7735 3559
1641 2611
2511 7973
9514 4549
1053 3998
983 1172
3021 3474
2248 1217
7499 9566
9619 2083
7431 9616
4078 4092
7179 7351
3090 4175
9196 542
5114 2365
7177 7500
9057 6569
4912 1130
8543 5587
5654 4852
7795 2480
9734 1619
8543 1913
1308 4635
110 3854
4326 3699
6313 3406
7692 5953
5442 2518
9371 3360
4105 4679
7643 5263
2113 419
2726 6733
4568 629
3421 9504
7641 8643
3924 9827
4146 8665
4282 9136
4847 2567
5560 6148
2602 3999
2689 4759
1952 3096
101 7498
2497 7553
1450 801
8360 8516
6764 7007
9430 9821
8737 164
1110 3167
4545 188
3560 8827
1354 7881
7982 7855
8666 5625
5918 7630
84 1490
1449 6717
4712 8523
5426 8811
8737 860
4753 5852
7998 333
1409 6398
1406 9466
3723 799
7011 2114
8968 4919
3435 6578
9957 6826
6966 9932
5497 6405
8116 1198
1923 8154
341 3198
8076 6287
9309 7685
6982 5511
1694 5678
1890 73
4089 4932
9648 4386
5724 4839
8232 5969
22 9234
7429 9521
4293 7538
6816 7461
6382 4070
2009 4655
9586 4843
64 7040
2673 4781
3437 3317
373 3263
9730 2961
3581 2482
7882 8424
4063 6547
8859 9138
9191 6454
315 1803
9211 29
3304 4028
2921 4518
8037 2268
1879 2063
5055 6166
1389 404
2840 2275
5965 2448
2327 3408
1665 2935
3549 6524
3653 3980
2095 7252
4450 560
6372 8634
7906 8533
1723 70
843 1867
6498 7960
3995 6379
952 415
2876 2242
4016 996
3635 2009
9590 7318
4193 8294
3378 4227
2559 5301
7932 239
5295 4658
6673 6987
4325 656
8326 9609
131 418
2061 1690
8991 1686
7612 2396
352 5675
3618 365
2023 4780
7097 6224
7515 1308
4699 9249
2921 4487
5431 8555
9286 2975
6952 983
3489 3358
9572 5072
4805 8441
5937 3800
9903 9504
9621 7856
6428 1995
2438 213
3027 792
2547 9406
3677 2933
3269 2956
8658 7030
4447 481
1029 2776
953 6747
1681 4832
896 1275
8856 9545
4634 5735
312 38
5521 4449
4057 251
1952 6346
8536 2675
2806 9158
5281 5495
1959 5935
627 5006
7486 875
267 1769
810 2638
6885 1216
2381 4702
9078 7618
5207 8221
222 9121
6622 5808
3538 3878
1187 6177
7307 7891
4218 9686
1793 6572
4825 399
8448 8392
8699 7341
1248 8153
7007 7928
951 1456
2652 3915
9861 5791
8290 1823
2163 6680
20 8065
1301 2306
8143 1634
9247 2269
2760 7093
8620 9533
7866 4713
714 3025
9453 1669
7587 6989
102 2650
7574 8581
3538 778
6166 5491
8043 132
3754 739
9180 5346
5422 2354
4119 4767
605 273
1057 2845
572 8292
7333 4621
2818 3977
6339 9166
4248 7623
6108 8485
4548 8750
306 1612
3975 9202
9163 663
6980 5188
6412 1536
9195 8838
7787 5923
972 1247
4611 1545
6122 9443
6522 6778
2896 1784
9609 326
8994 9751
1161 7681
8033 7292
7259 3543
2932 2847
9252 8667
9203 4596
9960 740
5735 1633
5384 9570
470 8338
8120 2333
4459 8115
174 4607
9739 6908
3174 5789
424 2158
5104 8540
2954 433
761 1155
1644 6028
9668 7196
3052 7916
4856 8653
4541 6711
4384 6284
6085 3461
4744 6172
9612 1370
5145 8296
1881 5542
5811 5290
5012 3871
3653 9926
9370 2692
1660 6071
3060 5149
6524 9057
5976 925
7794 3935
1689 1772
7867 2108
8788 7317
8222 6624
4426 2303
8716 5412
3389 4737
2711 4077
1063 9719
466 6675
4145 8169
4259 4232
1394 7738
6954 8538
4994 4768
2253 903
7380 839
4376 9804
2898 7460
201 3075
1544 1
1507 7758
8595 8264
6138 5937
5512 3712
9972 9053
1153 2919
6790 6795
5855 8905
9053 7664
3061 6507
1259 5985
9946 180
2323 6815
4077 7175
3129 4137
3258 8235
8269 8070
7860 8595
8151 3894
5070 64
3718 2229
6154 537
8424 8860
3618 4945
7514 8405
5626 2560
3146 4844
3546 5511
4447 9859
3767 7756
379 3599
249 59
6007 2301
3354 6125
7867 6622
5632 8223
5158 4811
3756 8678
4343 6037
4607 8627
9714 1701
6781 6634
1354 6238
1920 717
6061 3518
8058 2064
5049 3733
6917 3881
2660 5972
5775 4923
6830 4677
1769 9780
7778 5338
6167 7198
3506 6992
3613 4558
1311 9318
418 4030
7788 8907
2170 8483
6723 2739
3770 4221
2475 7324
8236 3933
7481 6025
2071 8051
3962 24
9753 3607
9305 2505
5207 200
6695 5591
5574 6370
4232 1313
9210 8904
7872 4801
1177 9664
5180 7781
1363 6130
756 9551
1146 3487
2074 6920
7428 2493
2610 9285
4211 9079
492 3895
3991 7143
6692 3194
7288 4888
9867 9201
2751 7162
137 7986
1727 845
8705 5928
8920 4474
6095 2187
7767 9753
931 4139
5645 8109
6689 4660
6952 393
272 7549
8809 9208
6465 4990
1712 9861
5357 9474
2150 9578
2293 2566
6914 6993
3084 3998
6800 6046
6896 1712
7689 2870
1754 4619
8941 9254
6848 7869
9215 1792
638 3446
2888 6888
3986 2917
6583 8191
8935 4581
6793 1632
1723 3438
605 5082
9952 6709
8134 1548
5714 9550
8686 7191
1434 4831
5253 8913
1354 2165
5183 7965
2932 9198
1963 6686
2915 8838
2197 1215
4411 4765
5433 603
4893 5349
4953 3866
5009 3627
9468 8393
5970 1622
6006 7136
6191 2180
7426 8833
9120 7097
4884 5880
6271 8221
8613 7566
917 1625
5556 5592
3537 3798
5813 1954
1952 9884
4132 1569
5459 6809
3142 3400
8250 8323
2608 8911
7894 1002
8404 3288
6626 3198
8128 4898
9725 155
3167 7248
2757 6505
715 9386
2148 4072
4875 7538
7901 99
3704 8301
5018 5093
9370 497
3729 6726
6798 3814
6141 2223
3955 2726
2420 4792
2229 555
4150 8496
5853 6121
1065 3326
8403 182
3952 3846
573 2408
7763 8744
8325 5498
891 5971
7349 1667
6419 6374
8513 2027
5693 7469
7758 5856
1433 3750
8023 5562
7162 3983
2010 363
3986 3098
9743 4952
5777 8540
9616 9554
7898 6292
9735 3270
3773 1527
9594 6560
5226 6488
4623 8844
3966 3066
6434 8810
842 1134
701 1625
6252 8285
6984 2724
3726 1467
7028 7790
1018 864
2230 3961
1769 3029
3927 1132
9227 6681
4175 4646
2638 1655
2883 1200
6396 2017
7073 4100
4012 5538
8833 9974
5855 5847
5345 4272
2345 2474
7277 2493
4821 8526
8181 8848
4896 4626
6493 582
378 9614
4701 3009
2880 619
5310 6447
8856 9168
130 8732
6943 3925
693 7160
3861 749
1802 3411
5172 4662
1238 3767
7840 8337
469 5256
1101 1801
9897 7571
4548 6083
1735 7068
6282 4845
9757 7672
2001 5360
4510 9123
8408 6241
9444 1116
3309 645
4276 1485
5927 2794
8688 2914
9078 7490
1576 2040
9031 3557
4077 4765
5750 4845
3122 5133
9788 8323
5759 5952
5676 2911
9956 9062
3921 3859
1331 6925
3908 5925
4218 5645
6118 127
4164 8272
2774 9752
6074 2521
2976 6412
1763 7458
3425 929
9257 1475
2383 3953
5807 5900
1743 3135
7033 1712
9508 7870
2490 5972
8160 6039
8422 2009
1667 2877
2784 2839
9667 4763
6319 8501
4458 6008
8508 2499
5301 7628
6836 3591
1149 7696
2012 3567
7334 9825
8132 9
1995 755
2236 8439
291 5522
901 824
6435 5514
2305 8567
7775 5724
6005 5612
9806 2142
3488 3053
4147 7279
9649 1915
1969 1101
8612 2448
9890 4885
2760 7056
2367 9147
262 4090
10000 4408
8661 762
6489 7132
7806 2426
5878 9375
1296 1128
4792 3401
1485 7962
3588 3129
9261 2374
8052 8286
3824 4024
9218 9871
5042 5081
5993 8415
1340 1607
1429 5020
527 3999
5028 3483
7744 8628
8764 7915
6739 2303
9567 9370
3064 8464
507 2593
3121 2830
8471 7689
8283 1749
1713 723
6303 749
6805 7767
2364 4285
9126 5295
8874 8546
2204 568
3873 9690
630 8160
6477 7291
664 3778
5116 3721
9465 1599
7667 1652
3118 3098
2257 3327
2155 406
93 8110
7877 645
9725 4996
9572 2087
4732 8608
157 1421
4440 5737
9273 8183
8842 7563
8230 5979
8105 1399
3125 7971
3624 8250
4969 6016
7591 9248
9382 6411
8206 5024
9872 7900
6564 8316
7554 1237
3360 2400
3575 7760
1824 1343
7005 2549
3880 399
7341 686
9045 5429
8871 5499
5767 1812
7028 8166
274 8261
6828 6112
6435 9326
1011 4577
3637 3689
7116 7173
7673 5252
9123 6638
989 3646
516 3095
9624 1922
3666 192
843 8501
3370 8060
6514 5050
8715 471
793 4905
7594 2789
64 7795
9350 2561
3190 6238
8300 6245
5446 4383
6661 8003
5061 2549
309 3156
4830 9579
6111 6491
3203 2368
4145 6264
7208 8434
1461 3555
3660 78
1088 7819
7521 5817
9716 5410
9580 5434
1380 1892
6533 5808
3996 8459
7819 7809
5205 9327
6586 6339
5144 2089
8673 1340
5163 8665
1524 2818
7617 3351
4908 3380
9076 2061
5201 6500
986 3753
7703 7796
4399 7560
2392 8603
1690 658
9681 2539
9909 550
1792 781
8532 7255
7773 3870
9320 1239
9369 927
507 9571
3577 9672
1690 1647
6348 7374
8152 2434
4487 3703
7510 7480
9290 3435
1024 2739
7561 847
1966 261
2763 9482
4115 371
7916 9016
7172 2412
9241 6895
8364 3895
2293 1732
3165 5902
2904 5878
9719 5110
3703 2460
6299 8069
5039 555
1941 1841
3149 973
8331 6984
2783 3053
8934 3990
7644 639
7670 1957
1404 7863
2694 2381
8848 3465
736 3199
4978 488
1068 1196
6990 7942
6145 4624
8564 9237
3304 6883
9748 4568
2900 6262
3888 5631
9329 2733
614 3497
394 9768
2882 8732
6982 6004
6046 4056
2389 6947
1293 2472
7721 1648
6292 7681
1131 9030
2464 6278
1256 2285
5398 3062
2887 8378
6903 2034
76 1217
7256 4584
2405 3885
5101 6267
3648 6786
9857 6424
2168 5523
3452 5142
4599 320
5120 1752
8608 6695
4272 3055
7672 2066
3491 4422
8061 2666
2225 8097
1605 701
5187 5687
8776 3082
5538 349
9758 1325
8349 1761
6403 9280
3885 1336
5229 8893
6417 2395
933 1346
3482 5335
103 5088
1567 5801
90 9244
9266 1411
3335 8096
4256 6754
571 254
3719 4030
2094 5499
3206 8501
8016 1136
7740 4720
2085 6025
6642 2181
4041 719
3861 9695
3517 4980
178 9843
3471 9105
3192 8112
2247 8556
7128 6694
5756 9745
7401 7090
5636 174
4437 163
5509 7159
9694 9845
1331 2679
9949 4650
8226 1150
9164 3628
6514 4310
2748 2608
2684 8726
9975 6721
651 3849
8254 2873
3766 1120
7737 3976
2635 4733
7797 1376
5466 858
8866 8599
5424 9332
3578 9185
6162 2524
4544 4112
1389 5121
946 6058
1996 6186
9149 9679
563 5382
9323 92
3322 1631
7410 2584
4470 7146
6874 2512
2492 153
4522 34
7055 8428
3842 9423
9952 226
1367 1459
5396 2739
8013 2344
343 8371
480 6492
1552 9516
7193 4304
6911 6562
8938 5930
2734 9828
1457 7853
4318 9431
2175 3146
839 2023
1611 1462
7087 2778
1628 1418
8585 1835
612 608
3888 225
338 6082
5656 2778
1305 8844
9354 1795
6251 6148
3553 8713
20 1536
3921 2513
88 42
5220 4216
5804 3637
1010 716
2938 9082
4751 1910
1398 5703
6524 3523
318 8226
984 3351
9883 1932
3521 5525
8786 9536
6009 3320
4747 2086
2205 7877
3242 1211
5047 2188
6174 324
2063 8154
6790 8698
8962 5607
7668 7256
3893 6510
353 2252
1804 9525
4647 5462
8418 3036
1856 9045
8456 1340
5851 1490
2781 8342
2111 9651
8250 2479
9154 113
3876 7807
4637 2194
4132 7292
6750 5715
7230 6864
5827 9411
7257 5352
429 7681
8018 9835
7101 5817
4311 1930
6303 5057
7467 4703
9972 6115
5056 9805
5984 526
691 9501
8356 8673
6882 2697
1303 9595
7996 568
9295 1924
4608 1298
3219 2317
2385 4234
5182 2773
7555 4711
3337 313
713 6155
6852 2466
4947 1128
3687 6051
1024 8679
2096 1163
4916 8644
8688 5856
2491 3781
1690 943
511 9581
1388 1685
9534 6737
8933 5859
7516 7780
4748 8228
7635 3142
6495 372
3828 8202
2753 2636
3898 7059
6071 5762
7481 6246
2083 1478
5826 8273
6647 4440
1767 4705
7912 3892
4188 471
2366 8394
9991 448
1646 9660
1421 9511
5668 8564
8784 5216
4617 4988
3539 7475
7633 4431
959 3122
3560 1439
1235 3277
2532 9115
9966 5897
2630 5269
2589 3804
462 273
587 9787
8141 3373
1580 2322
4031 7261
215 9183
2314 6343
4732 9044
3020 6033
8290 2234
2133 3101
711 7112
6084 4628
1899 3154
1562 457
9473 4756
8327 5560
3531 7605
1084 5150
9264 22
2941 7780
6127 7068
8173 6872
6558 6971
8552 8812
4728 2528
3499 1522
2170 4763
13 4035
2759 6828
7643 9964
2875 1219
7228 4836
2418 5012
4476 3122
8004 1258
4213 1572
6372 2694
7491 41
2550 7721
7453 3132
304 7635
7866 6888
7634 6554
3765 7869
1384 8678
1693 3807
730 6868
149 6330
7607 9725
6459 6613
1136 2964
9236 6016
6121 8573
3511 3685
8772 8409
993 6633
6764 319
2106 4964
8799 1836
1468 8448
5577 2713
5374 3582
3644 8746
7999 8024
4892 6982
8388 3206
6080 9682
8530 2287
5270 4328
3409 5169
1020 4568
9992 8406
6757 5157
6364 8379
5643 6649
8577 4363
3704 7020
5013 1604
1608 5162
9232 6404
5512 1094
9908 2164
6534 4528
9446 2118
280 7731
244 3136
3596 4760
1736 8085
4326 7505
1970 6383
3643 2499
320 9773
5468 3306
659 6046
7314 892
7663 3930
7271 883
6567 3860
9418 4261
966 9271
1787 8136
5887 8592
8082 3005
208 9776
5215 2433
2449 1068
6599 4281
1820 5703
6553 2368
5969 4067
3537 1964
8641 5987
2514 562
2726 5759
5448 8645
7767 7510
9464 7374
9693 1591
1750 4774
6036 1906
3188 4465
9555 511
6895 7433
8590 9481
6738 4631
4059 8492
4249 5010
3456 7866
959 993
5128 7270
8780 9352
6624 1636
2542 9743
6090 8894
9124 2976
1658 4783
6851 5304
8827 7862
4898 4478
6441 4780
6116 1591
3173 7823
1215 6007
850 7400
7961 4165
4312 578
9016 8119
5223 2694
8358 1699
5430 8035
7893 8981
4784 951
7752 1665
43 5735
1835 5334
3471 5489
4720 8122
3247 1884
3072 8778
7309 8354
5170 5084
9274 5825
6887 2365
7518 5616
6529 9168
4341 403
6146 971
179 8832
6642 7158
3538 6017
8418 1935
2637 8681
3293 2461
7138 9331
5524 7218
8326 5198
4968 8548
3179 3237
3984 7318
6506 1174
1511 749
8254 4395
7083 5652
1966 1655
1010 8926
483 5498
2267 1409
6202 2898
7961 4411
8418 3730
8795 2944
2334 2317
1220 7057
2265 3703
1663 2566
1902 4599
4059 228
6757 8013
7937 3342
6578 4060
6338 6202
3197 440
2380 7348
7134 2458
2595 7237
2323 935
2506 2669
368 8776
5036 5577
717 7601
9388 7246
4795 7567
4489 9243
9501 6624
7419 5576
1700 1133
9339 195
769 4061
7046 3893
6894 2401
1707 1855
4541 3656
8678 136
5276 4741
710 3576
9580 3860
2808 1428
2512 3375
2572 6090
9389 6823
1655 9606
6371 421
6522 6103
6792 7179
2772 9193
6980 1615
5767 6355
2047 9121
9545 7025
269 6347
5727 4208
497 4207
7633 3244
9595 8147
3472 4191
5986 3877
5812 4001
6971 6356
6174 9461
8124 2391
4614 840
38 3561
3135 346
9400 1256
5326 6123
62 101
5104 8084
3126 6341
3558 109
6351 5140
151 310
4418 2087
8369 3252
4462 7504
2689 8152
6807 6596
3548 2687
6555 7583
2495 8674
8185 773
9848 5439
6970 9557
4219 8578
9002 5423
8200 8320
5945 4582
2037 9714
4855 2589
6588 6
2898 8863
3187 8219
6723 6913
7103 6520
6378 5618
7368 4743
3544 7060
6951 3173
7523 9684
1724 2283
4667 4088
6446 1243
1944 8573
9379 3343
4380 1111
4770 2910
893 3892
7523 1096
3073 5299
3150 1105
4525 341
1701 2630
411 3778
9718 7240
8717 4719
2930 6565
566 1295
9785 7653
4716 7175
4276 4704
926 4705
4094 3918
2702 8612
2271 4730
2242 7186
532 992
8131 4369
9937 3327
8200 5713
8916 2524
4209 9425
7595 9355
1663 8159
8724 6828
6915 8343
1188 5747
9448 4455
3091 4187
9320 7445
7280 9846
5067 8587
9675 4434
8701 2568
8562 5741
6520 5474
800 8643
9526 6595
8447 5434
8655 4958
7933 4213
9220 9659
4304 8206
2487 3874
8220 8335
6689 8803
4149 2909
5378 843
7811 1514
7174 3576
1906 6257
2298 5415
855 5828
1215 8156
1207 1429
7234 413
2828 8320
3183 5014
2782 7638
1950 9552
628 226
6570 5637
673 5302
7811 7988
1018 6832
8712 6070
9328 3701
6036 6712
2030 2172
9433 6582
203 9470
6523 2289
4015 1042
5111 986
8674 494
2590 5750
453 1404
3406 3305
299 1949
6866 8458
3133 5400
1859 6684
8240 116
2438 6258
8960 940
9926 2574
2548 4496
586 4796
2169 5426
4084 7199
5258 7017
4044 7377
4022 3722
9447 30
4024 5168
560 9185
2339 849
427 5683
9210 3111
9630 278
5526 691
9770 7644
4293 8120
9090 7847
4114 2395
7286 6576
2114 6942
6609 2344
874 1124
3753 3988
431 7532
287 3239
7690 9390
8949 1119
714 9786
4513 7349
6268 9190
5140 3764
8619 2273
4089 7534
3397 4983
787 5414
366 839
6780 5099
1212 8447
5124 8287
7877 5708
3014 9030
2768 8710
9541 2287
8194 1031
3287 7042
5917 7082
4012 8189
8860 51
2089 6651
4852 8917
3610 4628
2989 9635
696 2363
707 1407
2265 8073
1345 9250
9688 3387
320 1036
7772 7884
1217 8658
1394 8168
1522 4798
5942 7310
524 5574
9821 5736
2795 6464
5175 5355
8921 1997
7498 8155
3942 188
5809 5823
8160 5069
229 4306
7313 837
3153 2989
4669 9604
9783 2843
305 5672
5231 8999
3495 694
941 79
8023 4739
3671 4505
8066 4344
2510 1010
5044 4740
3622 4942
2902 2234
6514 5129
8550 7604
8890 420
6436 9639
3013 7550
9889 910
3793 2071
1783 7834
2551 747
2714 461
6949 8017
2752 5281
8163 9920
1175 5485
6623 2276
2804 9432
1599 9466
7729 2180
2116 5927
6835 2977
1016 4274
6058 197
4840 2486
6803 2412
4062 2250
3150 3210
6485 6815
3074 7169
648 8095
5643 7488
2474 7002
3180 5948
15 8616
2623 6756
5845 964
5037 8851
1405 7688
3897 633
7235 9117
209 2045
646 1819
3414 9826
7253 3644
5527 4433
7562 8113
3175 3181
2975 5010
9634 6155
9480 6276
1615 2691
6250 9279
4791 9650
4197 3161
7679 9085
8443 9145
6485 5280
9154 6203
2047 4439
999 2628
3612 8891
8000 8108
8220 397
8929 9369
9595 6460
1133 8008
9021 2116
4607 8741
2091 719
6872 422
5632 3425
884 1478
2131 1820
6391 3221
4739 8447
3029 9297
6067 2604
7339 5173
6729 4547
5238 415
762 3702
1424 5613
9877 1167
2445 2684
1350 3016
5196 7099
6666 7294
8688 6704
8473 8123
365 677
6911 7246
5084 3637
603 7009
5372 4935
5894 2136
7069 2456
5464 3375
9733 8878
7379 2518
7146 4864
4141 5163
535 9835
9152 589
8604 5946
866 3501
960 8248
9310 2345
9081 7439
2442 9981
8868 9441
5997 6610
3767 5376
5907 9339
1094 9618
960 7425
7951 2307
7584 6553
5749 8019
8690 6589
9495 4730
4783 2983
9572 5
4235 8192
7733 5776
9504 905
6451 4151
8340 4086
8192 7258
3213 8031
8904 1208
6000 4548
4019 6545
9961 1796
7867 9897
8604 7828
4964 1996
421 4339
78 2872
1508 1903
4378 550
7332 3736
2929 3847
414 3782
5607 5897
2968 1107
3295 1592
3012 1808
1687 5471
5960 4194
9936 972
5244 3862
5779 8542
2430 1322
5593 2305
1557 2677
2966 4750
9367 6890
3380 5306
5275 5091
8307 770
9639 406
6937 6868
354 5500
5998 6263
7708 4542
5964 5509
8268 1876
542 4855
1984 8628
9822 1042
447 2506
1441 1222
9108 4360
222 8404
3354 7693
6364 5150
8317 3687
172 5786
4654 5612
8231 3870
1669 9939
8694 4243
6110 9552
1352 4736
9118 8755
7836 1957
3934 9147
896 4766
1190 1313
4056 4055
6667 7057
4696 6021
8439 9570
7686 418
132 5886
4974 1492
8606 7522
7454 5202
1641 8604
2538 7849
6606 5544
5577 3634
4455 9513
4090 4508
2963 7239
2516 2671
4491 4558
4458 5530
1264 8732
8846 3024
3433 5999
8524 7618
7414 4301
2688 7595
4072 3227
355 5713
3092 9030
866 6240
2361 7294
8948 3445
6134 4563
3514 2256
9153 6839
5849 9616
8168 4077
4362 7684
3583 7186
6944 3494
1671 1942
5671 9651
3727 2658
1323 7213
4900 9633
8992 3513
9285 3432
7704 8925
4933 6767
963 4641
2033 3663
3190 7038
8448 1809
4533 3064
2365 7257
4870 9545
2777 6485
4365 7907
3134 5765
6102 3080
1669 5659
402 6142
7289 5699
3098 8021
7535 697
2447 8064
8509 1365
4517 2105
2495 4338
8339 3669
5077 4985
2216 1784
3545 8188
1484 2925
4848 7391
7138 4429
8419 6557
4322 6640
5512 8640
3656 3662
4952 9008
163 8737
730 6930
1069 8242
1015 455
182 7258
8826 8994
4030 8830
1119 7797
4163 5978
7890 5577
4330 8528
5393 7717
4882 4794
4779 5807
2098 7636
1341 8812
9797 1880
4268 9667
5477 4895
5262 1265
1113 5816
4667 4175
7930 9536
7591 5567
2980 9929
2243 5485
6698 6023
5828 751
1869 9026
9577 4724
3316 8089
182 7340
3334 8335
6263 6942
3463 2189
1446 6256
5156 6221
4596 6206
9129 172
2992 133
103 222
5797 4327
8461 7712
2364 9826
6990 4185
1666 3475
2787 7663
488 6908
1247 1336
291 4718
3691 5100
3083 575
9569 4200
134 9885
394 4443
4395 8596
6826 4739
9464 8454
6430 9219
7917 4723
864 6842
2958 2786
3003 2480
7097 5481
648 5689
459 1497
2426 4106
1306 1417
3065 4398
6100 9706
7278 6957
1253 6266
3982 8684
8954 1964
2830 1330
9534 1224
8113 1483
8866 4641
4275 785
7064 7116
5708 5842
6558 3810
7393 9418
2729 9503
1019 9344
2521 6370
7959 9704
8852 8461
291 3701
5004 4342
8510 8888
5631 855
1325 4549
4004 3416
9920 2087
8320 8256
8385 4685
8288 3743
75 4755
2810 7708
5223 7741
7314 1163
8672 832
1289 5916
4676 730
528 4663
4998 4225
7585 4533
2916 4001
5593 7660
6508 4938
2162 2442
8069 7154
1431 549
7239 6588
7343 5789
3251 356
1768 3426
2413 9510
3879 7562
5700 5518
3607 2747
7525 5646
5547 3158
3036 8766
1030 9901
4818 5614
9842 781
6074 8001
3903 2617
4987 8352
5662 7820
7476 5807
5382 3317
2456 4210
5250 8313
6066 9556
7685 5030
6948 2716
5182 1902
7171 2365
5776 7651
4866 4980
7283 1678
7928 7945
2815 6992
4771 6337
4914 4386
7337 6531
8477 7630
159 4535
9215 3964
5098 1880
5855 5563
1570 906
9215 7186
2591 9602
8330 8870
7111 7836
2617 9368
5472 1977
4048 3367
4235 2068
6683 3593
177 3009
276 5658
7705 2227
2451 5249
8294 787
7990 6843
5830 6736
9454 5012
2926 6333
1129 8511
2362 3600
1632 5425
7759 3960
6623 4195
1110 8966
891 7029
2742 4548
8203 8046
9889 3929
1002 4874
7953 9811
6645 5750
6314 7276
5831 2605
6036 9676
4365 9321
7498 2157
212 3863
3665 6677
2379 4629
6143 9593
1012 6501
3551 4281
3040 3067
285 8044
8574 4153
930 9167
567 9473
8734 332
9789 9853
120 2342
4056 2302
2301 3090
4152 5538
9481 6796
4220 5187
3752 2314
1156 3871
9680 9496
859 2565
2168 5718
7016 6994
2638 3723
382 880
1371 7748
9987 859
1100 2163
4889 2720
1334 9545
2157 7392
3494 155
1739 5649
3252 9153
6192 5748
5960 7495
92 7307
7798 6681
8161 376
1337 2082
7823 2415
61 4922
3227 9787
6849 4937
942 4460
3421 4271
601 719
8098 1355
228 8452
4376 1199
9520 7216
4406 7022
5477 3477
4879 2935
8779 6156
97 4336
6796 9355
4101 5590
6617 8808
8937 2578
1453 4612
745 6687
8865 5841
2958 2920
4984 4992
8025 8776
1671 956
4607 489
6541 6189
311 1347
2338 5872
4774 9199
7022 6566
5747 4552
1442 7693
3553 7507
1408 3557
5778 6231
8838 7596
4036 8338
5409 8000
156 7387
371 9486
2259 3485
1518 8130
2864 5167
840 6425
8291 8450
3081 2025
1907 8746
2330 2943
7008 563
3352 6815
7292 1146
8596 8588
9574 5199
8867 9678
9217 374
9611 7102
5755 3406
3727 6272
2113 4905
4260 3263
2952 2040
8770 898
6340 3387
3519 5144
8218 1239
9946 9038
3543 9079
910 6262
166 5246
5647 4583
2997 3747
6524 6513
1115 3437
3836 7303
2682 3879
9188 524
7481 4974
5144 860
3625 8901
6121 3214
8472 5938
9057 2896
1604 7891
670 3129
1799 8641
3314 1912
3756 4885
1564 5771
7336 572
7497 4618
9622 59
3024 9705
7408 9328
9031 2745
647 7940
1522 819
6306 5305
8579 7911
3444 8423
4124 3853
2972 6108
3478 5150
3609 3267
2312 4221
1009 6165
9844 2242
3860 9935
7546 5326
6217 1645
337 3045
3724 2883
3937 7641
1972 548
6085 4118
8556 4361
194 4954
266 6252
6132 7207
1309 3489
4637 213
9953 9290
2101 7196
6289 5735
6825 630
7060 2458
7904 6496
4752 5950
2031 8830
937 6283
42 2222
9103 9224
3590 5684
5603 5679
7319 7849
8935 6781
464 4715
9232 2202
26 1267
8696 4260
369 7150
3827 3159
7931 8381
3237 1770
9796 5144
4564 1807
6263 1804
8997 8116
6917 5039
6456 1377
6914 7177
8913 9381
6370 9621
8146 9499
3248 6510
3401 1975
4163 762
3824 9805
7965 1982
8268 185
3398 9830
3681 6286
4192 1943
345 6294
3368 7074
6769 7984
3199 3292
5721 981
2343 4077
2106 9999
1790 8903
237 7125
3454 7788
1242 6796
5634 2637
9748 6855
6401 1335
6954 7209
3399 2728
6093 3930
1389 7655
6 3185
5943 6631
5238 5748
4222 2027
5677 8763
5167 6921
7788 7760
717 8092
2610 2754
2728 4280
7028 290
1288 7321
2295 4362
5292 5910
1633 1119
5980 4611
8032 8719
1865 6975
7789 9212
3328 1857
1586 1100
5866 7479
7805 9200
2315 1124
8305 9580
275 469
8854 2379
4541 7837
926 1307
3191 4061
6495 3547
4908 170
3418 52
1246 5009
9246 7331
3901 3591
3488 6108
9963 7303
4347 5444
7910 7319
4563 4488
6354 9215
6086 6382
9292 8115
109 7991
5914 3402
794 5211
6241 611
8914 1890
6441 5118
3687 6157
8044 3709
4547 9162
1369 5245
7513 5564
1446 6942
3074 153
8244 5783
1427 1495
9547 9346
8365 3715
5399 5449
2415 4832
8388 2740
6922 8707
4637 7056
5671 6138
4437 5557
2318 7831
5348 8134
2086 2238
1660 2725
1785 4697
1171 1905
7365 3640
1665 1601
7231 2593
4723 9161
5197 4658
6561 1046
7620 8311
6283 4675
4618 9044
3819 2852
5623 7846
8532 769
1052 9148
3616 4120
5677 5971
7426 3573
6754 5623
2626 200
3936 3025
550 4811
3651 8577
1582 5117
7327 8410
7213 5023
79 9872
4760 8518
2977 3942
7257 6200
3510 3436
8060 6179
8847 3001
4638 1484
8349 2330
8702 6748
1377 398
9840 7425
834 9587
3243 3465
8396 1317
4230 9274
5835 7814
2431 1658
8152 7104
4529 8581
8988 3184
9713 43
289 8340
697 2732
2229 741
3775 3618
3988 8759
9702 2108
7710 4956
9217 9304
1841 7273
4685 556
6950 6892
8325 7199
6102 2994
9345 3661
2776 1574
25 5424
321 7543
7554 7732
1695 6187
3662 2974
1147 1309
3921 290
3627 8086
6480 5257
8230 5324
8014 3560
7114 9227
3164 9402
5008 8098
8322 6989
247 9407
2556 2605
717 2807
1907 8957
1692 6012
6382 6978
822 3587
5815 8774
1003 9283
2586 3828
9428 9896
8911 9290
2692 6289
692 2671
4115 2479
4203 4612
5464 5599
6792 903
9770 6865
515 3951
6296 8667
2877 88
4213 2684
2338 9114
3656 4060
2715 9579
172 3243
7907 8003
7790 5927
3374 7359
3499 6837
8587 5645
5431 1882
5539 5968
4649 5855
7816 6658
7512 3824
8330 2882
9759 5958
9039 9898
6105 1957
8406 7874
5250 253
8266 2172
6299 9916
7452 5358
8122 7260
3268 2389
6321 9927
2445 4339
1960 9650
9793 2442
2450 3028
2113 6150
9490 1475
5607 715
1072 3352
7954 127
2423 3801
3245 6804
4707 1094
6470 5327
3637 4485
8625 8958
4085 5989
6121 5632
1199 185
2448 9983
4071 2849
1728 5736
3394 386
3636 9742
1423 4219
9403 9198
9875 2392
3339 7611
5652 2530
9727 9410
2330 6988
1324 8816
4207 3183
2382 5910
6612 1724
7822 1893
8904 1372
178 6363
9224 3316
8347 7770
4067 61
7511 8656
242 422
4888 9922
5461 9128
7155 5900
1796 7858
2809 6812
8402 4833
90 6729
9260 7969
599 2770
5943 5431
4195 7564
421 2850
1375 7208
6149 5237
6869 4898
8971 8137
1126 2251
2697 7124
6022 8893
8290 9631
9500 9902
4196 6553
2380 7
9673 3453
5015 6073
7074 7099
7227 8367
626 6130
5612 9079
897 8409
7742 1682
5122 7228
7226 1103
4297 9174
9004 3789
9848 9668
9671 8972
5625 3641
7578 3744
2804 911
4150 2381
4305 9490
4508 6970
2179 2201
2751 4008
5455 7397
3681 5857
8417 8356
9689 1896
6831 5084
142 6457
2822 1150
5743 3055
7219 7607
9149 7650
2911 1741
2670 5237
3612 7285
8284 1491
9485 2816
6057 9273
6052 84
3417 6792
5820 6302
8514 2735
9998 680
3698 8749
7773 3668
1978 540
9192 8557
6339 7606
10000 3864
2955 235
9376 2879
9099 1129
3491 3210
8885 5854
4578 2842
1660 732
4533 3692
9509 6756
9458 9539
746 7356
7582 103
4196 8396
6720 6582
7807 1721
6232 423
1204 199
3902 3064
1291 8915
2133 677
8819 5276
980 2760
7127 2213
6466 9223
6309 1747
1105 4977
4413 5445
9279 2038
5540 5840
9763 3372
7029 7981
4409 7709
2302 1672
2703 7245
9467 7236
9267 8964
1185 7047
7220 4984
1501 1336
2180 925
4990 97
8356 8298
4423 621
9579 1650
637 8803
1203 4301
4049 1812
4307 3426
6385 8339
3775 2427
2492 2187
7901 6418
2623 8491
2941 7688
3302 6214
8816 391
4233 5877
2921 67
8440 4057
5070 2240
4902 1681
3738 4609
9818 6813
9184 8802
1050 5139
3450 7102
5391 6589
5156 5065
1209 3108
348 8687
3370 1408
2900 3292
7326 3583
6302 9825
3059 5341
7222 5555
4873 9202
9295 3582
3387 1540
1740 7861
1721 353
6602 7569
8506 3709
3889 6069
9095 1263
5676 8509
5369 3690
9270 5950
3502 9341
1955 3874
1512 4840
9725 493
3111 8275
1930 7216
1167 9949
7989 8510
4319 1695
2180 2436
6533 2070
596 2895
9364 4127
9452 9805
2873 9054
3630 1126
7312 4727
7215 705
7798 5009
2769 3311
7332 5646
9284 6324
7527 5147
9514 9731
702 4847
8685 7384
2120 3584
589 2123
7352 910
8731 7236
2074 9572
2985 8169
7959 6268
5955 6966
95 9264
2864 4949
3339 793
57 5828
536 8640
5538 9839
7171 1258
3528 9095
8808 5942
4829 7691
7372 6969
6656 403
7275 7360
7916 7108
5533 139
5301 5949
8829 5261
3276 5548
4262 7588
7606 1292
7201 9835
374 5405
4550 4918
6882 8108
7730 1377
9804 8424
2967 4587
8086 5855
9106 152
2202 2631
7657 5310
9757 8105
4911 1061
5581 9642
5636 3949
1547 2640
9464 1066
3274 5235
8086 8637
2915 3553
9879 697
1632 5392
9043 6533
3996 352
61 5330
7625 5075
8830 6833
9575 135
7994 5931
5089 9280
2910 7523
7095 1944
2849 6530
7636 2298
9951 9753
577 7342
7708 2905
919 3221
3131 4927
1129 8430
4970 5940
4465 463
6001 2882
6522 1660
9636 7327
1766 1463
1887 2523
6707 6934
3453 4062
9737 6174
1764 2392
9794 1255
294 7779
6672 889
9887 2280
8941 5467
5334 1595
313 7630
121 6479
5659 4499
1248 2555
1065 4297
7468 3650
1220 6130
3748 2168
3987 2733
5778 9877
9654 7870
7426 5492
4009 7567
959 650
1798 6534
5919 5908
2336 6754
5447 7769
7480 7574
8916 4142
8839 934
8292 859
1247 2739
6272 5507
3701 5760
3322 6530
9245 2890
8899 120
4871 2272
4473 2943
7026 400
7521 3826
8271 9993
3572 9495
8546 6663
9024 8488
6268 6348
2625 6747
1476 9038
8791 2729
2771 2015
4194 5002
7393 7408
1855 7594
3814 1504
221 5432
1608 5175
5155 5478
6015 300
3111 8953
2909 9385
3500 3068
5734 2766
4894 7674
4869 547
2166 867
3287 4000
2766 4310
2923 4066
851 2978
7497 3146
2013 7787
7438 2368
7409 5575
1482 5904
7441 6934
7849 5048
2511 4831
3886 4313
5641 722
9731 2768
8043 8008
6513 1901
7260 5085
7586 1331
2417 9059
2780 1932
2677 8252
1400 5412
4066 3290
9499 4020
548 586
7080 2432
7823 942
5128 3602
6049 9672
9621 9704
2362 5607
6008 2233
6004 9111
3166 2639
7579 8916
7031 1500
7337 6875
4974 8068
452 7384
4868 4392
1932 7731
8167 2123
9912 8035
6521 4920
3301 6490
4434 1879
6686 5398
6727 8266
9887 1929
1917 6052
4907 7920
560 2645
4993 9467
6589 9205
6178 4235
7914 8066
5103 6781
2414 3338
9168 1529
815 1193
9073 6413
7996 9803
5837 3608
3582 2037
8672 5983
5030 9774
8613 8930
1802 1370
8266 5805
6299 7081
7638 1990
9078 4503
3466 2931
4748 2903
3980 7261
5555 7324
2219 9148
426 5111
4757 8903
1215 9739
5338 6380
7067 2852
3071 7226
6711 4768
1063 1689
7893 4891
2555 7041
5226 810
4816 4437
4512 9512
574 8088
1811 8365
1816 9980
6588 38
3014 7277
8098 9060
151 8286
4082 5394
6004 5817
3483 9973
3320 6369
9623 6302
3871 1128
4394 250
9545 3920
8934 2030
8909 6225
499 3330
7079 3762
4890 2196
5968 4967
7790 8894
2049 2039
6052 9032
962 5686
3027 4759
7676 4690
2466 6474
6747 987
5018 8830
9688 6351
9629 6897
8480 9826
9172 475
2666 8651
8316 8137
9175 3642
3862 1859
3439 647
6511 4454
2693 5175
9686 8838
3378 8233
1979 9812
5624 9448
5170 1362
176 5985
309 7745
7203 7063
9307 289
7088 9188
4424 6483
2583 1053
9945 9825
4992 7675
406 5777
9723 3736
3068 1129
2669 2630
1550 8872
1471 1349
6288 5105
4297 2681
9915 8856
9069 2268
4266 6977
2333 6431
4308 896
2973 5142
8345 260
4471 6662
3039 3463
4332 8831
9278 9484
8609 4674
5640 2509
1053 5817
8321 8467
6248 9947
432 9245
3060 9074
3670 3118
5241 8831
1790 1363
5679 6916
115 5164
1885 6389
5493 6314
5857 3502
9166 1261
1414 9888
6499 8223
7560 9660
3491 4518
5630 2340
3875 5640
1145 9872
1820 6029
9432 4338
9570 363
6472 661
4916 9833
2683 9034
1212 745
5666 7297
8009 977
7199 1068
6106 7976
8840 2289
2069 4469
1773 6724
8376 5772
6995 7993
1411 8377
8946 7534
2273 7392
1688 1314
2274 2113
154 5713
3433 668
481 501
1913 1253
6781 5762
2031 4024
6941 8346
3943 7794
7183 3817
3327 7803
1366 159
1398 6939
7173 4072
8243 435
1485 8100
6326 9543
9462 5431
5367 250
6781 9140
1360 6062
5913 4042
885 1445
2884 9183
7354 7505
7553 77
8906 5492
4869 7977
4146 6864
639 4723
2705 3606
1797 7559
602 5266
3148 643
8960 7239
59 6512
792 8646
1831 8971
4418 462
3763 5006
7647 6895
5952 8386
1494 6757
7815 2205
1757 1745
1249 4772
9594 5419
9926 3822
8462 1364
6468 51
409 6780
4052 6896
4073 2472
5631 5304
7872 274
702 7011
3455 321
5664 4488
6100 8768
600 8863
9074 9629
3453 3146
5925 258
2509 9852
7085 7622
4164 75
2883 4637
1967 2665
8521 6790
3708 8274
6692 3188
4947 654
5880 2151
377 9697
4658 5017
7880 1177
1104 8522
6846 128
9249 4077
2408 6027
312 1897
2468 6734
1929 2185
6886 6571
6841 723
3616 8599
6786 4861
7441 3344
8797 651
7418 825
197 2759
956 1032
679 8314
6713 9223
2695 8801
1258 4607
5335 9201
9885 944
7738 7137
4118 7806
2119 4974
2653 5075
2499 9799
7483 7751
5713 3206
6448 5880
6019 6688
8627 1599
1644 5199
6616 3275
9791 7692
370 2531
1930 411
2425 262
5146 8881
5605 5217
3327 1394
5414 1967
8733 6085
739 6342
3123 6717
1843 7340
573 960
2198 6725
7256 1862
1056 5003
8130 1516
5317 7035
6020 1113
7051 2678
3565 7479
5324 2946
2405 384
4641 2136
1142 7934
6219 3374
336 4609
8841 7570
8289 6547
6473 2038
1336 2096
4778 3362
4039 6574
3417 9574
3781 970
1776 4041
5104 1902
2300 8729
3761 4640
6799 1080
3844 3037
1392 4763
6233 5000
1837 2766
6908 485
684 8646
9728 2602
95 9587
3607 3633
6207 12
2052 7349
276 8927
7572 5302
4900 8915
238 5640
3779 2678
1805 4891
154 3162
7131 7933
7432 4604
6641 3773
3412 8320
7981 8712
5270 623
8650 5234
7241 283
4291 684
9657 5645
6505 8563
7030 6388
3148 6133
1446 9769
9292 7709
9262 4310
7041 1420
8971 466
9861 5645
6614 3661
6737 1510
203 8490
8225 5577
8476 3326
6946 6915
5024 4194
3404 9230
5549 4278
8884 7994
9520 2928
1856 7664
673 8991
7678 6775
5542 8264
6031 8923
5242 4888
6116 1468
346 6576
1668 831
5592 8448
8222 5613
6313 8954
8549 6092
2575 8902
9670 4593
4716 5651
3962 741
8002 8405
7999 9958
336 1822
8875 2375
9066 2555
5235 2605
8980 8631
2618 7235
6666 1787
537 7173
8480 5179
3358 6645
5976 5596
2719 4014
6887 402
8665 1033
449 2917
9408 1898
3337 2561
4288 6096
5398 2146
6117 4510
266 3298
9213 9933
1979 9931
3686 3858
1133 5392
246 3046
6225 330
8094 3268
4987 3545
6680 3481
4184 699
8979 5430
2751 6279
2320 2897
1695 1477
7967 533
4952 9998
4586 1166
5168 2366
4809 2583
3837 461
2051 3458
8137 8274
9859 5570
2412 3144
8677 2187
1560 9922
2619 1867
7968 9138
8183 3567
8440 6183
8963 3464
3340 1716
6007 225
7351 7416
8750 5907
1981 7202
6616 4825
6770 8219
4384 5558
6276 559
2813 4659
6329 4585
3250 7664
5775 4625
3818 5397
169 7711
7640 5196
8722 3955
4615 7547
8825 8608
3720 5813
5777 5168
8583 838
7424 2109
1636 399
6367 2968
5434 9399
4370 1743
5532 7668
5528 7099
1185 9834
7163 7865
9606 4349
988 8674
2372 5304
5201 516
7457 459
2282 2633
4903 6615
5280 7435
7222 8038
4971 7002
4143 3768
7600 2646
2547 3344
5934 1638
893 5046
7426 6989
8229 1630
6068 6731
4842 1652
885 6210
201 9457
7601 9217
6775 29
4117 6489
806 6181
4845 4251
186 2758
3271 7821
9545 1500
1293 6741
9486 6591
7453 5975
1212 1143
6008 8903
9060 2327
8089 7891
7943 3989
2638 8871
7497 9439
4187 6902
5872 9117
4543 3858
8490 1390
3712 5603
7487 1984
2712 7210
2258 9014
8088 1238
6489 5751
6959 2452
7025 9434
3352 3952
2793 3714
3678 7081
1569 2400
1868 1798
9459 720
6825 4917
3282 1077
4424 8094
8286 7701
7530 7412
3061 9978
5069 4231
434 9085
2683 1277
1371 7583
9890 8830
4815 391
3124 7057
4495 2635
3619 3095
6118 7878
7574 5343
9857 8636
2554 2457
6682 805
2002 518
9667 1233
5495 2617
8508 1026
1074 2487
4148 6140
1263 7748
735 3698
5659 4338
1359 6309
8900 2695
8850 3906
3857 9585
1585 9809
3603 5481
4631 4860
6106 1939
4851 7208
3533 7141
9379 3283
2878 5672
5960 238
3119 9300
256 1241
1836 5095
5056 2377
8534 9742
6750 5824
5875 2252
7025 1516
3345 4599
5457 9975
318 2285
3144 66
9023 2356
6116 4873
2386 4797
5788 2058
5674 7047
1873 4347
173 1445
1757 2787
9459 6578
8006 6111
4217 9956
4258 2459
3524 7504
2951 6551
7351 2711
6088 1314
9280 6178
4361 3200
2700 741
1735 7925
4379 5640
8781 4159
6207 9318
2212 4477
155 9405
7603 8106
2620 3096
8376 4974
9653 4459
6810 417
1578 3693
9331 6300
876 7411
7962 6522
3484 959
6849 4807
555 1510
1456 8162
4255 7462
3906 4526
441 9667
4666 1177
1710 9927
1342 3472
796 5405
1367 7876
6382 1125
4397 6303
1384 4401
7043 9614
9063 8674
7425 7318
9076 1748
6807 5399
3279 6081
6079 7881
2831 3133
2073 7008
3018 5949
6719 8306
6621 1769
5635 8224
7760 4611
7611 5859
7864 1603
705 8455
1995 8971
1105 9690
8 4409
2613 163
1476 1955
5429 456
7457 7872
3085 1262
6155 7462
9436 7640
132 6208
9824 4305
861 7634
4715 1860
4988 316
9583 9330
3638 9506
866 8158
8549 8685
5647 8750
3781 9939
1408 3948
413 2925
2176 2700
7203 707
870 8074
9632 8723
1593 111
3932 271
1777 8675
8930 4807
2857 9753
2636 6289
1038 5256
5923 1861
6553 5572
219 2555
5162 8939
1888 5159
5612 5855
6821 4490
692 8032
9607 3524
6527 6028
953 7397
4986 7695
7987 8063
4405 9534
9006 2700
4238 6401
5292 2243
5479 2293
2412 9898
1988 5361
5448 2030
9648 4353
6668 1594
2626 4131
1150 2657
9479 3996
6818 7038
4088 9960
7235 2864
5388 998
9867 2082
3992 7922
578 576
6215 5391
9229 3292
731 2122
8116 6036
3152 353
1184 3034
6494 883
2984 1275
9426 7747
8900 8877
8341 3976
6120 8293
7266 167
8059 4258
6515 8510
5156 4519
7599 4854
7949 5592
9345 2587
2546 361
7631 197
9575 6183
4115 4585
9028 3242
5594 1246
4062 6911
2376 7107
5330 8275
6513 535
6986 3719
9116 4556
1599 6120
8972 9933
2819 7723
585 8688
764 9466
2270 2483
6158 8121
740 2544
3686 3566
5604 5819
6900 5572
3336 5205
556 3474
1768 3720
9902 8811
7252 8082
5896 6667
7200 9943
7430 7464
457 8034
7969 1293
5635 371
2117 7749
3607 8423
6718 878
9600 7607
2489 5028
3592 1538
7727 6968
3343 84
3222 4343
4825 7578
9140 8985
861 7073
2834 3766
3136 5625
4306 1856
5662 3708
4085 3350
4448 4294
5143 3323
9461 6859
7463 5437
1229 6742
3679 6783
3932 3540
2198 1146
1493 9563
4917 4472
5986 8041
1640 4155
6751 335
4283 437
5678 6924
2089 9672
5821 4966
37 601
2108 7127
3238 9684
7424 683
2073 3347
2104 3326
939 7960
20 2081
3640 2787
7161 9007
4501 1749
3175 9142
965 4101
8269 6595
3539 9579
7701 9145
2713 6171
1405 3677
9410 2577
1120 7976
7585 9380
7074 6980
7511 9229
24 5469
5580 9080
4170 8130
1940 4072
9686 3955
5623 3178
2150 1840
9702 5371
6342 8069
4402 4725
5762 787
3873 3771
8369 696
4494 9367
5476 7784
3411 265
6514 9140
380 8821
8483 8250
1172 9036
5542 2870
1564 3537
977 1208
5860 3054
8146 9918
8445 7712
6444 4441
5470 2923
1065 4267
8777 8513
2673 6141
7114 2010
1394 3053
9333 4656
4895 6076
4581 323
1176 109
3765 1195
1913 5024
3109 1659
9596 3734
9651 2916
6881 4714
7909 8083
5184 5166
3312 5253
138 8597
6821 9365
136 7059
1290 7847
4855 2580
293 7792
6188 209
9658 1755
196 6
5007 2351
4140 9533
9669 5794
9090 3013
9265 7276
711 3203
9224 4416
9619 2841
623 2049
8728 1033
9371 5477
9534 619
9542 5430
3352 1177
6258 6631
9776 1939
6371 3146
312 3724
302 6572
9677 4089
3069 1281
5232 140
3845 7855
190 8978
1208 4759
9553 264
742 7648
1746 2024
5775 7808
2962 5705
1 5552
201 3438
7643 3696
7405 6527
4721 2496
2258 1536
9689 5517
4889 406
3755 3221
6912 5604
7549 5449
6021 9332
5162 540
6465 1199
4860 9429
5583 6477
1289 5425
1615 5760
7991 7771
7648 2500
2147 6841
3674 8956
6789 4729
6572 2781
6954 4942
1341 1263
1830 8838
91 5283
5272 1521
2507 8014
7559 338
1564 4990
1182 2085
1443 9161
547 5709
3384 2075
9060 8445
8127 7916
4038 7616
1115 7391
6150 9317
4041 726
9025 1196
9187 8976
1879 7403
9970 2962
3924 6231
7533 9874
2178 4396
3419 5157
9070 8204
1106 2236
3296 6463
9643 7245
349 3255
1933 3529
706 3643
4847 5605
9844 9970
2183 5865
7167 7018
8594 3718
6599 3778
3293 5478
3400 2341
9800 9671
1319 3126
2198 7766
3215 5875
3090 5868
7119 8182
2741 3616
9711 6379
3097 7303
8327 9041
9060 3837
1443 1340
1835 4805
3222 9778
6665 5311
241 576
2045 2108
6045 3677
8207 9530
9609 2134
4577 691
966 890
2820 5238
8014 2978
4574 6991
7470 4441
8530 5622
6520 4918
8930 894
8858 7869
9782 6927
7196 3582
9924 5664
754 5232
4439 5566
4408 6352
395 4575
3939 4646
7126 1509
808 945
1008 3484
5395 7186
8882 6821
3896 832
6847 952
3526 2314
8281 1087
3844 3573
4780 1016
2335 2605
193 4726
1408 5609
7721 6259
5481 7512
5099 713
2011 6965
2402 260
5173 3844
3029 418
407 6412
4526 6740
3017 8716
780 2736
3835 3017
7079 112
2589 8052
1893 9829
1320 7511
176 7377
9926 8885
7834 6077
2665 9770
5675 2473
4928 7513
5872 1193
745 4773
566 6407
3973 9711
1219 4883
599 85
4731 7029
8437 8276
9657 7010
9453 5481
9657 7803
1189 8556
4490 4306
6890 9243
6703 5291
8380 4048
5958 361
5918 8132
7170 7678
76 8169
1660 3591
3168 2321
3755 2700
2190 6455
150 3051
8647 8
6730 6794
3980 9274
4933 7275
1492 6452
6759 2256
971 4233
1414 8872
5498 1110
4230 6197
4102 446
9188 8856
6597 3386
5330 4680
8110 2892
296 6234
1722 4133
1160 6550
6399 9747
6028 7622
1393 3802
4132 5369
4680 1175
3307 235
3102 8756
2381 9805
4906 4310
3104 6007
2789 449
7088 9071
6888 2232
8060 3530
7078 8013
7864 8367
1511 8339
9309 3699
9571 6957
863 6821
4812 9927
827 4915
8464 1164
7619 7669
5981 3420
6959 7940
4220 3247
2166 4832
5244 7063
613 5729
7491 2688
2087 2893
9093 6435
8825 6475
7304 5102
4250 9459
9365 308
5866 1148
3142 9575
7014 3884
6325 644
5551 5433
3631 9016
305 1375
5239 9449
5875 9730
9822 9806
5389 8601
1359 3947
994 1440
5324 7227
4006 3088
5946 5999
2452 8994
3998 4881
8553 6606
5722 9729
5801 3694
1049 3078
1893 5223
4987 597
3900 8662
5787 3517
3776 60
3072 5393
7766 734
11 8403
7121 2615
2365 6852
7876 2049
8539 6733
8142 7066
6761 2423
6887 242
4212 8803
4720 540
389 7794
7093 301
6121 3806
1740 1315
5247 5686
3497 6353
4872 8770
7269 1410
886 8121
6532 5324
5969 8987
9678 7044
8609 4426
8506 5570
6987 2767
570 4611
5554 1565
9244 1083
7665 7070
3512 1776
6077 1448
4838 2038
7086 3241
4783 2568
9271 187
335 3851
8529 4952
8790 3134
165 2517
5523 809
2808 3761
4448 9191
2192 8102
2284 3645
5788 3055
9567 9829
5727 3475
269 3166
2762 1543
4017 1095
1198 6930
6942 4688
3585 522
3297 2239
12 2351
10 7791
1112 4798
445 2618
5276 3435
4288 8763
5553 7261
7711 7676
5223 8881
8123 3687
6659 8269
2289 6214
5489 2331
3331 5093
8318 5103
1379 6469
3636 5396
2256 9113
8190 693
1296 6459
1950 8166
6921 7201
1782 9361
5997 8578
5060 4181
2598 8166
2876 8943
9286 7313
8537 7058
8518 4069
6508 2569
6464 8620
9275 3353
2261 9160
5304 4065
1990 1799
9570 1720
7342 6354
1352 6166
91 1617
9486 1215
1152 5065
128 4994
4259 2655
1984 3496
1597 7185
8626 1734
207 3821
2701 9115
3371 5111
2512 7490
6236 896
2660 583
9475 5582
9169 3754
1285 3534
7254 1080
1921 983
8584 7777
7459 209
3613 635
208 630
4974 1059
6433 5823
4222 1283
4890 7829
3358 7283
4187 2746
3816 2225
1751 1818
3352 6941
5327 9949
1877 5601
8708 64
8909 5475
2613 3590
1557 7643
4230 8906
9517 6642
6865 9005
6392 1374
8957 8760
3658 7770
9774 126
4236 8488
5792 405
5505 9739
6785 6428
9360 4001
140 4005
6288 1872
5304 7623
1556 6326
5806 2630
880 759
1838 2742
43 6175
640 443
2604 8046
8847 5235
7333 3714
929 7392
9590 4756
8355 9146
1695 7300
1518 6559
5191 9314
985 8790
7232 7809
8337 9922
353 58
2838 5556
2609 4918
2030 4692
2846 5535
3344 7267
240 8419
6008 8578
5101 3966
9235 988
5512 5284
1893 1891
848 3951
3235 9059
6497 8291
9178 1022
1710 2429
5779 6374
1547 389
687 3580
6951 9792
1894 664
7852 4391
936 2499
6796 2515
2659 2921
962 1055
7809 8888
8454 5059
2835 4241
7887 5427
5454 7828
7027 2962
4689 3843
1298 6937
3043 220
7173 2902
4099 728
9830 7944
9143 8708
1377 2977
4503 91
1865 6405
884 9536
7463 1602
5794 9248
7381 9741
5787 8552
5814 3776
3800 1350
7289 7216
1329 4485
977 2931
986 1364
1661 2573
4708 6936
4718 8421
4519 5554
9654 452
5795 2970
1650 8462
8835 4623
509 9058
4221 1199
600 9391
8453 6211
8045 5837
4817 7751
7008 4708
2056 9916
2513 8477
8664 3785
3105 2282
7310 2357
4564 9784
576 4818
8164 699
9196 722
9721 6308
2729 9295
8473 2723
6535 353
603 3078
8848 6080
8333 3682
7975 3292
6216 299
4805 8405
946 717
9128 8612
9477 8709
7112 6229
7164 1272
5782 6823
461 8952
6701 2005
1963 8722
2829 3524
821 8923
867 5594
1440 1012
5868 1965
5288 5892
2281 5939
8843 1619
596 8899
4960 9825
9344 2591
6604 5246
6289 2377
6706 1941
3111 9290
2410 3252
972 4317
9349 7083
3237 6726
8198 9565
5322 8710
8525 5402
4973 5367
8032 2563
6786 9640
8391 4589
9438 8276
4141 3428
6753 4998
4216 3264
3914 3154
7784 1932
8051 3430
4714 689
9146 2614
2766 5756
8960 9451
8801 2930
5401 1589
9155 9073
9205 5710
8416 7160
1960 3780
4128 8770
1839 7969
4856 4900
3681 3391
4231 2811
92 9732
8028 2769
5450 8461
5169 5120
1638 5465
2087 2212
6657 4562
4703 7318
2217 208
6072 7007
6025 6040
3310 5852
7864 3889
5143 3178
94 3833
4272 4091
6716 4219
889 7854
4603 8954
8428 4132
1552 3087
7001 9119
5435 8998
2261 6717
6194 1873
631 2762
5712 3045
9581 2445
5751 6975
8425 2234
3767 6985
1219 1248
3814 1060
6905 2452
8090 1668
4153 8125
9835 7689
8113 9574
4871 4721
7184 6612
2421 5388
9625 7782
1113 8346
3649 9237
8168 1487
5425 2483
5354 5790
5273 8662
6009 9085
3651 6767
8890 7999
6879 7129
9574 7083
3962 8842
2524 4765
2762 6509
168 1147
6260 5482
1479 5813
2313 8951
8207 298
8670 7411
7290 1171
8322 7067
4882 8505
9491 7109
3136 8552
4980 6343
1521 8995
4091 1260
7320 5092
5513 4400
7765 1237
2347 2714
3609 8084
4839 6847
8715 8928
2161 2263
6011 6264
8094 3745
8390 6818
5656 4492
9543 5940
669 7346
7166 5610
3988 4160
345 6429
6580 5459
7143 6158
7039 2358
2356 8171
4247 4346
8318 4667
5064 2481
263 6997
5007 5700
715 8273
6392 5190
4533 9945
691 9019
1281 2017
7105 315
5774 7047
5432 5449
4602 2176
271 1643
3591 3813
2177 6697
9767 4221
6488 6891
3414 8375
4116 8910
8829 1921
7080 2481
5154 8171
2812 7203
7508 9356
9406 58
382 1798
4972 5859
1948 3590
3758 965
2140 8253
8732 391
3025 3613
3821 1259
8339 6542
4528 5235
817 9673
613 7467
7842 198
9501 8722
4999 3419
9124 2856
7022 2250
1284 44
5252 299
8846 2874
2464 4083
5661 157
9608 8877
7251 7550
7122 873
178 5320
473 1842
4154 5760
2983 1046
7620 6469
6238 4819
118 6200
4014 5657
115 9486
244 3072
4197 9060
5313 1456
923 8807
4759 634
8254 1062
6079 8542
9498 9813
2069 6644
2192 9244
8679 7249
3812 8257
2128 9966
3774 873
1042 7439
9770 4503
8932 2947
7726 4479
699 3305
7279 5347
5914 5389
1158 1240
8753 8564
84 1001
5271 6583
4029 7378
4161 1858
1943 9106
7173 7393
3691 7208
9852 2077
8884 4816
5819 3989
3587 3689
5289 8601
2737 507
7817 5452
6460 167
9567 7512
3890 791
421 1709
3733 3094
7418 4179
3072 3467
228 9191
1714 3127
7273 7322
3372 2012
3486 6349
8063 6471
9800 1361
4468 6649
3589 2552
1158 4651
6974 5881
1766 4158
8707 4778
4043 636
515 5518
3255 5109
8962 9082
8710 909
7309 1439
2802 1152
246 3770
8200 9485
9354 9666
7400 5463
7772 3821
7470 5384
5699 3891
2209 5940
8530 6666
2119 2281
7637 7520
6013 7078
8497 2000
9611 3467
5573 1895
8548 3788
5652 2504
32 8228
6305 221
9135 7023
1078 2268
9543 6660
6196 9549
8119 8225
7492 5189
2888 5031
212 3287
2461 8634
9946 5012
7987 9333
1202 2999
8348 165
3387 8346
8348 8021
2740 4153
3586 620
5782 6300
7221 8535
2551 9912
2052 4039
701 489
3734 1817
804 1861
299 3730
642 4102
9402 6507
7572 717
2861 9305
3265 1156
7587 3688
4083 6225
9113 2250
6139 2035
7524 2214
6434 4065
6887 4900
112 1927
4555 682
1547 443
6988 9170
5842 1187
2362 4208
7199 2532
4884 2226
4026 6
2854 1630
4965 1047
5650 2232
4506 4589
323 7281
3526 2721
7480 828
3315 5228
7550 9590
7902 5652
8862 99
575 6730
3707 8882
6996 247
4071 2544
3889 6529
1516 1813
4238 5993
5165 7614
5379 2582
2192 5223
7728 226
830 5401
3481 7187
6328 4819
5610 4565
7384 500
5281 9436
4499 5440
7809 1519
5224 465
3143 9689
19 3012
128 3528
7616 3533
7204 4922
6572 5802
9812 6626
6245 5027
8978 6357
7493 9665
7231 2416
3436 6809
8624 2220
6896 399
3391 6318
1549 9515
9015 8596
1309 4
7638 5124
3196 2488
4594 1010
1004 6681
951 9819
9072 3738
2739 9124
6153 6393
1752 4854
7592 2764
9263 5978
164 1818
5787 4191
4029 6471
7528 5082
3366 4749
5695 8634
2211 5714
834 7998
8786 8889
2413 5086
4131 1942
6715 2221
1508 5919
8260 2521
1977 1090
7712 5440
9198 3965
5541 1113
9936 8968
7917 9816
4225 3446
7909 1730
1658 3591
1375 7992
1459 351
7494 4733
5165 8775
365 4328
5247 368
8534 11
4878 7044
8283 9911
1286 7586
4393 3743
3298 3448
5327 1584
881 3574
1612 1896
1427 2193
666 1273
235 2850
5626 8953
7777 11
9110 688
8872 6559
9765 4786
2577 3591
4566 3014
7078 8157
4986 3869
5843 847
8676 264
5313 2421
5095 9166
3287 6632
4661 8241
6927 113
1399 6294
643 9051
1734 270
1309 7843
1081 9211
1545 6183
254 1221
6749 8718
4785 2637
2881 8319
1924 5232
9136 2971
3356 299
3345 6070
8659 7124
3597 5481
7893 4321
7922 3008
725 364
2921 4973
2005 9747
791 9946
7598 6477
8085 1164
5988 1895
1297 7002
8983 2189
3019 6540
606 4909
1481 3305
6354 1443
2753 2160
1798 1052
9072 4212
4249 8626
596 2327
7397 1114
3131 2808
6190 3849
9116 5828
4564 1997
4572 3260
1681 6718
2093 3621
2523 4267
1443 4012
3688 7516
663 7162
1691 7963
1982 6735
6529 5036
7492 2581
4924 5745
962 177
5600 6563
1612 1406
834 5810
8916 6300
9915 2201
2437 4561
9447 5940
4297 4122
3601 8649
4892 9703
8890 9713
5938 1730
598 4593
4786 5758
2270 9920
6080 7596
9216 6248
8002 2896
8043 2064
2455 9466
9589 8757
6417 5686
4601 3229
1097 8159
3511 3091
4176 5785
1748 1640
7308 6729
2721 6887
4387 4411
3730 5024
663 6713
7936 5133
5409 1509
8732 3688
2743 7217
6300 4584
3218 7759
397 8801
3060 3835
9675 9782
3480 5004
5345 5130
7192 673
6459 6458
4693 3064
4299 787
1904 1716
8764 3341
5581 3621
7669 9752
6449 9086
4688 3076
1153 1350
7389 6751
7716 5568
6132 480
3943 5600
4831 2049
9703 3231
3344 6617
3611 4617
7780 3084
2128 5303
885 915
7283 4623
106 2319
9919 5444
5860 74
6076 137
1600 3454
9003 4172
563 6799
7272 2170
2687 863
3409 5266
6966 8301
6269 50
9308 6551
3983 3951
5225 5887
9755 141
9667 9777
198 5302
8378 8556
8067 2472
5586 5946
2841 4009
5096 3407
6100 6701
6605 3076
6081 685
5493 4005
8504 1163
514 1569
1190 1565
3946 835
7932 1193
8143 1026
1595 5081
3681 9228
8610 7037
1544 4992
5455 836
7223 8551
7789 3057
1045 7003
7336 4148
441 5022
7517 646
917 772
5955 6834
9898 7045
7219 5793
8368 1502
5544 7620
9827 9714
1026 677
6930 8403
8275 6095
5872 2746
8279 1659
4686 8519
4701 8695
7510 5409
7972 5454
1805 6207
7586 3502
1009 9699
4487 9027
1116 6924
4061 950
7999 885
6482 9579
2605 4561
6862 8448
9704 5189
9621 6303
2048 3913
5019 3743
5343 2017
8095 851
5066 4377
9131 2556
5322 9065
7186 6518
5804 5403
4655 5805
6034 7122
7167 5024
2460 4445
4624 9362
793 405
9116 8806
8818 6904
3690 6516
8051 4068
3115 6385
3906 5236
2526 2093
9054 718
924 2579
1879 6833
9109 6568
6575 5531
2104 6101
9340 1736
4892 3465
3826 82
400 8232
5003 283
4970 2317
7454 1780
6119 4755
1294 760
1439 3471
3987 535
2520 3753
6482 7216
7268 3428
7441 4006
5841 4492
1905 7061
6244 6219
8567 5545
2062 582
7115 5983
9131 3544
2617 523
7654 3213
9899 8393
1400 8080
6623 4177
2910 8194
5227 9541
4877 9302
2727 6410
1302 9712
3132 8521
5047 9027
9963 2974
6021 8079
3947 3904
6003 2496
5635 3935
5486 6475
3806 1488
8874 1239
5726 5302
5130 2519
758 1261
6405 8434
2863 9790
3253 1292
184 7881
8217 1555
9812 9464
8560 6815
5312 7547
4668 660
7532 8536
6495 2144
8555 5665
2062 8785
8382 3842
5953 6445
2629 4378
1654 5207
4294 6214
2759 9708
3613 6742
5232 8412
329 8224
9655 1677
1792 9587
8672 7308
2721 1662
8270 4016
3663 7483
9782 6647
3238 1878
912 9293
6434 6531
7234 8469
109 8823
6880 4416
9790 2874
3720 6168
3367 5202
9110 5626
2797 2672
1595 7275
4060 6670
9674 4452
4523 1620
2619 8071
1253 1618
3044 4421
2934 9876
1375 1243
7756 8961
7162 7756
3928 3086
9625 1851
1921 277
6822 720
8198 2649
6946 901
360 8378
3513 7745
728 1962
4873 3875
4097 8998
7921 7359
5372 5445
3743 200
7481 2498
5197 426
8196 8206
658 9640
5281 1122
2023 1296
9534 8746
9233 9323
2916 3156
9082 9134
6552 5275
7111 5037
8578 2153
5203 9934
70 6150
6786 6738
6285 3213
9407 8643
8245 2493
4901 1037
3769 6629
8943 2568
5065 4806
9246 9960
1271 1725
7043 3263
421 1715
3239 2987
1425 9427
7477 905
5710 3419
1821 1118
8530 9841
8791 5736
3027 6800
7727 9481
6247 3404
4433 3913
5557 7995
2968 91
5637 9853
8241 1048
4849 5446
3483 5340
2313 2978
6392 9799
7269 2550
8394 9021
7854 7595
5815 6933
9040 3988
7383 798
2462 5056
3742 7061
7907 5862
7852 2587
3309 9121
833 4465
9359 2333
4012 4576
7310 8841
6992 6271
4371 9606
8662 2788
50 2329
5806 1062
7259 2600
7076 718
4913 268
5394 7255
851 5313
4693 3647
7252 5577
843 4259
1532 3213
7052 6937
2963 3203
3025 7436
6602 9108
3211 2790
1869 3547
6229 3113
9026 8313
5498 47
6577 7809
6562 8401
9552 8975
4984 2117
8524 3016
3165 1483
5328 7154
2941 350
4499 4673
9802 7599
1458 1179
6019 7545
2748 3462
930 7228
231 883
5994 6651
7905 234
7933 9992
5538 7005
6603 3943
2962 7353
3592 712
4883 1455
1383 6591
6762 2
7428 4276
888 7835
7204 7626
3454 5537
135 4065
6096 680
7458 4174
368 7396
3349 3482
3124 4279
7976 8593
8047 3429
511 8105
9874 6181
9981 9098
5587 5050
3055 8500
6399 1293
5790 6599
9315 1607
286 300
1399 242
8764 6072
2706 1845
4225 2365
8733 1403
4906 4629
1207 8260
6136 7709
5391 9142
5611 5045
1830 9787
529 246
3443 5625
9929 3692
1690 2604
5873 173
8518 1607
3979 751
409 9811
817 2831
5842 3342
5609 6348
6787 8065
2806 2967
2723 700
6132 4371
3416 2144
3893 4131
1612 9217
6094 1544
1167 4800
7748 7806
2797 5791
2726 3141
8378 2492
623 6284
5846 7057
1978 4741
9523 3226
8756 6132
8421 392
7207 909
4331 3410
9674 5904
4440 7125
7774 5217
6680 5266
5845 6993
288 3509
6143 6892
8466 4163
6705 4709
2205 9834
529 4390
9066 1136
6049 6962
9162 2866
4081 3784
6229 6488
8044 3662
342 77
8432 9350
2812 1748
94 7209
9642 4238
8737 2160
520 7391
8613 8757
37 4046
3455 706
40 6121
2290 3066
9839 6697
853 1191
320 2000
4261 8641
6371 7552
5140 180
6099 7663
4114 7057
7355 3404
6439 2433
5603 9059
9013 219
4857 5882
336 5569
7075 5731
2314 6641
5342 6938
3222 2213
9952 17
1530 8016
3524 5554
3031 6519
3874 5463
995 7286
8274 9443
6502 4402
8924 8630
1454 9555
8032 6694
7615 766
9247 992
9250 8159
1426 5602
2133 2287
1299 178
3362 9780
4780 715
2228 3652
1964 8383
8620 5335
7228 7150
1067 9479
7958 6427
194 2903
1268 849
2682 1986
6237 3835
8612 894
5835 5064
9114 6805
7130 7690
2222 8638
6482 8199
3597 917
6966 7677
8973 4214
5276 286
7743 1842
3052 7444
5964 4131
661 6676
605 5801
7230 3839
4411 7835
2214 1394
7438 9986
5377 327
5966 354
5749 4475
8136 5758
6732 5531
8890 34
7783 6061
3246 3595
2967 7835
5208 1593
9721 129
2978 2085
9904 4769
7544 7905
1454 7077
6013 3675
4157 3387
5789 2359
4635 7817
2909 6869
614 2926
5328 3698
6654 8912
7552 572
5302 8973
9000 8484
9876 3795
3356 306
2922 596
133 8697
7863 7718
1809 6168
400 9705
8805 9336
4101 7098
5846 2272
9873 4275
6232 1285
2282 3422
2066 666
380 250
6749 349
9217 4419
1115 977
4108 6603
2275 2552
