4198
401365
2810 4003
93 72
17 36
82 79
7 74
90 3
69 81
100 85
93 9
56 8
100 3
19 23
46 26
43 89
70 19
24 26
60 29
7 32
75 92
98 29
55 18
37 47
50 30
30 31
96 33
93 84
76 43
59 3
64 81
71 88
56 15
46 30
17 88
70 41
62 56
83 24
4 91
100 97
73 54
7 72
20 17
83 69
13 56
79 40
48 89
43 69
79 80
30 80
52 58
83 20
79 8
55 58
83 90
43 96
64 11
10 96
97 61
25 60
16 28
11 52
7 40
100 14
56 6
73 86
94 17
90 15
58 52
6 35
85 24
13 79
66 23
69 10
96 38
28 43
45 8
69 42
92 19
46 46
93 35
39 46
26 73
68 59
63 33
27 62
91 28
100 21
36 10
98 89
17 80
98 62
56 25
26 61
64 50
51 94
76 23
55 76
70 10
7 62
79 73
49 18
41 64
75 68
94 40
39 39
13 51
41 100
98 92
14 1
57 100
57 79
24 24
41 69
12 61
45 10
3 6
2 52
50 53
49 66
11 60
75 50
87 28
9 21
26 98
80 83
70 90
98 47
76 57
27 15
5 46
99 79
55 62
71 94
54 34
84 41
35 61
43 34
31 46
93 67
73 65
51 66
8 78
97 82
20 47
40 89
51 98
76 41
44 60
91 1
5 6
51 29
92 79
42 29
67 81
17 67
54 9
12 69
68 13
44 55
9 34
14 18
54 52
68 32
89 37
50 30
97 23
45 22
84 21
44 75
94 4
6 7
1 28
70 86
99 2
25 50
36 90
90 99
33 4
24 54
13 77
47 81
100 38
25 18
75 48
88 22
19 49
4 69
5 66
47 30
82 16
38 83
99 41
57 77
26 86
1 14
9 81
36 79
28 70
1 2
18 35
90 100
41 30
47 85
5 2
7 85
9 32
22 85
90 69
27 38
92 2
36 40
4 55
84 46
55 17
84 52
44 3
88 98
49 18
10 99
86 24
53 90
1 74
83 10
44 4
44 57
60 61
60 88
21 97
11 24
82 23
83 31
8 98
56 82
60 61
40 54
62 37
11 19
9 18
36 57
56 71
87 10
45 33
60 33
97 38
12 76
50 25
87 85
59 99
2 48
48 91
31 16
30 59
6 49
79 31
86 16
97 93
84 56
95 57
74 79
38 1
60 45
89 23
12 28
37 76
57 77
31 17
64 88
68 38
31 52
10 100
58 70
31 88
97 77
43 97
44 53
73 100
19 2
83 96
51 32
98 68
15 69
86 28
91 78
45 67
47 95
27 39
67 27
94 5
55 91
16 69
85 7
34 82
5 63
54 88
58 26
33 81
97 99
100 97
85 32
8 2
23 84
49 62
22 37
60 16
39 22
77 91
67 79
23 17
81 59
56 90
15 13
37 5
21 62
84 78
75 76
45 91
21 59
1 76
95 81
15 36
38 84
70 86
11 84
42 43
85 56
66 81
58 64
83 79
78 89
15 24
20 30
62 68
98 20
90 63
61 30
39 27
14 61
72 30
59 45
65 76
96 8
97 65
65 29
1 42
5 47
39 91
37 58
48 76
77 67
68 49
44 47
1 80
30 56
83 14
50 56
35 45
1 78
68 32
47 93
12 86
43 70
41 32
69 11
42 56
86 96
26 100
22 88
53 94
36 28
20 75
1 56
26 14
42 18
58 99
61 48
20 100
83 27
35 57
61 85
70 5
93 26
3 5
57 15
9 99
87 95
24 26
59 55
6 3
10 75
44 28
90 53
88 18
14 90
51 17
16 96
4 53
81 26
29 37
7 49
92 89
88 29
55 29
12 10
59 69
84 14
61 81
93 39
7 83
85 49
7 21
53 73
94 76
2 54
63 99
76 23
37 4
71 94
88 83
68 30
50 44
51 31
11 6
53 42
66 17
3 89
47 56
57 76
25 49
69 28
80 85
92 84
93 35
91 3
98 21
37 1
98 82
71 39
49 76
10 9
89 46
82 81
60 2
19 28
28 94
12 7
54 83
37 66
37 66
24 37
35 100
9 84
72 41
23 58
25 50
61 65
63 67
17 43
59 96
36 53
39 64
6 90
10 45
29 50
78 5
18 50
35 69
51 46
9 41
99 95
91 54
53 86
77 32
90 74
42 57
16 70
32 83
21 28
22 13
8 69
36 27
41 45
63 80
100 55
4 56
19 43
38 16
66 82
29 34
72 72
68 25
54 49
81 79
71 10
80 10
14 93
88 68
91 18
36 97
53 87
65 17
46 11
76 72
100 71
50 9
66 27
89 21
94 97
45 14
79 17
19 50
19 8
16 63
2 31
31 26
11 44
94 45
51 78
23 72
50 95
83 35
99 7
85 69
80 100
58 81
38 63
87 10
5 65
22 98
70 12
62 87
73 44
64 48
87 4
41 4
20 67
70 7
82 19
61 32
79 27
78 85
10 28
78 88
89 33
43 85
85 26
47 79
92 49
3 83
78 18
10 80
90 18
100 1
78 95
9 61
81 78
31 8
24 66
83 9
88 67
52 41
44 86
94 53
22 48
1 42
10 48
7 62
15 70
95 56
14 96
79 84
67 50
25 12
17 13
33 6
39 26
91 26
40 92
75 91
98 34
25 22
7 35
93 59
66 1
33 58
84 37
84 56
95 28
78 21
45 77
58 98
5 23
44 6
9 13
15 9
41 79
89 30
81 74
14 99
74 79
91 59
96 18
48 44
85 81
5 45
80 15
34 39
93 41
79 42
21 13
59 50
96 51
26 50
69 82
62 98
65 49
34 24
70 75
24 74
88 69
80 58
50 84
95 70
48 59
66 4
47 18
59 66
89 72
3 12
19 98
29 70
47 44
67 87
79 21
72 37
73 16
5 77
64 69
84 81
87 1
43 8
100 1
26 15
98 30
34 94
79 1
64 23
30 31
54 89
92 64
89 45
39 70
3 9
23 24
21 21
34 49
32 45
11 29
54 31
44 37
36 3
44 65
27 76
88 18
89 36
46 88
39 29
51 85
84 37
96 73
51 20
73 39
59 77
89 19
83 66
31 34
36 2
55 72
15 3
71 40
77 99
90 6
93 86
56 32
29 63
4 85
46 42
18 42
83 46
8 12
72 48
61 67
94 59
11 27
67 14
87 64
18 14
10 21
7 69
54 91
54 52
68 25
44 50
45 7
46 22
91 90
92 33
95 27
17 9
95 18
75 61
18 20
15 97
82 84
85 5
78 10
61 75
44 67
81 67
99 86
73 59
13 29
66 76
40 64
76 77
83 33
77 50
2 51
52 95
16 44
5 45
45 91
25 27
35 51
77 5
91 13
73 75
67 70
81 21
65 68
10 97
87 74
91 14
55 73
22 62
84 11
70 54
81 33
25 22
12 38
7 74
22 90
62 44
28 90
79 62
91 14
61 52
43 8
89 10
25 87
58 18
95 9
75 1
18 30
4 37
21 97
25 15
79 41
52 68
39 68
45 28
62 78
92 88
89 58
20 100
85 10
28 28
6 54
49 55
80 55
21 49
37 65
88 72
57 75
71 65
52 69
75 75
46 76
51 15
13 44
93 32
8 17
99 48
63 26
64 23
97 64
5 98
5 39
50 79
67 17
27 96
72 18
99 35
71 93
62 60
56 18
99 57
28 78
28 39
97 58
73 36
18 56
88 39
33 79
74 33
67 71
6 5
78 86
4 37
66 86
17 31
48 71
81 88
9 53
62 24
4 55
60 85
3 37
18 5
15 53
10 95
88 83
50 89
44 82
21 16
94 12
81 47
99 14
27 26
56 23
63 7
78 62
16 37
17 82
32 32
98 51
30 83
63 33
20 99
19 97
7 59
89 53
21 91
65 43
71 82
3 18
67 51
19 18
43 100
79 5
50 66
38 76
35 76
63 68
40 63
11 46
4 63
8 61
97 33
77 30
71 66
90 89
78 67
94 64
12 46
62 33
53 48
73 97
87 88
92 41
61 24
14 36
73 27
43 75
98 50
80 1
52 90
22 29
68 40
36 59
72 100
60 35
33 36
73 12
99 76
8 38
58 73
77 47
46 14
12 61
96 55
60 92
24 16
95 54
27 83
9 64
76 99
81 21
53 51
8 44
80 26
74 25
53 55
37 50
73 6
11 59
76 72
93 37
87 43
73 26
23 11
96 51
80 3
82 27
73 69
20 66
99 74
48 39
44 55
28 52
73 46
93 24
18 49
18 40
87 41
93 64
34 78
57 51
76 81
5 29
97 48
43 39
68 54
27 39
9 12
68 38
22 42
48 18
55 58
82 94
50 94
27 49
78 78
99 59
11 51
16 40
73 90
46 81
70 20
57 88
53 86
49 44
93 24
89 17
11 44
83 85
17 84
35 80
84 55
51 50
11 31
95 89
99 70
77 98
32 14
54 67
66 84
92 89
98 13
5 13
23 71
22 7
80 74
56 74
96 28
40 28
42 92
62 15
68 5
89 53
81 96
51 50
88 20
67 64
98 15
28 19
11 73
91 6
63 49
74 17
13 45
13 46
13 77
30 33
83 13
24 54
75 8
13 22
33 45
74 17
51 95
90 8
35 25
5 68
94 13
5 63
1 27
15 72
13 7
37 37
27 15
46 48
4 35
66 99
87 41
82 45
4 60
19 66
66 54
65 43
31 95
11 14
6 11
40 8
94 17
48 17
33 35
87 75
31 45
78 70
33 9
69 26
72 45
4 41
16 43
33 47
82 50
59 4
15 47
62 64
58 86
96 87
60 62
14 11
62 29
51 37
12 72
9 45
17 17
31 86
65 82
93 45
2 75
62 82
26 16
93 48
81 98
79 75
21 27
8 7
22 39
75 32
17 27
95 20
1 74
95 48
13 10
90 30
35 91
34 48
29 65
67 26
78 72
84 29
86 61
71 92
22 99
8 19
66 56
38 4
21 7
14 51
93 13
31 93
56 76
72 55
32 55
76 1
86 41
60 84
8 55
15 75
92 56
74 64
67 61
73 56
82 20
100 36
31 100
49 13
72 70
36 97
23 81
69 52
26 61
78 74
90 63
79 66
59 55
39 98
7 65
95 15
10 70
18 100
33 99
72 17
32 50
59 99
6 100
83 44
50 59
96 47
37 1
55 42
88 88
14 91
98 86
29 76
53 45
39 19
61 43
88 83
24 60
5 52
56 98
100 76
46 54
73 91
98 67
24 47
55 77
24 71
71 80
47 26
47 41
25 39
33 51
25 79
74 60
45 59
3 45
57 11
70 97
66 10
15 16
57 74
72 40
13 31
64 16
92 59
69 96
38 85
15 2
82 47
85 85
91 32
44 69
24 98
15 19
48 27
39 91
58 66
91 9
79 81
100 51
20 92
18 45
9 16
46 38
70 71
97 96
27 71
21 74
21 3
90 25
99 77
98 61
58 6
52 72
53 49
80 49
54 53
17 46
24 71
24 89
5 7
82 73
86 51
71 66
9 37
19 61
100 36
88 29
37 3
73 39
62 78
31 100
21 68
54 27
15 60
32 11
9 75
52 35
1 82
21 8
58 48
41 78
19 23
100 58
31 55
44 44
53 75
87 97
58 39
18 81
31 3
2 70
97 20
63 75
1 3
29 75
40 63
95 52
56 31
23 71
15 2
21 32
89 88
100 45
27 96
23 24
95 1
85 7
25 19
18 98
9 1
100 3
10 52
40 12
15 43
48 91
6 51
89 74
11 24
42 56
2 46
17 90
72 32
65 78
61 70
77 74
17 56
55 14
56 65
72 34
39 64
84 22
11 51
83 57
96 28
87 76
8 80
6 57
57 75
93 99
62 40
51 86
24 71
23 60
78 44
49 18
63 69
100 62
81 16
20 78
63 9
16 2
82 98
11 79
7 30
3 88
56 15
51 82
61 46
27 74
27 55
81 30
2 55
69 6
29 100
67 43
11 19
97 84
38 23
28 61
88 24
14 25
76 42
9 66
9 31
52 51
8 65
86 80
32 13
54 53
31 6
16 73
84 83
57 45
84 94
45 90
4 20
78 20
45 4
53 60
39 30
65 72
91 94
73 81
18 64
29 7
74 64
16 5
60 85
78 14
59 67
57 24
56 20
12 46
16 50
72 62
13 76
42 10
26 23
50 25
7 2
37 66
36 28
45 99
54 36
21 62
68 99
90 58
42 43
40 28
23 42
38 27
52 2
43 38
82 4
31 53
56 92
82 55
70 53
50 8
62 9
88 68
54 84
53 89
86 60
73 14
93 73
10 28
30 81
50 28
83 21
69 27
77 60
7 74
69 1
93 97
89 15
82 64
59 36
26 29
41 16
5 44
51 81
25 17
9 58
100 99
71 16
68 28
2 69
76 8
80 26
46 21
4 9
36 37
67 17
62 60
92 10
21 8
5 16
25 93
88 90
55 78
27 52
55 48
65 41
98 25
43 97
43 80
65 63
82 61
29 56
50 74
4 74
77 42
1 92
78 9
62 60
50 3
7 67
42 50
87 26
11 83
98 41
13 82
29 63
72 15
61 23
24 82
83 89
33 37
82 17
38 84
71 47
71 2
73 44
82 63
87 15
69 32
38 4
2 65
86 43
48 79
26 90
22 99
60 70
1 62
6 53
52 94
60 30
76 89
70 97
12 8
22 11
98 39
15 69
30 33
87 5
73 73
58 22
27 21
96 35
11 49
16 23
7 56
18 17
68 72
6 17
58 39
11 6
53 48
94 16
75 47
43 69
93 24
68 39
98 10
49 32
60 76
82 7
27 43
25 59
98 86
79 65
75 59
35 37
97 34
43 30
49 25
8 80
43 73
55 39
11 38
36 52
16 48
94 17
4 91
54 28
58 94
10 17
63 12
48 34
66 9
55 94
47 50
17 71
95 5
21 84
44 70
18 52
17 34
92 90
47 61
35 63
97 35
19 35
58 63
53 38
4 27
68 87
28 89
61 35
38 1
97 24
53 38
7 48
70 40
56 40
87 50
64 89
85 31
8 85
50 59
27 100
21 73
15 24
98 39
7 37
58 6
36 17
93 19
91 39
11 96
58 74
62 22
88 30
1 47
22 46
95 11
7 41
39 51
62 24
53 27
36 92
99 100
94 62
26 35
42 52
19 25
64 31
47 29
56 17
48 69
63 73
1 3
51 89
53 15
23 35
58 82
25 53
31 11
80 73
85 23
45 50
53 42
15 28
15 47
89 44
56 23
30 40
51 70
9 3
6 50
53 54
53 12
55 94
27 54
43 35
49 30
9 7
57 30
47 79
3 83
85 44
92 49
10 4
40 99
29 41
44 53
82 48
6 73
42 34
95 51
90 76
87 13
3 43
55 97
16 10
59 73
5 9
77 88
19 53
16 96
59 64
50 21
60 40
6 97
74 65
63 23
71 12
97 6
45 99
98 53
28 83
18 5
82 34
71 93
79 48
63 42
4 32
72 10
33 64
44 80
39 99
82 85
36 2
59 13
48 76
94 68
76 21
11 53
88 23
11 68
12 8
64 89
2 57
94 22
36 77
16 83
39 9
62 5
59 45
97 88
72 43
55 66
40 55
69 60
58 2
23 77
65 19
71 96
17 76
37 85
83 55
82 21
27 1
44 68
73 36
63 20
16 93
85 22
80 67
9 51
71 44
81 83
25 95
70 38
98 19
98 55
36 31
52 28
9 2
34 26
76 51
66 74
13 69
8 10
32 54
90 28
62 66
60 4
96 59
32 73
63 90
64 79
12 84
91 72
11 23
63 74
18 63
4 15
29 49
33 91
7 40
75 48
88 70
61 60
48 35
52 18
87 32
64 48
14 48
68 91
29 6
85 68
15 93
12 23
78 42
71 96
94 23
22 70
5 26
17 9
65 87
11 45
68 64
8 90
80 56
10 45
22 30
7 56
63 16
6 88
3 51
14 5
99 66
66 90
46 82
32 31
72 58
30 100
51 68
21 14
55 83
18 28
27 97
37 79
97 93
50 96
83 31
11 70
26 63
94 100
64 63
36 83
7 47
14 54
13 6
10 42
21 15
40 81
82 45
38 37
51 59
11 82
81 16
74 88
88 87
7 43
11 54
59 4
52 46
74 24
59 60
26 37
40 58
50 63
87 82
41 79
9 67
47 83
22 6
93 62
40 66
65 57
68 48
10 79
36 49
18 44
14 1
36 60
60 40
67 21
76 26
77 36
2 81
37 7
52 24
23 56
15 76
40 53
18 79
56 89
66 3
69 58
85 41
14 72
82 17
54 90
20 41
47 50
59 49
65 88
15 72
67 46
50 75
29 15
57 39
18 39
9 31
52 68
71 25
18 28
53 11
74 62
48 70
77 77
25 21
40 14
86 85
19 1
17 46
63 45
91 91
9 59
56 52
65 74
29 71
96 91
24 60
76 96
21 44
39 100
35 11
92 16
77 50
89 4
16 50
6 96
15 11
92 35
85 65
13 97
34 88
48 23
52 85
65 81
49 95
84 78
63 2
22 97
19 62
12 11
52 13
12 16
23 89
89 52
19 57
33 23
62 52
50 40
97 76
59 10
60 43
26 73
58 54
67 5
54 19
3 36
7 73
15 54
71 16
68 56
95 38
12 32
96 58
37 44
88 20
86 84
23 47
61 56
35 85
33 2
3 89
54 13
71 67
99 65
38 29
65 39
98 99
75 2
26 80
4 100
49 62
54 68
16 7
7 55
51 10
93 56
11 64
52 46
51 52
33 81
16 65
88 7
46 18
85 33
70 33
15 65
80 85
88 83
81 32
22 12
72 38
4 70
98 2
8 57
81 69
73 69
55 7
31 78
51 20
95 68
17 40
60 83
50 54
50 97
29 98
30 31
81 75
3 32
97 5
27 54
48 89
12 84
17 7
17 13
28 11
54 78
97 68
66 37
45 78
80 88
66 68
83 59
22 24
94 41
38 75
97 15
75 58
100 82
63 100
84 66
74 80
83 60
38 93
18 12
30 94
55 75
69 43
78 90
3 35
38 48
15 47
23 13
61 19
51 25
25 25
3 58
58 80
28 2
45 98
73 6
60 99
19 23
98 44
27 97
80 68
61 2
35 11
10 79
14 63
63 28
35 7
5 32
92 66
37 90
9 48
62 29
40 59
26 88
53 51
68 71
89 93
46 62
8 95
94 33
89 23
75 54
54 21
74 61
38 87
48 89
21 88
74 54
22 92
54 30
98 25
44 40
28 65
86 1
66 86
22 70
64 65
81 74
9 56
66 58
84 99
21 72
72 66
16 86
2 57
41 27
49 86
7 77
43 100
30 37
31 16
67 34
44 15
18 6
1 16
42 29
58 14
48 29
28 89
84 1
100 70
24 38
61 4
45 18
29 70
63 36
93 11
46 2
29 35
94 24
50 80
47 91
33 29
48 41
87 39
40 13
18 75
16 25
88 95
79 69
76 34
32 65
49 3
88 37
46 87
24 19
41 40
100 71
88 98
4 47
16 57
45 88
31 61
71 20
81 54
8 33
30 51
38 69
53 18
34 11
56 40
25 15
42 49
17 96
1 57
96 55
5 58
2 52
24 84
97 10
69 96
32 2
42 61
73 51
32 97
38 46
95 60
52 52
10 77
74 33
17 38
65 54
60 43
97 7
54 73
92 1
32 48
49 83
73 99
65 17
66 64
94 96
63 42
50 58
58 20
62 42
12 30
33 2
9 92
2 28
52 59
77 76
33 39
93 13
35 40
55 12
9 59
18 66
86 93
55 34
82 33
79 63
31 62
24 76
86 10
47 93
13 15
91 91
17 98
76 93
62 23
15 88
91 16
99 86
19 70
88 90
82 69
100 33
80 55
46 40
20 19
18 12
6 1
12 83
30 48
49 37
49 69
24 98
74 41
19 30
51 94
6 47
25 52
50 88
55 6
40 58
96 42
53 12
91 37
57 69
4 48
36 27
87 67
16 74
11 77
89 51
86 77
24 51
52 19
69 60
79 9
40 24
71 62
47 90
37 80
82 98
74 60
51 54
96 43
56 73
16 33
48 24
51 16
50 59
3 12
96 29
97 26
94 66
65 96
6 55
17 42
51 13
37 89
83 63
23 32
8 17
61 46
55 77
98 82
61 61
82 88
93 13
58 36
17 89
36 78
98 98
74 23
52 6
69 51
98 74
97 91
51 8
52 33
60 7
42 5
74 56
55 36
80 72
39 76
47 70
88 5
90 56
48 100
68 59
24 38
25 85
77 59
43 79
49 83
69 26
25 72
52 71
71 30
78 11
9 20
90 31
27 11
19 7
62 64
91 92
43 13
38 82
30 85
37 6
47 74
90 81
52 94
82 46
39 30
31 61
26 63
30 42
50 59
26 80
49 94
75 14
1 22
31 75
21 96
42 82
4 6
97 26
29 83
84 45
32 80
57 6
26 66
85 64
34 20
15 97
30 53
72 52
43 28
77 68
64 87
21 79
84 20
53 27
10 95
22 40
2 15
93 32
77 67
64 78
21 64
19 23
34 35
51 8
71 54
48 6
67 17
32 50
27 68
37 25
11 9
45 4
99 36
61 40
61 2
81 88
98 19
41 49
33 79
16 46
60 76
98 34
94 39
68 44
79 91
42 77
75 52
60 54
42 10
80 76
93 48
52 1
18 21
4 33
65 67
8 90
60 39
44 22
46 97
47 31
28 38
71 98
55 40
17 62
36 44
86 43
100 47
10 49
7 70
7 79
95 31
13 17
41 42
49 19
24 21
88 57
100 2
23 33
55 40
10 54
50 94
94 47
46 21
49 59
93 27
7 10
7 27
85 70
79 94
21 67
1 44
24 78
91 68
52 80
50 84
78 75
15 45
18 82
66 78
68 21
91 34
10 71
2 68
81 61
4 21
18 21
77 52
4 48
38 36
44 55
18 24
93 73
14 47
44 12
61 42
31 40
55 72
11 16
54 76
19 74
89 79
18 83
77 5
52 73
55 40
90 23
97 18
78 39
15 44
78 68
52 28
64 13
46 53
11 28
33 87
16 99
49 23
10 66
44 67
81 4
35 73
17 66
3 59
45 57
54 33
71 47
19 36
43 36
6 83
49 53
94 41
11 52
34 55
16 1
8 8
17 68
63 73
100 84
48 59
18 54
94 84
10 25
62 70
37 22
91 59
60 8
97 46
17 5
30 7
15 80
41 31
54 31
82 67
30 49
24 47
53 99
11 78
62 5
86 77
27 41
89 52
63 6
67 76
47 62
93 19
59 61
85 1
94 91
80 47
87 16
20 5
38 39
66 46
23 74
96 60
20 4
17 64
2 58
32 24
69 24
60 18
61 34
3 35
49 33
2 56
30 68
14 88
51 18
44 30
100 92
61 95
74 43
52 80
12 24
9 82
53 78
64 87
10 29
4 66
53 93
10 53
23 60
61 50
29 26
33 30
94 11
80 9
72 20
90 23
24 70
57 24
62 96
18 8
11 8
36 73
29 20
1 57
15 10
12 68
96 77
81 61
42 48
19 100
85 48
83 11
6 81
18 92
18 68
6 100
83 31
51 12
50 62
13 90
8 36
11 64
46 36
66 57
59 18
9 5
25 46
86 34
62 24
89 69
77 45
89 49
54 81
71 55
34 27
65 5
96 99
18 80
75 77
51 56
64 73
11 55
11 44
61 40
9 27
34 37
23 70
92 6
44 50
76 29
74 47
91 33
4 17
66 64
25 76
58 3
52 56
7 6
52 12
27 79
67 59
34 67
19 84
97 19
29 3
24 1
86 32
75 42
12 17
80 58
23 90
27 90
38 80
30 27
37 43
86 21
60 78
51 37
39 50
34 4
58 89
28 73
92 70
16 26
79 16
32 51
47 41
12 47
68 92
49 69
100 1
24 26
18 31
52 88
33 70
36 48
91 5
43 86
77 63
68 94
4 57
12 14
72 26
7 28
68 24
94 16
90 73
7 48
78 34
97 77
37 99
89 57
28 28
40 33
95 73
14 22
84 90
85 55
99 55
13 29
36 26
64 21
50 26
21 88
28 21
52 31
63 49
36 64
67 92
16 50
95 52
69 83
31 67
57 40
63 79
81 65
5 73
92 70
23 10
12 90
89 80
82 90
95 28
66 22
78 53
57 44
96 52
13 71
34 90
16 34
1 51
72 98
65 47
100 42
47 87
24 6
97 10
59 17
61 73
9 65
63 23
62 36
57 75
50 47
3 84
27 54
93 40
14 15
61 75
48 86
82 29
14 48
85 24
15 33
30 87
67 83
19 31
58 61
63 82
45 11
52 16
60 10
88 48
56 52
66 5
66 46
28 61
99 100
87 15
76 61
71 14
38 59
91 81
91 62
65 67
36 28
86 22
80 38
75 15
89 32
53 8
84 2
58 13
26 86
29 20
49 80
37 72
54 50
47 33
83 47
8 76
32 19
46 50
55 51
21 71
5 53
89 58
91 13
100 85
29 47
29 41
66 43
14 59
99 96
73 29
11 95
9 86
59 44
58 56
76 52
50 38
19 57
56 80
93 97
16 95
4 69
37 89
37 24
81 10
77 31
41 54
56 67
48 63
98 46
46 94
77 74
32 99
28 71
69 43
47 35
8 61
15 35
42 50
37 57
6 67
20 4
19 32
84 28
85 38
21 1
73 39
89 82
39 48
34 12
43 83
32 81
97 16
25 10
6 41
31 18
64 93
14 68
70 45
24 16
32 87
92 95
82 96
72 48
6 77
79 19
49 77
57 56
53 22
15 48
49 95
27 85
26 33
19 74
74 47
83 10
62 68
15 65
39 93
60 53
77 19
51 62
88 4
64 77
37 40
85 72
19 4
91 36
92 40
49 93
71 76
41 62
73 47
21 38
42 32
5 87
70 82
36 18
81 29
62 76
70 100
18 29
62 26
2 52
70 7
39 9
5 95
36 4
100 74
20 49
56 55
98 99
15 90
71 53
47 52
34 44
45 92
36 34
46 5
51 59
40 44
41 61
94 75
61 82
68 45
43 93
6 45
23 39
98 13
72 90
69 49
13 9
57 79
93 4
36 25
90 16
64 60
52 6
15 7
76 25
84 61
22 26
98 30
32 46
19 91
47 92
3 37
38 24
88 84
66 20
30 68
32 93
37 24
22 8
64 36
3 14
26 96
31 5
73 31
18 66
74 25
25 25
91 66
29 54
38 47
76 71
59 24
45 58
63 32
84 14
50 6
19 37
43 99
45 40
74 62
95 93
73 32
11 70
30 79
84 27
26 14
4 4
32 93
78 61
25 66
15 77
81 34
86 33
33 41
44 99
100 26
27 91
63 77
45 90
35 83
82 44
89 20
61 57
1 2
27 53
27 59
80 73
87 50
68 45
61 77
1 4
33 73
17 32
23 4
91 49
64 94
38 64
96 75
8 51
22 55
91 13
59 71
45 52
72 47
46 57
40 82
89 26
68 52
97 5
7 73
16 74
7 88
6 44
52 18
72 39
69 92
72 6
63 9
53 31
9 82
84 64
89 6
83 63
62 80
93 85
83 45
28 14
58 8
11 86
19 17
40 45
60 88
29 78
80 60
83 45
51 11
42 76
23 48
70 49
56 73
37 44
3 4
56 57
91 54
89 74
19 83
41 78
8 37
75 20
5 61
4 35
37 76
4 83
14 44
67 100
63 98
38 20
87 84
77 31
59 32
10 88
91 91
64 47
30 31
51 10
46 10
90 8
52 78
65 7
91 30
78 77
40 98
83 9
86 34
22 72
31 58
41 87
16 35
80 12
33 10
57 56
42 53
43 95
55 86
28 29
34 82
41 5
69 76
81 85
47 27
4 63
98 78
44 67
99 44
25 2
15 68
37 24
36 1
14 73
86 19
37 90
58 57
41 95
49 26
64 12
84 18
74 17
61 31
64 7
69 92
94 89
42 14
15 55
49 93
26 84
26 66
38 86
18 67
26 100
33 34
51 69
79 25
94 38
52 86
93 47
18 96
82 31
46 37
70 40
80 48
68 98
34 58
86 21
71 7
90 9
61 85
85 29
45 2
52 29
96 97
63 87
68 47
70 67
50 87
37 100
91 73
6 99
97 20
86 17
13 66
14 80
23 90
48 73
26 59
94 68
25 15
44 94
39 1
6 44
86 69
7 90
17 76
62 45
15 3
79 67
99 43
17 73
92 69
96 7
30 59
11 13
34 74
1 89
6 12
58 38
22 50
5 37
4 11
8 70
54 24
23 73
92 20
24 9
59 87
77 32
30 40
32 38
87 6
74 33
89 54
76 65
27 54
87 75
28 22
78 59
48 77
60 66
16 62
46 20
34 91
7 94
26 30
42 76
38 71
91 50
58 81
66 11
79 51
44 1
30 44
73 92
78 49
54 80
18 4
72 46
77 24
61 69
61 11
36 82
6 52
11 47
65 1
12 7
44 64
78 5
95 40
64 21
79 3
74 92
53 78
9 83
95 86
93 64
72 45
57 20
17 71
41 86
95 21
2 92
18 96
27 30
99 8
69 15
71 58
91 87
33 84
61 54
22 13
78 62
10 79
80 90
77 20
43 80
41 43
60 82
67 59
90 70
70 3
11 77
37 23
21 26
58 91
44 89
75 77
73 35
23 78
37 51
1 87
11 31
3 12
12 20
91 88
93 54
28 16
31 51
44 8
40 31
99 26
51 35
64 6
73 29
53 87
42 12
34 45
30 74
65 4
42 90
85 80
46 48
18 34
26 30
78 32
73 61
5 45
24 15
24 24
39 21
82 67
56 59
79 88
6 6
84 77
76 67
68 78
57 79
80 6
20 49
25 3
90 46
46 89
58 96
44 88
34 4
60 7
84 80
7 50
90 13
70 36
24 93
36 54
57 100
62 16
40 10
38 75
73 27
59 32
81 93
70 27
45 3
35 63
71 27
84 25
59 75
27 21
28 1
29 21
96 87
77 61
63 11
87 38
53 44
65 99
87 58
33 64
92 50
25 54
99 29
15 29
16 23
37 5
58 75
100 94
32 45
2 45
17 20
71 70
66 2
88 96
49 32
22 73
6 87
42 27
63 43
33 41
62 20
76 90
78 50
78 18
69 9
67 80
7 12
47 41
38 99
29 19
68 33
79 88
5 74
1 24
15 6
76 81
75 63
76 40
86 33
24 32
40 81
80 18
81 41
37 74
15 10
37 19
71 29
76 55
84 36
18 2
69 84
93 49
9 72
84 43
77 44
38 56
53 42
93 35
45 12
22 76
65 7
56 23
89 74
5 6
36 99
80 24
12 61
19 52
55 49
33 70
1 96
79 80
82 87
19 73
44 10
60 33
58 35
76 16
69 48
59 19
97 48
68 25
10 17
39 50
54 76
73 6
39 28
10 38
43 86
77 33
47 53
75 70
83 11
84 66
54 50
93 41
6 54
89 91
2 82
1 67
73 45
26 91
2 32
26 93
34 100
54 43
29 97
73 53
81 85
8 61
19 2
39 53
39 18
27 71
34 78
21 33
27 64
59 91
88 54
18 9
14 79
90 40
99 37
92 100
35 29
57 5
30 31
23 6
75 86
34 26
55 85
93 44
68 41
65 88
21 18
18 4
72 97
15 73
6 6
6 94
3 96
17 99
28 77
76 58
47 22
19 33
29 26
1 15
76 85
16 35
87 54
77 3
1 52
23 14
6 59
21 95
17 59
11 43
85 96
7 94
73 6
36 37
75 93
66 46
28 56
23 18
84 52
94 78
81 93
9 65
33 32
41 48
9 77
42 6
50 54
39 43
17 97
82 13
65 32
65 55
53 46
75 7
26 7
92 34
29 77
27 91
46 15
98 88
5 1
21 19
41 69
17 28
47 66
30 84
30 94
37 21
84 5
91 50
18 60
81 86
71 11
28 77
7 58
8 96
28 15
72 27
39 78
94 15
18 17
70 2
12 1
60 89
59 86
22 88
39 19
44 58
32 9
63 71
66 55
64 30
37 72
43 80
11 64
8 63
12 65
73 78
86 12
52 27
89 54
80 42
44 74
63 58
50 3
90 44
32 98
43 21
60 96
16 47
23 28
52 49
96 24
89 2
63 95
44 14
77 24
85 68
2 1
86 86
13 22
88 33
34 30
55 8
81 79
79 11
71 96
94 63
65 66
84 72
81 97
4 66
79 1
37 12
52 36
84 45
23 10
6 66
59 67
8 74
15 34
2 79
64 77
91 41
12 75
43 5
98 26
99 7
98 24
71 93
46 76
10 32
53 79
46 79
58 87
56 65
91 74
63 31
52 26
45 74
69 13
61 22
78 34
68 82
58 13
22 62
62 85
83 97
13 17
37 76
32 72
83 100
76 56
75 62
78 15
16 81
91 53
51 1
69 13
50 97
60 4
3 79
87 4
96 39
61 42
36 23
79 41
25 9
19 8
32 39
37 48
22 18
91 65
33 22
69 71
69 64
81 26
22 27
23 76
74 91
42 56
50 98
50 20
82 28
51 87
11 43
59 16
16 70
54 38
14 58
45 4
94 2
98 60
41 47
97 82
82 84
81 29
81 42
71 83
39 52
62 22
87 87
81 94
31 71
94 8
61 25
5 47
49 76
16 25
58 54
43 42
42 68
42 10
83 98
31 65
41 59
23 79
72 56
16 61
58 31
83 100
55 62
50 96
18 77
68 48
10 96
99 68
67 75
12 21
51 16
64 73
15 52
26 17
32 84
75 94
46 24
89 36
17 96
15 93
21 62
95 37
84 8
34 68
18 34
24 15
47 94
79 89
74 81
28 89
98 95
72 96
8 71
12 78
95 92
16 16
62 68
100 35
31 1
99 9
51 29
23 45
36 26
98 16
97 56
61 58
28 95
33 12
36 22
91 78
61 95
60 13
82 33
68 24
69 27
34 38
92 7
71 12
51 33
77 10
83 18
86 54
95 58
33 70
43 32
76 32
60 73
32 83
46 15
33 83
83 80
16 1
83 51
24 20
71 77
12 61
42 50
84 82
68 54
93 99
31 36
28 1
55 5
79 27
52 21
41 87
50 75
88 35
53 47
6 79
54 54
39 19
25 77
76 10
92 95
25 35
80 4
55 34
9 62
12 45
84 65
92 8
48 7
18 81
3 4
34 8
93 33
36 71
4 51
6 71
71 61
58 16
77 21
55 6
80 76
12 72
16 50
48 79
46 18
51 8
82 84
91 90
98 34
63 16
58 88
34 52
60 40
71 9
70 94
15 52
10 81
17 92
45 84
43 79
71 59
90 17
90 46
21 33
81 100
6 20
99 60
60 33
13 17
91 100
68 75
70 54
78 15
64 2
52 25
45 94
96 96
55 56
19 19
38 41
87 16
53 22
64 35
60 27
57 96
59 61
100 70
35 20
91 44
17 48
24 64
41 59
45 29
86 43
25 37
57 55
65 88
84 30
24 88
64 69
23 63
70 78
73 44
6 91
29 40
11 19
45 86
23 3
39 3
28 3
89 82
44 33
6 17
77 98
26 30
37 19
32 25
54 20
52 21
70 76
33 62
7 67
79 92
54 14
27 85
42 12
25 10
81 69
64 24
91 36
52 31
87 83
56 37
24 23
7 95
8 16
64 32
69 29
23 5
37 73
66 49
82 30
37 29
11 73
89 1
23 57
5 87
97 39
23 49
39 65
100 98
63 9
31 67
67 20
31 22
44 33
56 81
57 51
74 29
6 30
12 2
75 61
4 79
76 99
45 45
47 65
21 37
25 76
21 87
99 11
49 99
45 58
39 23
85 69
99 93
11 100
45 2
36 59
77 47
13 66
83 98
72 18
38 26
26 67
41 36
66 91
20 94
21 96
51 45
27 10
49 25
69 87
75 91
88 85
1 80
17 18
95 12
88 84
40 26
59 53
83 89
33 75
7 5
9 26
27 11
58 74
6 58
1 62
88 17
20 67
78 20
67 86
91 54
73 43
84 90
30 4
64 80
3 50
61 18
8 45
86 55
44 42
49 56
11 89
58 94
84 48
94 78
4 83
8 52
34 3
4 82
37 80
20 93
36 31
41 93
63 29
46 3
49 51
64 97
27 18
99 28
55 81
89 24
66 62
77 14
67 96
85 10
50 7
41 20
76 1
22 55
22 74
19 9
19 99
35 78
76 56
54 64
54 54
87 7
4 52
44 15
27 2
98 44
48 29
55 100
5 90
86 26
36 52
57 13
47 40
83 79
79 99
84 21
38 21
47 85
25 39
74 18
3 30
89 96
62 19
32 15
1 29
78 84
8 6
41 70
51 41
2 83
64 34
31 76
43 84
30 3
84 48
6 36
68 46
71 27
5 74
96 34
50 8
78 98
14 35
93 25
30 45
64 82
57 25
88 84
91 19
5 94
56 17
24 32
1 76
8 48
51 57
97 58
48 59
31 9
29 46
2 37
66 63
70 32
52 63
33 14
2 51
24 14
22 39
98 38
31 33
21 66
81 14
77 45
51 69
95 51
18 75
66 31
84 96
77 49
11 71
6 9
85 23
98 40
78 22
82 87
48 90
19 93
22 79
50 70
38 55
16 73
2 92
61 3
45 67
37 69
24 32
56 98
93 56
78 22
13 69
96 95
69 73
19 97
69 74
68 46
61 9
25 83
54 11
59 44
81 27
15 28
59 68
5 51
3 9
98 85
91 94
16 42
77 13
59 100
66 74
44 54
88 26
46 64
58 39
17 43
19 99
53 65
26 57
71 10
35 26
53 54
7 46
92 14
11 64
5 38
65 5
21 10
3 22
4 85
51 47
3 18
91 9
47 47
50 25
11 1
84 79
13 39
81 1
95 55
95 6
14 6
65 16
86 6
78 17
31 18
95 60
6 14
13 75
22 93
19 18
92 23
72 80
27 47
53 45
95 77
12 66
89 83
56 71
93 18
93 46
53 5
57 71
29 32
27 42
93 21
89 80
78 69
51 71
38 93
63 71
16 37
49 80
95 80
22 98
46 96
66 8
27 80
75 38
25 100
26 8
16 19
83 58
73 4
68 33
84 12
39 84
39 98
60 80
26 33
49 12
61 90
16 2
60 93
