211
328576
7261 1260
32 87
61 1
62 43
5 49
20 89
31 25
28 91
44 69
34 96
46 26
53 72
79 12
12 78
79 45
54 33
93 51
9 84
15 30
56 32
50 76
6 43
40 14
27 92
38 41
15 86
89 98
97 44
59 92
97 99
10 13
79 24
7 4
47 100
68 15
59 56
66 36
84 40
39 82
53 30
86 88
73 66
43 58
89 59
63 80
57 48
16 12
61 80
62 2
26 15
13 11
47 44
22 94
38 93
73 74
92 8
85 30
32 54
93 56
64 89
73 58
22 94
59 92
55 89
43 20
70 25
84 54
2 2
92 2
86 32
83 86
15 72
28 46
96 38
71 74
39 70
21 10
74 49
23 31
73 88
66 25
67 74
97 24
20 26
99 41
87 82
50 57
6 76
7 78
27 8
52 69
95 96
40 76
89 3
56 97
81 51
37 5
6 71
94 58
31 73
87 27
55 7
49 76
61 12
31 33
22 44
74 59
65 50
17 13
16 41
77 85
78 18
45 57
56 69
17 59
29 62
99 17
10 43
10 31
70 46
1 52
93 35
74 59
23 66
68 24
16 24
60 64
55 54
13 57
52 93
9 52
93 66
3 96
51 53
6 67
37 92
66 30
60 34
30 37
35 32
75 91
20 50
40 99
33 13
11 62
16 8
31 73
41 21
47 95
4 81
16 59
20 90
98 7
18 4
96 100
27 3
69 56
12 94
65 43
89 71
46 49
5 18
69 40
5 14
56 27
8 71
15 24
97 96
10 97
88 33
19 98
99 73
72 62
9 30
38 32
85 8
30 45
76 22
37 65
100 23
44 68
13 39
96 83
94 68
77 11
5 82
85 10
89 22
60 39
42 20
7 70
72 42
1 19
21 94
34 27
69 5
13 81
92 14
64 42
79 48
1 80
46 73
61 52
92 27
73 68
72 57
8 36
38 27
2 4
74 40
70 52
6 50
