9150
3081396
858 267
755 8361
5439 6548
7749 8100
9515 3172
9565 994
9763 2004
9137 3055
1682 5742
8289 7925
5934 1530
3968 4962
7534 7998
3100 9031
6037 4048
9890 6888
1159 2182
3340 7079
6 4715
9695 2959
839 189
4241 8383
2896 9691
9098 939
5535 1555
2927 5566
9115 6502
3081 7031
6104 7173
6416 9961
9105 454
7068 8111
3444 9130
2649 7933
3552 6431
1010 7488
6710 3969
5012 4750
8601 5922
2526 5851
8067 1787
4854 9341
130 7790
7205 5370
713 8768
5793 5831
2768 6524
8574 469
7471 1000
4543 9974
55 888
742 7218
8934 5601
6243 5446
3687 2711
9480 3700
9802 4808
4269 2966
6860 682
1582 8040
6224 6767
5378 6994
849 7713
6551 3530
8626 272
650 7918
3687 1116
9953 365
4370 604
9264 6727
759 1896
656 5709
7093 7500
4525 9377
7531 2436
7883 7515
9696 8623
6046 5261
6603 7332
5997 8637
5287 6618
7715 7897
111 6450
5099 8101
9198 6686
450 8868
2728 7162
9465 1494
4414 6306
5366 549
4148 7319
720 6059
7212 2449
2053 7534
8154 3902
6170 8143
8803 4965
8525 539
3216 5230
8622 2314
3281 5762
6577 5176
2327 9041
7825 1038
6286 237
3871 7611
7938 9060
2688 605
4907 2000
4670 6264
3587 878
2068 7839
7702 3623
5023 9963
8404 9971
3776 7412
790 6158
65 6888
7557 7157
5395 9111
125 7559
6618 8797
8410 4744
2961 1698
8700 5843
5923 5090
4214 1231
7137 9931
4684 3123
3178 8532
3555 8426
2422 781
4915 3145
6409 2976
3967 1171
8106 9474
6503 4504
1820 2859
7777 1581
7446 6259
1488 1832
2505 606
9535 7653
8406 7340
9590 2998
8901 4879
3418 2494
2386 7151
1003 7402
8906 9569
4485 5361
3818 5341
5665 5796
8455 8064
965 1768
8175 9473
4283 2831
4792 9796
2392 2488
4590 1200
5365 5867
380 6566
7301 3999
4057 9439
8894 7329
7415 2795
7421 631
9053 7374
6364 8049
3784 5462
776 9101
5838 6875
11 7515
3162 1032
8681 7450
7874 247
4617 7409
7983 2925
7093 1803
1003 1422
3855 2568
5087 420
5851 3645
3321 5455
8107 2636
8046 2443
7133 6298
3211 9891
4514 9194
4830 2936
1733 17
8040 9938
7263 1712
6163 9247
6284 308
2800 1989
9546 7824
8658 5875
8785 7479
8808 8407
3720 7357
9566 2717
5369 6506
1868 6837
4212 4468
239 6791
1706 6957
3327 5041
1749 6099
3139 7568
6651 2057
4402 1742
3202 1983
9952 2328
6563 8869
7202 4841
5724 4259
2573 2683
6669 3253
7020 9417
8100 9282
3798 4303
5682 7672
6745 4402
1270 7704
6447 6696
3628 9706
2137 8326
2396 8120
7814 95
2589 8683
1375 9418
8004 113
1645 3968
3064 7006
7271 1530
4670 9329
9498 942
8602 2333
7237 7777
4076 7953
8406 600
9621 9859
3329 8440
34 8441
6719 7798
740 8171
5341 3379
7324 6521
4318 2978
2952 6534
6226 2249
9263 9286
9411 821
1441 3322
7883 7551
7923 6042
8467 537
7321 8609
7033 3210
2568 6283
1942 3099
6932 1098
4250 6491
8122 1657
5723 4980
3335 5439
8169 4623
8172 1747
4677 2452
8978 7699
6049 6
4304 3924
2910 4480
5983 5754
1962 625
3291 675
6666 6880
7503 5779
5449 6793
6298 5161
2404 776
7370 5299
3778 5827
3199 4625
7625 1637
7890 8793
5473 8157
1396 6338
1913 2787
9287 2813
132 3429
1827 1662
5759 6812
2292 9036
1300 4998
9969 9532
846 5052
8016 1685
8087 2149
705 9027
2080 7660
4203 8782
5747 585
5654 3287
555 6156
574 8443
5002 2795
1337 1761
6884 1766
9786 3432
8125 425
2322 9536
8863 5295
4585 597
2902 7276
5993 5881
9434 119
1573 5456
5974 5580
4185 3429
5910 1890
2194 3314
2547 5547
3309 8434
3282 973
8106 5815
8087 3645
1297 4124
2293 3895
7081 7850
8819 6728
3265 8640
6499 181
6829 6411
8133 1955
5057 8822
4442 5424
911 1465
597 5748
7567 2681
5794 3661
7192 7286
3389 8337
87 507
3622 8394
4365 9457
3065 5557
6911 3882
1503 1013
1900 2158
4080 5988
5791 3945
4086 2786
7123 6590
9990 2715
9100 1556
2647 5431
519 26
3111 9394
9824 7389
111 7797
216 5690
3371 2742
1092 5704
3298 407
5502 6382
4393 9199
4128 9036
3938 2751
6104 1447
2899 9404
1907 8643
5801 3746
6792 2349
9629 5379
4814 688
7497 5521
5467 8161
7553 4457
740 7762
2346 3703
3129 8596
3467 4552
2385 74
4906 829
8775 1313
7385 8858
3676 8592
3633 2840
2449 3326
9750 4896
6824 1115
4692 2088
6799 7089
7438 8545
7365 6623
6432 8699
5414 617
243 7108
2944 2239
8490 5740
1039 3407
3700 9141
6351 6197
4382 4214
9442 9940
2695 3059
9809 2568
5987 7589
1959 7343
8310 4690
9989 1183
2329 2187
4280 1372
5261 6003
9049 5536
582 8789
6243 373
2745 961
2801 5591
8946 4399
6542 5077
4507 7193
3728 4653
3738 9427
9486 2126
8667 8576
3898 1431
8837 708
7844 6030
9659 8310
4880 4831
5838 8759
6728 6554
1368 3819
727 3929
8025 8189
7953 9055
146 6687
4120 6310
2191 1002
7481 268
9862 5647
4577 3528
7931 5791
5659 9371
6857 1785
9203 5932
8738 8313
9656 9004
3755 9891
6978 2927
320 3386
730 7547
4387 4141
9080 96
6577 7088
1026 1951
4669 5217
2224 4402
1896 804
1287 8594
8222 4574
3178 6898
38 4327
514 1342
5402 9470
373 197
3579 4530
3018 4699
1295 5146
5949 1513
1236 7288
7727 1187
4258 7112
1138 3872
6146 5196
6540 2014
6603 5117
9397 424
1077 9223
4583 6238
1956 2826
7090 8146
6948 5189
9304 2158
3185 3583
1559 7659
4928 8510
7143 5005
5249 346
6924 8148
463 6388
8111 9200
3109 7390
4590 7144
7506 4112
8203 2760
8832 7974
1766 7734
5655 3368
3235 5496
9327 4603
1 2064
7241 8616
3109 2916
9717 5623
1483 9869
7621 8130
542 6009
7763 6355
4771 5536
8262 6734
9257 7469
8835 4157
8379 4058
7966 9034
1835 7203
1371 4241
7875 1015
808 2112
1326 9563
8557 5193
4369 417
6207 2945
9956 9222
3160 1408
8431 8145
1131 7165
9411 5214
1844 7696
6885 5177
2318 4529
828 2587
4387 6788
4682 3027
3767 524
7501 9923
9509 7270
9760 3368
2586 5593
6385 3265
6167 2769
8942 1782
3054 8019
3693 3298
2748 2043
2371 1488
7835 922
7529 9091
765 9906
2671 9042
1810 6602
6766 1203
3016 4272
6803 6121
2744 4938
7644 6904
6017 1176
6207 8000
3000 8549
9743 6406
6174 8
8539 5626
731 7572
1870 9524
5070 2209
526 325
5897 6429
6304 6319
8634 6797
9217 1675
1916 2714
5949 1422
106 2831
1734 4707
5857 826
5040 8238
3929 8338
4519 4907
406 1617
5127 2844
4361 8808
451 607
2204 6829
7058 5487
4580 4712
4340 7510
1829 3858
3141 3029
5391 2580
9373 776
6089 9250
8619 6399
9745 5778
2075 5151
4522 8453
1735 6973
715 6117
2616 653
8872 7714
4958 1239
5230 5989
5889 6770
9205 5375
5168 1970
3282 7237
202 5011
3505 5366
4079 3296
9768 3889
7945 9546
4447 1852
4113 2343
9833 1856
37 2871
4237 634
4785 8330
4683 3660
9870 7259
7026 549
492 2636
2343 4478
1665 4706
937 1608
6394 7476
1318 5012
658 3348
5244 1622
1622 8324
2952 9735
8563 6646
9462 5692
9995 2145
2824 5616
8944 7625
3747 5981
6143 3154
6647 9206
5523 4979
2893 795
3279 412
1879 4607
150 3595
4081 3016
4316 4458
3063 5255
7588 6750
2071 3206
6762 1729
2035 1072
3205 8095
7248 2236
9899 7587
145 9708
7188 532
7794 4786
2971 6648
774 1546
3219 4588
3682 54
909 5894
1138 1381
5590 2749
6930 581
9980 520
1450 635
1384 5582
108 5192
4804 667
5175 396
6016 3849
3104 5033
3270 2615
4259 7884
5629 3147
5372 8289
4555 3209
4761 9594
4370 3605
9246 4003
2051 9427
9616 1115
8150 7864
6749 3344
2959 7851
5864 3524
1437 542
1420 4176
348 9310
3560 7357
6277 8638
8820 4914
9304 9285
8878 8481
2848 2852
7769 5673
1304 9147
5164 2758
2830 2744
6225 3675
6626 5117
4802 8285
3887 6406
5485 8170
5222 3545
5016 3122
8199 1539
9872 6132
6765 6136
7226 4198
1501 137
6653 9153
1019 7881
3013 1683
7493 6892
4371 2805
2229 2554
3175 1154
1427 7815
1313 8224
4201 6120
4152 5427
2179 1721
4388 2534
973 8624
4886 8272
4917 9534
4058 7610
2735 7318
6895 9359
5144 3419
5861 4155
9231 1417
8159 1749
258 1127
990 4563
9945 6885
8641 7825
9995 1801
9845 8214
7338 8024
2929 1839
2866 5623
9991 9904
7233 8637
290 1610
9988 7745
8862 5631
646 6160
6644 5474
2998 6010
1521 6841
1075 8617
3664 8638
9416 1121
2663 6725
6921 8055
1888 5454
5487 9580
8040 8458
7986 5922
8109 4813
5446 5271
1709 8423
3773 1263
6897 1125
3264 5471
7244 6723
2331 8897
7752 5824
9022 9554
4063 297
9986 5922
7175 6335
5963 6392
8850 7783
1104 9413
6755 5571
4149 3145
2014 6711
2127 6137
3777 8817
3977 733
4329 9118
8546 3059
8329 8586
8226 642
6660 2163
1061 51
320 7382
5692 1380
3345 9269
5275 3508
303 7735
2525 6534
8929 6428
5539 3051
5439 2502
3326 7407
9415 5214
8439 2046
2027 8671
7409 9600
2401 2774
7885 7532
8757 9881
6664 5424
8750 6346
5483 8703
5043 6215
324 1117
9683 1982
2553 6981
5125 6328
2034 2007
7508 5879
8162 718
6806 8512
6407 4495
6509 7780
8213 8467
9029 819
7751 1718
7093 115
8508 7122
2003 9655
8612 1436
2514 4375
4020 915
7525 3916
6544 2715
9968 4133
1181 110
9587 8054
7509 1975
6402 5629
3717 9222
2732 6892
9172 7824
3822 7941
2550 4229
3424 1344
4303 421
8686 5415
3007 2644
9347 873
6796 7897
147 335
1667 2569
9514 7912
481 781
1250 6925
898 8194
5075 1516
2697 643
5031 2591
7974 6232
2410 6507
5144 7907
9639 6734
5528 5760
8359 7999
248 8976
506 576
4924 236
9972 1139
7164 4722
5182 8852
2940 5804
6749 513
195 3100
133 2644
3074 9976
9424 162
9543 443
5130 7056
3257 4188
6021 1836
1311 9020
6843 2010
594 4977
5489 6490
8017 298
1608 3008
7259 8842
948 7791
5624 1456
8192 1388
8124 8894
6936 7343
2716 8943
4977 8449
9696 1193
6778 2658
578 5923
7739 6812
4193 2658
1585 5254
7817 6022
5221 19
3803 2383
6340 30
6400 588
3048 3516
3588 2127
576 7592
960 5242
5260 4221
896 6921
5727 7151
2083 4263
7231 1229
6150 2476
6392 5678
7632 9562
3664 1207
6199 2835
6804 261
852 323
2805 3764
8795 4375
5808 6558
5067 143
9579 8274
3493 7072
9150 2205
3882 708
4666 4367
299 2139
1177 6328
3898 9476
3556 88
1170 4734
5092 7916
9873 5342
5914 5236
8931 2091
7272 1277
7380 6220
2154 7606
9267 8427
1777 7805
6158 4811
5272 7979
9019 3734
6654 217
7191 504
5174 9572
5981 9399
7248 4012
2337 5402
135 7654
7162 55
2641 6934
2114 781
7732 2610
5543 9751
387 4417
6256 6227
3670 245
3406 8739
5484 6071
5539 8192
8366 380
3216 3294
9246 1987
1245 6819
7639 1702
4581 6943
8601 1931
5463 688
5001 8139
9626 8406
495 9584
1906 192
5470 2829
8734 1699
6187 3468
2177 2012
1964 5980
8219 1579
6432 6541
2378 8969
4445 1572
6067 3139
223 3873
6546 165
2829 4405
6004 5089
9668 9132
6079 9482
159 5455
7082 3447
6904 8860
7776 8812
4608 3986
6574 6660
9361 3825
4552 6800
2545 6081
4615 8872
2466 4279
3513 9797
8370 152
4858 8445
2517 433
8777 3729
5642 1138
7396 6869
4871 9450
6374 1544
4228 1488
1211 7861
2617 8733
1285 6832
2043 3352
2601 2547
952 6491
4981 1928
6457 5493
1796 1221
9024 3935
2286 9060
2945 2526
8739 4860
5836 2278
2627 9674
7744 912
7366 237
1730 4786
583 2010
3245 7585
1123 240
9162 9183
4095 4074
940 8308
2863 1632
6381 5032
1747 4544
6279 2410
8288 2869
4787 2706
8463 6649
5939 42
1011 5337
9382 4920
9687 3728
6816 3124
4695 1800
7796 1347
365 2879
4971 8632
1957 1697
7454 1119
8851 1446
1748 1813
2908 726
3810 6094
6880 3256
3229 5231
8363 8873
2420 4000
309 1780
458 6452
2773 2044
1802 1268
7875 8450
5434 6933
9827 3525
3550 2890
5486 761
550 4405
2465 4790
6731 7172
4022 7506
235 9316
5074 707
2480 8487
1307 3171
3308 9012
3303 4348
6862 6294
1915 4504
8668 6395
4563 4671
4889 765
9673 8296
1592 7778
3214 579
3313 2377
489 798
6831 6503
3474 6618
4597 6153
177 813
4444 8674
3172 4314
8049 6157
7878 1755
5439 3269
6688 243
9628 9971
9148 8829
2750 9159
8072 1867
8007 8174
3221 5754
3479 1898
5255 8262
3307 3127
3162 6308
9192 8991
901 6495
3208 5896
3017 9529
1359 5664
1003 1771
5832 6820
7979 4280
3414 9806
9926 3767
1202 7481
3717 9132
8475 285
2725 6621
8168 5094
7487 9297
2803 8435
9619 7978
5101 1108
3610 2542
2170 7412
4107 9307
1808 125
7672 4360
2986 4519
8247 4735
3444 2526
9774 348
5765 9459
4368 5804
1719 7002
1545 2250
4799 7691
1473 5700
2809 7636
8566 1893
498 7388
47 2581
6532 2095
9776 9451
2660 8912
9176 3100
5243 7285
9044 8280
6826 2604
6656 9120
8744 7807
8193 8921
4909 8770
4130 8289
1561 2509
8422 8778
4867 8531
336 1340
3529 7539
7208 3272
9063 1894
4960 5040
2523 8356
4064 4034
932 915
4612 1008
1501 5310
2827 6760
2242 1010
2772 4637
961 1833
8712 3663
2134 3235
5591 6696
2821 910
717 1475
1203 5947
2212 238
7080 9345
9044 7885
4481 1605
1366 3121
344 6107
9036 7748
5262 6955
1757 2152
5385 4956
5091 5517
5345 7437
3594 7968
6144 1232
370 5917
6643 8853
6615 5822
5007 5615
1725 8940
4721 282
4212 7483
8253 3965
2794 9158
7991 7832
7941 6384
4909 2288
2489 2796
9365 3546
2090 9791
1366 2932
3698 4998
1482 7599
1565 3917
2473 8512
2351 3610
2805 818
6203 8171
5393 4323
1162 2609
9096 4121
4529 9840
6745 5369
9367 1430
2962 5421
5194 16
1836 7106
3513 9031
1552 833
3642 5362
5211 1241
1119 4611
3767 8890
8809 9100
6030 728
4845 1602
1866 4844
8306 2697
1474 3967
1684 8468
7503 2677
5229 5847
7255 2861
8580 7113
1270 7293
8423 1713
5715 2418
4335 3125
1014 2738
5381 9492
8381 864
7957 481
3972 6998
3800 5517
5826 7112
682 3580
3865 963
958 1713
3256 8665
8558 1110
3853 3074
8990 949
2751 7398
525 8239
9299 5582
1602 2127
3891 9078
1252 2572
7513 6535
2767 7158
509 7463
9995 6191
906 1771
2523 5871
3559 2266
6981 7614
7938 2435
9121 4659
8817 1978
4726 2260
6134 2707
5067 3731
6601 9239
2670 6228
3717 9086
2057 8080
250 8900
2096 6901
6188 9942
6192 4704
5851 8592
4897 4998
4672 342
3875 996
1598 5732
4788 7810
2849 7627
9567 5891
7616 8702
2122 2045
6186 5697
4195 434
4055 4705
3865 8422
336 9602
6866 6322
464 4603
1797 5047
8214 2875
9958 7627
4896 1212
7692 2550
7366 4841
8508 2052
2419 8553
7479 7705
7877 844
2915 4056
2503 5039
7730 6277
8249 8136
3477 2606
9804 8971
6972 64
5763 6260
9935 5269
9722 7162
3257 2728
9122 6734
4737 427
6203 1784
4255 3815
8146 9060
3070 6138
2474 2866
1911 4684
6685 1085
398 1422
8521 522
8076 4443
1899 8329
2139 3999
3440 4064
8819 7230
6104 6153
7801 402
3126 5562
3658 3475
5121 3832
4624 6533
1913 2362
1834 4403
4219 1177
8629 1829
9848 6121
9264 9614
1240 9000
7907 9282
3882 81
5450 2458
9708 9602
6997 3448
3459 2934
7862 2103
9600 2098
9419 7702
1285 5794
2891 7145
4749 1284
9356 1117
8092 2634
8611 7181
2645 5833
1384 3775
2574 2704
2285 3068
1732 3455
9916 8610
5820 8416
4607 9127
6871 4009
2515 37
8304 6619
2759 4726
4678 3860
2076 9249
4961 9224
3381 9825
5298 7670
7508 7698
8188 8953
4780 4918
7541 8430
1621 2522
8592 3812
184 3640
4251 5539
1037 2242
1973 9297
9686 1347
7058 4183
515 2274
7231 67
9826 4225
8469 1044
3449 4254
3384 6893
2560 7339
861 4836
7890 1897
5572 566
2825 8576
7244 4459
4275 8261
9485 972
2561 1223
6444 369
6028 6737
7334 4028
9038 8386
6903 3111
885 5155
4283 2390
6406 8182
8066 7525
7103 5096
5988 6854
5644 4971
8123 5256
3123 8732
6385 9118
9113 9589
1980 1002
6490 2741
9021 4097
6731 9433
6055 4875
5519 8818
7966 5566
6325 3859
7240 7667
3548 6337
4382 1174
3007 4163
3552 6861
4990 7506
5881 5794
874 3028
2470 6234
1710 9114
7589 249
5458 2662
8866 8919
2526 7142
1994 4660
1804 1620
4540 8406
7748 8739
94 1357
224 2125
6232 8982
3197 193
7927 7529
4828 2809
8314 7711
4376 3216
2532 2734
9164 3412
5051 8985
4461 3561
2285 164
3393 9737
6916 5548
3744 6640
8001 8636
6121 3528
4067 8817
6522 1739
8878 4561
6381 2940
7166 905
1711 6995
5811 5953
4319 564
5757 1878
196 4279
4465 2340
9175 8092
649 9584
1434 6429
897 5925
9078 9719
4569 8415
6491 1818
6015 779
3600 581
2923 5418
9089 2207
4873 6142
9072 4541
140 1337
8997 4910
2479 6478
8292 8717
3367 2553
792 7666
6020 3986
6258 7892
7585 6001
884 8631
9287 4597
9302 9127
4801 7854
582 4670
8282 3633
7013 7422
6098 2059
2145 9386
2711 1696
9111 671
8516 6588
8534 1260
5857 206
328 6430
9883 916
930 8945
1588 9965
2555 3893
7797 8895
1493 2140
3058 3912
5154 4298
7819 216
1161 2223
2659 8172
9972 4558
7617 1223
8521 8324
8456 8377
1548 8250
2116 6423
1349 5481
9990 4726
7548 1067
6017 7192
7349 1538
6900 2533
8900 372
3502 8722
9744 4395
4058 677
5974 2695
1624 4137
2010 5250
8480 5168
9827 240
1200 5131
1931 3022
4656 2052
3650 4360
8396 4375
3717 7080
6985 5083
594 8796
6851 1891
6399 4374
6743 1198
6380 9728
1836 2124
8012 1370
3509 2681
8492 5872
9366 8048
971 399
1707 9627
6028 8009
8481 3323
9973 9814
6406 5199
2118 4165
2162 3374
5239 7498
9371 6268
3040 5875
4054 8413
7779 6717
6790 9984
578 751
7596 5746
521 3756
5092 9739
1503 9069
8108 684
3551 7448
3541 6831
4724 2539
1828 3614
5445 5550
4403 1758
4387 9512
4340 8596
6785 782
6870 1963
197 1070
6781 1760
178 3984
4921 2580
6921 1283
1082 7776
8171 2279
5027 8032
5654 2925
1110 3546
1548 9824
5883 1684
3380 4901
7804 9378
1157 5325
3452 983
3811 2270
3157 6577
3906 2607
9251 2998
7675 8003
4564 5676
3125 4052
3146 6786
5387 2005
5279 8214
9370 3583
6582 9816
3623 105
8571 6892
9157 1568
4199 4464
1862 8375
3334 6777
1350 3632
8399 4451
5581 9771
4861 1278
6997 8202
4304 2369
4395 5911
3411 1583
8034 188
271 9926
8883 7082
5068 6028
4993 3873
226 1379
4411 4967
154 2681
5 59
5566 5951
8145 702
27 855
3668 4978
410 2001
144 7431
4065 9895
4331 6860
3104 9252
9583 2162
3796 461
764 5452
1806 8813
7963 1299
2632 7939
7197 677
8999 4198
4484 4539
7203 4909
7924 9304
684 9374
5231 5179
1257 4969
6394 2179
5695 2132
576 7587
3266 4575
7048 4639
7922 582
8843 1853
2900 9517
897 3025
9509 1236
3821 1509
1414 3174
7862 2012
5758 7001
8905 9601
2962 2764
293 8656
8820 2911
45 9254
4236 495
5836 4288
2838 3800
4367 7205
5001 3918
6256 8872
9735 9361
6973 4440
475 4502
7740 3526
1436 5086
1136 1902
9655 9148
3262 6900
9056 7186
7438 2031
877 2784
28 1871
8493 3808
8056 8107
5571 318
2452 7058
1837 7806
5823 5322
6553 5734
1852 3360
2930 2589
4752 201
2840 3155
9376 1398
4373 9165
5270 2789
453 2991
444 4935
8937 8478
3066 9300
6157 3064
2450 8778
4035 3537
8156 7436
6686 5085
2786 4299
8736 3629
9871 5685
4769 4705
9178 2228
3483 8798
2903 699
8318 3338
9452 8950
8535 5908
8674 9319
8093 3408
6089 1831
9823 7527
8991 8629
4201 2461
8032 1699
8492 5972
8410 3831
270 7431
9820 4498
3480 9928
9869 56
219 8494
5669 339
9366 3096
5239 5196
6333 8169
2191 3471
2169 8416
9648 6536
9658 3848
8577 5740
2234 2810
893 34
7785 2614
7183 2813
5066 9822
3068 1655
5213 1085
942 6462
8064 6305
4643 7826
8672 5874
9037 9744
2145 8380
7280 7384
303 229
2764 3822
808 9609
4887 3606
9814 3833
474 1816
5850 2166
4254 5237
3449 6477
6039 6905
1131 9690
4931 2710
8232 4742
4246 1549
6471 5550
5154 7409
548 9572
8750 8822
6203 1213
8266 8979
903 5408
8442 4279
5236 3894
7867 8352
702 6579
3101 2726
3507 447
1428 2579
5788 9946
2116 8274
711 3252
2144 3315
2518 3325
2686 656
730 9188
7277 7607
9316 5141
1541 993
5217 8112
5983 6241
3425 4786
3446 7811
9278 7150
4852 6990
6602 3832
8279 121
5460 108
801 442
7345 7465
667 6988
3892 8651
839 8738
7443 5954
7436 9180
7012 6655
2653 648
6336 4953
2918 4137
4504 7353
4251 8927
516 7055
7157 5613
9709 7369
6234 4596
3169 3307
1833 4127
2427 1138
9442 4235
4643 9713
5681 6081
1739 5398
2111 3484
1025 8426
6952 2460
8730 8647
2868 9751
962 1226
2430 6153
4279 5100
8091 5201
6011 7810
2903 7257
4557 2264
4143 1058
5344 892
3327 1337
2908 665
9666 2133
2016 9666
596 9734
3736 8683
6095 2810
1043 1120
878 3325
8747 6582
4793 4898
2614 1397
9937 4137
4140 6617
9608 1720
6747 4114
3661 9842
1150 2615
3962 336
4243 5776
5689 8218
2588 8183
7235 6241
4223 9608
4520 8977
4613 2119
3494 440
5587 4791
3252 6154
3032 1290
9026 6891
4770 3467
323 5034
9844 9319
9660 8059
9048 3870
3436 2823
8939 5307
429 655
6429 8830
4495 9651
4763 8087
4452 8388
6073 3355
3762 3995
7006 91
5297 2751
3138 6761
24 2256
1014 4508
8716 3047
1326 6989
4836 1685
7456 4536
8793 602
5367 4438
9029 2577
1499 5168
9142 9325
7589 5543
4305 7634
9137 4824
6217 3445
5676 5671
8200 5121
6212 6910
8946 6629
5092 4741
1804 8383
4710 4537
4718 3921
3553 9213
2053 7362
3841 2573
1414 7574
794 9172
2014 2294
9160 1705
1923 4214
4446 5294
5176 6877
3113 6391
886 5292
4402 9890
7349 7324
2854 8182
8183 7627
9278 8385
9626 4878
7807 3472
2641 4645
2446 9046
5389 4153
6633 7365
6307 1706
9724 7046
3398 8428
6480 6056
2389 9558
9923 7613
8767 4972
3942 603
1930 3991
6218 177
3182 5868
4004 5813
9060 8862
826 3259
7850 5738
7789 1090
5388 3744
2423 6454
1875 4760
5159 1870
363 9048
43 6254
7738 8951
6394 7477
3217 5526
5509 5400
5356 6835
4174 6059
2892 1582
8368 633
8977 133
8580 4010
267 6459
5150 7613
3182 6644
4338 666
2048 863
8899 2392
4019 9194
7827 4272
5295 3859
2761 2161
6114 8400
311 5688
3553 3314
6007 6866
5319 533
6702 9804
7921 5310
8311 2548
469 1882
6879 9410
6446 594
1032 3568
9958 7073
7416 5943
4990 2081
214 2717
4032 8499
5423 4403
1998 5640
3612 5703
9012 5419
7656 2800
2902 3854
3315 6914
1993 7191
9359 1791
5733 1135
8990 6310
9820 9641
1235 4369
4963 2551
815 7171
1930 3887
8123 8946
2258 4582
5671 5866
8737 6246
1192 8807
6785 4626
306 1376
6012 8566
1925 2938
1364 1025
7019 9669
1177 626
3859 8267
6082 3044
2385 2697
7218 9938
8352 1507
852 5541
5177 2467
6111 4865
3815 1986
8196 3326
3578 1500
7397 5800
3483 6377
3063 2783
5587 485
6026 9485
2803 7806
7917 1340
7015 5896
9501 5571
6021 789
3902 3861
4881 5979
5684 1657
7615 8508
5694 7588
9888 8121
4037 9325
8280 8150
665 4251
400 9757
9356 1187
3485 9960
2201 5733
752 6913
4331 7265
1358 2573
2651 8570
9871 8865
6176 7188
425 5214
3475 6456
5765 6240
7643 43
4049 9161
1188 4839
3099 323
6563 1908
974 1748
7207 9167
6489 3115
43 5898
3469 1291
7801 3373
3109 5175
3219 3909
2028 8442
5688 46
231 3222
1576 8842
943 5043
1021 5818
5698 5727
6390 1913
5482 8456
165 5870
6739 5917
2574 6506
2093 7897
9783 5412
7679 1803
6947 8009
157 2753
5723 1307
9890 3111
4245 8704
5050 4344
9581 2063
2940 3558
2142 1354
9399 2011
3428 4156
2618 945
7575 204
729 5926
9388 9756
6639 981
2774 9001
5452 3884
78 6401
9437 910
3243 4033
4405 7273
7206 4795
7733 4051
1847 7490
4511 5149
750 4385
1156 1281
7432 5088
6502 7590
6674 298
1407 2492
6701 1306
9665 8661
2869 6219
7778 7278
4960 2634
1907 8940
1218 277
4055 2157
4675 8798
2705 3173
8582 6545
3420 7393
8149 1419
5066 6459
1928 9170
1949 7682
29 9691
9928 4129
1152 5516
6314 4890
5716 2456
5904 6960
5451 7145
3537 5249
6443 905
9998 8332
2948 6009
3584 1666
3088 5186
2290 5720
3195 8636
8139 8401
1475 5503
3621 140
5390 3910
7177 5467
2913 2864
535 6848
2265 6740
5530 8001
9083 9554
3542 3878
4941 2149
716 6235
7247 805
5108 4940
7039 6591
7726 2247
263 9247
5437 3858
2307 1522
8500 8384
5334 4610
1767 6001
4735 2927
1747 4054
6838 164
39 6053
591 5504
4472 1541
3730 7730
584 2406
756 9186
7849 8334
3688 3932
1001 8052
5911 4038
880 4478
8240 9275
4096 362
9484 4090
850 2261
5799 685
2112 7203
1068 614
5797 8089
7703 6861
1088 8280
3987 8912
6260 3884
3500 7339
3979 7380
6056 8276
5800 4958
5706 1958
7872 6183
968 9003
9684 9512
5363 4690
622 2911
1053 1701
1119 7188
4811 5909
9659 806
1271 1991
6127 726
6374 5452
2041 6935
6521 4086
4052 3809
4134 7651
2080 7306
3700 997
5754 6594
1115 6705
6709 1304
8738 5478
5419 5865
1603 8870
11 8106
5455 5476
5950 8808
4165 4260
3841 3484
8998 3483
3266 1152
2763 5404
1038 2103
4826 3989
3933 5424
3034 2290
2742 8635
7660 5011
847 6200
3746 5990
5939 6165
7295 9401
4904 1204
4029 8310
1215 9034
4193 8963
315 66
5833 9424
6467 8334
4288 6807
7484 8036
6254 7131
4937 1659
3031 8529
3791 2961
2688 6058
4576 9017
275 3297
9859 6076
3022 6287
5457 5687
4892 2088
932 4492
4400 8917
8027 9901
6671 6988
2959 6651
4527 5863
844 6697
160 4714
7932 4865
8171 3106
9994 5307
5421 7542
8551 7846
6154 2785
2846 7251
7263 2528
1867 3834
190 9850
1440 4779
9279 2030
646 699
8991 7794
8292 3468
8807 2522
1753 9033
1635 947
7647 5802
8439 9664
499 558
3618 3099
9118 9186
6342 2785
563 9842
4145 8539
44 6723
3041 70
5739 4679
1135 2365
487 8223
2056 5500
9270 8159
1567 8965
7459 9071
1614 7769
5405 6437
9208 2753
8708 2513
3329 2868
2499 555
2034 2931
639 2390
8444 5655
1515 6107
972 5942
8283 936
5993 6769
5285 464
9256 8329
2689 1669
5370 2705
6894 2644
3757 9052
8149 7271
4505 2493
3779 3805
8566 2247
534 2589
2467 3820
8352 6422
7610 3449
8909 925
3246 8575
938 6867
8718 3961
2114 564
6180 3836
9392 5080
2084 7953
5099 7442
2225 8203
8142 4445
2015 4861
7014 8392
9550 7303
973 8386
3636 6436
2884 1905
507 8144
9721 540
7973 2956
6192 7616
3446 5519
4233 6525
1164 5079
9058 901
731 1527
1293 519
8965 6049
5773 1487
4918 7480
7860 6520
4590 8574
2678 845
2994 1379
8795 3902
1589 9466
8448 7591
5513 8550
8958 6917
479 848
5718 8742
2478 6992
2738 102
1497 7919
9240 1014
8574 4495
9288 7604
18 1710
6571 8887
3064 8635
6922 5314
1694 779
2470 6546
3583 4577
6495 3955
9729 7046
4847 8184
8815 4133
2547 2130
3828 3983
7923 154
7682 5020
3158 5676
4158 3298
7273 3639
6182 8342
5197 4492
7551 2886
3980 8815
5660 7031
4710 3638
2915 3125
9254 9618
7601 1567
159 4464
3753 1235
3884 6097
9782 4581
7932 2534
5437 3572
8192 3387
2838 330
6227 7979
4194 6017
1593 2350
2475 9834
5065 345
9959 5269
6341 6503
1794 3445
1690 6993
6846 7058
7900 7161
6972 9956
8077 1033
1978 6797
9957 4041
4725 2273
8015 6331
3686 1744
1001 6154
1709 6594
3153 3925
2770 3872
5410 102
2008 5577
6075 446
5395 9902
9757 7365
8486 4508
88 3572
2757 169
4666 5713
1655 401
2328 9092
2729 7633
9158 5784
9028 8761
8 8329
5689 3019
2508 2722
3084 9314
9734 4638
9217 444
65 3873
6283 5183
6899 6861
4731 9026
8169 8904
8755 6573
1989 910
9843 5009
6152 9284
5009 2445
8307 3719
5109 1239
7256 2510
4597 1230
2172 9618
8167 7687
5769 7318
3717 5428
6549 6657
1188 4008
2407 8834
1908 3263
1324 6384
855 1145
1134 7506
8059 6166
7345 5932
1842 7830
3141 5517
8253 7843
6562 4670
3552 8518
7800 6238
8497 7815
5577 9334
831 238
746 6727
2940 2696
7573 4068
7543 5226
6586 6842
358 6506
1385 5400
6704 6754
1906 1680
4751 1929
299 4319
2328 4733
9685 7108
8419 7883
1865 8814
8988 4111
3909 9372
6085 486
3861 2761
4130 8747
7245 3275
1673 8482
8046 9093
202 6767
8782 7993
1944 8192
201 4719
8358 9442
3074 9984
5922 7652
2139 7577
7191 6882
8449 5253
83 8519
3412 9577
4092 8702
6161 2698
1444 8588
6278 489
5043 5339
5974 2211
6372 4096
4844 1505
2397 5610
6671 802
2105 8185
6965 8441
7771 8025
6745 3137
332 1324
6789 237
1453 8204
1923 886
5162 4472
6523 2495
1674 6085
7658 8122
4442 6597
5526 2487
1042 5781
1520 7077
1432 4875
9771 4067
2363 6196
8704 1002
759 484
4402 3228
1540 2330
3024 1651
2122 6322
883 128
960 1181
9881 7274
5028 5108
4743 5433
4418 5953
4999 3866
8603 4424
1095 608
4745 8218
2113 5821
7835 3016
9385 7339
3660 7413
1235 8566
8512 1548
2242 4743
6024 6579
922 1077
3811 3597
1422 2643
5382 4668
5185 8318
9317 9673
2420 969
5367 3063
5405 3154
8021 9713
6736 392
2733 1893
5683 9763
5078 1583
7234 5677
6173 1661
3172 6898
8853 5684
2171 6601
2724 5816
8292 1187
3818 7632
2200 4163
9237 2100
4418 3398
7681 5502
4632 9820
3085 4601
2144 1439
5920 4624
6277 6081
2501 6091
4663 2491
2319 7198
7077 4955
9390 5329
5239 3825
197 1053
3045 1665
8501 3878
941 4650
8300 9312
2363 1712
6466 7650
7068 5426
7934 9623
7307 9577
2923 3420
4916 996
2005 6130
4003 1083
2636 2734
1975 8604
6112 5512
1808 5308
9679 8536
3921 4307
3251 2839
8487 9568
7608 9603
9948 7250
278 1451
1876 7247
5435 1601
1955 5047
527 8125
139 3811
4035 9459
4608 8499
7486 6877
797 831
2058 2324
6189 7724
9607 9186
1583 2334
7378 9483
8622 2688
4037 6892
9764 1321
8703 739
478 7943
7989 701
3863 5024
9137 6945
1775 4032
3505 3110
3410 8258
8436 4107
5171 6110
4272 9537
8799 3560
7028 8395
8961 1447
4276 1476
4590 2843
2947 4743
6681 9520
5586 6510
9800 8250
7544 9021
2430 4700
1679 9730
6382 2837
4889 3121
9370 7842
3302 6486
689 589
5900 7562
4204 7768
7881 8672
3337 6482
1111 5197
1651 4974
6852 5103
3585 9541
3044 4808
8114 8448
4947 8615
9483 5660
6853 4333
4754 7966
8980 5166
123 5785
9258 2618
9063 5576
2257 6024
9569 4185
419 6724
9570 9022
3859 7362
260 7724
4508 9370
6662 2311
1175 4679
6654 2395
7555 9921
9933 5944
1389 1462
9491 7900
6359 7713
7674 2151
4265 7542
7456 6990
5654 7858
3791 5181
6664 6912
440 6249
7114 679
4449 6133
1632 4476
2827 1066
6112 5366
1 3655
4681 5088
7907 1296
8246 1597
351 5492
8166 926
5533 3028
6114 4699
7246 3443
2843 7521
9447 2567
4852 2619
2109 5302
5153 6117
4415 9573
5308 5142
7199 985
5871 7586
3195 6836
4240 5613
7686 1844
3222 8001
6540 637
4822 4398
4712 8291
2468 8045
3403 5062
315 2963
5034 1637
8859 8285
7730 3580
1305 4621
7240 8422
7447 8204
8050 2647
8323 482
4212 3296
6257 288
2398 3722
4850 8995
6099 1822
1731 805
3456 6279
2092 1342
3442 1691
9317 7930
4018 3135
7789 3092
2975 6735
9804 2277
6939 9256
3203 3662
4690 4984
7820 1756
2478 3127
4314 2285
3647 5167
9541 8160
2040 9019
9713 7988
5533 1789
559 6271
3530 8491
8292 3344
5107 2112
7521 2503
2079 5593
9040 9091
3584 9561
1247 8283
3870 6341
9321 2117
1226 9616
1284 7691
5848 5362
5769 8529
8426 6042
5114 9836
2862 4284
751 4552
1570 2800
5943 4119
3937 7480
2995 1232
4369 6979
9082 6780
8724 6681
986 5920
7831 5068
3043 7203
6628 7469
8991 2674
8742 7092
7004 3366
1701 1583
6787 9801
4177 237
9986 7822
2416 9389
894 9503
91 9792
9753 485
440 14
4406 3092
5703 4281
6603 4551
768 840
3024 1014
7655 3682
2584 9923
9442 9395
8337 2531
5148 9541
7916 2518
3350 5066
1825 3363
2416 6725
8065 5258
6987 4859
4076 4203
6889 9642
6201 4037
2310 1506
8357 3549
8227 4088
6124 5313
483 7681
3429 7044
2662 8784
3517 6843
2266 7849
2121 4323
3515 6084
1197 5513
8522 3901
2145 6808
6890 7504
796 8027
6429 776
1393 3217
7871 3411
978 2871
6925 5521
5323 9790
1089 1004
26 8736
9073 3970
7303 7527
8101 9216
4590 4017
6043 4869
7635 5714
1014 6342
4643 7581
5915 9906
8765 1563
155 1845
2731 5704
8507 7192
3588 9266
7856 9231
8295 4927
2540 7313
3006 6452
4823 4268
8528 6725
8612 5685
4942 8785
356 1841
8007 6717
9041 6925
9301 7860
5833 6603
505 155
877 7842
1758 6849
1530 9138
5036 6354
7776 2959
4101 9008
8559 8736
5945 3214
2438 2255
7523 9827
6836 1907
7875 4328
3488 2500
809 9900
6992 4681
7626 6366
5803 8987
2521 1665
7276 9954
2058 4062
558 7609
9190 2121
7291 2632
113 3725
8017 74
9634 5732
945 3321
5452 118
2432 4088
2198 3576
3737 6617
364 3149
505 8048
2637 5034
7360 734
7743 8658
3603 1061
1778 6970
7843 5850
8796 2130
6042 9173
6235 3236
5916 5565
249 4363
8901 7919
4983 7850
669 1026
443 2846
5674 6897
5609 6401
9135 4938
8786 3571
6692 7800
4078 4618
6079 382
8229 1625
9321 5105
7070 4162
7474 2585
2053 6651
4890 7090
2023 2851
7075 6121
4971 6309
7219 2341
7975 733
5270 5106
8604 3269
4936 6935
9822 8773
7456 2255
171 8811
1495 3191
3008 6192
7498 9238
752 6042
3500 3808
297 2128
6473 3755
1850 3749
3315 4980
1178 1794
7007 6433
7269 9067
5255 1914
2693 6129
194 1603
6892 2658
8076 765
2923 8381
2055 748
9075 9025
1035 9248
2703 1742
2753 3662
8020 1596
3010 494
3501 8361
3675 1188
8137 747
5238 2618
363 2624
4191 1317
8659 2207
4334 2437
5001 7914
1799 1231
7218 9468
3324 9502
223 1408
2407 3600
8253 2347
3642 2639
9044 2188
519 88
9011 5939
2841 1199
3490 3373
6161 8846
8192 1372
7706 8188
1228 9343
9839 1448
5087 474
6959 1583
2750 5382
5160 5224
7938 9392
9654 6898
2594 9774
8944 7142
6222 3197
7084 4895
8391 4899
3216 2586
10 5461
4189 1220
9380 2006
9337 7034
9603 5473
4214 3334
3818 6346
9523 5497
4315 8332
4859 6114
1572 947
2689 8584
2324 7092
3532 3412
2944 5887
3352 9873
1606 1875
3044 6065
6956 2954
6433 3948
9624 2080
9798 4708
2422 8254
9099 9121
5718 2269
4678 9278
9497 792
444 5072
6933 7792
4027 5772
5 1099
9073 5650
5293 5185
7639 6467
8971 8603
1637 6679
4404 9986
5856 112
6827 9014
1284 5263
4758 4736
5630 8512
7929 4084
4942 5660
7820 8451
5928 3498
1481 3117
9437 1208
6541 4154
8759 9606
2934 6896
7999 314
1899 8749
3976 5151
982 3303
6653 709
1544 3271
7408 5195
721 9516
291 4893
4913 9602
6149 514
5542 4549
8931 535
4280 7285
6919 2870
4724 3834
1874 651
4164 8361
5553 9660
7857 9578
7050 6265
2845 2827
2489 5594
5431 2365
8666 770
9982 8998
2031 2614
915 5947
5928 661
9046 8862
1178 3049
462 1355
1917 4181
6195 2440
7646 8006
2395 1355
7679 9913
6868 7429
7505 7982
3150 8306
111 2582
1746 5766
269 1610
218 6473
3653 6601
480 8226
5867 917
7774 2482
636 7042
7003 2004
5429 4683
9518 2752
5140 2721
552 839
5145 160
7216 1338
7029 8716
1007 2549
8164 4096
2977 6416
1732 849
6888 8919
6147 1907
4778 1132
870 979
5127 8591
2229 9774
5340 7666
1401 2993
8419 5148
8331 379
3206 4823
2361 5087
1295 2556
4898 5162
8308 7555
709 6726
5371 9221
4581 6930
1861 264
7824 5534
6123 6829
3333 9851
664 3795
6391 6574
4079 7167
819 4781
4239 8088
9375 826
2182 3082
2035 7607
4142 6254
1893 143
7857 1721
5679 9260
6243 6394
8491 6488
613 1427
7123 9372
776 1901
210 6304
1019 9396
4126 2350
8069 8293
4923 4444
4845 82
583 2252
6213 1232
4166 4589
5419 4129
9053 6865
7269 5952
4791 9020
2768 2408
6755 7830
7364 1884
3536 7572
5698 6342
8010 1796
2173 6825
8380 808
1242 1066
4444 3858
8785 8048
5865 8322
7900 6700
6688 2494
8676 208
9980 8852
543 7918
205 5491
2760 1139
6509 6901
4086 3518
2445 6890
1825 3557
104 5804
37 8016
1757 5163
6196 1632
8837 1564
7790 8403
6570 7207
3189 2279
6780 6539
1316 7920
8662 9630
9487 71
3660 5473
1812 901
5356 4980
2598 9821
7099 5109
3988 7470
776 1069
4105 1126
5577 8127
8872 7696
3647 3713
8175 8145
1285 6706
2070 5858
2878 4826
1330 9457
5392 277
941 3688
6255 7527
3773 9503
5960 3376
8062 1280
6821 843
7219 5511
2911 5466
9024 4854
6346 1017
9156 1326
6443 4596
231 1097
1966 7823
749 7222
3472 667
6774 7649
9027 1979
5831 3188
898 106
3365 7178
8577 4115
4644 9642
5089 3483
9938 9712
2775 5985
757 4672
3413 8919
9645 2320
2291 9388
467 1230
8733 7985
2568 859
5852 7663
5977 3559
6335 3797
6553 6035
1468 3870
2848 8496
4990 7935
1847 3248
8301 4271
3089 3497
9144 7928
1290 5378
2977 1358
1788 1910
3172 7121
9810 1943
8150 9391
6582 4574
6521 8400
8534 7791
4876 9646
3900 3860
3990 3074
7340 3200
7291 4417
2918 8278
8759 9993
3354 4584
2327 4722
2166 362
9227 8012
2579 4201
1486 731
326 955
8987 1311
5804 5635
7467 7734
9241 1497
7521 6190
2392 7920
2700 6480
4348 2819
4657 3128
5372 9555
7414 3660
5000 3614
3470 798
9308 647
8284 2039
4549 4063
498 1574
5238 9605
6687 1008
1656 7091
2280 1123
9922 7217
9901 7089
684 2703
9986 925
5320 4840
4026 4060
2051 6629
5922 5987
5824 338
9910 6971
7703 7713
7511 885
2975 149
7361 6911
8260 6843
6078 5625
4160 6334
2973 3059
3329 8117
3952 3429
6936 5143
5712 1945
85 9977
4512 6329
9410 9950
6280 9858
5184 357
5854 9910
4654 5921
2250 1694
982 8799
2062 1553
3072 6283
510 436
5701 4910
2528 7172
7544 2660
5452 5377
4810 1887
3324 4421
9456 504
6362 2725
3798 4031
7252 6208
89 2123
6296 5507
7924 2545
3926 1592
1352 7209
5566 4075
2896 7585
1737 5426
1894 5735
6253 7989
2904 2331
5842 5162
467 1037
1067 7758
4043 6338
6004 8943
9124 2357
7936 1808
4920 2194
399 8902
9617 8897
6096 3516
7897 3197
4836 9746
4089 7349
1398 7728
7733 4878
3041 17
2595 5159
1061 9802
6599 3466
1363 6333
1647 9201
9164 1119
8345 5011
3423 3563
4947 3873
3617 4340
162 5328
7814 5871
468 1904
2710 5480
6516 8240
1871 3672
1904 4758
8898 4369
3456 2132
2715 6413
5881 1960
9322 7609
5409 1006
8107 6562
9072 9750
3324 5909
8539 469
3447 4745
870 5111
3248 7327
9232 5
7412 9426
7698 3628
3936 5841
3637 2491
8156 4250
4017 7876
5111 8749
830 9948
5447 7691
9373 2391
6130 6432
6456 2162
9238 8195
3206 7723
3544 6336
4447 8572
9705 5557
7248 9655
2605 389
3272 8585
1223 6136
652 6881
3703 8331
1790 9278
5910 7754
1196 7363
5923 9660
94 7731
2895 3598
8865 2376
5801 8699
4804 134
6568 1867
707 7748
2633 4553
949 6100
8785 1356
9072 8147
5149 3116
2353 7100
4874 5761
4006 870
9750 3231
7790 3349
54 8425
5794 5250
6869 5409
3552 615
4998 4458
9241 7980
9522 4077
8355 1386
8126 4458
5570 6684
1786 3544
6838 6307
2605 9407
785 6331
6816 9643
5347 3433
1354 8788
1172 3363
1960 5293
8441 9897
2924 2592
4093 8696
6164 3921
5534 3933
5458 8844
1998 7295
2924 7677
6042 1713
143 3480
668 3120
9053 4497
873 6705
3719 9108
8083 9255
8764 9703
4973 6075
6439 4880
9920 1195
5188 1866
8729 1858
4807 8608
3671 1771
6377 8861
1306 5832
1766 1784
4510 9399
70 5754
7270 4472
4103 8757
4708 1814
4079 9471
1536 1778
3690 2354
9702 9221
7445 2655
2295 8705
3036 631
1387 4045
2391 5875
7453 8727
922 2427
3836 8232
209 4886
4805 782
6281 6928
2807 7781
6743 2167
7040 3573
4683 9515
5207 9148
6081 7419
2752 9290
8423 1376
705 4930
8897 8607
3769 7110
9776 1770
7117 1851
7090 4703
7402 3533
6518 2222
550 7945
6101 4621
1071 8796
6452 2384
6645 9401
331 8826
1566 3247
3891 9468
824 1131
3839 2795
1508 1318
7672 5927
3123 2576
6205 2702
1715 624
7654 2379
9256 7566
356 7722
79 4291
9278 5621
6336 6852
3152 2884
6344 2712
8313 9580
8902 605
5559 4163
3198 2684
462 2660
8472 7742
9602 5025
7542 8325
2557 6080
2052 1357
4455 1502
8651 8403
5811 2306
1302 1279
8185 669
5125 9867
4474 9232
9627 7303
8836 9671
4409 6485
8491 6806
4973 3651
6332 9422
790 8251
117 192
4352 9282
5602 1460
156 3938
2880 6932
7757 7317
4933 9265
8103 9472
5094 6091
9214 8346
6861 7566
8436 5449
6074 531
6504 1790
4210 4947
2102 6230
6005 9904
4445 9465
7383 5975
8256 9665
3385 3137
3994 5875
6800 8549
6589 3076
441 5308
7156 5946
306 351
2296 64
70 3062
6117 9142
3655 623
3800 1470
3953 4428
430 2647
159 9318
6142 3802
7211 9033
8399 4441
8540 1678
489 9499
4441 630
4482 4950
6628 1528
3825 9975
2413 9532
3997 3468
2650 2800
3284 8098
1919 8949
6143 589
8454 8857
7270 3064
4618 5337
4535 3456
7068 4664
8365 3155
1947 9053
9924 9684
4916 2487
1374 7026
918 856
9156 1069
4545 4013
2016 1374
1809 6645
5632 5822
748 7363
3312 3889
3791 52
9681 9466
1289 7615
6784 8044
848 1260
2874 7447
7065 1019
5558 5710
719 7696
7425 3381
4810 5844
5164 8257
3622 3452
8631 9783
4260 9042
7119 7751
9871 5148
8335 8577
5095 3446
4062 9076
4499 3740
2190 2373
1067 1770
2776 5625
8181 6706
5080 3262
4300 9083
643 3577
8107 5853
1807 9856
3015 5446
4671 8698
4281 5873
8673 9259
4251 8518
2176 204
5056 1804
1392 5986
8193 7202
7595 530
7288 1216
274 9243
293 2498
5351 8880
6722 5692
6068 8017
3054 6870
8077 5232
1017 3329
8136 2974
1775 3629
5048 8582
5738 7898
1044 6318
7134 5872
3563 7978
4137 8222
6555 9411
6600 3827
9947 2850
3466 6510
3331 6712
1322 2474
8530 5161
8986 8938
9632 6821
7801 1556
3301 7466
3372 968
502 3245
8874 5086
6860 5038
857 285
779 5120
7725 3489
7509 5872
4888 1319
7071 4759
934 6647
1458 9217
5425 2153
1689 7511
3478 8532
6825 4560
7515 8121
2523 3720
2570 1435
6753 8741
9687 8088
8217 3583
8391 1882
4292 8857
4870 4172
1771 3890
1637 7770
9401 5189
9448 1277
4983 1992
4372 4596
4048 7432
6508 8327
9290 9906
4871 6216
6184 2475
5662 6537
2318 4246
6323 6585
7873 3837
9532 43
6035 5010
9136 8027
1219 5003
2679 7823
2255 1989
962 9275
1871 7152
2170 8312
9969 1355
8191 5713
2427 2533
1049 246
5781 2792
965 2434
9289 6862
4381 2303
7261 3849
5631 5596
8895 14
8206 9799
1779 8184
219 1737
4464 975
9971 7334
5324 2544
9377 358
7982 7956
9329 6826
9745 1477
7345 1080
122 4417
433 6757
7365 588
6245 589
1544 1400
6514 4095
7733 9467
6720 5429
1230 9010
9918 7753
528 7072
8952 8952
863 4045
879 4082
1085 9421
98 958
3680 304
8628 7090
4325 4257
7910 2891
1176 7964
1435 2677
6662 8746
4704 2501
9708 5654
1746 982
7285 2547
4584 8757
2072 7681
8673 7267
852 1695
3711 3864
5179 7033
4651 5391
3629 4746
9165 8898
4713 4540
673 3887
5262 4672
1297 3889
4034 6353
25 35
9310 4511
4596 6415
8208 6155
5061 6829
8776 9285
9545 2875
7028 5824
2770 395
7979 3914
2851 7423
2136 1735
4459 8018
3498 3468
7749 7857
4892 715
3144 3379
2219 7308
4121 5829
667 5168
6473 6044
8246 4932
9176 7560
7029 1534
1583 6644
3453 6787
5334 607
6293 67
8422 4193
523 316
1735 5333
2452 8258
1300 5829
4802 4032
4374 3161
2698 7855
6830 4783
2236 2046
3911 5102
7756 6046
5726 605
4958 506
6157 7746
7145 4997
1722 4065
1859 2764
6855 7603
6742 7204
5162 2524
6694 1366
7619 1189
9756 3237
9249 3016
6281 3657
8885 7488
2930 7506
1215 8859
6508 2947
7253 5527
8386 9518
3816 4657
672 5826
9368 5081
5303 9119
413 3118
7164 1624
4341 7257
1977 6688
9361 4479
9923 9441
3598 8438
5385 4356
3385 4268
500 80
8713 6474
2444 4602
3370 269
6348 1664
8531 6425
9852 2536
826 4612
7904 1237
822 7922
4887 7435
5168 8771
6530 6780
8987 8848
9792 4052
5342 4283
7655 3668
4446 4465
395 7774
7365 9799
5008 2356
3181 9098
7537 5133
6702 6391
9178 3466
9426 6127
5520 9383
796 519
1897 8592
9190 9874
6670 8150
1709 5257
8043 535
1500 1758
6671 9036
8927 9203
5460 4084
7253 3592
7899 8556
5415 7851
2567 701
9801 4912
1255 8573
3438 5610
4357 6558
5964 1704
3396 6199
1324 73
1025 7858
9938 9595
6988 4991
4925 2449
3710 1419
6412 8961
990 5553
951 4607
7156 5562
5756 1356
8091 2917
3395 3954
2503 5868
8001 8591
6505 8229
9614 8452
4502 546
3834 1032
9642 2941
7885 1786
8541 1047
6210 2441
5765 8370
8557 7252
9867 9842
4245 5153
178 5878
7899 2764
6490 1153
5149 7065
7718 1928
8830 2239
4286 7550
7636 3126
436 2752
4855 5382
6687 879
7124 1920
4964 4915
901 5634
4082 8604
6729 1664
7894 9297
4302 9002
3856 5190
2709 5557
9161 227
3445 1041
2196 7473
7219 3341
5839 5128
211 1637
3896 5104
4423 4668
7736 6893
3473 9058
83 4367
6371 2273
3018 6815
4728 2169
6893 7360
4465 708
7548 2026
6662 507
8025 2067
5162 510
8122 6049
4062 2644
7436 924
148 4612
725 9312
8087 121
7971 5329
1282 3007
1513 4717
6328 1198
1634 8375
8171 554
2502 6317
8172 2640
4849 5883
2447 1278
327 1022
6353 5176
5155 413
2125 3056
22 4028
6424 9610
8211 6721
1607 6384
7523 2989
2060 3787
5945 8730
9143 8647
1673 2303
1767 4864
8119 1360
6683 781
2922 572
9333 6153
5297 4634
7588 7684
7915 7327
6088 8737
1472 7909
5021 5015
1217 562
4756 578
752 6157
2618 7557
8348 9533
3017 6585
5502 3804
5865 123
7090 7723
1157 5214
6748 1773
4728 9969
3050 7954
9817 7837
1569 1131
7892 9018
412 5905
6801 8509
5168 6463
1618 618
1515 2731
1609 7025
9522 5078
7593 8595
6375 4854
2588 629
5735 5108
6076 317
5234 8785
86 8565
6480 5839
9920 6938
7642 8689
6223 478
8760 1261
4653 8659
1591 7987
9574 8745
1730 9170
3262 6772
8213 4888
2291 1553
1665 4025
6892 6501
3171 8129
1748 1688
6540 2783
1304 1024
5622 2962
5331 3964
4900 8923
1493 4621
7753 5443
5688 1805
6403 9594
2941 9059
561 9144
8845 2617
5408 9730
4633 3853
7145 1556
798 6871
7614 9216
427 5257
2756 8348
7896 9904
3731 4553
8123 9653
4398 3775
5739 9728
3908 8626
4949 3974
2790 3099
7120 5309
9603 3954
803 721
525 132
3088 640
3895 2450
6118 2438
5624 407
6193 6769
8461 2382
8653 5931
5898 8059
9448 9951
7553 9942
2948 3430
6806 7555
5806 6469
4452 336
7958 7726
1711 5716
4414 1666
4094 7635
132 6463
3944 2221
2611 2475
8388 2549
5324 5707
7982 5107
8045 8252
5866 8387
957 4677
1352 8235
3721 1739
6487 7424
1181 5040
9268 6668
7106 3508
444 2533
9912 3906
4309 4246
6898 5941
25 4093
9598 4819
7216 7469
7823 8130
4235 2654
894 7018
5939 6848
617 4572
8782 3284
6884 7073
9390 2374
4239 6549
6720 6882
5268 8207
5649 960
1175 8898
4355 7821
9751 8403
5323 9782
7160 4821
7649 9286
4779 1660
7768 9454
72 3867
91 9359
6167 9854
5019 7101
7298 7502
3997 3355
7547 4538
4117 3380
4698 6270
1241 8939
7184 1075
2486 771
3117 6776
5578 2367
4011 7915
4107 8888
3340 402
874 9361
3972 3962
3152 1990
4062 2005
1138 9887
5442 4479
774 8502
9296 75
7509 2808
4496 9932
5932 8429
1598 2632
8655 429
7299 593
2274 3723
2517 5276
1463 5403
3832 1186
9985 6021
790 4574
2979 7459
8878 7365
6491 9659
119 9009
5366 562
1391 260
630 5907
9595 5575
8727 1070
1225 5529
4622 9538
8027 6999
5239 9924
9316 3048
4098 8371
4243 8599
2667 1292
9271 2508
5215 7153
8721 3933
2566 7605
2387 2917
6056 9447
1412 7038
8862 2599
4737 3084
3759 5353
3960 2826
1208 500
93 8454
9325 2228
1384 3264
354 4700
9100 8797
2733 9877
4116 4816
8461 271
5940 3565
91 4848
380 2018
7139 1266
2664 2292
9222 2916
2459 4061
9900 2138
2151 5411
6531 4263
464 2401
9569 6366
8307 1626
6634 9504
1760 7343
4315 1184
1598 4255
7441 9764
646 9466
5752 4838
3638 3046
8934 8745
7986 1426
6957 6970
7918 4273
9198 6142
1488 4684
85 626
4384 713
4042 6968
125 3221
5847 8031
1399 3346
4448 6669
4901 959
6810 3418
274 6764
1677 3939
9030 9052
8725 6910
3052 7269
5964 1932
7110 8063
7968 6128
4673 599
4743 4549
5481 8311
2818 2863
2981 4298
7979 839
3867 4641
1041 3229
9024 7561
4892 6479
9891 1916
5225 5433
2007 7731
3161 9636
3046 3228
5775 6888
3798 9200
1263 1486
3268 1323
5958 6831
6957 6418
722 1638
2320 7663
7069 6886
1929 3041
729 4854
8359 9478
7452 3093
6186 6421
2117 7215
7074 5318
6427 9705
9009 4195
8151 1707
6445 7924
5109 1334
4817 5932
3021 2879
9276 5433
9750 7603
3326 1500
624 949
9289 5251
7276 2894
7066 85
5897 1568
8969 3514
6193 6666
6629 1778
9461 6307
5782 8424
3504 8072
443 5099
4362 1115
2552 579
9259 8719
355 5498
2527 3794
3834 882
8198 4935
1860 729
5078 4886
9837 4750
6046 3366
8653 9263
670 498
657 5202
2216 5331
1380 7498
7185 9074
1862 8906
319 8099
5714 3408
1600 1532
8313 877
6010 3414
1401 1973
9726 4777
9569 1025
4423 1822
8250 4335
3666 2103
9402 3147
2903 4823
7683 2014
7978 6037
2395 2737
5527 4448
6924 6006
5889 8778
6597 3207
5244 1579
9088 3547
9865 271
2606 6078
94 2953
130 9869
3375 5029
2175 6955
7162 2877
6362 3051
5552 106
4930 4034
8840 7862
7302 1087
8193 2826
5414 4519
4882 5203
7135 7337
7047 7194
4557 997
3771 9662
9808 8627
4605 2453
8 4185
2246 1161
8326 7365
1913 4860
2245 8955
2128 3419
9462 7578
7878 4894
3437 6269
2390 4585
4730 5251
11 4142
3929 3149
2414 9638
631 200
3771 565
9958 1386
4782 1717
3363 3803
7964 7477
5790 4757
9785 1689
4187 718
7272 1964
2143 5800
3727 8120
8533 5083
1346 2683
5624 9141
3630 3313
4252 6306
6359 5616
2404 6381
2113 6169
6041 9573
1963 6528
5613 2583
5165 996
7805 1618
9905 2881
3047 7581
7560 8772
3321 9690
8541 5391
1093 9565
8639 2984
1081 1209
1864 1030
8591 7099
9918 4316
7826 3006
4108 8170
9109 1870
961 6120
2417 4464
459 6404
3012 8086
3951 5900
466 4823
1342 9380
6098 6379
4893 5510
8715 4884
6526 6441
5438 642
4091 3028
6233 7306
5664 7011
8172 925
6300 9993
4137 102
3397 9948
8471 395
1666 7484
377 9486
3555 9114
5090 9736
5293 8416
3783 511
7312 6915
1233 7808
2026 7880
7880 3535
3241 7
802 730
4095 7993
1266 1336
3009 6443
8960 2162
410 8213
6816 5079
9871 4552
696 9923
4582 1027
7223 3214
3456 1378
7404 5990
6949 2672
4258 6068
1112 3638
6916 6638
2723 3482
3243 5016
1459 7359
2184 3654
6638 89
8555 1720
8612 601
7680 8746
1439 336
986 9852
1276 1439
1812 1847
8865 8189
2671 2375
5058 6146
8668 568
3863 3537
5140 9689
6327 9507
9617 1948
8934 1330
6015 418
5167 7970
8045 4413
1260 6686
8898 768
4478 8458
2159 669
5701 144
8633 1846
1988 6470
460 2979
9118 2571
3308 7321
6958 2246
4872 7862
247 6878
4886 3723
2012 5225
523 6073
1644 8382
3638 8291
6719 3981
7288 2564
9188 8608
5941 1959
8352 3973
3516 9050
490 3996
3759 4064
2182 2268
8243 7704
7205 9768
7984 7979
9783 4411
3866 6938
1427 2655
356 5083
6200 7383
814 5574
1148 7365
5027 5902
6178 5382
8136 1007
5733 9065
5291 6751
6298 573
5576 6871
7858 9923
841 9584
3972 8483
8202 2689
7038 8865
6990 6374
4948 2478
2215 5874
659 637
7013 6877
3883 9444
3302 9932
9277 8946
6788 1048
5954 8913
4503 1003
6009 8333
9629 6591
7761 6586
9169 1388
9458 4277
6545 9908
1656 133
4611 3194
3616 6039
1728 41
6841 2497
4630 3849
7189 8794
5550 8541
8665 2080
6036 204
3157 4114
6776 4782
117 377
362 5071
4603 3301
3562 9950
9734 9015
2648 9373
2668 2106
4889 3549
6548 9023
6523 5980
566 5964
400 1886
7826 9002
2580 2161
6892 7898
3247 5401
6737 3218
5874 2964
7995 6387
2693 8774
857 2968
3836 1621
135 7402
130 6432
9456 5361
8357 3696
3908 7550
9898 3142
2684 3693
2012 6039
3497 4764
4739 2332
4218 2723
4763 2379
6058 3780
1778 3201
4279 6510
1186 2532
2302 7083
5771 4394
2907 5731
8773 9476
5652 3961
6523 3892
8329 4625
3244 720
2003 5327
3765 6306
9989 7813
923 570
2928 4723
2049 8005
2343 8469
2386 1703
4019 3821
2727 7285
7582 1886
1848 7993
7250 3680
2072 6084
3990 8345
7237 1167
749 6073
4984 5261
389 5836
8101 5578
1523 9948
9601 8924
8644 9837
3909 826
5523 1211
8747 829
1263 9261
396 5196
7905 2789
8182 3421
4423 8378
8966 3760
7321 9891
4860 3454
2908 2601
9501 2714
9550 3104
7619 6345
4257 9623
6048 8588
660 2859
3752 315
5658 9703
9710 136
3942 3194
7168 372
497 6169
369 9778
8213 2313
3278 1442
641 7861
5637 4414
6968 9709
8275 4080
5884 6167
9760 3380
7783 7180
392 3839
4288 6255
4915 3191
2545 6117
3202 7711
1381 2173
5117 7367
6100 7163
5457 8658
1126 3060
1853 1479
2423 8587
9705 9589
4908 9120
2040 902
2352 2683
3281 8246
9198 4381
2656 9678
5601 2013
288 4733
9269 3483
1351 5523
2796 882
7401 6329
6019 2907
2551 2983
2209 7081
4289 5459
3157 5314
2826 4386
6607 8690
4048 1596
198 5067
4358 619
7378 2872
5002 4901
3516 6369
9372 1174
7917 2701
9581 7080
6645 3868
8051 4637
8593 5328
6947 8472
1745 2438
9687 5204
161 5435
1836 7609
1633 2817
6435 4904
7270 8775
8953 7585
3776 2932
4818 587
2744 73
8675 3412
6575 151
2752 6124
970 8287
888 5756
4540 9925
8008 2446
9251 170
6646 8140
6388 3137
4199 4183
497 8946
5635 4790
2569 8264
8439 5802
8222 745
1210 7161
3008 1829
7303 635
5286 2089
828 1396
513 1437
200 9953
6988 3028
3023 9724
8922 5923
9565 8450
3862 5890
6704 9980
6027 3109
5148 2706
5990 8311
4070 7420
8328 9497
6068 2225
1773 6694
457 5222
8185 383
6538 6065
7372 1156
4890 6082
2868 1436
2076 5241
9573 9661
8403 1478
9253 9829
9235 6829
9668 2987
2773 4718
4516 2549
9850 5015
9878 6515
2604 3028
9625 944
3882 866
6672 8764
401 8474
2924 6585
1276 676
5326 8143
4901 8156
9187 6018
6052 9382
8700 4271
9092 6910
4537 2777
6152 395
697 6205
8693 4869
4102 8662
881 8521
6386 4480
981 1968
5914 1894
9497 9510
5851 9751
7417 3586
5351 8083
5393 6210
20 1893
6734 2205
3961 7089
1556 7702
6797 1917
5710 5944
4225 2018
3326 1092
8878 3345
8590 8172
2472 1460
8552 9210
4895 369
9499 326
1701 1643
6556 4145
8992 896
3473 3769
8616 3097
3390 6436
575 3384
4701 3017
6510 9573
3468 5942
1233 5040
7943 6705
1249 9637
2825 1406
307 3058
6722 8838
8196 6823
8861 170
4701 2780
5290 1183
5415 9961
8179 5430
7069 3963
1815 5823
6787 2287
703 8698
6043 7046
513 2208
7064 2716
3909 7930
4998 3031
5409 9379
4140 3515
6056 8621
7132 549
1764 4059
9325 735
8644 7466
4678 6368
6588 8988
8729 1942
9372 8700
7746 7261
4394 1151
5316 7679
4562 4364
5479 4740
7335 6447
1813 7237
1129 4051
2629 4041
2066 7883
8803 2834
7128 3328
9379 5982
6202 5258
1222 2886
1334 6804
8499 5698
3152 4756
288 8743
3902 6606
5059 520
5267 6382
3712 5537
5524 4402
6856 7585
5931 5477
1443 5538
4517 3733
5127 5251
2610 4816
4476 4345
2701 2010
3752 4683
3223 8485
4691 6445
5272 1607
1202 5060
6102 5390
6614 4828
5254 7973
4786 6332
9358 6857
1189 5648
5493 8999
5485 9034
8506 5694
6134 4057
1702 3219
9368 9488
4582 8926
146 3054
5140 1146
1764 9423
2586 1211
6673 8228
6291 7801
9713 9310
1559 965
9637 7049
9221 3319
365 3882
4525 9737
2141 721
2389 4428
5656 7745
3984 6431
1659 2685
3400 6484
8215 2041
9358 7967
3393 6092
5078 5372
3538 7266
2548 5300
2976 8423
8734 8031
9736 5424
4407 7324
7742 2939
4718 1114
4966 8103
996 224
4799 812
3979 8076
3473 2051
6588 8725
8483 9559
2526 772
4049 3872
47 8289
2115 9682
5114 5544
6461 2505
6055 964
3974 9382
8837 4055
1839 3993
7081 3199
3360 2765
3223 5466
7923 5124
6650 3472
1262 6001
9681 6259
8995 7154
1573 1814
4342 4934
7856 9206
5 627
6807 2020
2773 7088
6409 632
1460 3552
5609 4253
4350 2743
1809 3273
4306 152
8196 3801
9961 8670
7768 6321
4142 6351
839 5311
5765 9126
5997 5728
1857 9593
5708 9590
267 3706
922 3939
4500 7126
4827 5386
8962 1555
4423 9831
5674 2119
5 4876
6633 3163
1012 4687
7347 2559
9084 2032
1578 8044
2765 5780
2263 4006
4360 3326
4500 6442
8943 9002
7022 575
3106 4867
7205 4224
7103 1562
6501 1258
5943 4181
3720 290
8050 7118
7044 4167
2344 4428
796 6784
8703 5832
1530 9404
3755 4433
5445 9123
9171 980
1464 247
3782 2385
4450 1281
9735 9079
9171 9886
999 6280
9185 3568
8467 3590
3196 2417
3206 9103
3133 3901
6155 393
8608 1278
4566 6037
3192 1185
9164 9639
1774 8512
6640 2436
6930 9598
3412 7200
6290 5131
6424 5482
7577 6046
9691 3847
3656 2508
7727 8131
8006 8571
2577 2074
5615 3837
4943 364
3421 8010
4104 2791
685 7058
7513 745
979 9486
2002 6769
3912 9694
369 3864
8368 1231
2608 8259
4176 8144
1451 7343
4247 8413
6408 5676
1197 1173
4535 4271
328 8844
1775 9696
155 8564
4044 1918
8009 3684
8162 372
9083 9179
7184 1066
6225 4665
2167 2774
9771 8043
1093 3710
7831 7163
8720 8779
2500 2112
4936 3003
9094 8925
729 5047
488 7908
5261 2540
9369 3697
1509 9967
3068 698
9496 4654
8500 6334
1008 502
3776 3956
5243 6537
6131 7208
1894 3350
5496 1566
5940 5183
8369 929
5981 9361
7167 9542
2899 6466
5711 853
2735 8055
1181 9671
7823 6543
7940 6657
5804 7308
9566 4841
9045 7931
4052 1851
3985 2086
5380 5046
1135 2313
2873 3971
3436 2269
7559 1868
834 6321
4876 4428
1336 4352
3263 1233
2291 2892
4703 6170
4656 2185
8605 8869
4769 6030
9471 4339
6408 7901
8838 4775
3720 3032
5687 1356
6590 8994
6442 1057
5664 884
3529 4580
1304 1014
4089 7927
5618 6321
7357 9326
1382 7620
4651 4416
2455 2635
1290 1910
9819 4746
7119 3639
4872 7574
1876 628
1835 8728
314 7090
3555 259
672 5052
9434 3970
3520 7402
5741 6164
7780 8047
2450 4085
4770 8249
2559 8816
7238 4540
5181 8506
5866 398
1221 8381
5876 2464
7386 5988
396 5289
8191 9944
3214 8236
4816 6392
4700 8851
6246 3106
8877 2956
2863 5465
822 5176
7236 6603
4394 2147
2075 2664
366 8763
7279 1209
909 613
7815 5396
4995 2423
2855 8215
5967 7229
8519 4911
778 1145
5953 1093
6910 7817
9245 3280
4395 3368
2813 7302
1957 9641
8664 5551
4516 6985
2802 6160
5633 7901
8821 3193
8208 5445
7640 1879
974 6218
7516 1837
1406 7500
7686 1367
4749 7924
5330 8236
5372 9424
9171 9502
4961 4049
8198 622
1894 2812
3325 8120
8502 6992
6615 6940
4543 5917
9538 3168
7053 1777
5932 4511
2845 3928
9495 5841
7995 4864
4912 1928
100 6363
5201 6692
6628 9323
9005 8555
717 3528
957 1211
9776 464
9188 1870
8867 7724
1458 6427
4060 4767
8319 9000
8993 8478
6812 5322
536 4626
6158 2645
9384 8083
503 5585
4713 586
6578 4015
5757 7733
4222 7309
5284 170
1194 4199
5117 8284
7910 9974
5447 3601
3101 1363
8716 1162
9263 6508
4398 5899
2690 7011
5965 2028
5975 1929
8567 2530
3462 404
8735 4788
1601 2239
662 243
1020 630
1238 9953
4156 758
6061 4310
9893 2257
3114 8242
7520 5086
3300 1302
9250 9206
4648 8696
7394 2592
648 9071
1466 4650
577 7022
9679 4051
7009 1276
2053 644
9718 9976
7204 2910
7178 9176
7138 7182
1049 346
7468 3310
9047 5108
503 4761
955 6096
8261 7974
27 7402
7447 182
5444 1825
2875 7865
8385 6302
6030 7228
403 8692
4362 422
8808 9342
7155 3264
7168 3346
7481 665
6131 8183
8385 6886
8866 5878
7355 7639
3320 5475
294 3722
7739 8175
6512 2079
3108 6459
8812 4628
291 4952
9952 1652
1383 7528
5299 924
3618 2699
7688 5870
1462 1296
7455 1302
9932 6953
8464 3518
9117 3577
3604 849
1304 1974
3757 6217
1238 9484
9216 2672
6782 6547
3511 2590
834 4951
3905 5367
1375 3425
5485 9268
4114 3413
9469 6349
6211 526
3838 6425
4236 8929
3614 7655
110 4150
6178 6939
8767 6828
8096 4430
1543 7354
4291 8371
611 1701
2768 3314
3802 3453
7564 681
7606 9332
8205 2562
4992 269
5375 6943
4941 7978
9088 1809
8525 4841
7593 9310
5683 4292
6842 5054
1499 108
5105 8002
1677 99
1495 6117
6772 5221
3037 2397
4024 4929
2878 9183
2927 1739
6430 118
4802 6428
7518 8046
4417 6970
1889 6245
7215 319
3862 5621
4562 4464
3809 2107
904 47
6291 3944
4662 407
6189 4862
2082 741
3719 1951
4340 5318
8976 4760
2105 1560
7303 9961
3113 3725
4185 7539
403 4753
9810 3228
4482 8818
9583 76
9034 9931
8583 5777
3153 72
7438 6365
568 8632
1451 6402
7573 9637
3990 5292
4864 7759
3586 4986
2391 2258
4335 749
102 2319
3477 9324
450 4303
8051 313
4795 4260
4362 2177
6934 449
5748 3661
7110 9553
3398 719
1027 6973
4632 6179
5040 3819
6547 1089
9374 3902
3940 1455
7374 2417
9618 6303
4469 1327
8013 6233
6878 6994
1025 6745
6874 1776
4149 686
1466 3686
7635 9817
3027 237
2739 6648
5646 6502
7470 7849
7147 5088
4490 5512
3976 4259
3725 2861
8660 3620
8926 4676
5145 9775
5953 1964
1344 780
3963 5667
2102 5126
2642 1817
4271 8663
5489 6825
9140 6226
1779 7686
757 9726
4115 2754
9452 7646
4568 9127
1280 3975
5139 4376
8610 722
1907 6131
4145 1602
9429 8593
6529 9725
1365 1704
6060 7454
7024 3114
7597 3678
9410 3127
5030 353
8979 2050
633 6701
8561 8969
9333 2088
1079 4544
1907 9141
5758 840
6378 2641
7120 120
5595 4966
7101 7706
2835 8072
6147 9509
309 2357
6531 4860
9367 4166
1637 1043
4394 9585
720 214
8643 5760
3853 5121
1600 4519
8426 8609
1834 2295
1425 4216
3377 3397
4750 9722
6572 3043
469 3918
4291 2718
2315 4579
6354 5397
5350 5744
8957 9390
1056 7980
4022 3518
5327 6991
6435 3453
5618 6290
3235 3695
8338 2990
37 4743
5639 7471
1671 247
7362 8270
8879 254
4554 7711
2513 3714
5032 4788
6170 78
4107 556
6624 2465
7404 7893
9804 788
138 2588
3480 4596
4810 2091
1965 3172
385 8872
1431 4922
600 3388
218 9926
7560 4587
6161 5387
6696 7505
3319 158
1507 2613
8034 8142
4789 4932
7924 7144
520 4334
8393 2585
2767 8819
9779 7176
9499 1372
7034 5170
5065 6422
5939 37
2860 6505
5887 9186
8093 1805
7565 3800
660 1777
5782 3566
1729 1269
9495 2760
9389 3150
169 9645
430 9845
4462 5774
9116 3255
9340 3705
6031 1723
3009 2320
9631 730
5088 4599
8649 4552
8441 601
2431 2111
5363 1724
4256 5599
2221 6970
5951 7560
8139 1820
9193 2713
7100 4065
2181 4957
1216 8120
7632 6038
1517 8971
9654 7184
1618 7357
3668 929
178 444
2063 4798
9438 6884
9414 6841
6612 5765
4241 1986
4913 7189
1309 1439
932 6827
2173 2898
9 9432
2071 4148
3470 3721
4529 6283
4016 1197
1154 3161
4856 4736
2176 1422
5925 781
2475 446
5309 3395
6929 5487
3268 2598
3980 8364
6437 3211
8519 397
8308 6666
9663 9118
6994 8381
8636 9641
2487 6847
9983 887
1679 4842
8409 3263
9335 9997
7218 7682
6168 5348
6663 6087
1321 374
7202 3208
7759 8245
3522 4326
6452 6388
917 310
9660 4055
6897 9657
7103 5999
8879 6916
3075 8985
4480 6439
9364 5842
1837 3924
1423 1417
4279 9062
3917 8302
5531 1785
5780 4784
314 7455
792 4349
3035 1806
7530 4945
3429 556
1695 1260
85 1728
9481 8458
28 1466
728 6766
7376 9461
3604 6160
2739 9823
9457 9974
9605 703
8438 6344
2144 1918
3463 8522
1569 4054
3656 9972
4411 9401
9023 4952
3959 1385
2530 2714
5912 9724
9448 660
441 4865
3150 3598
1414 5437
3590 7513
1888 4226
7566 948
2622 1371
6552 7119
3873 2582
8939 3564
7737 9812
7519 6145
7512 8314
7564 1860
9766 6317
9028 9586
8608 5932
2451 2712
7311 7336
2911 8543
677 6386
8418 5645
4775 3079
3823 4755
6073 5469
6599 3077
6790 6476
8548 3116
6103 9527
160 860
2374 835
3806 5098
2623 1932
6114 4066
4559 3474
2307 9529
3957 2054
57 1205
6433 6076
1529 6744
6314 9342
6883 9026
8797 2084
5535 9512
5401 9633
5170 5416
3407 6999
7259 7455
4886 2954
2451 9082
7993 4538
7989 3622
9904 5629
3764 8320
2324 1147
4649 6737
9321 6199
5325 7071
6996 7631
7289 2883
3705 3687
3234 2598
5092 1062
1388 4475
2234 8143
5378 4387
9566 1684
4335 5060
9717 2065
3803 1665
6405 4513
2224 3876
5841 4109
2963 9087
9266 8085
4895 9730
8554 5213
5628 338
2494 6685
9775 1368
7111 9981
1605 7977
1148 1121
6646 8147
4074 2799
8159 7243
7984 523
5377 1934
5484 2716
5133 9657
190 5101
4441 9232
2883 3466
2846 8793
3479 7826
1649 8642
1878 2221
175 1056
5946 3181
7471 7856
4059 506
2432 9005
9005 4873
2312 1634
1401 2617
521 1940
7006 1781
7677 8456
5121 1814
9355 7620
8746 4381
5790 9345
2546 193
596 7365
6887 6219
8518 9079
1761 3321
7469 3194
1300 3326
9456 579
1923 1163
8055 8781
7869 7425
1639 7304
2690 22
4581 2790
7657 8925
5770 5111
6070 5144
1647 9511
8732 2464
1100 4091
2279 5998
9169 8498
5506 4949
4616 6014
1443 9828
2012 3134
9268 9992
1753 5924
2427 8761
4518 6182
1265 4380
9141 8412
61 1035
4246 3041
8802 3819
3540 6019
313 8376
1318 7460
6770 185
5602 4531
4833 7296
3713 6058
589 2165
824 3410
9593 2992
2992 5367
3994 3871
5573 1544
3593 1005
9271 5895
1980 2394
4226 4715
4544 5682
3615 1551
542 3855
3997 9876
5258 8843
1648 3139
6680 4138
4470 3173
3327 1337
1572 5970
7456 5005
6227 4546
7936 1470
2268 6687
5786 7597
2761 994
5240 7743
8983 1960
2032 4536
8569 8641
9105 8072
6679 3474
1587 1643
7851 157
2419 8889
8876 2275
2211 7760
2579 7483
2269 4825
7420 5922
1986 5983
5061 8778
9925 711
1859 8668
5488 2003
5367 6108
879 1459
9423 9820
2839 954
1286 3893
615 2255
5759 785
5668 4721
6091 8432
6629 4619
1859 1691
6038 1714
724 327
5440 3512
1334 445
3205 2497
835 1691
2310 5891
3643 1803
9436 520
1447 6110
6198 233
2875 1371
5758 4182
1474 1879
6863 5447
501 8523
9089 1648
7933 3140
5023 3453
2039 3098
5459 4081
7690 4173
8294 9003
2289 4131
1487 7817
2682 7418
3936 7866
9791 5950
9628 7668
8081 4082
430 3996
651 4404
7723 6541
6113 7812
2042 5097
5632 8814
7312 4548
1717 5330
7413 4534
7577 1586
1432 6944
796 1234
6523 2194
5944 9888
6141 490
4395 436
4315 3041
1085 1009
4129 9788
2541 3879
4944 7945
1323 6889
3377 9514
6126 193
33 2399
3730 5113
5489 2314
4992 4716
5690 2099
9157 7059
7451 6366
8046 4928
7763 5024
5951 3475
2249 4197
4861 310
4599 7150
1569 5707
8778 6899
3811 1626
2250 8728
4335 4428
4846 187
2988 3324
6629 2571
9598 9323
3320 2134
9748 5482
9977 2555
6738 8477
9953 270
3204 3024
6711 6222
5515 5181
6801 4525
6380 8989
2168 1425
5458 8611
9676 8609
6310 8917
160 3102
9183 9232
8590 5036
9744 3708
9360 8729
8887 8091
4364 5869
1406 574
6816 6331
3124 2906
8356 4392
4886 3001
1909 2238
7469 9858
3121 5388
8853 7545
2428 282
4069 7780
4190 5644
3470 5305
5208 7306
3476 4124
3365 3329
7792 4315
2680 45
9386 6067
1399 8340
7899 7041
9274 5814
2578 1605
9707 7763
7375 3933
3932 7711
427 7137
5623 954
7650 2326
3464 9112
1750 3576
5833 7522
270 3378
749 2719
9100 6302
1428 9458
9092 6078
1973 7730
4886 3792
7723 7199
7211 836
8867 5125
3924 2739
3501 1577
4907 7909
4245 7501
9738 5660
7379 4088
1166 5647
7287 6945
7893 4763
6850 5398
8345 2618
9250 1296
5687 3518
7026 4585
1153 6941
5718 3855
8327 5792
7362 4708
8879 7189
7623 8294
9612 3695
5069 6453
9107 9146
594 2992
5834 7072
5640 8698
3080 9528
8686 4619
5613 4743
1145 3584
2597 1047
3049 5399
4395 4685
4108 6548
663 9701
10000 3472
1893 5086
4095 1907
1128 5806
9261 4563
7875 3368
2428 405
2126 3050
6195 8755
4634 5195
600 2697
8977 6869
4024 7986
960 312
6320 8012
2166 5612
105 1806
5451 7083
6134 9155
1902 5724
1501 1166
1850 3967
6683 8234
3197 3028
3208 847
6198 9041
2349 9795
5094 9730
2272 2786
2599 9582
9184 9914
208 5917
5940 4243
9408 2063
6353 1312
804 6412
3935 4557
2739 4200
5764 5718
4451 5405
3051 9895
3339 4347
6046 1545
9152 2084
7639 3694
4474 428
5202 5063
4326 7423
8089 6445
5259 7845
7068 4480
2618 2398
2741 5002
6405 1031
3855 6642
688 2709
3076 4804
615 9020
3132 8656
5874 55
8277 8792
8045 5054
7084 9124
9819 3491
481 684
5322 1130
6102 763
2399 4169
5033 3643
6422 8353
7242 5549
2982 8878
4336 8268
4632 7834
7338 5806
6591 4166
8918 7520
6665 4743
4146 2505
1811 6378
2372 2640
139 7246
4970 3717
4608 5174
4309 192
7746 8293
4619 1784
3652 3403
7334 8914
7301 8122
7318 7285
2247 3486
4033 5013
8855 3906
7076 7812
148 7052
76 1610
9583 7270
115 2059
9179 6274
9181 3091
707 7036
9013 4624
900 6808
1208 2054
3851 7955
2220 2611
9184 2115
7389 9759
8916 268
16 7124
5995 9228
6514 3337
9452 920
7016 8029
8439 968
5087 4786
7758 4835
9250 2846
9031 3370
5697 1556
8804 2485
2981 9565
8856 5477
325 6462
461 4395
8219 5149
4603 1839
2587 5238
4530 2726
97 4873
7275 9972
965 4075
488 6916
9079 7666
1685 7810
3248 1787
9293 3773
3912 6313
4588 5941
770 4601
3544 4633
4092 3000
6547 8949
3219 8318
1723 5153
3457 5966
440 8062
7297 150
8337 7211
5692 7169
3961 9159
2167 8562
5485 1727
9196 2763
6191 6570
8607 7919
3690 4654
5117 5807
2778 4281
8435 6080
9659 2394
968 8307
1520 6032
2275 179
4249 200
3928 1184
5737 5457
5672 7654
7126 3194
4415 3754
7479 3818
4571 9629
4068 4473
7428 3891
2902 2900
748 8913
1139 9227
132 8646
9431 1208
702 9590
7393 1672
971 8628
40 2911
1105 7791
3913 7023
9439 9821
3159 8163
7215 3344
6469 9883
9432 6926
2466 9505
1888 2019
5136 5524
3587 4104
2030 1209
4838 3935
3850 5090
1395 2702
2660 7800
5642 5316
5528 4147
7150 4498
428 4597
4046 9815
8210 4789
779 1964
8595 6829
5183 6839
2022 9035
2904 5581
922 8437
93 5896
2589 4764
6877 3621
378 7816
2302 4136
4593 8359
81 2134
9278 611
8180 8993
6813 1341
4388 7571
3994 666
7572 7421
8075 5838
4371 4996
5105 3322
8331 8948
4658 8004
5490 4176
9915 5367
6601 824
4623 5598
2194 2707
7465 9003
2659 3823
6959 6457
5129 227
962 1969
1023 455
7067 5848
9751 2018
8001 9623
6541 2435
9292 5019
3271 1883
1157 5487
9828 725
816 6422
2259 5728
3111 480
7326 6191
8273 3660
5663 6191
2978 7055
1473 7575
5544 1848
7831 6243
6862 9816
3796 7678
4832 8399
582 477
2017 2678
7333 7376
4370 8003
1357 9065
6951 1574
7533 8545
3389 4577
2925 2705
5535 4445
9257 7609
1637 8120
1417 8294
8791 5965
4727 8850
1883 1269
7499 7830
2887 8590
3887 1193
5946 8494
4075 6700
911 4750
5052 8561
9716 2572
8100 4323
8142 4245
5836 8775
494 4062
6942 9926
8344 3623
305 8511
660 9197
8525 2124
2433 9008
3243 3414
7262 5528
8374 2462
2007 4361
4728 8625
2782 8120
3469 8868
1768 2405
2652 7182
3187 7276
9884 5061
1113 1103
1049 1463
4800 6425
8342 1599
9057 654
6743 1251
4109 2918
6404 5255
3266 281
3501 5720
4581 8567
6974 788
9733 3835
3478 4688
5205 9880
8557 6546
6471 8536
1264 5705
5168 8893
2439 9532
1466 3663
3673 6135
1784 7618
9606 9415
6471 1086
7688 3114
8281 7801
6848 3602
587 146
4515 1151
9196 5693
6580 5425
3296 970
4542 2718
385 3068
7287 9779
9241 4382
9305 5273
2756 1697
2877 2152
2184 7892
4906 2313
9117 8212
4277 2052
4422 4558
1500 1763
301 8635
1296 2516
7897 5206
3422 4948
228 7204
2487 1817
7170 5428
7770 3470
4557 1562
8525 5000
5130 3463
2736 6716
9745 2539
8152 5086
2186 3911
8672 5142
3224 2466
1315 7673
8170 9169
2602 7880
3217 1566
6177 8506
7815 2869
9745 2025
8378 8938
2436 6463
8998 4934
3998 3332
6824 8640
803 1330
5800 5941
5460 9786
2339 8472
6339 3662
9311 7965
8616 1339
4241 9803
9966 1640
7414 2239
2503 4281
4733 2764
4111 2833
4419 4880
7904 7516
3866 7436
3048 7793
9036 3524
474 8405
3209 2635
7323 2896
83 4932
3441 6685
2122 4029
7332 2766
932 5200
228 922
2139 6240
2178 4646
6949 6657
9247 5242
544 3803
6639 5603
4392 3366
8732 1111
6648 1434
7424 150
2245 9244
4444 4803
1913 2947
6437 162
2425 9814
6621 788
1750 9796
8832 9332
8935 251
1183 559
9252 7384
9047 3311
6605 3220
3480 3450
8384 8576
2867 4826
6728 1868
6282 5224
5633 4369
4995 3933
7968 2608
1798 9439
1263 5516
9272 316
3844 304
8167 6610
9505 9641
9694 7661
8729 6276
7385 132
1065 4648
3276 9946
8154 9700
6042 2486
2234 5586
1021 3444
6583 5252
6859 4158
1530 2408
3419 5269
142 2438
5088 9336
7108 5796
942 6213
9785 3634
2651 7091
4399 7672
8286 1193
4734 8981
6791 1143
7712 5076
3611 4543
3629 5941
1003 3864
101 4453
1474 9698
2380 489
6701 8253
453 6924
2339 4873
4240 4280
1866 9846
3513 4909
8224 1533
2645 3529
485 9276
4886 9376
4001 5884
1447 5733
2732 5861
8703 740
6342 1420
5682 1226
2927 9156
3347 7572
1569 991
9489 9759
8249 6988
2784 7480
8857 4038
9161 7863
531 7566
2822 9681
9456 7500
4277 2175
9029 8534
1428 2316
6782 8939
5759 6631
926 9182
9198 7896
921 6101
2451 5123
8666 5123
4560 4643
5986 7625
6239 5055
9513 783
6867 8611
9634 1996
1904 1466
9073 6779
2537 258
8818 9615
4264 6252
9116 4615
1538 4485
1731 6681
6770 9447
4916 997
71 1366
2409 2212
1720 7970
2910 8820
3437 3760
6529 7625
6526 8044
4370 2428
3720 482
7168 4693
8724 1092
4384 238
4593 7331
3680 4944
8286 120
6093 546
7586 6050
1771 2208
7080 3981
2296 3752
5035 598
4643 6536
2456 5686
4775 3489
9668 9982
3959 9840
623 4192
9959 5694
1683 2722
2604 8659
2122 2486
3977 7013
4385 5582
2210 554
2116 4971
4556 3567
5714 5940
2691 4249
3240 9742
525 9241
5938 9565
1651 3260
1340 5155
4138 7734
2961 204
7239 23
6917 8211
1127 9765
3644 1586
5061 4948
4688 91
952 4432
7133 8963
6280 968
7407 7196
637 7009
5054 7581
661 5319
5957 4815
6795 5505
6085 3997
7908 2220
4789 8446
2409 9308
2316 3146
5570 7149
4206 6705
6548 5455
459 8739
9853 161
6521 1569
401 1388
8835 130
6891 3695
2864 7915
6458 8204
5397 2042
4017 4719
8323 3013
2048 219
4813 2336
3055 8934
897 3277
1269 8831
7748 5453
6777 2336
9739 8803
8610 7449
52 1509
1904 4726
3653 2843
6315 4601
853 5018
5534 4008
193 676
6810 4583
4529 8813
7578 6923
2789 433
8716 1894
2820 7384
9462 2648
5595 9770
3426 2903
7311 8078
4180 4728
9807 425
2761 5607
7386 6916
4521 2081
8078 8191
5709 3471
8691 3730
6696 590
9015 9623
4891 5380
6887 7419
5490 1144
1140 8177
668 6451
267 8216
9746 2385
2027 8266
9389 7685
8184 479
6773 925
7014 6267
2914 527
567 3934
9395 135
7329 1775
335 3546
7881 1048
5067 9748
3469 1594
5399 5441
6285 5897
8793 5117
1985 5407
8217 8790
309 5500
4754 6535
3624 4413
2351 2509
7535 5529
6123 338
6635 5458
8361 4974
9115 3670
7116 9609
9034 8511
9045 379
4175 7046
8743 6602
8120 5625
8821 1158
7232 1940
7925 3856
5474 38
3881 8189
114 2230
6991 8509
6300 4632
8999 6123
5666 807
7261 9644
7980 988
9311 265
1900 8025
5061 820
9942 3016
6138 9051
6999 3601
216 4651
4801 9248
4741 6210
1461 433
7543 3450
4503 323
2772 2470
396 3216
3515 8627
1923 2398
2949 6725
399 1899
3930 2816
6708 6691
3864 3458
5805 2768
1629 2974
2111 3954
6580 7299
27 2757
4621 5236
9331 1776
2497 3836
462 2082
434 1197
9354 8937
3080 2994
8549 9581
7475 4215
6516 4644
10000 3976
7206 7685
4189 214
87 3969
7551 645
6895 173
5235 6545
5910 1466
1618 6122
5531 7189
253 5825
8096 9233
1215 3766
5886 1118
4601 7047
9757 7942
2379 6354
4313 5486
5369 2377
9378 4834
9027 6522
995 2169
9542 7173
2966 441
9107 352
3928 4910
8644 7301
5395 4077
169 679
3652 8495
6656 2711
1975 7141
7541 4366
1405 8232
6524 5513
24 8785
8216 4490
1076 2911
7147 9796
2114 451
3512 5175
8138 5512
4487 5046
9740 8752
7836 4239
7705 8905
5991 831
9495 7667
6059 67
4333 2371
149 5550
3018 3884
7177 1303
3070 2464
2741 3036
5489 4927
1401 3268
8273 8954
9830 8713
9475 7687
4634 422
163 5491
131 5535
4305 3781
4276 8061
2329 119
9070 1747
8332 8725
4919 9817
6795 5840
1604 4002
9033 4849
5895 2161
2655 2697
728 6834
464 5556
9598 4846
1325 8116
9354 4930
4017 4323
5384 2475
9625 4133
2974 4302
8291 5650
7881 6463
1040 8689
5117 6752
6030 944
8192 2179
5273 6771
1616 3404
4595 8150
3156 381
7190 9379
6469 9706
1429 5097
9825 9805
6932 9688
899 4548
5013 2740
546 5460
3112 9354
5605 3808
2846 5601
611 5686
4431 1007
6930 8416
6244 2500
7697 1433
400 3845
8904 3117
8797 8303
3836 4750
7929 1908
2333 6835
4877 6544
225 1254
1347 8626
9822 2470
2671 663
138 7367
1291 4142
69 7107
5744 6023
8084 3876
6420 5055
9746 1675
8940 2410
1703 7754
4624 1797
4136 3100
7084 5048
1617 1860
5958 5617
8676 8832
814 547
5576 3445
2947 7386
9363 3993
5425 8817
5983 3760
7667 3294
2769 4426
9883 7451
8326 3749
735 6514
1988 2602
3136 9632
794 7938
4892 9676
4114 3476
3319 4487
564 374
597 5262
851 6784
4416 2944
6278 2243
6992 4750
7679 6769
6807 681
8398 4532
7669 5765
7666 156
7020 7512
4800 1855
6580 8628
551 6440
3410 7039
7523 4116
923 2193
4383 4458
7748 6368
208 2781
5914 3371
9223 3942
6056 2818
9780 9722
6690 3209
6292 3543
5255 6776
6854 6112
2637 198
5931 602
1089 317
9506 5518
1666 8255
3834 2507
4071 2658
228 6878
4359 3707
7473 1571
3300 8240
6045 8665
6072 3457
3971 3985
120 3746
6978 3677
119 6010
3359 8451
6641 6126
8279 4828
4478 6012
9146 8113
8143 4795
5196 8135
4834 9519
4312 5657
9373 5756
9423 3719
8427 6819
605 2896
9517 574
3235 9927
5872 4034
9913 1790
825 7927
7902 1176
7369 248
4335 5928
9150 7644
4356 1129
3554 2623
8503 8125
8547 1256
1285 5603
3385 2880
8272 638
6825 466
7212 8890
2145 1042
1310 7032
6126 4249
7702 6401
1150 4468
5597 6644
4869 9548
8376 3618
414 7210
773 4343
3370 3552
8131 5995
7760 2713
1069 2061
4598 8342
2753 50
40 666
1687 4456
8175 395
3280 329
1348 8782
875 3471
8877 1761
8406 3539
1118 2567
1810 3444
3357 4167
2932 546
5755 1269
3910 9916
8728 7348
1185 8497
5425 7791
4942 1663
4524 3254
3004 4238
5749 7531
3017 89
9493 3879
6802 7158
3196 3640
532 8052
2931 1529
9610 4963
7341 2421
6576 4370
4501 9342
9088 1658
9545 9660
6536 142
3007 7578
5775 3471
9016 5834
3434 1523
4962 4572
7159 7156
1556 3629
560 9901
9620 2580
4589 1348
9804 4290
1835 8807
1105 4503
8520 8591
4584 8143
6541 950
8687 3797
7165 6713
9167 3751
4306 945
5336 2822
4913 7575
9861 1049
3895 4103
4687 3718
584 4428
133 1459
6657 3947
9718 983
8588 7513
5165 5678
8527 3717
2059 8699
3735 6805
7078 1488
7471 4117
2786 9325
6606 5211
9336 4580
5364 6948
8289 8829
7180 6809
6082 7078
9853 1362
3360 3114
1582 3810
2963 9948
3664 2475
1303 2449
2534 7001
2294 5569
6328 7116
5497 9364
1804 9960
2625 4969
3271 63
6061 1374
2064 9340
9191 9593
7193 8450
9512 4965
7816 2327
8186 6939
1713 3606
5961 4671
3087 9474
659 6331
8283 8641
6192 1874
1381 2692
7606 7769
5265 6488
6838 3158
7203 8140
8617 5445
911 2679
3883 5598
7000 6236
3036 3330
1499 2932
7569 8252
4237 4224
9363 2935
8636 3738
866 7262
8336 3733
9285 2490
3018 4202
9218 2684
8039 234
5820 3171
3410 2690
8305 5688
7002 1977
5449 5761
6464 8411
7332 5613
763 7598
49 8753
1565 6649
5874 5473
989 280
7168 4535
5933 3050
1698 6534
6469 9903
7816 9649
6561 8666
1506 245
5015 1243
2414 2613
8373 666
8079 3468
5646 4611
9739 3730
6402 3665
8052 6863
4295 7813
1521 9723
8374 7246
1012 9145
4522 4089
7259 6721
1374 9981
4071 5504
7244 1462
5112 3103
4566 5154
7247 3483
3842 8921
6341 4425
8654 7359
2897 2130
5739 5754
1269 5072
9027 3450
358 8944
8165 6154
3637 6086
57 5429
4180 7750
4368 1060
8438 7615
7700 8706
8481 8285
7838 2654
9024 9856
9957 2454
8668 1765
6920 7722
7260 9890
3368 7278
1387 8562
8701 9316
8068 1585
149 8882
4687 9662
2372 9430
390 4431
9449 9634
9670 6040
1076 2957
5360 7287
7913 2176
3901 1851
1598 3701
5119 8211
9688 1905
6984 1732
9814 5904
587 1178
4803 5877
1244 9024
6514 6056
704 1052
16 3163
8372 4911
8609 4283
7319 4967
3044 1135
7693 1680
3891 4364
8817 9483
4349 8845
1166 7203
9863 5532
3710 481
7528 7168
2790 1924
3558 9957
8808 3096
9401 8547
7171 8075
6027 1025
7614 8117
137 7878
9617 5245
529 6065
4137 6548
4953 4147
7379 1251
4866 606
6052 2322
4272 6866
9316 2252
2145 6763
9185 1750
5576 6694
3653 4582
3189 6535
9596 9716
1130 7407
9206 2813
7347 8291
5005 2327
8057 8198
8373 6482
4465 3679
2723 6302
2374 287
5735 7593
6902 3976
9808 4897
3880 1868
8138 7765
367 594
432 769
1572 5443
8604 9383
4823 1854
4570 1926
1611 3077
4584 1787
9076 452
2865 5264
7822 7845
2028 2260
9547 1318
5819 3592
7162 5091
6748 1724
6890 4738
9797 8076
6768 1952
8765 8221
9841 5790
8828 9073
7871 3323
9430 3598
4221 9152
3719 1435
2116 6726
2767 8109
2123 4680
42 9607
8329 2958
24 8137
9275 345
7494 1463
2105 7263
3782 265
7061 6792
9451 3698
1171 6139
7781 5902
3055 5276
82 8692
8232 72
7704 3913
9132 9385
6688 7481
4670 8394
7481 6202
7288 917
1466 4196
3997 4378
489 659
8274 5290
5070 5565
2445 5749
4533 6958
3402 3813
7826 1003
5218 923
2424 1174
9446 1573
9305 4049
5253 6325
5932 7772
8140 1649
8480 9423
1921 1745
1541 1244
2208 6917
3430 4360
1762 1607
9833 15
1759 3244
2314 9132
2968 8518
9871 2979
3389 15
5057 3387
6759 7907
6576 1787
8967 8332
6939 3364
6022 7419
8817 5850
6926 3734
8193 955
7433 6775
6534 88
8789 5279
3392 9465
2277 7941
1870 1644
5515 5287
8405 9142
662 986
1053 8884
4286 4873
3262 5473
7793 1901
8127 4785
6280 4896
9208 2324
3082 8818
8556 9
3248 624
4490 5433
8316 2270
516 6009
5841 1782
663 2851
5385 3457
8402 1894
1380 3783
1821 3184
1464 7281
1809 5077
4872 9784
1725 1009
735 9374
2340 7194
7867 3167
5804 6393
4767 7240
1911 5526
7207 3453
5208 9481
4837 5915
9975 55
4419 3685
3402 1926
5550 7031
3660 9468
8870 2659
4514 8141
6537 3878
7193 6267
5165 5406
7765 9969
1058 4226
1459 2661
3847 5015
9435 6748
8128 9989
477 5852
9255 6795
868 2576
1280 3240
1560 4653
8035 6248
6839 9271
2109 350
5582 6939
7892 7625
8621 8631
4722 3005
3989 7561
2350 4899
2630 8669
3040 5880
5179 5310
112 7060
2062 525
3638 3324
6098 7094
8949 5687
9134 9214
9776 1508
9331 7872
1062 8873
4628 1364
2844 8046
1079 4372
1215 3002
6573 3003
1871 489
9773 6458
260 1015
9599 7758
3279 3253
1239 1906
4687 2190
1351 5001
5156 6944
5821 3293
310 9674
7345 5709
9965 2174
6305 4173
883 4120
2590 8447
2076 546
1621 453
3400 7545
4981 5511
2494 365
8518 3346
7566 1768
9544 5711
7897 6430
9318 2829
9533 1200
3429 3231
393 8805
9136 7596
4449 8838
9843 4291
8011 7739
7195 1696
2044 8104
7394 9291
718 4250
7863 7428
3397 2330
1804 3511
7205 3757
2236 2725
2381 3731
3302 9434
583 4114
9361 3984
1347 9204
8921 4787
2107 5452
7793 439
8414 7393
7158 9329
6952 2284
6829 5696
1192 8321
3705 1503
2800 3955
5564 8460
2942 6118
437 6139
2999 4250
8127 2910
5394 4684
3400 2010
8671 3690
1265 5461
7444 7255
6581 2473
7078 1519
710 3301
9849 8053
962 4405
5475 2253
1942 4234
9679 585
6259 5462
5970 5646
8557 9601
762 9973
1598 4766
6647 2942
1910 17
8333 3754
6830 7051
4081 5409
4032 3910
8235 5864
7008 6814
1315 1391
4786 4725
83 9904
4743 6027
2923 7433
9196 613
2947 8596
2467 5302
1611 5842
5791 4165
1866 7382
3940 9803
1786 3371
5653 1611
5799 5532
5255 9657
2087 3704
6820 111
7339 9385
6908 8377
5466 7762
2311 1875
2722 1839
2230 7434
2065 5763
4860 9313
6211 3994
6194 3542
2694 8598
7079 386
9152 9909
2488 2633
3436 3657
9184 5040
5852 8334
1414 2403
5009 3345
9180 8713
1719 3101
2287 2706
6510 158
1691 7956
6232 35
9003 6308
1549 309
7385 9745
991 8551
1873 9580
5488 9832
9594 9803
3595 4861
9490 3332
8800 6441
4352 3149
2021 4219
2334 910
6486 4322
3542 9720
7933 1617
3794 9921
1144 8409
629 9479
2718 6961
1184 6504
4797 7490
3260 2090
5611 3541
7405 2814
6255 8203
3421 1692
1940 5972
3036 3753
2610 2654
8165 2759
6098 7309
1891 5829
1842 1763
913 9623
56 8033
9622 2437
8902 1397
7815 2508
631 1942
2629 1997
3286 9101
8107 8106
9504 2636
6355 4585
1344 9456
8212 4606
1536 2077
77 5171
6375 8146
4268 2407
4036 4814
3353 2034
6796 1453
828 8995
8902 7340
8088 8383
9772 6862
7987 5521
782 1820
1663 8247
1906 4959
2939 366
9988 937
9738 4877
5327 3324
1093 665
9100 7774
1304 3785
8348 3146
567 6094
4810 5835
4041 8925
8480 883
4183 3038
7414 7637
5485 560
8921 4281
7918 6447
5283 3173
3710 527
913 6273
3310 8821
1994 3550
8764 8685
8156 3616
5152 5858
9770 7961
9308 5832
4224 1802
8085 8517
9486 3702
6564 2761
8563 1241
6143 4580
1549 3436
1792 3588
8127 1811
1403 4626
8750 9807
9432 4081
4227 5634
9223 1974
5593 8432
7398 8926
9301 7965
1478 2472
7939 8709
7153 2769
8078 311
9080 8435
353 8352
4451 3925
1876 5055
8139 5869
1772 4441
5213 8021
3328 8634
131 5571
1402 9385
7362 9240
7062 5694
2024 9876
6024 3650
691 5119
1716 2924
639 2752
9801 6533
2293 4060
7569 8975
6382 5107
570 9237
3534 9752
2065 6073
4576 7013
2898 8401
606 8863
2747 550
9363 7574
5728 2337
7257 8040
6266 8295
9118 7541
2378 8127
9640 6451
1117 1895
970 4918
9856 4723
5956 816
5913 1901
1915 1751
4440 4051
4900 1054
5444 7429
2397 7025
5949 9946
8534 3011
2672 2252
2927 863
2995 7845
5863 584
6205 1138
1204 3152
5855 2432
9451 1568
9382 3128
903 6970
3618 4921
6428 7046
2837 1035
8275 588
9355 9623
9855 9613
3677 9511
4481 2740
5270 2667
3547 823
5966 2045
6587 5927
4342 811
9860 6891
7308 5460
8153 2645
9362 9101
8630 1085
3937 9846
4223 4495
251 7191
2293 389
8748 6708
1798 244
3868 1569
6402 9171
509 5431
5643 4566
1747 2505
3498 112
9223 9239
7996 5889
9718 7715
809 3396
7913 2994
8266 3240
297 5974
805 9767
6449 4108
7489 402
4132 9083
2199 8092
9480 6344
8223 6757
8813 3372
7816 7493
1484 3610
2871 9965
8261 4067
8549 7334
2830 5297
4820 4225
9897 8306
1662 9561
4740 3978
2312 417
6868 5991
6465 2320
3850 2989
8333 2160
7528 1685
4242 3237
8575 9628
4553 7388
1194 9679
7975 6724
9280 4274
6911 6142
677 1177
2745 8050
4606 4364
2797 5251
3772 8280
9315 9956
3089 4522
2323 2006
651 4366
9954 8583
1775 4695
9806 41
9052 8353
7945 6641
6649 1951
1267 3716
2066 9079
3118 3830
1969 2584
2130 7387
5465 7193
5018 4060
606 3330
4748 1745
7214 389
9008 2867
9908 1068
6487 8111
4176 6860
9841 7942
2645 7578
2261 6345
4068 4396
9896 4539
7383 9994
9944 6173
3667 2779
9814 4220
5964 3150
3609 818
6902 2589
8674 9400
490 5280
4406 6097
8008 7274
6661 8426
7798 9627
703 331
2682 333
7901 9708
5030 8587
1981 1750
4074 6499
7168 8649
1230 6808
5401 8977
1453 6950
8551 8640
7152 7959
9648 3928
7437 8935
3096 1303
2369 9170
7290 7116
8755 4173
9065 8034
5396 7754
159 7694
5689 5504
4906 4575
1440 713
9466 7944
9605 8655
8311 8749
394 823
5394 5768
650 2970
4566 7697
2158 6926
7704 1899
8009 7725
9045 2003
1175 3380
6880 5436
2164 1108
7860 2120
4975 2673
4150 5563
3529 7198
8348 5055
1938 5595
7258 3231
5502 3760
1697 9278
2285 6173
1448 130
4160 3317
1714 8133
1809 7040
2760 7017
751 3182
9819 1625
3373 9733
2662 2720
9632 7091
6539 4494
6233 7332
596 4839
718 7212
833 3986
4401 1027
1609 7764
8315 9199
8842 2220
1326 517
4990 3221
3512 8580
4839 4638
2917 1869
2754 7513
5595 9380
4955 4528
8216 1615
1934 650
1264 4295
1665 2524
2050 426
2526 2955
1920 8952
59 86
8112 8515
9225 2997
528 3060
1673 5054
771 5173
3340 6979
5810 6090
4212 2930
6029 4968
1151 6998
2315 1074
8611 1728
8878 6389
8921 921
9470 3480
2111 1615
5962 4936
5207 6187
9895 2840
4760 5955
8203 6618
4658 6682
6196 8984
3422 8566
6486 6896
5324 1489
3 8805
4568 9198
7636 700
4696 3010
2290 7539
3578 6763
8669 5348
3426 3648
3668 5798
1409 9625
512 719
1086 453
7669 6994
6621 682
7281 1255
2147 8935
6537 424
5450 6285
6795 2434
5411 6107
8938 6361
5305 5886
5783 1367
6997 662
606 9155
5057 7424
2584 7551
9637 4300
7131 1363
2480 3111
289 8850
8385 8562
2462 5039
9717 8799
6343 2928
2024 756
4728 946
3058 4291
1396 4423
4195 3896
3291 3715
2310 4032
7423 2686
4075 7944
7595 12
1040 9180
2298 857
7495 4320
9060 5002
9816 1690
3817 3887
8079 47
7892 4453
8311 8903
8831 9479
1256 9828
2127 6365
4682 2160
4019 9517
1900 664
5468 8446
3153 3940
1908 1885
4696 548
9806 9324
4139 1316
8407 9911
8176 5615
1841 7732
9182 9045
1681 570
1494 4824
1670 6311
1999 1931
2818 5178
2085 2534
7229 4725
2886 5408
341 4338
938 7772
5132 774
2325 5738
2070 1301
2639 4314
871 8387
5284 3128
4846 8235
1500 9889
2518 2741
6312 3607
3931 2510
6046 3777
5324 5396
5368 3336
1531 6337
1212 2604
7549 4290
5571 3703
2994 5669
4899 6777
6309 7206
2861 4430
6495 2391
6296 8212
6259 8072
4585 8748
2207 8080
5819 3002
8575 3106
2106 4581
9245 9676
5385 832
6711 7389
1290 2305
9739 2450
2446 1988
8999 6284
2694 9414
3847 8782
1542 7108
4790 7451
316 8852
4853 8358
8957 654
4976 3846
9452 9969
6925 6550
1908 4811
2542 2413
1000 9072
3635 2596
5996 4423
1302 7480
2169 442
4578 5659
8757 9501
1901 9451
8778 635
9046 1039
4902 3486
9358 5688
852 1954
370 3289
9678 5180
7995 1325
4395 7352
3198 8459
4135 5168
6483 37
1843 200
9505 808
193 1743
565 3234
7126 1503
8541 6676
837 8285
1700 9881
6389 4778
8466 9300
8898 1572
9269 7122
6629 7274
9351 2203
3103 5248
1369 7516
8328 5073
5472 8351
8089 362
2957 4053
2364 898
6113 7560
1440 1325
7725 5379
536 7372
5896 7561
2142 2019
8209 6534
7774 9346
3646 3955
9005 2069
9074 2688
4028 5048
2318 3571
6961 3245
1562 6125
5583 7093
7301 1045
9435 2896
1600 979
3463 6573
3198 2560
7355 5064
4262 7317
6411 1450
7991 1097
8355 6848
5092 244
4021 9749
2059 183
7584 7586
5136 6733
3708 43
1096 4848
8158 8839
6567 1198
9098 681
7163 1429
3496 5420
5388 8388
6024 7013
2858 1996
1053 5000
7260 4404
179 1630
3879 3823
8139 9374
3906 5883
3356 8248
3363 5708
4853 6679
2754 7047
3918 5152
7264 1454
7248 1584
9596 224
7878 5346
5995 8891
2184 8282
6623 3799
9595 5160
6165 3915
1961 2684
5186 6331
4672 5057
7548 3305
3038 8436
1256 3048
8575 4064
5972 1297
6159 9907
4502 5366
8521 2441
4567 5219
7159 1305
172 132
751 2195
9249 1523
4822 48
6163 4434
2197 7970
1759 914
7766 6783
7983 9380
385 8103
4566 3217
604 7807
8261 8939
329 8204
5801 7271
7531 7002
9099 1438
7939 3901
4413 7556
3506 3498
2168 880
1477 8945
4261 1860
7779 6119
1086 357
9172 9702
1518 6424
6750 2972
13 8080
3980 3787
1087 6204
8635 4304
3770 9564
1038 3057
3105 62
8447 4882
1049 4152
2003 8321
7876 3687
7971 2863
7369 3887
718 2784
3590 1461
8260 7103
9830 774
343 985
1256 3966
3121 1049
8070 102
1320 3490
4505 8394
9640 8108
2779 6443
5527 8518
5041 4165
4585 1138
7044 5880
309 649
953 9256
1745 152
9027 3613
2795 1737
5354 4471
7115 7421
1835 554
9556 3484
571 6048
5491 807
4118 7356
6841 8182
1999 6838
3815 246
660 423
3469 4885
8084 551
7103 7078
3435 8673
1981 7592
4581 3267
3721 678
3035 9334
3616 6406
4018 1436
9931 9365
3738 2228
3493 3547
7430 5887
687 766
2448 920
2520 9451
4505 8429
7764 1320
2916 2814
2022 4345
6837 7888
8758 4616
584 6924
2200 6389
1165 9572
4334 1224
7411 5293
6239 4330
3528 9997
5797 9910
4644 9647
6587 388
6728 1458
9359 90
4236 7986
8343 8435
6998 2259
2848 8138
3920 9516
5165 7754
1208 8485
3275 8881
3167 4464
3021 5408
3570 705
2719 1922
9762 7749
3637 1282
1855 9214
4563 7456
8341 6366
9537 9475
4008 5762
7234 7108
3053 1823
3945 6639
9186 3316
980 800
7612 6920
2011 8413
2810 5888
597 2596
819 654
4157 3265
9417 8674
3975 9383
4862 9176
7387 4403
6723 1997
3388 5044
7899 9378
2342 3177
5433 2896
7653 10000
1634 4508
3301 2675
5393 2802
5199 2645
500 1363
3881 4144
9968 7183
7958 8966
4291 4735
2505 7218
2937 9331
8354 6315
1512 9508
5009 2030
8574 6499
3771 3604
9389 8676
7462 1673
1422 4504
8704 2076
303 5529
9127 9818
9459 5094
7335 2879
8658 6561
5860 4767
5257 9383
1364 1172
7163 4850
8639 2771
2182 9957
1633 3276
8257 9669
9179 6833
9548 7157
8844 6652
6424 2483
5168 2921
909 7082
8440 7697
5010 1911
7303 5963
9233 7957
8269 3591
8683 7269
2287 3747
332 5324
7176 8375
2913 3405
1324 3694
4611 1527
6367 6432
7774 4728
419 9210
9779 554
8118 6056
37 4837
4566 868
3940 2405
5632 3057
4499 3221
4343 8528
5565 424
9627 8698
8348 267
4677 6373
2569 5201
709 7649
8965 5512
7182 7728
341 7098
1072 4489
2378 4903
6979 4143
3838 3307
3506 2804
1095 7318
6921 2522
3028 4259
1307 1726
6953 2391
9234 3403
4547 2243
323 8919
5481 4040
6752 4618
443 5287
7934 1541
2543 5232
3381 5704
9195 7275
9213 7857
1881 8550
8254 6608
1055 4790
9875 908
3666 672
6543 1780
8926 2144
2880 8134
9971 7577
6810 6555
4304 4024
148 5986
5616 7372
6263 8236
107 9514
1164 8258
3495 5783
5834 2728
7262 9363
7750 4753
2038 8412
6151 9306
1860 8904
4586 7363
2693 2618
8409 5225
4035 4413
7013 4460
3419 3054
2268 8502
4874 6122
2113 5302
8270 2670
484 4045
7958 6933
2776 7863
1795 5519
7849 8122
3349 4579
2573 7710
4552 1089
7879 7847
6482 656
7291 9720
4477 7575
4871 7087
6348 39
1594 8814
9946 8167
5684 8038
7295 3614
8212 7158
5540 4778
340 4061
2763 4482
2163 2815
1198 9512
5286 9826
7537 7441
8213 773
2007 4661
3883 6243
1146 2159
3789 6788
994 4338
7030 9336
3849 9086
5945 1276
500 3907
8326 7179
2004 5726
4653 4809
260 2144
8789 3280
7273 5044
4584 5463
8902 6670
3164 8088
4864 509
5558 9446
8411 7281
4018 3734
3615 5855
4157 5495
855 855
1177 8033
9186 9620
209 5573
7872 9456
5112 1736
5647 7728
7860 8578
8103 1713
5790 6403
2542 4522
4983 24
4129 7645
1911 3736
9078 3084
497 1107
6378 3408
3964 2056
6748 2932
4724 9200
2164 5413
4457 6484
494 655
3527 1639
889 3070
4653 1738
428 9271
9828 9705
314 2233
5669 3725
1625 4110
2538 2213
1976 9470
7277 7981
3226 6195
8586 3919
3170 3712
5333 7040
7248 605
4998 5814
1684 486
5015 567
5584 1020
9129 9470
3048 4736
7611 916
6509 6852
3083 5619
6332 8032
2217 8114
4442 7084
65 2835
1399 3031
9791 59
2838 488
3705 6427
7724 4969
18 6015
5758 9018
1104 7778
3077 8457
7878 4311
7060 4046
7094 7144
3818 87
4403 2865
4012 7844
3155 6528
8305 1334
6148 9037
8477 8090
8278 3604
6776 9717
1134 1480
4291 1253
5884 574
2612 3287
44 6385
5176 4758
8491 369
2353 9017
4795 2719
7720 2962
4358 4093
1267 5421
7358 2922
294 9973
4421 6165
2564 4534
4998 9082
7597 6423
7301 5495
2375 738
3786 5092
1436 3762
5401 8330
5424 192
9485 4870
6170 7193
6234 8281
3485 517
5593 1542
4212 7286
8659 7355
2484 8270
1623 7147
2467 6240
6930 4564
9256 5227
7731 1883
5446 1417
4137 4375
5992 5062
6688 2236
6558 1173
7669 4919
91 3430
1684 4035
8070 3997
2293 4636
6189 5088
4922 9200
3562 8802
6517 5395
9555 7487
8431 6399
5150 5656
8401 4579
3517 5652
1674 4161
7329 5895
7785 8033
9431 9575
3043 6773
3868 950
1777 6267
5292 2923
5661 284
1709 567
5488 7999
7 4134
6599 2664
2442 7080
5391 4481
1441 1258
4728 7265
8791 4832
3999 9602
3959 7884
5141 1813
241 6750
5942 1176
7821 4789
1612 6740
2846 3657
5530 2271
3503 5159
5216 9560
6796 7137
4375 9588
6312 2807
1152 3106
3416 4396
1093 671
1830 9270
4717 8161
3477 1874
6683 1284
8354 5348
9356 4107
6343 2341
9929 2395
6133 5765
7570 6188
4897 8580
2469 7801
2020 4723
3625 7013
9220 6591
531 9082
9235 1115
884 3741
2659 3306
5940 161
1893 4948
6037 5099
2911 1127
4615 4065
3800 677
2066 3914
1397 8720
339 1757
3935 5396
8660 3026
7620 2256
8187 4721
6946 1802
9737 9890
9181 9533
1774 5121
5060 2688
6950 7187
717 9744
6061 412
3777 5719
8400 8433
2494 9244
8942 7549
5891 7308
2415 9685
4056 1141
8365 4261
1115 3602
4968 1782
7993 972
5032 8407
5768 8405
3924 4495
7404 1700
2900 1809
8912 3998
9781 2428
7534 359
478 938
140 6795
4723 8039
6359 8741
1312 9670
5156 5057
9517 3315
6203 7811
1548 6258
2447 6009
8188 5392
5585 1440
3236 4464
9897 6553
5933 8746
1091 4702
6753 9897
5580 3864
4002 6116
2697 6003
546 9408
1145 3085
7682 5437
7788 3729
8165 7298
1124 953
5263 7101
43 7098
1307 7217
4290 1907
5255 6994
253 4586
4387 1648
2532 6280
844 5439
2184 9963
1042 7083
954 4975
6944 3467
427 2639
8374 8665
7221 892
9798 5472
9660 158
7923 1739
7397 7803
5346 9699
1799 3802
8454 7379
1849 7238
147 3101
2985 6255
8220 3563
9259 2563
5239 5994
4844 6634
974 123
4602 5590
2409 6550
6688 9933
4931 859
6268 3375
3652 6934
4866 2362
4835 8101
3053 5059
304 6835
6678 5802
7253 894
5681 1273
6795 3912
236 3677
846 1625
9987 302
7393 6048
4058 6220
1048 5401
6028 36
4396 5748
3743 425
2648 9828
1054 7567
3143 6604
7547 7042
4990 2843
724 5526
3628 305
2319 4398
9822 5231
6658 9655
3779 5116
638 2258
1368 1137
8995 1320
3737 1796
5980 1928
4284 4208
2642 3232
948 2426
1901 5758
2613 394
8063 9485
1290 6906
6456 2906
7929 1102
3538 967
2522 9400
895 4999
1538 6069
8343 9602
6620 1671
9867 2237
6562 8987
4053 6206
9769 4841
9252 6662
3240 8496
6529 1048
7738 1468
706 5022
1897 4390
8539 2301
6590 5819
461 7666
5626 5322
8348 5023
284 2315
9420 4459
8408 5190
2466 7339
728 3424
3010 9557
6719 3380
9087 6128
6136 8758
8093 2763
2668 3155
2544 187
5710 5750
668 1738
1836 9042
3273 1594
6268 7732
5471 8068
183 1493
6025 1866
8443 2923
8151 1221
3553 5292
4518 9946
6482 487
7271 1356
6966 2682
7036 2217
6325 5095
3968 1757
9399 5978
8441 7596
810 3562
1103 5486
2208 2088
1185 7670
982 1724
5106 7911
200 7574
8884 9680
7421 1040
6439 5447
207 4958
8986 9125
6550 5296
2861 9981
8782 8555
3579 7578
8577 6425
1506 728
9393 9854
7595 3197
8961 9554
9888 5641
8217 4861
3767 4868
6873 5614
4826 559
6000 9582
4213 2374
8935 7937
4930 6761
6245 7109
7764 4541
2902 5013
2773 5534
6055 9128
8277 6513
1583 1031
952 6464
9549 2470
7095 6474
7191 2996
7947 9110
89 4046
9526 5645
1066 5629
8597 4243
8354 7164
5487 3762
9949 2253
8366 7460
1791 8702
4845 9949
2630 5362
4282 1041
6522 9787
6149 4158
6934 2524
4152 5548
4664 5662
6816 3787
845 7891
493 6578
3360 5045
5531 6831
4115 2313
3592 152
7936 5468
1770 6365
9544 7381
406 6044
3083 32
3757 103
76 2661
9331 8790
3699 5796
4629 7283
5535 9398
2164 310
1626 3419
1425 3947
1271 5
