1008
549937
7616 7756
48 89
6 27
63 52
63 55
85 86
52 48
43 74
31 14
76 52
17 87
76 81
59 21
58 26
52 19
51 16
34 85
6 57
24 86
60 31
75 38
61 37
48 7
39 95
100 10
86 99
24 39
80 65
97 50
6 39
22 68
79 92
7 36
72 99
89 57
13 62
82 12
44 51
50 89
79 82
39 3
43 99
18 45
46 51
16 58
98 75
28 97
71 52
16 39
87 57
5 55
6 95
74 57
12 89
9 51
31 33
41 60
24 21
18 40
1 67
89 89
100 63
7 82
43 92
47 83
48 89
68 67
36 78
88 56
54 30
73 2
94 13
5 13
38 99
57 92
5 45
44 58
54 62
43 40
86 54
12 92
74 61
71 94
47 10
51 20
88 42
51 3
17 46
95 62
9 52
26 13
73 78
15 83
35 85
31 98
26 83
13 4
31 94
85 87
87 26
3 13
89 76
2 60
14 51
6 14
38 75
34 70
12 39
81 20
88 16
95 1
14 59
58 87
13 43
29 69
28 86
21 53
92 12
90 70
15 64
68 71
78 55
40 76
17 41
3 89
28 67
7 29
99 39
13 87
50 52
51 66
56 48
64 71
44 22
31 90
84 89
9 79
47 92
13 81
67 3
45 90
78 48
34 30
98 82
43 70
78 50
30 90
52 91
57 28
60 9
30 26
92 21
96 52
77 93
92 38
36 3
81 21
22 36
49 41
90 51
19 3
10 58
75 70
78 77
43 11
26 60
22 88
76 40
84 24
30 62
52 18
86 46
69 37
67 96
64 93
33 80
99 10
12 30
78 54
51 66
53 50
11 44
3 79
38 79
6 77
34 21
58 27
9 90
92 3
10 49
7 87
59 72
74 31
30 59
25 16
53 73
88 81
66 98
28 38
79 68
78 69
7 88
37 51
49 38
55 27
65 24
41 18
95 9
83 37
21 53
33 21
97 5
38 86
67 71
66 49
45 15
25 99
6 17
10 63
48 43
72 99
76 86
2 83
6 49
68 58
55 90
98 75
18 42
87 1
79 69
41 24
80 23
14 95
15 49
8 6
17 65
44 65
24 86
65 6
26 99
5 71
9 15
11 87
63 43
87 19
13 92
43 18
28 35
17 73
59 74
42 42
81 97
64 10
64 72
69 31
74 49
57 14
56 29
89 68
11 40
6 92
11 81
5 19
23 38
78 33
49 49
66 69
22 3
44 16
90 57
15 63
77 52
91 63
17 83
37 76
16 55
44 68
58 26
91 57
4 58
94 6
17 26
85 46
8 62
48 20
35 67
44 84
71 51
68 45
95 95
59 14
100 9
20 76
63 75
11 27
69 37
41 61
62 52
47 42
15 21
16 13
29 37
63 84
9 47
72 73
70 32
35 89
5 68
89 84
36 7
97 33
32 20
1 1
17 5
62 11
92 45
65 95
58 14
6 98
53 21
43 34
86 68
72 44
72 35
37 35
71 34
54 22
70 7
38 14
29 98
51 89
74 94
33 35
19 24
51 91
19 82
48 52
64 35
79 80
56 89
15 34
14 32
80 64
79 56
19 80
81 93
14 4
81 68
36 59
43 2
31 73
98 6
20 21
65 71
72 39
45 91
22 57
87 3
40 72
31 23
90 45
41 86
19 5
84 50
19 70
33 80
40 37
89 74
15 76
16 88
4 63
15 82
4 57
51 18
80 46
10 50
61 17
31 31
22 50
52 77
80 41
81 50
69 9
86 64
58 65
25 3
56 62
37 70
88 52
57 44
21 81
33 22
21 55
31 20
97 61
17 60
56 92
55 12
74 93
79 2
99 51
39 14
78 60
79 80
84 59
50 80
13 48
43 7
9 60
50 80
68 92
70 79
59 85
70 45
27 88
49 85
70 62
67 65
9 9
55 13
7 94
66 40
71 79
83 59
18 10
83 15
87 13
71 2
39 93
63 41
11 32
73 74
84 96
16 88
49 88
99 48
13 2
47 16
90 85
55 62
57 60
43 62
44 23
48 14
83 65
28 55
82 95
51 78
35 33
94 46
67 79
50 20
18 63
12 10
81 32
21 95
21 95
6 77
63 35
11 60
40 4
58 12
76 28
56 41
62 42
40 78
18 72
28 54
56 59
25 54
34 74
71 20
20 67
61 88
67 85
54 35
34 66
16 19
58 11
76 56
32 94
17 50
17 84
45 59
34 53
16 78
48 69
95 2
43 89
14 77
59 83
43 29
6 76
65 54
89 86
87 63
35 30
53 11
41 86
45 59
92 58
59 53
17 7
39 27
22 23
100 51
34 61
84 62
2 36
93 40
49 21
78 56
50 1
27 69
15 74
76 39
86 52
30 99
51 93
65 66
38 74
62 11
95 47
12 66
2 68
1 59
47 93
29 62
13 83
68 70
92 55
68 11
58 54
78 41
29 33
44 81
98 25
18 33
89 7
16 19
6 4
69 11
61 34
53 20
57 35
21 45
82 76
31 67
51 8
8 86
66 99
23 27
22 7
2 54
31 22
95 57
50 99
66 14
51 67
63 6
82 67
83 47
22 99
2 57
45 89
77 65
3 100
100 29
3 96
1 72
4 86
32 48
60 43
93 100
50 33
32 73
69 66
61 79
58 14
52 93
83 12
67 50
54 84
64 47
15 21
79 41
28 33
68 73
36 53
8 79
100 74
11 3
67 74
27 1
99 43
29 57
50 9
88 48
99 35
86 16
31 27
70 91
50 62
24 39
83 94
10 89
39 47
99 9
62 71
28 53
71 41
13 67
94 19
9 8
94 85
44 11
61 35
85 92
65 27
99 62
44 11
44 43
33 92
85 81
72 20
28 94
79 18
8 10
37 83
33 52
68 41
24 11
42 3
91 7
12 97
14 67
29 4
93 84
65 13
31 59
94 94
1 53
13 32
14 96
41 88
42 96
81 94
28 23
97 70
75 87
68 1
83 13
49 94
5 38
60 70
73 43
36 48
68 66
44 69
72 75
63 40
36 28
59 38
23 23
78 46
20 75
62 6
54 58
17 44
57 77
3 50
45 8
95 31
11 34
4 40
11 28
66 22
99 52
40 35
90 31
85 30
31 10
3 84
31 40
36 46
14 82
23 68
94 23
61 64
95 73
22 19
79 71
1 5
88 29
73 83
11 97
22 18
50 88
80 87
80 96
60 13
37 11
57 52
56 86
33 80
26 68
60 92
41 9
96 96
41 75
80 12
51 43
53 82
86 98
87 33
64 43
95 67
84 42
13 32
21 96
9 15
36 3
26 94
69 49
44 3
92 28
58 26
19 24
81 91
89 10
40 16
72 83
2 99
21 25
23 19
100 73
19 59
14 86
10 17
31 30
89 27
41 73
53 62
86 44
61 43
66 63
97 24
76 23
66 63
6 52
48 76
59 63
52 89
80 15
6 47
18 65
39 71
11 3
6 39
54 18
29 98
17 91
87 82
56 100
32 71
15 23
38 34
92 79
29 65
37 98
11 48
52 16
46 24
63 55
50 99
10 30
14 38
77 97
24 72
23 8
82 26
93 16
88 64
92 18
97 52
46 78
1 17
77 54
21 21
58 93
76 48
57 6
34 22
31 18
18 64
30 12
54 70
85 84
51 75
37 59
5 11
68 56
95 93
79 47
85 97
1 96
35 11
23 30
13 70
81 62
58 62
66 57
50 49
27 81
84 84
38 49
31 64
83 32
54 77
79 90
72 47
22 77
97 81
28 36
87 59
89 13
14 28
10 94
76 83
74 91
13 46
91 63
80 44
48 24
41 28
13 53
70 68
12 71
79 33
76 66
44 26
66 74
89 72
43 16
58 49
54 36
62 87
76 26
3 85
96 25
47 80
20 1
15 56
86 38
84 54
88 78
62 69
48 12
87 98
6 26
66 86
8 33
80 92
9 35
7 22
16 87
31 66
13 81
42 95
71 10
24 39
77 83
27 31
93 48
93 66
78 53
42 46
7 54
90 81
40 15
57 6
12 48
42 30
16 89
67 85
54 2
11 9
32 93
4 85
72 76
84 93
20 76
30 36
70 43
21 49
41 30
24 65
54 4
47 21
18 28
82 77
98 94
39 32
65 67
11 16
4 60
89 19
41 4
78 45
65 65
79 53
99 18
19 19
82 40
99 15
17 62
22 94
86 65
89 60
35 76
37 82
16 92
18 29
87 40
98 10
53 54
90 49
84 16
94 10
93 18
49 37
98 70
71 52
42 2
27 44
72 82
21 2
98 68
92 93
50 30
63 18
49 61
44 100
38 28
78 26
1 67
52 22
14 3
48 43
94 44
13 93
67 52
29 86
72 59
14 26
15 55
73 29
1 32
18 58
30 98
36 91
38 41
14 92
13 45
33 52
31 38
7 37
52 94
72 58
31 45
58 49
83 49
87 42
44 74
40 14
46 16
83 9
73 63
64 45
76 97
28 50
68 21
48 91
25 99
18 77
39 22
73 69
24 48
72 94
29 20
22 9
25 99
81 70
15 70
45 22
99 5
27 18
3 38
53 1
89 48
37 66
60 24
96 46
30 23
73 80
40 12
60 61
66 70
46 40
