299
288401
3234 812
65 47
69 100
85 18
42 52
77 37
33 26
41 29
54 85
18 81
46 93
43 49
73 90
11 63
44 79
23 82
20 50
84 28
39 73
28 24
83 15
30 1
27 10
64 6
33 58
90 3
58 68
76 51
70 27
36 60
42 53
45 78
36 29
3 17
84 42
53 19
67 49
79 75
94 78
83 52
77 47
29 98
84 89
29 29
77 5
47 91
90 86
19 4
3 98
86 77
48 35
52 87
22 25
73 95
72 64
73 64
40 91
98 87
76 16
52 43
22 25
43 3
51 41
72 93
32 15
60 17
99 17
87 56
90 17
79 82
91 15
7 75
54 20
82 64
31 10
61 56
14 63
86 84
80 92
57 51
34 43
49 61
36 12
76 14
42 79
12 28
95 58
80 53
96 31
95 43
51 77
95 54
15 54
9 46
25 4
68 12
17 40
41 42
45 72
44 29
53 7
94 16
66 89
88 64
77 90
36 33
35 95
5 97
95 91
34 59
92 50
59 24
97 25
2 79
43 28
96 83
55 89
2 71
35 23
97 70
47 41
16 59
53 16
100 39
68 58
88 91
5 38
94 13
84 59
60 81
2 93
67 48
63 41
35 31
77 47
27 75
50 39
72 80
17 5
44 19
44 73
35 1
43 16
20 23
18 26
71 54
20 14
6 14
69 69
7 93
29 29
47 10
71 95
27 14
11 25
38 28
45 92
46 43
19 62
55 48
45 44
18 96
50 92
37 6
92 99
56 77
20 26
79 23
58 97
97 55
96 17
73 1
51 20
76 5
57 49
41 47
66 14
17 79
94 71
85 51
75 4
93 100
13 47
67 63
12 23
89 97
83 17
93 5
44 99
33 54
69 30
65 31
29 79
85 95
7 84
98 70
42 11
21 55
57 22
96 9
37 38
88 39
9 41
1 97
14 78
8 1
22 81
84 81
38 27
95 87
9 34
69 73
12 14
71 99
21 8
12 53
11 3
98 100
30 43
43 6
5 17
44 83
78 65
16 88
87 31
98 78
7 25
44 79
29 40
55 47
68 92
13 54
97 13
77 83
51 86
68 63
39 54
9 19
2 11
14 42
58 72
70 57
22 70
69 41
13 43
33 76
3 64
11 88
69 87
66 97
12 2
31 63
44 41
46 91
94 72
69 29
12 41
48 30
56 25
16 79
100 80
71 38
23 76
10 94
5 55
16 27
70 12
36 95
91 85
59 41
5 55
35 14
74 26
18 59
49 65
45 9
8 28
64 81
15 85
50 12
1 61
52 78
69 65
100 7
22 3
10 4
98 2
32 49
50 18
49 65
55 36
72 72
42 91
48 79
13 81
32 42
65 1
77 21
31 20
22 56
