3842
88401552
6050 9363
7411 6249
1186 6706
6407 7893
8083 3562
4477 259
7742 1702
9416 6444
6137 4219
9816 8357
5568 9307
3983 7819
8683 8534
7577 2707
6127 6602
9883 5283
9279 531
205 9339
2350 1737
3906 7684
1941 9185
1271 193
4880 4842
3468 485
2068 2993
124 9228
8227 3467
2278 6830
6239 8774
7413 3917
1033 1624
907 9717
2539 7102
8632 3470
9847 2825
7225 2928
8358 6113
2317 9540
1689 6467
6461 7016
3033 7357
3073 6722
9025 5489
9987 2324
5639 4058
2338 6587
9038 3970
5745 8763
1175 8655
7000 1305
8202 6897
155 9407
9670 9488
8711 502
7398 1001
2143 2581
5862 798
528 4798
4026 2491
759 1282
6148 8496
3536 215
9998 6245
9780 4039
4163 5548
2727 4452
721 7293
9448 6463
3680 3474
5850 6380
4291 6215
1900 5870
357 3739
5617 1380
8519 952
1116 5209
4997 5185
5045 4308
817 5702
5240 3530
934 1077
1140 7517
7935 9858
8405 9104
9478 172
8368 8457
6663 2948
3653 8383
9164 4225
8857 9326
1493 3110
7708 54
9076 3805
2941 1707
1473 1451
8148 9885
3115 3519
6863 383
6610 5864
6962 6654
5911 1903
8100 1885
1618 5042
5055 7352
7935 9816
6111 6223
8439 6581
2132 8945
5208 9492
7622 3074
6848 6530
1377 2136
3888 5896
3037 34
4995 8319
2070 9453
5984 4158
8610 9857
4104 5661
6917 285
4596 128
2782 3472
8424 6379
3060 8911
7583 406
8123 4056
1641 1655
1747 5048
3745 1432
4976 3636
5274 2310
1448 4141
4144 1701
8692 9696
2924 23
9193 6282
5223 242
5868 3321
2792 5627
4380 6670
5969 3872
7698 4126
5688 972
508 2013
8122 3685
7915 3997
684 1295
2537 6969
4766 4063
3766 5915
8291 5502
7131 1190
6612 4375
3246 1776
75 3731
6579 6593
9200 3318
9530 4740
9876 5912
840 9668
4809 755
3612 3562
6574 904
4419 9442
389 7150
8399 9172
8888 7352
3203 2603
6091 9353
2772 6588
1714 338
1513 6558
7909 9334
1556 6358
7733 1188
7711 421
6859 4893
4787 2019
8455 4313
2870 8511
4292 8815
3459 6791
9798 4765
3817 5244
4922 3645
8252 1720
6596 2711
2314 9794
8439 5355
4549 1985
4104 3718
4414 5647
4951 9163
4619 4515
2287 7984
3053 995
262 3471
3898 1502
6668 8299
8647 6652
1366 1553
6537 3442
3188 603
2964 7074
5943 1298
9617 6766
46 7318
2752 7830
545 5047
9517 5728
8947 5364
3691 7593
6653 7817
2178 6874
3523 5775
2012 7795
6805 4538
1644 203
6903 912
2667 6647
1340 1319
6040 7812
5486 1682
4215 5248
3876 4951
2509 6689
2310 9377
8745 3008
4714 3541
2073 1047
7204 5781
1322 8462
4073 1187
936 5181
3411 2596
8789 8809
6488 6727
9090 6628
6285 8863
22 5456
8011 2597
1692 3447
7266 538
8595 3325
138 7828
5447 7822
4497 5659
9382 4903
2401 6588
136 8828
2618 418
9897 4971
4207 8825
3958 5083
3419 4158
7667 4891
4194 6512
9703 5273
1051 6337
1802 1975
3167 1486
3798 8770
1680 9573
8832 6712
1895 6118
5202 3192
926 292
1130 2721
7144 9766
1081 4363
9601 4072
2650 9479
5657 3138
7767 3646
7095 5336
8077 8066
671 3185
8306 2349
2349 5595
9135 9745
7773 6367
8392 8422
3992 7443
4836 3658
8569 456
952 9608
7234 975
7249 4214
4847 3936
5407 6542
7636 120
860 1070
6402 4995
439 2264
9887 332
6925 8892
5837 9821
5825 1593
4665 3092
6331 7907
7958 2043
8260 9275
3501 7771
1874 5262
6513 3476
629 3127
7372 5758
3900 9976
1081 3263
6357 7210
8872 4591
806 6120
5363 6885
7536 6270
8538 3455
7233 6836
1197 5137
3801 5380
6036 5651
5963 9153
9722 8279
4148 3235
2453 8191
8461 903
2036 4714
2432 8432
4793 5568
1755 7939
9304 7459
9636 3147
7164 3893
3798 2492
7382 9257
1566 1393
6828 6956
4891 8679
7726 7062
8930 2544
7108 7353
1905 8356
5422 4748
6675 4798
5757 18
1343 2127
7243 9647
8278 1266
4962 4903
5309 6363
8707 8777
3392 2651
6495 2105
1182 3959
7603 9974
6753 9748
882 5186
7154 5630
9400 9274
7364 9450
5865 755
9065 8133
4626 6327
4106 3019
1352 907
742 9177
2057 8984
884 1415
1375 1040
4173 5510
6460 2684
7700 2402
5228 8413
4836 892
619 1229
4505 888
1358 9816
7608 3853
9221 2646
6859 8204
5491 9782
4098 5588
23 1788
1855 376
1745 8122
4160 3327
976 2334
7522 2960
2051 8854
451 2409
7291 665
4488 9390
2984 5568
3058 6935
5584 9364
885 882
9311 2201
115 4522
6903 3000
3935 2261
9828 3212
1617 6255
4998 2964
2480 6390
9304 3132
526 2757
970 5872
77 4323
935 3539
7056 5941
5290 6275
6756 7639
6181 2785
8627 6244
8742 2632
1740 982
5934 1905
3970 7770
8325 7977
1722 6721
1464 6450
8739 7958
223 7620
6243 7932
3655 8220
9654 6362
1423 9550
7043 1393
9607 1999
1680 3352
9462 109
2314 8781
6057 825
8464 250
1309 9725
7735 896
7157 4145
9676 8125
6512 3849
6232 104
4090 9121
2607 2083
1543 4378
9558 8871
376 4327
442 8271
2223 31
3791 336
918 2037
3736 9437
9741 8129
3448 7965
855 3438
9976 4955
5847 7712
8638 9416
6149 2875
8702 1351
979 7566
7235 9495
1743 4476
6825 7778
9954 8490
4753 4311
3236 1019
5711 7150
6284 7081
9514 7142
5648 4909
7335 8200
4923 3347
795 5273
2679 9828
9043 9674
3322 9886
4526 8168
3189 8519
1928 4326
750 2681
2757 1658
6743 896
8770 8999
191 5052
1165 9015
9021 5080
5049 1830
6148 7231
2108 6210
1052 13
7883 3269
1036 4143
8518 7316
1707 5584
821 2029
7823 8170
1811 1263
2482 7523
7664 1037
922 7813
331 7471
1508 6908
9787 2036
2079 3217
8038 8028
9181 3779
7217 4219
9419 6327
226 7853
5840 6896
595 5208
6701 4367
6314 9045
5479 2829
5097 4035
8905 3125
6393 4343
2636 9668
8741 6085
300 270
9547 7119
7211 4943
3202 5156
8845 3441
8159 9546
3232 9713
6638 7042
4051 923
9618 1832
7978 5254
7579 4856
3306 2518
9520 6099
6223 2845
6095 2210
9189 3183
6703 9324
6724 4699
6229 8231
5185 5922
4195 2492
4620 4906
4216 1043
498 1489
7734 430
8416 5080
6410 5911
9065 812
6713 1061
7 16
1256 2877
7539 3663
6557 1447
2417 7794
8136 4935
1081 5452
3121 5968
6510 8932
7942 8688
9725 6341
4459 7689
4995 7909
709 7719
1709 2178
2141 115
4798 1552
6076 3607
2320 5318
7104 3037
7994 8979
2138 3625
8186 7580
8231 9843
8412 6200
3951 212
163 6021
6460 3371
4897 1896
4468 8668
6298 9798
8665 9773
4790 6764
9744 8364
1090 7450
412 7157
3724 1863
1236 5362
8174 5991
7352 5923
4715 1567
5992 12
4249 8013
1341 8734
5267 5630
7282 1645
5774 5591
7700 4141
2531 9093
1737 9255
7205 3993
7832 918
4503 683
6038 3882
4005 4189
5014 806
5259 6072
8905 4725
7185 3971
6706 8175
6169 2501
6137 5706
6741 3612
819 3220
1523 3144
1421 5318
179 1201
3387 5045
6250 6438
639 3566
808 20
4549 1383
1289 920
6488 5251
487 6961
8642 2022
7151 8398
6896 5597
6004 6977
9700 8403
8813 5442
4455 6170
8463 2329
811 2517
6803 7345
2053 7031
4320 154
6290 1235
7042 8080
6727 6898
767 9477
2904 4516
9982 4225
8345 5716
8554 5453
5352 1094
1410 2133
2788 902
4208 365
9079 8023
4365 7685
8808 8241
5511 4323
8200 4428
4417 6591
3772 7106
7980 1807
1942 4558
6759 2153
2103 8074
6947 4392
8061 4838
1234 2436
5147 8368
4708 7404
7390 9885
4230 4755
1261 3624
3142 7858
8619 5927
5747 1529
3062 110
8860 4442
7795 5520
7597 44
4035 9635
4254 4013
9107 3535
1420 6471
1123 6231
2757 668
4347 1606
2143 967
6011 7094
821 9316
6361 973
6524 8757
8998 8425
7492 2145
5589 606
2084 409
7167 157
5949 1669
5285 3735
2869 4691
7302 9352
1259 7967
5266 9477
8685 2345
2425 6262
6962 7155
4513 9172
9568 451
7728 6024
628 2597
4651 195
1870 7004
617 2945
1004 9515
2169 6935
8107 6245
7048 823
649 3862
8250 8449
825 2058
4198 9803
1786 9
6007 2006
5909 6683
4130 48
6576 7848
5907 4958
304 3288
8265 8479
9518 4650
2201 9372
1038 6727
2221 6279
4101 7016
8325 5923
4425 4970
1447 2149
8280 5870
8310 7768
2155 5746
7389 8313
1019 1654
560 6033
9614 7611
5963 6857
7679 5837
7084 6564
8798 5916
8478 6536
4862 4291
99 8865
2975 6837
1774 1235
2280 7041
7696 4214
9243 9735
6670 6498
629 4390
5047 8508
3438 7478
4614 7269
952 3784
2163 9178
2506 2952
2322 8093
1361 8569
4755 9428
8022 3989
2111 8681
5554 4414
3613 5689
6053 5435
1713 1825
518 3250
7438 4569
4493 9493
1442 7279
242 6596
8648 4683
4783 1375
3278 3181
8546 8713
9496 6370
782 747
2507 9225
6835 8154
7685 5374
6806 7102
2228 9177
439 3854
6747 3141
7530 1882
7125 6095
7829 4121
5727 4784
1 5836
8757 9849
631 2646
8428 7858
4905 9348
6713 5750
3328 3401
7381 9303
4870 89
4838 1076
2335 153
5068 5784
2510 565
2650 1750
6173 4086
1152 7912
1104 9355
8497 3223
2452 4238
2003 4314
5396 9534
7804 3805
9743 3322
2438 4077
4232 9858
9864 9907
8575 3247
5708 8758
9422 8770
9972 1646
5903 4230
9362 8832
5354 1293
5467 1205
7593 4156
6143 5527
1161 7962
4551 1119
8837 8969
7336 7924
9664 3891
2168 3303
351 2392
6465 7995
3163 4020
6415 4015
9996 6554
9163 7465
3919 3021
7176 6881
8439 8983
1958 2240
8356 2717
9726 4561
3241 361
5141 8337
6118 5084
3342 1499
9721 7505
1636 2132
7474 7226
4061 3348
1570 741
8387 744
1068 1730
8414 5820
2158 6896
9979 5046
2261 2651
1944 6505
8728 5813
2707 155
3972 4071
9893 454
1413 2574
4204 9838
6932 5709
1700 4546
8872 6170
3838 1364
8091 2169
3585 8338
3814 8871
5308 1382
5469 9207
8139 6267
802 7882
4875 488
5005 5119
1240 1626
2605 7849
9756 6876
9918 6117
1906 1063
838 3753
6627 1852
835 686
5752 3084
8057 6106
7975 4654
6540 3528
5013 8799
2890 6460
7782 3132
8148 5563
8165 3151
1033 9050
1281 9905
3768 4525
1242 278
4443 9721
24 6148
9645 7549
1131 7784
7712 34
5044 2208
7227 7690
2284 5884
7031 237
2638 3351
6818 6308
1587 5615
7935 4606
878 2588
539 2644
8476 707
5161 4067
2347 3635
793 3752
6805 9397
4197 573
5873 9696
7711 4281
3195 7034
2411 9838
82 3222
6497 3027
4205 9588
2534 7228
6458 300
5736 7166
520 656
6241 9080
7542 6246
3608 6045
1876 6701
5705 9329
5939 3055
3341 2848
8624 1325
4491 8643
5792 6761
2859 4331
1012 3757
8159 1161
6210 7564
265 3652
4988 6445
9436 1628
462 3383
8372 8735
3282 6035
8666 9647
7904 1857
4857 7028
8572 4420
5817 4659
5715 5450
2166 1803
7912 4970
7956 698
9887 6476
6636 4776
8996 2705
6679 2444
4600 2113
2598 8138
73 548
2783 5052
9727 1850
2577 7001
9733 7309
7628 8858
7964 1404
6015 8115
2686 7936
7461 7080
9696 692
8538 7602
9841 6068
8301 896
7171 6857
7942 5171
3599 2073
8786 2865
8634 5418
8839 3116
1357 8207
4542 3787
1128 3983
6522 6305
2515 5943
5011 7659
1746 3751
8848 432
5888 6416
7517 451
9647 6016
3182 6584
2021 8421
7151 947
3922 3743
9527 4774
9233 2189
48 6180
4522 7632
5407 2599
5044 180
4973 4846
5154 4467
191 2073
3614 8027
3270 8547
401 4970
8154 8623
4076 9076
5212 3943
5454 1409
915 1015
6449 7431
6950 1578
3466 8975
875 4145
7593 5260
4845 6383
2620 8487
6573 3647
6993 686
2330 6118
7338 5896
2659 5477
4705 3568
259 9427
284 1868
5462 4371
8855 670
377 7372
3667 9986
4805 2916
5766 5688
5480 4416
8473 7912
8741 3432
9560 888
428 1044
2731 5105
7890 4829
1637 1688
4199 9691
8982 9277
2561 4590
4161 439
8695 2234
6718 2176
3323 2671
5920 2185
1674 6649
4882 33
9743 9717
7912 4942
1128 892
2746 4855
6038 5768
2873 6325
6222 3058
8622 8004
189 6587
2540 4110
8984 5767
6721 2436
3335 5331
4995 9009
9173 7007
2442 8575
7016 7559
964 7912
960 991
1779 5938
8152 4992
9535 3858
6158 5644
8274 6353
6311 6463
4675 3184
8997 4844
9285 2082
9047 9719
647 6926
6115 5202
8989 8276
7758 8798
4736 694
3171 7844
8395 8190
5011 2658
5760 9442
4462 6406
211 7282
4254 1723
3053 7653
1203 1025
2561 916
9227 8333
2249 6689
5319 4863
3429 1233
8542 441
4412 7081
3333 4142
7165 9378
6434 7589
4237 3262
5467 3769
2755 8642
9860 7845
3100 2346
5892 8225
3159 7365
1319 8753
419 9412
5752 7733
3882 9366
3797 5496
2386 8425
9351 9674
9489 7518
5787 9838
7602 3641
5018 8628
7949 679
2756 6138
146 7609
409 1492
8162 8132
415 7757
5809 5620
8550 7205
6416 5066
891 287
9804 5207
5704 3885
3113 3498
5033 5717
5906 2453
2159 2384
6568 5923
1395 499
4121 6122
6211 1155
5355 3583
8019 4870
8017 2895
8701 1542
366 346
4853 5355
180 1650
1857 5468
2582 2240
9737 331
1837 9689
465 3449
7775 178
3798 739
6371 4155
1643 5091
3541 2797
6407 6431
2187 6946
2223 1437
3134 1012
7565 8000
5767 6125
9728 9849
7373 3292
8300 2903
6410 7807
3428 4414
5820 6761
748 7740
5801 2010
3441 6916
3557 8491
1843 6892
7010 4705
1492 1872
4540 42
778 9913
5938 8142
6938 9667
2353 6835
4882 4697
2686 4535
9960 8097
6082 1187
6542 8846
8137 4641
3680 1575
8258 2124
8103 990
4070 2740
6319 2838
7221 160
3450 1868
9459 6718
367 4148
665 871
7201 752
3371 2558
3411 102
4508 2699
6875 9990
7791 7538
6818 1044
1771 847
1682 5698
1381 4219
1957 513
8393 9772
311 7588
386 1823
5637 9556
1815 1466
5443 3109
5462 9904
1413 1495
7274 7635
3683 4601
1138 1128
5291 7930
6990 6961
1630 6187
3893 1639
8510 4425
8664 7021
5588 3573
7202 8787
2880 7090
9051 2927
1488 841
7828 2086
1968 2469
79 1747
290 4503
9802 8173
799 2964
222 2121
27 1023
9341 6632
9285 5183
6334 4329
9842 4281
99 9847
2723 8536
9898 4098
7662 1746
2939 6779
3380 7137
2124 1453
9938 8001
3881 3545
1511 1410
1720 791
4387 9653
3270 1154
9773 9569
4558 2539
1563 4544
2009 3588
4495 1998
2345 9216
6634 6849
9654 2341
1105 7998
8815 1253
5503 9871
2886 3733
1809 7289
7896 3476
2950 1726
8166 5275
6498 2528
746 2290
5088 3170
8691 6742
34 6427
1669 5720
3773 7602
2161 3945
4343 4457
2379 6533
2714 5418
477 9735
9555 4876
4675 2172
2288 2716
5264 8420
8750 2564
9702 7025
3899 2176
7790 4041
275 6908
4980 3301
6121 1601
123 4608
6526 9039
4785 6188
3079 2367
7394 9845
2579 8987
7385 3355
9944 6571
320 9338
1738 6651
4321 3519
451 3255
6044 2428
5472 7681
8842 6531
3932 9759
9288 1445
2412 7289
9130 1039
9311 9537
4677 4628
426 8594
8788 4975
5169 1320
4364 5451
9634 7071
3893 746
8857 5670
9681 3596
2678 3396
5884 3471
6957 9817
899 8347
9717 2430
5263 9188
9704 8014
3344 141
487 7936
2432 7500
5409 3807
5312 5740
2448 4138
9789 4537
5849 8313
7002 6241
4153 8003
398 5372
7574 9251
5612 9687
6940 9367
4714 7379
7515 8629
1615 6107
6740 8315
1519 4021
4083 2839
4578 9185
6738 2057
4041 9110
6563 9173
6451 699
8568 1561
4162 1536
7914 4437
3326 7636
357 1911
3448 8170
4147 6255
5790 1469
6971 2183
1538 6163
8283 8212
4670 3246
4526 4382
9805 8066
1562 9149
5912 1929
1408 919
3028 3335
1972 5403
2957 2550
4246 4540
4248 4103
3197 6089
9931 5355
8188 8373
6715 2009
6124 2452
6974 2729
8429 9977
1044 4708
1593 6945
5503 573
1557 7125
7059 6680
8989 9287
4738 4486
9419 1465
3251 5651
7142 7132
3931 3367
4105 6400
8795 7847
6852 3147
880 999
2084 1021
75 3432
6750 5786
2249 7904
9145 7750
9808 8500
1444 8868
245 2830
9493 5114
2612 6081
1982 547
2414 6910
7829 8551
3541 9194
3668 7375
4125 7292
1217 1496
3497 5698
7569 3911
4821 5071
4219 9142
6446 445
4189 7562
3747 3731
5157 3923
1205 2147
9762 3175
9778 2162
5106 7731
4651 3175
3018 5830
6704 2357
7651 8636
1336 2890
5195 303
3470 4334
1077 1392
1352 4473
567 782
1802 6063
1377 6544
7458 9020
579 1512
492 9634
1509 9076
8594 5299
9857 9746
8 6188
5462 1236
9973 2476
1675 9178
3051 4067
2312 482
1643 8703
7132 1292
1068 7140
7477 7771
2472 4459
1020 7703
5167 8099
6538 1261
666 3713
4887 7662
2160 976
90 5615
4930 5700
3304 4511
6442 6389
727 9802
7472 7968
1161 3562
4948 7833
6922 4017
5868 3000
4341 2345
1950 9100
1365 5148
5598 4211
8322 8154
8689 599
5046 7323
7987 7101
7042 5425
1558 4478
7685 3651
4243 5739
4455 865
2269 8616
3169 6775
1496 6872
8399 1993
6600 623
4255 9429
4265 2720
9917 3034
7775 5327
887 9802
3580 510
2912 7022
1362 493
9825 6839
5158 7225
7228 2262
7322 394
2417 5983
8317 6519
932 4622
1486 3200
3910 2099
8814 9949
478 8540
8879 7248
2837 940
1463 8721
1704 3424
5519 5001
3543 1823
6733 6817
3942 68
7 5414
6921 4692
1200 84
7118 8385
4406 3066
4144 2952
8877 3705
6645 508
4432 7878
2529 9750
9795 5105
8158 418
1039 4314
4675 1090
6398 1675
7511 5187
5315 3165
6967 6286
2028 2140
6328 9936
1820 1067
5798 2246
2817 8026
1679 5239
3993 3628
8727 96
9729 3640
9496 7307
2025 4961
4069 8902
9894 8706
5186 4740
7437 2371
2056 8659
360 3296
6428 2231
8470 7888
9107 6673
8503 5239
1191 2429
7495 4367
5761 5342
7793 7002
4957 284
7204 8886
2002 5036
1389 4809
5773 5294
6958 5871
7563 844
9292 2762
3505 1836
5370 3413
5038 9373
38 8733
1517 4186
4607 8062
6230 8504
9934 3628
3537 4433
5060 3000
5654 6935
7403 8849
963 129
6136 6029
5786 5763
4120 1469
6528 2619
2962 2727
6479 450
5302 8213
8390 5202
3696 1707
1210 6367
487 3136
363 232
2618 1625
5436 2880
3492 1450
393 9021
9704 3090
7822 8622
5515 9359
8529 2415
5799 2279
2517 132
875 142
4667 3688
3651 5285
1814 5075
9236 2769
6910 2744
7484 1448
8654 2560
6766 8646
2343 4065
4529 1162
4635 1723
4734 4581
4836 4910
2169 8317
1333 4137
5077 4117
8500 6362
7853 8986
6730 8487
1991 5885
7606 7648
344 8922
4594 9392
8229 6231
1173 8891
203 5582
3780 7105
7796 3208
3460 3193
4238 1825
4559 5000
5253 6435
7790 810
6374 4928
5317 7479
8544 7281
1757 3526
8649 7193
5785 7331
3438 9372
7869 508
1221 4811
1633 5899
7163 1289
4621 5004
4671 7306
6967 9962
1115 6337
9872 3885
8518 4214
642 3597
2895 42
4505 5839
4575 3299
3551 1652
2288 4751
2275 2693
8185 7476
8142 712
6639 6401
5195 5296
2216 8708
9284 4957
1485 5714
8405 8353
2128 3859
913 1984
249 8356
44 4960
190 7035
3627 9295
5115 8643
7260 1695
8651 2381
6562 2131
3672 1565
741 1514
8715 4928
2223 6012
7819 3218
5727 6156
9851 8855
586 3326
2188 9167
4689 1829
9049 8529
2578 8479
6699 3461
5215 7637
2962 5771
3549 2426
9767 4161
7148 9971
7568 7544
5800 4539
8822 5549
782 2507
5030 5879
6000 3532
6815 3198
8164 2533
1962 7972
1944 345
2876 1739
4832 668
9188 1148
2717 4483
7272 7607
5845 1392
491 6625
6297 8220
3677 5223
3989 1064
2057 7141
8947 9883
5075 213
1736 7729
592 9963
7350 4940
8339 3786
4313 6378
4271 4811
592 4519
2162 669
4609 4996
1620 8537
4081 3881
78 2594
2578 7700
6304 7370
7020 1278
6537 4677
6313 5115
6911 340
1614 9883
2344 8041
8824 9274
6383 4798
5159 9695
3745 1133
3221 9834
4231 9158
1563 6426
9504 9135
6802 7835
9423 2515
8826 6654
6038 3935
7373 6317
9062 4788
142 981
3850 3418
8310 7818
7355 6766
4092 7501
3817 4467
6446 8295
3574 273
6971 2645
3096 751
1749 4892
230 2355
4581 2591
6480 4387
8849 2747
8254 1005
8696 8552
9428 1851
1904 9528
266 7305
2212 474
9072 2127
4127 9890
9851 2524
5964 7461
3831 7481
7899 226
5997 7289
815 8736
9377 7263
5465 1973
9452 7015
8147 2882
1282 9311
1926 1245
2494 1653
1379 2613
5850 2684
5874 6711
4247 5439
1256 6342
1828 2170
9952 4607
1808 6256
675 9655
7664 9030
2322 6136
6171 954
4815 3579
4069 1846
5883 5458
7850 8636
2508 5829
6155 8984
19 1958
9982 9127
7771 2027
5702 9895
8432 7286
1454 4580
9101 787
1276 3822
7259 4357
3461 5287
2917 9503
128 367
8318 3167
1512 1357
4016 3245
1063 9770
6994 8696
209 3705
7680 7250
2263 5998
3993 8893
2442 642
2095 2216
9037 8024
9784 9652
5158 1262
119 4427
5143 3626
1522 348
9153 9798
2732 4790
1565 9252
9433 2055
5655 8468
5957 2726
4051 1994
4480 978
316 8125
9841 8590
8509 316
8797 6936
9757 7441
9238 169
1470 7530
2994 7746
5809 8685
6384 153
198 3190
7942 1566
7188 2978
5257 8515
7186 3061
6675 1969
4077 8810
5219 1936
2249 4890
5501 3105
3420 8150
3825 3560
1104 3218
3656 8258
7244 3236
6772 3698
8003 140
4305 4558
8652 277
1890 7891
5116 4844
902 4493
9669 1155
4609 4361
1196 2615
7305 5031
5761 8831
6775 4682
2655 9152
4897 2374
9988 9761
4825 8265
7005 1061
7894 1131
5234 7808
9884 2443
2960 7828
5790 5369
9400 7260
3023 7973
2574 5585
885 3444
586 758
8552 9354
5081 3164
4771 3860
7726 286
2090 9174
2098 4770
8682 5386
9630 2930
1420 2848
4659 6352
1755 8493
7138 2490
8676 3778
5995 7234
8707 7752
7801 1586
1531 8887
2222 7354
943 4978
5632 9445
967 7583
7094 9361
2932 1798
5553 7005
7652 9031
7278 1902
4352 1202
5593 4334
7269 5331
9699 9364
9530 2070
3027 1243
8832 3440
8858 6379
5194 7724
5357 2232
2210 8635
2666 4158
2198 4523
7444 128
3216 710
7134 4844
6526 560
2339 5660
1927 2626
3351 6869
3899 5850
3477 8300
9007 1561
2990 6662
7958 5022
4213 7072
2590 8607
6076 5853
3899 2317
2235 8533
653 9461
8678 733
1707 7370
7021 2886
629 8785
2545 7532
9155 8841
6493 2912
7146 1817
1270 5660
5744 8526
2532 3026
7677 752
3391 1336
8857 6086
194 2313
3764 8444
4628 957
3487 5090
1259 545
990 4624
2713 4288
5334 6947
7499 9093
7423 1887
7421 9318
4761 2074
645 5426
9449 5595
7771 2832
1322 8049
3100 4090
8911 751
8713 7825
3622 8103
1833 4767
1935 5331
7697 3638
4683 86
9543 2573
9673 5628
308 3220
7083 9844
1070 4910
8497 1571
280 2889
5080 493
5915 5377
7079 5287
5427 9797
5675 4603
1402 9826
4314 9491
4952 3671
4974 909
2115 2225
5557 9994
150 2141
8981 293
2545 1786
4306 4996
2768 7483
8056 6692
2090 5416
6027 4925
4659 1498
1967 2926
8588 3702
3725 3389
5273 4865
1009 8016
4265 2961
2637 348
4750 8511
1496 2164
8344 493
6198 6728
8792 8919
8623 2286
6630 3640
1845 2088
68 3684
785 4770
2142 6581
6461 2223
9729 388
2673 7519
1637 2427
7007 2046
102 8802
1085 7546
9883 9068
1942 5337
6779 7563
6877 9004
8616 6258
1708 3026
813 4980
6239 8207
2113 9249
3874 5993
9744 8924
2289 3616
1441 1233
2459 9843
7098 8998
1127 3627
6473 3427
5749 8823
9322 758
333 3443
4457 106
2038 2440
7871 1530
3858 2113
5711 2079
839 4639
329 4933
9240 2917
2206 2547
8084 7176
1395 6208
498 5430
8101 4380
9276 4407
4590 5150
3386 6998
8951 2481
3401 982
2505 8127
4103 2654
1213 3525
634 6878
4202 2671
7650 1845
5652 1189
6505 5194
2736 7628
9701 3627
6136 8118
5066 9436
1095 2542
2032 5281
5545 3463
6666 9848
6907 3960
1130 1615
4399 7505
2431 1533
9769 460
7487 5262
2711 6934
3639 4007
7060 3903
4966 219
8222 1601
440 4009
283 4379
5853 7666
8394 9913
4688 8588
1331 5944
8638 1314
5861 415
1969 9837
4293 2945
5696 2762
8476 3594
6194 1259
1841 1264
433 5765
9265 209
5759 5946
2771 2086
8720 5947
9623 9929
553 943
2088 1041
5114 6046
4727 1969
7938 1737
9951 653
9289 9781
1878 5434
4689 5012
9463 7619
1737 7175
7896 7451
719 3195
906 5388
7943 8249
1312 8310
2971 4394
8027 949
7667 6817
5175 6436
1321 2967
3165 2133
614 557
3373 8217
23 585
946 7416
8730 378
6506 6679
6808 9538
7675 9866
5785 6187
5024 7031
9077 7213
3399 2363
5647 2176
6474 2304
8317 1366
4311 2017
9571 9170
9544 9730
824 1282
4874 5420
9313 6786
8170 9049
4553 6195
4126 8926
3290 3122
2228 8005
1987 2027
2864 6605
7497 2151
5718 4192
4192 9910
9207 1267
8753 5196
1462 7449
2478 7240
3773 1832
5438 120
9234 4428
8534 5234
8903 335
3763 1638
9003 7200
133 958
296 9052
5096 5111
4934 6542
8328 9069
90 8539
9820 9742
7931 1631
2348 2949
3404 2065
6620 5174
7837 985
1281 984
771 6304
2613 4603
573 9926
1173 7136
7294 1116
5319 4301
2033 1587
5917 8247
7781 3475
8355 441
3338 5180
9090 7824
9281 7808
661 795
7737 7842
9583 756
9071 2893
6777 6722
8430 6421
6704 3130
104 154
9656 7600
8239 903
955 8205
8739 1662
4739 2136
3351 6734
1341 6665
7616 5362
2732 1890
2490 358
2906 9149
5010 7564
5906 119
2063 7785
1043 4879
8968 6651
8514 2346
844 7409
9549 7288
6547 7131
8485 7697
1068 9235
6382 4363
8987 9666
2955 4797
2587 5287
4430 8501
5129 1442
6549 9470
2108 9371
7442 1484
9896 6393
2723 8873
7086 1120
1338 9834
5592 704
1531 2384
815 6733
2561 2271
6938 8551
7452 7436
4286 1949
5040 6313
1593 8405
3144 4975
958 9243
4180 3790
8047 509
4704 6150
9317 4678
6569 2620
6044 991
519 2574
5388 6400
6895 6500
2232 9855
7167 9788
9093 807
6911 6548
7227 6909
9576 9041
411 1892
8831 2151
5924 7153
4856 9087
1452 5602
7979 5242
3224 862
8662 4594
2758 1713
9386 3819
692 9663
4078 1062
2946 237
2215 1081
8067 5432
4228 9479
1873 7475
182 8981
6801 4686
524 8675
4855 2130
9930 6892
8994 666
7030 8571
4438 7029
5403 8799
7604 3521
8966 3138
8347 4828
3158 1193
1449 9792
1903 5719
4699 6940
4631 2842
6376 6735
9029 9708
8590 2474
3272 7096
5875 1759
1705 8587
6693 9085
7391 84
988 9492
6601 8130
3034 6293
9656 7545
2335 4343
5624 4590
8094 1016
6491 3111
5754 7771
6229 8115
4097 1204
525 5546
3997 8202
1889 9408
9662 354
5847 7964
1607 5684
170 4835
6789 6443
2747 6658
7829 1076
1254 9280
5820 3597
5256 8648
6055 4880
3085 4604
5330 1085
3084 6037
5807 8550
7012 5331
1669 1285
7555 3137
6312 9725
6940 6033
9979 5387
9285 8603
7862 8662
5110 5471
9168 5489
542 1960
6052 7346
1258 9589
5166 7678
614 831
4442 8204
7410 4585
579 8727
614 5752
7 6422
7176 5266
9401 1693
9806 9285
1033 8584
3692 4606
2304 7421
1904 1356
537 4745
9966 4495
4535 6480
9706 3047
1686 6320
7202 139
3358 6364
4345 8765
1705 2902
5442 7951
9181 3430
4096 1863
5342 1465
6352 3770
3654 5606
6850 9549
1511 3501
758 2651
6725 3466
2538 5152
7883 5913
8604 7315
6461 6445
4107 8517
659 5534
6838 7297
7569 5671
1360 6211
3710 7023
6398 8133
6691 6496
5540 2743
815 8436
9463 9890
777 7472
1610 4967
8936 4206
3570 238
4892 897
4307 6395
946 1770
2088 4859
3248 4926
8662 4658
4670 213
4265 6203
6449 7437
3345 4351
633 8095
8064 6961
6856 453
9878 5930
882 8786
8250 9726
1318 8531
750 9609
2332 2414
8027 9326
6390 5403
2019 3576
6171 1774
2150 3855
1254 9535
7436 7754
2416 737
5561 1727
9142 4877
7550 9554
5112 809
5886 8609
4284 4590
7748 1976
9578 7829
2534 3272
2966 4817
4092 3916
6030 4310
1133 548
9462 580
2656 2183
6290 7260
2306 8309
776 58
4740 8926
848 1034
3136 3099
1325 5444
3214 5211
4318 3240
5461 3163
4291 9256
5366 4951
2073 3403
8253 7780
4364 238
330 5043
658 8053
1846 2405
7099 5369
2035 8438
4664 8627
122 2466
9462 5722
5014 5294
7865 387
7410 8761
8742 2971
6795 1285
6061 171
9790 8063
545 9541
383 3483
6218 8749
4099 5998
9174 7965
8076 4956
3352 4841
2703 1217
7650 4310
4920 6851
6425 6809
3227 8813
4752 6367
1682 3911
8396 634
8117 1510
5843 543
4459 2843
8370 974
664 78
1112 4900
3350 1022
1572 7605
3452 207
1178 1354
1341 6294
3727 8838
8625 6116
8247 8148
8929 234
7972 276
2141 3026
5550 8944
7228 2735
6746 7221
8348 951
88 2717
718 5162
5621 672
2666 76
7737 4688
6949 3550
3396 4783
4462 328
5367 4176
3771 4930
4723 3834
5282 8180
7576 8352
7062 6988
5436 7923
9854 284
6011 6136
1157 8723
4419 4611
374 4549
3249 3692
3825 1590
2307 1955
4518 1992
8833 1164
693 3892
6656 5650
9631 9354
9413 5806
81 8933
4146 6881
1954 6779
2705 523
2026 7695
505 3645
2982 8912
729 1275
6754 2836
2439 6743
3142 2483
8374 7554
5784 1482
1697 838
3844 9512
3808 4521
3746 9989
1287 4354
2696 5977
9866 4715
5902 7188
4537 1307
3810 1589
1276 9322
1116 7930
5907 8144
4805 7225
6369 9420
8794 2478
5047 423
4911 1918
8159 2106
7679 9214
7001 1902
2263 9281
8928 9897
7500 7620
692 810
4847 3807
6728 5158
4526 3759
4695 3713
2953 1817
8796 2650
4786 9911
8425 3051
4592 1385
4869 1590
3301 2069
4785 9327
4120 9280
8603 1185
2194 8231
6864 8960
1517 5076
6096 8497
6439 6050
1750 4852
8100 1694
9934 9892
9209 9248
5595 4537
5027 2317
7143 8415
3146 5840
6953 5861
2162 9360
9755 4290
8611 2706
493 6463
6062 9472
5338 2635
5416 6641
855 326
2799 9384
3082 1034
5378 6494
225 4046
3255 7394
2776 669
716 1165
6646 5964
4232 4918
738 5096
325 2302
9669 1143
8149 2551
5477 1575
9802 7890
6317 2364
2562 2690
6952 2432
7738 9079
3072 4369
409 8285
1722 2990
4442 6035
5688 7601
5790 9700
8742 4590
4408 2419
5486 6307
5470 3074
9550 4302
3007 2155
5461 6824
7434 6985
7623 5313
1117 9614
2049 8652
8933 286
9191 1932
3526 4959
2271 6332
5466 9878
528 6654
6940 4320
3970 8688
1787 4470
5741 3591
4754 6989
8135 1433
7416 1873
7379 2816
8993 6783
2343 7431
9605 4945
691 694
593 3549
234 8486
293 4552
2887 8983
1174 3201
7037 5425
1827 3723
1267 5110
4470 3087
3291 9858
5974 8536
4665 7309
4821 8150
4984 8252
5544 3875
5564 3733
5407 6605
8527 7247
4435 7571
9151 689
8216 8861
5947 7706
9923 4596
9724 5391
8509 7086
3754 9799
3745 4341
8479 3229
6863 6267
7623 5402
5342 1694
5815 6049
1271 9938
2848 8953
8222 238
450 1982
1428 1535
5973 9565
5556 9584
7730 500
6948 1014
5709 6928
2928 9669
6074 5665
8216 9201
9741 120
7212 1000
1651 1469
6043 378
42 8335
4861 5455
7149 6920
263 8581
4111 1155
1923 3666
1191 3888
9516 8165
9489 1042
1421 6555
7958 5774
916 2753
3345 1455
3605 1845
561 626
9522 9740
8839 4560
2197 6690
4866 7070
7047 408
2971 5331
7397 9651
9399 3477
9630 613
1186 6692
6279 1327
7582 1658
7562 7226
3060 1804
4209 3653
1821 711
330 560
7943 8346
5510 956
9080 982
2471 2926
4219 2993
1639 6713
5461 8851
7922 2715
4400 9361
1365 2049
266 29
1219 2826
9870 1897
5324 5872
2930 5758
147 4395
6893 2426
9318 7706
2871 7840
661 6943
7950 2686
8421 5722
6890 2333
3475 2496
4590 7280
3318 6148
6468 7867
2746 1261
7659 8788
1376 3680
610 8641
3326 5536
1286 3478
4898 4803
3464 6888
5892 2624
3831 3593
6425 6327
2385 3392
3673 1531
3586 8097
9006 9144
1387 888
2689 9940
971 1652
3216 7265
1821 9655
7751 5775
4929 3977
92 692
7592 2896
6813 6186
4485 9073
5286 9780
1966 3208
2902 2598
1752 8802
8058 5449
8883 3052
8603 2762
8223 6808
4796 9390
1182 1737
3964 6210
5017 750
2492 8871
4101 2182
4805 4177
4941 602
1197 5918
9985 5877
2338 2575
1651 2260
3285 1116
60 3472
8277 9915
2861 6930
5009 1757
4152 6976
9626 8517
6451 8602
8918 4052
907 5410
5223 9694
8314 624
9937 5382
2918 3512
9181 139
898 9445
7106 4890
3084 3602
2188 9010
3510 7787
6221 9805
2312 1379
6769 9035
6509 2176
1950 6878
5220 7122
1505 5657
9879 3362
2900 4068
4387 5906
415 1932
9303 7032
6646 9614
2052 8736
4391 9170
4010 1787
3680 6832
5396 1366
183 1322
8149 1785
4964 2306
1321 6776
7853 2274
2385 5360
9097 1914
6717 7335
672 3160
9701 6315
2931 6143
3771 9526
1266 752
4917 4029
2999 2086
7882 7441
5987 6149
9681 6187
713 2597
1179 404
7605 2055
3876 9440
5143 1811
7411 9904
8491 4320
4112 3661
3315 4527
5052 2382
5580 4629
2170 6870
8665 5458
7861 8991
6738 2037
2662 8540
1938 8001
5878 54
3828 8205
3450 3305
7930 6831
4694 5664
5531 2121
4640 6209
7903 9217
8160 8243
8948 818
3338 6712
3933 2697
1961 5784
9222 2042
9224 4558
5559 3590
5896 2015
4926 9039
5685 573
6733 2513
4327 7797
3667 2200
9644 5690
9220 569
8651 663
8408 3747
4030 7289
566 3358
1869 2667
7663 3458
5382 1256
826 6954
5787 3602
2520 4555
2927 7032
1779 6438
7269 4084
8822 3713
7058 8368
8043 4208
2925 4582
9833 3176
5008 7729
819 6997
95 3179
6143 1638
2911 7584
4992 86
9390 8224
9415 1574
4969 7685
5409 6483
912 2234
3750 7922
9844 3713
5430 5164
1781 7279
7550 4537
7013 7182
6960 697
7389 4928
4909 5250
8035 5158
6086 6190
6187 1204
349 2824
3133 9528
2315 1327
9030 2498
9514 4318
1184 8421
9268 2531
2851 6060
3211 5141
6576 7941
2194 5956
9346 2094
5768 8486
5133 3480
7488 2391
1508 7793
763 5782
6589 6861
7850 4733
4988 1944
8586 1587
4032 2353
3134 1904
7888 4588
1321 807
1576 400
2994 503
104 9389
4397 9682
3574 605
2989 9069
2054 7184
7952 8639
4215 8155
2253 5641
7021 9381
8648 6705
2953 2131
4027 563
9524 8368
8648 2900
5310 2361
5776 4183
8850 6509
3115 5583
6759 8809
3042 1377
2610 2184
9263 5164
5936 3854
5725 250
1139 653
1315 6824
8404 844
1410 6102
330 9090
6499 6079
2322 6288
5940 5616
6051 1992
7533 8922
6911 6849
1257 9815
4633 2514
6178 3077
8023 5447
1651 8855
1439 8077
5664 3670
6785 4587
7384 3950
5149 9778
2609 2450
2801 2765
412 6243
5598 247
1540 3578
1107 5110
4558 7165
9788 2271
696 2652
2499 3556
4420 26
7645 3514
310 7097
7164 9224
1600 7947
4732 3298
1354 8778
127 270
9465 3143
2460 5623
6703 8411
8178 1908
4894 2956
3701 1148
5299 777
339 274
7805 3005
9432 4077
2109 2031
4295 3089
6537 8055
5281 7188
9402 4768
5574 2331
9429 8944
374 1834
1294 1794
8873 181
3964 7113
1505 7861
867 1940
3312 7493
3814 7629
6047 6287
1060 6551
6684 5678
8133 7125
9202 2649
182 2295
5618 6095
498 1978
6175 4641
6905 5106
230 2552
893 7783
6071 119
7915 832
5332 5213
1804 1116
9241 8426
3425 4366
5798 2392
7829 4693
6278 5400
665 6600
6763 5390
5587 6569
3292 4229
2192 9942
9236 5768
6510 549
3004 4738
8904 2069
5676 9929
3658 1272
666 8665
6328 5482
4489 5920
7219 7793
3071 9411
1900 4260
4805 8913
7621 3839
8196 8714
5743 1861
9098 6946
3046 7904
1457 6448
733 5484
6022 3660
9852 2285
9999 6553
3890 8599
5776 4969
4775 8901
4411 1624
6803 1199
5262 1099
3888 6635
8747 9332
9094 8645
6269 7
6595 6497
267 6005
8696 6660
794 148
4864 7681
5852 4340
8608 3877
9502 3245
4501 874
6004 1167
2604 3173
5635 3286
1870 3985
7423 6039
7793 6654
8965 2773
1378 8965
8128 8014
6519 1811
6939 2066
3015 9180
3223 1844
4082 4030
5598 5184
2917 9138
5324 6985
4730 8527
8182 25
5000 6591
1169 1832
6871 8805
2336 4160
6408 430
3154 7761
1727 2928
1761 4411
9244 5463
9536 2493
7810 2175
6661 5407
628 1475
2908 486
5849 5648
2478 6232
6043 5222
3846 4270
3911 3191
8055 3276
3316 6850
5249 1885
7988 3973
2586 7388
9346 6181
5530 2274
7705 9901
9167 5745
858 6298
194 4027
7297 4900
3860 2313
770 454
2580 1090
3591 8432
1771 6035
5227 8563
9281 3669
9869 6246
5102 5619
7353 3596
9202 4547
9312 6935
7287 8723
871 669
5786 6756
8303 1242
3372 7621
4410 4054
7740 5330
2929 9237
1711 6873
3125 5618
8611 6302
3853 2236
7527 3679
9529 4826
2553 611
2084 6949
450 8051
9343 1137
9087 4891
9576 9170
615 9986
6744 3282
5364 744
5551 7389
8252 117
5356 3808
6730 2925
4096 1983
7429 7508
5490 1431
2254 6342
9207 8409
726 3803
7603 8604
370 2345
5029 5102
9457 3859
9106 7451
8708 8252
8504 6619
8662 9904
6743 3067
5485 1358
8669 8370
7719 9928
5088 5082
3043 978
233 8624
859 7793
826 7989
3950 250
5310 4410
225 3183
8553 9701
6585 3257
4660 1425
203 2362
9762 4557
8978 2165
5158 3772
8631 6644
6704 5715
1924 5499
8189 5255
7054 6251
5914 9131
2003 319
2368 8822
2805 5960
4986 670
1726 6000
4535 1278
7468 8836
1788 3989
4679 6789
1121 889
2715 1620
6262 7264
9626 4340
574 5104
2072 5056
4437 6636
6142 2784
257 9630
6880 9816
3627 414
9471 848
1705 1470
2894 7666
9213 679
8279 1396
7924 3712
229 3837
6957 3338
588 2261
8507 6760
2724 4282
43 1511
9223 6456
1000 2322
4303 2816
5495 4001
6624 3138
3216 3168
5140 3954
3543 4484
1232 3995
5990 3339
4429 1562
9885 5226
8208 6545
515 9559
8687 834
4169 1478
512 9762
8348 6743
3798 6664
6925 854
4870 838
9771 6325
2668 6461
8597 4310
23 7071
9164 124
3283 9370
7561 613
4257 3702
8487 1082
4181 9746
2064 828
855 7842
3999 21
162 4012
7493 1621
5297 7131
9016 1110
784 9442
2876 2828
6254 3642
1696 1718
2403 70
4896 9385
2239 2169
6960 7460
9607 4824
6197 8440
3035 9304
8290 9835
6309 5045
4573 8274
4121 4102
3504 6723
1662 1274
4331 7157
8710 3036
7033 5281
6310 907
6289 1275
2736 3519
2380 6000
6456 6060
3623 1129
3974 9872
4394 8033
7955 2431
3504 3627
8723 8853
603 6051
4622 8058
1261 3862
685 1635
7143 3919
1493 9845
2218 5983
6288 4553
3987 7890
6278 3675
1828 2645
6650 1272
6750 7795
6214 9259
4670 5293
2864 9702
33 6479
5118 78
7932 4641
5559 141
8222 7546
7532 5759
8630 7087
5692 4928
4687 8884
2921 3318
2428 1892
1954 3002
1363 7373
2435 6168
9168 2952
3401 6352
1517 2009
9095 888
6745 7691
9927 2522
6068 1033
6103 7639
7960 98
9526 8432
3222 6618
3878 764
3314 6190
9427 6334
5252 122
7102 2837
860 4388
9678 6948
2198 2971
6337 3055
5345 4947
1640 7708
7540 2673
1533 4398
6774 5595
4209 8059
6351 2181
8469 6779
5708 1282
5339 8256
8791 3209
6238 8862
8605 6823
4748 5972
305 6572
9403 8133
2372 5656
6425 2526
4886 7388
4526 3303
2925 8972
9397 777
1861 7064
1577 8714
8102 2338
5708 9540
806 4019
393 5013
2971 3330
9948 405
1123 7104
5092 5904
7573 8849
5999 2464
2101 8706
6603 8992
10 4666
8964 9524
2289 4999
9268 6293
2018 4992
7986 1677
2189 8216
1004 6910
6762 2795
862 7009
8326 5522
3334 5586
4715 6254
9874 3398
3273 2616
4628 4184
6319 3464
6411 6109
2188 9045
2454 5683
4156 669
9242 7310
3701 3516
8441 1168
165 8194
5326 4439
3975 2575
4860 9493
3756 4774
1500 1065
4449 3696
3687 9826
2069 736
2197 622
3893 4321
450 4732
6331 8776
9784 4169
7480 5360
8817 1062
6142 4777
1477 3445
7314 9456
2798 9519
4491 3712
2061 358
3676 8442
781 3177
8681 7189
5555 1920
5899 3558
8909 3299
1520 7161
7086 8343
8597 2834
6921 4346
9979 1432
3544 4968
5202 357
6179 222
8752 8092
477 2855
6639 2765
1049 201
7922 1218
436 2031
4032 2478
5093 3606
5265 9042
9174 2871
7143 9345
3995 6558
2837 7172
2953 3688
8822 620
463 8384
5114 243
662 7722
4209 8760
9508 365
6959 9565
5561 5827
2140 415
574 7551
7485 1232
2756 1799
9463 9847
9811 2326
4873 4903
3482 9076
3020 4396
6608 4409
1055 4490
4984 8094
3343 7599
4765 5379
8113 295
3563 753
5245 8548
8682 4951
8165 9402
7929 6917
6868 1975
9702 8351
5968 2041
2315 9452
3399 2118
5102 7668
4548 695
6800 6021
6596 9429
451 178
2052 1550
5542 7086
8979 8105
6766 9123
4818 8945
2718 5156
1353 1482
5696 532
8259 5266
9481 5065
6415 6849
9825 7521
2422 1547
7259 2297
2738 867
3410 5968
839 8669
7450 7281
7231 7848
4786 1760
2722 6297
2059 5724
3204 1110
845 4479
6422 5929
1237 3591
3392 971
3212 1752
863 569
7959 413
7256 7874
2216 2645
1015 2674
9960 9282
854 6729
3834 8325
9345 9470
1205 6077
9317 1028
6397 1829
1256 2995
9827 4073
4335 9797
3815 1383
730 9356
5870 7211
8548 7947
9036 8861
2803 3757
1017 988
8843 5615
6676 4146
8199 9160
2913 5950
4309 11
6744 1782
2640 216
4441 9073
7958 3950
1311 1947
5221 2686
6644 5456
6000 3367
2869 7352
7650 9366
7109 7878
3440 1645
4877 3814
5194 6810
4905 5922
4689 778
9785 3692
6450 5879
2248 1133
6245 3871
8600 2215
8582 3575
4671 8188
6056 7722
7163 8068
1858 2648
6429 5516
3432 8800
1429 6244
7093 2243
9814 3184
4256 1416
7653 6670
3702 846
5447 2519
5103 8318
6412 6535
4710 2654
8586 4789
9274 7281
1878 779
4712 1503
5223 9843
8629 1089
2610 7523
9081 2354
1180 5334
659 4185
8838 2217
4546 3340
8345 4501
126 6886
6201 7483
5244 3379
6384 464
1394 1880
4421 1148
1928 791
8177 6837
3650 5342
9948 1620
1033 1600
9235 2134
7112 3666
4480 8848
5238 9534
8972 6261
3899 730
5396 6257
1049 8952
6020 4934
399 1057
7298 1721
426 2255
5266 5475
2444 7141
6041 4395
1820 2450
4876 4885
2212 1018
2654 2799
8951 2989
1816 3017
8117 5360
20 6253
5417 8587
713 8478
9298 6629
93 5640
9725 656
8683 4275
4353 3
9432 7920
6566 494
6597 3786
9178 9769
7370 1962
3510 6221
9339 9616
5555 5277
8260 2585
9250 3801
4424 1212
3919 3749
4306 3697
1456 953
2258 8808
4792 761
3878 2046
7782 69
280 1169
7267 6320
3130 6225
9461 2041
1068 4482
9133 7515
1525 1093
927 7951
8930 2661
7467 47
5166 6294
5473 7568
1302 5294
9926 6342
1049 2155
9374 8766
264 6872
7583 9702
3611 6334
5331 1302
9948 1813
7862 9393
826 7439
5326 6351
6631 1569
8634 2594
7789 6812
3074 87
7774 213
8503 1399
2920 9092
4484 3707
4254 6827
4615 6915
9252 4500
1259 7257
3100 8118
9789 7219
8879 3549
5338 9573
6481 4075
5195 7975
6060 7467
3199 6812
9050 1399
6508 3919
1619 8392
1089 2756
4394 7595
7611 3433
4830 8511
2151 6261
9014 2859
5488 6607
3773 6458
6031 7911
4032 8757
9204 9145
6552 6533
1386 2328
3593 8223
8795 314
4150 5879
8278 4320
7177 8413
8941 8956
4626 8572
1427 6019
9196 5556
4265 7610
9373 8590
8145 6485
633 3404
2511 751
3186 3053
5516 2429
6897 5280
7136 6207
6164 3418
5863 7087
