1922
84889094
3741 4704
3701 6536
1363 4601
2731 4687
1792 1320
3393 5089
3126 4393
515 8782
4266 1617
4816 8734
2490 8630
8566 2271
9644 1031
2446 765
4126 8947
792 6626
1932 4990
2927 5730
4774 4279
6788 8252
7814 8016
4756 8190
9616 8607
6584 9698
2179 4388
5155 5521
9399 6797
7136 8249
2421 3333
762 712
3927 9875
8498 1468
1498 8980
4550 574
7186 8346
4482 1673
1489 1331
5546 9983
4305 5748
3172 721
6866 8836
1013 2253
1625 4668
7678 3573
9384 3414
5498 2127
4133 3476
595 312
2168 6402
3257 9139
8354 8909
6705 1618
2361 6850
2273 2630
4548 2802
1916 7501
1410 4033
2712 3004
4021 4590
226 3790
6205 4637
371 6261
3926 6721
1988 8812
9741 1156
9654 8405
1386 2213
1534 7408
7158 2612
433 4945
7086 2531
1684 4490
9397 2234
5907 4159
966 7866
4220 7637
2051 7501
5765 2986
9396 9878
306 1665
1052 1854
2378 3434
4306 8718
4567 679
8164 2823
6715 6698
5248 8587
6067 6450
9602 6300
7283 1037
1531 4658
1175 3942
1469 5459
7688 2711
6487 2785
9177 5585
7832 6785
9461 7204
7879 3710
2666 1850
7650 518
9128 8135
3788 1663
6699 1270
901 4448
6727 6615
3836 1643
3394 3008
4667 3964
8617 6726
8583 2441
8035 6327
5585 7205
8791 452
491 38
9887 8098
6110 3355
1513 7204
4632 8410
133 7660
590 5330
77 5326
1873 5457
7436 3737
1877 4509
4200 3828
6131 5929
3279 9610
8292 9655
1344 3552
9883 1945
8652 4599
8588 9881
1017 9840
6666 9838
724 6620
757 2702
9272 7284
9081 5551
5023 1941
1180 129
3070 257
490 8760
8554 7336
5116 559
6582 1760
1565 1999
6456 627
5582 1304
1468 6662
8837 6389
7080 2593
187 6426
8619 8218
6192 4009
7764 4763
4014 1938
5512 9328
5292 1303
3545 6732
3312 8633
9583 7425
4070 7496
5753 4145
6901 9896
3703 5002
7212 3464
5593 1395
760 4899
8527 2424
5826 1684
1099 2063
7353 9330
5661 5629
4584 9549
1269 9367
5733 4395
3133 880
6930 9442
6942 1845
2065 851
2713 6242
4642 9738
4672 5031
1062 1931
4566 2100
4543 2375
303 6789
7763 1185
6407 1718
3386 7526
9292 3492
7611 877
1088 985
6859 417
3589 5557
3810 5928
9157 2640
9721 9446
3388 7928
8748 1341
9705 9752
8041 5931
5770 7077
1990 1261
7524 4452
3952 2988
2985 2424
7583 4656
1653 902
7168 9016
8280 5413
354 2381
5213 8524
2609 6324
3963 1676
719 7024
5339 7170
9459 7066
7022 6782
6045 6009
4303 1265
8173 3311
5215 4693
6346 184
5756 5118
3863 1380
5723 9506
4 3669
2473 7403
9545 5481
7739 8624
5617 4071
2560 8596
9080 5942
7700 6938
5684 3702
3225 1085
2695 5586
1481 7212
6509 5845
5016 9951
7087 1137
9468 2551
2780 6003
1874 5203
3608 4827
8720 8308
4899 8170
8547 4494
7565 3159
6696 4002
4797 4090
8336 9016
8229 5143
1539 7060
1003 8470
6231 2076
6772 1962
2827 7593
8804 7005
315 7320
7644 8270
9390 8485
2619 3370
1352 4074
8297 5383
4047 7557
5102 2557
4589 8656
943 7352
3625 3075
3938 6014
2128 2915
1742 2372
2871 4958
8533 5103
8512 9126
9060 3760
5773 3423
6414 2012
9934 3043
1791 5619
4873 9527
1160 3997
4348 8779
6750 3041
3274 877
5528 9644
4457 1327
3439 6453
3363 7016
8215 4721
6199 7146
1778 1479
4428 3742
773 9530
7277 4047
2791 971
5725 8564
2397 3733
7960 809
9321 9529
6161 5142
8660 1552
6580 334
9083 6079
751 7663
3407 475
7847 7364
1244 2478
6598 6294
3027 3215
600 179
9117 1497
6973 2682
378 4586
5414 2220
5348 3790
9368 791
703 9366
2088 7930
512 488
843 1158
8955 9132
5991 3310
6748 7348
9698 2177
7705 8369
10000 526
5363 9142
4877 1448
9516 8015
8562 2106
9012 9195
2141 6487
8672 3769
8806 7090
1238 5747
4374 1250
5190 7727
1035 9933
8399 1937
6578 9554
1643 685
3930 5939
2613 748
5377 9653
3731 3916
5689 7699
1236 6408
62 2488
4238 6524
3677 1289
6759 7432
1677 1558
44 5306
647 6893
1151 7671
1060 7108
4111 5337
1378 6680
660 3815
2821 5821
470 9402
7986 6770
2088 3658
2893 2692
9039 4372
3656 3012
6066 9803
5596 3644
1008 1217
3750 6639
6551 8273
4866 4730
3932 396
832 3705
9710 8194
4875 7831
9298 7018
3141 7791
8148 871
8852 2504
5187 3171
5144 8693
922 9578
9360 2914
4196 9589
7707 3336
4709 4765
8170 5247
165 8220
2040 9006
3864 7045
8562 762
8253 6567
5489 4761
6579 6582
8348 3558
5436 9227
8929 9577
7762 6651
3871 9616
7755 7634
6487 1305
8806 4398
6821 5669
7570 8742
8591 6105
8796 5694
4585 4089
9105 4406
9621 4426
2848 3335
8524 2278
6825 7500
8518 5117
7730 4622
3057 3292
810 942
4768 1810
9834 1239
7488 7324
4120 9086
3424 7499
5911 475
5720 1930
66 5027
7580 5202
5548 4865
1496 7133
8929 4016
9069 6893
7014 2834
24 1611
1886 8418
9824 4286
9143 5531
8105 1686
1051 4589
2630 1922
48 545
9702 9546
4 34
5456 986
4924 4057
6527 3051
2632 6854
3869 1489
5541 7714
3124 6075
2185 3802
881 1082
5287 2020
9463 1904
7667 8824
932 3301
4537 8296
3034 2208
1421 8783
4937 3462
6145 3670
826 2981
9740 1218
2989 2134
544 2752
590 2968
5378 9859
2397 7317
8887 8644
9808 4783
5753 6182
4479 2645
2426 991
9186 1163
5291 2242
3081 5474
8699 5750
7683 3488
989 3404
6018 3739
2155 1260
4688 1020
8839 9034
5515 4542
4994 9439
637 5056
8832 5585
2021 6602
5738 8427
5280 5422
5151 1571
589 8733
965 3632
7241 4805
9254 9572
4757 5276
2984 3917
5978 741
3240 1121
7101 8399
7180 5022
4461 1893
682 8905
7146 4507
2282 6008
9038 2894
2457 6993
1176 1754
8172 2244
8608 2995
3423 5747
1406 8442
762 6017
8783 5818
1441 1876
4947 1618
1627 8091
7005 8072
2199 8334
1464 2581
1981 9440
8478 9160
2492 9284
1266 7652
1363 6730
5455 9792
6730 3655
2900 1717
5813 8638
1647 4922
3751 8449
4102 7589
4978 271
8131 7192
7477 7415
9985 5583
9666 1735
7014 2769
5093 6866
5395 6585
3052 4845
375 7776
9241 7428
8353 3431
3170 7877
1913 619
3436 7987
3304 3969
3531 8401
4131 7048
5802 3405
4601 1484
8659 1924
971 1093
781 4329
943 3409
9354 8235
3493 2625
4930 3550
6810 1518
4966 7247
8099 5910
8835 5587
8795 4988
9539 1293
6378 6604
3240 7077
5039 2523
307 6007
6859 7434
9724 3373
5404 909
58 8901
9797 7707
9307 8860
5125 9682
941 7166
6370 2750
4362 8336
9329 347
910 8330
8377 2500
8596 3290
3097 1278
7689 8819
6762 5900
6103 7188
1524 584
6613 2321
5636 752
1349 5157
1601 8950
5200 4352
4267 9089
1311 1755
1666 5760
2767 7569
7864 3275
3013 2329
8199 9225
6569 6628
70 7507
5045 8928
3736 3419
2354 1440
5780 9957
7006 4996
6571 8671
7515 2356
1873 3591
1543 8841
8435 5309
6060 6574
4242 9471
1150 3360
7855 8314
3887 461
5771 8479
6553 1706
6803 7239
2666 7376
2056 7016
1270 7486
2428 6579
3278 1876
7791 2949
9346 8784
8370 6977
8004 2136
9820 7239
9851 8319
1240 4673
4555 8703
5956 2033
4324 2647
5664 3705
1678 1570
9370 5975
4642 5004
8472 5905
4679 2661
187 1898
3898 9530
6492 1309
1112 6600
4894 5595
6481 9823
5087 7431
8052 7984
9364 8035
236 2966
4022 8014
8177 6824
5162 5755
2142 8892
6859 859
8221 1713
7864 2933
4454 60
2752 6611
4840 3996
3984 7313
2711 9728
3816 4204
1591 5892
7097 9207
9431 5022
3587 7100
8563 3170
116 2014
2656 3161
8070 6947
4899 3993
9370 9080
6753 3113
7838 6940
7318 9537
8271 125
3563 3828
4869 6625
3601 9176
3680 7427
4171 6169
5844 9997
4377 1906
2901 1747
1489 546
223 7328
1594 9091
6716 6820
2120 7188
1902 1724
3642 6788
6031 4498
4766 9139
2515 5353
7557 9754
7623 429
3721 9548
1714 223
328 3811
4948 7682
1005 6185
8810 9637
4223 1740
9041 3240
8619 4858
4819 5499
2182 8339
8887 5467
9604 8959
6156 9541
3649 5971
9926 5158
9560 7263
7429 3105
971 3588
8538 5775
2060 8555
3562 1168
6191 4239
1226 4039
2594 2400
3946 2803
7559 9965
3430 2509
4096 9361
7874 7538
8084 7395
8808 2121
2684 3438
5725 4724
7335 2800
1438 3538
85 5955
6888 8833
7562 4712
7793 2397
7939 222
3226 6921
4394 1386
1532 2208
5375 9587
6897 519
9343 4434
6270 4238
7771 6910
6319 2188
7235 4078
5818 827
3385 5702
1078 2031
2307 5663
7075 4686
3324 6227
3242 6986
4122 6065
5318 768
9480 9319
9596 2404
1964 5961
8175 4625
7803 8765
8176 9070
8983 6065
3981 3894
2640 4461
3636 9547
2372 138
6168 1073
5062 5512
3851 3689
6170 6419
891 189
4439 506
1297 5723
8809 1146
4374 3142
3036 2937
5587 7796
4889 4259
1584 5997
952 4471
7336 6726
2684 8319
2149 4659
3611 8223
9647 8223
2714 9615
6307 7140
126 2740
8949 626
331 7918
2262 5848
4980 7520
6949 7149
8061 7725
26 5212
8888 223
3761 2872
4144 2472
2702 9555
1555 9268
1085 5974
9849 8368
4472 3687
9789 1264
7972 6435
8446 2703
7335 9307
8632 8908
70 8645
4562 6996
7692 4593
4296 7333
9360 6558
6154 8531
5170 1530
3553 5576
9416 5198
6027 1428
8259 3846
3164 6247
5125 7212
9380 3562
751 9430
4932 175
4574 8513
6029 9165
2046 8576
8269 2144
8398 9561
3757 8377
7147 1462
3018 8488
7935 994
8100 9490
4856 6832
4171 4561
9658 9342
2590 7261
697 727
407 9587
8645 4357
4919 5181
1298 7011
5934 3883
9558 9010
9919 1348
3410 8883
7993 4491
654 9933
2142 1966
1580 6228
5464 5746
6755 2243
9397 6312
7882 5131
7600 3502
2268 3152
6565 2013
6732 5291
579 7064
9212 7413
9905 6732
8744 8862
3822 9969
5917 4732
1846 970
6340 7881
4409 7156
3451 6454
461 1059
2191 826
9651 5409
4329 4369
1566 1776
4581 6801
4812 7854
5551 5763
1763 735
1092 6436
4725 3714
2905 9373
9293 2560
8736 6557
1104 755
8970 3629
9777 4381
6881 6269
6626 731
2071 3096
6805 2119
8464 5151
8549 2725
2637 2367
5594 9775
4653 6397
5359 8553
8120 1959
145 7517
9809 839
5128 881
8238 1493
8201 2302
801 4323
7004 7272
8901 9313
1619 1495
5716 6869
1401 5884
3030 6279
6246 7578
2863 71
8089 8423
5998 5289
1582 4361
8927 4552
1239 5060
7514 4784
2185 3292
8706 1829
2933 2006
5175 1961
3121 7031
9343 429
9460 2676
572 120
6959 1492
71 5424
1056 5015
464 5014
278 9482
6476 6625
6860 1734
2914 4839
9351 1624
7106 9238
8896 3730
7126 2387
6082 9286
676 7002
2720 6622
4924 8010
1385 2463
2820 7886
816 4615
9722 6706
9443 9351
5054 4099
4368 2049
6988 7781
3666 6733
986 1176
7149 8199
3701 1194
1847 431
6898 6529
1103 9686
2655 8027
8035 4040
4794 5321
7986 2083
8906 3438
5871 761
7314 7451
3896 5528
6702 1843
891 1101
3072 136
8045 3483
1844 7750
5981 6754
3428 3450
2446 8650
3059 8821
2953 3706
4329 7194
5034 326
175 4752
975 6686
8175 6071
7683 4885
9315 2516
2660 5457
2265 2035
9303 1829
1505 4790
3461 7601
7815 7651
3943 9626
9087 6232
8778 7992
6701 4379
991 2680
7988 2777
3110 1159
9801 9886
9293 8280
8251 8026
3745 5321
3924 2395
8042 2274
7686 8772
237 4555
501 2704
6145 8728
1045 7049
4203 7586
1232 2798
9730 2846
2067 7456
7067 6501
7195 5396
5481 8005
5090 6522
1291 5799
1023 1404
458 741
2507 7704
7473 8647
1475 5619
5607 5537
2622 2987
1408 6650
7739 6001
6690 7151
6076 8154
8274 4529
2784 9420
7939 6461
3411 4714
6484 2822
2075 8288
9971 8974
6211 6186
4812 3828
1625 4228
6614 6355
1536 6225
2714 812
8512 4327
8487 5675
8348 2468
4194 9306
1188 9492
6527 3759
3696 1497
856 1901
3429 504
7074 3386
4644 605
4561 402
4473 6743
3728 3541
2928 7473
2945 7420
4273 1754
3903 6467
2341 3322
8526 8074
889 9528
4763 5416
7922 2362
6585 8874
2562 5901
6419 1185
6479 5481
9754 3633
9684 5536
1304 7911
9983 6585
6541 1778
5238 1356
2988 9627
9276 2538
849 7024
5174 2395
1628 29
5551 8663
773 8750
117 2791
7343 4734
5699 2804
6160 828
7613 2370
448 433
2783 5923
484 7748
5765 4752
9444 4823
954 6382
8070 5240
393 9241
4342 2451
2990 4514
4525 6829
4988 330
7183 8861
8438 31
2115 519
8504 9793
9503 8969
5976 4399
5308 9809
7522 1296
1324 4935
7361 8767
7334 9061
8692 9395
7564 2158
1739 8744
1823 655
1121 2519
7576 2782
7016 1830
9862 7198
8198 7260
2738 5337
8552 160
3639 9986
1915 8215
9954 1810
7382 5626
1677 443
3252 8762
7424 3814
550 7506
145 7800
713 9735
3216 8220
7496 6951
1225 4289
7473 8278
690 5052
4861 1036
1548 9967
2323 7054
3972 6260
8952 6121
296 7886
3849 9880
680 2872
648 3640
4398 4352
6249 9145
2724 7854
27 2501
5607 4539
7098 3317
6143 745
9527 8575
6735 2813
8484 5850
6023 9070
5578 1527
9916 9146
569 973
880 6887
6242 2380
4942 5221
8599 881
4761 4358
9635 4321
9868 3342
2901 5387
6868 6342
305 8354
1390 9677
8068 5925
9126 7934
2566 6203
8800 9454
5161 7831
5147 1084
1182 7648
3212 9771
5181 660
3338 5053
5487 3887
7891 4096
2509 3333
5387 3060
8194 3038
7280 5789
8115 6587
6252 5456
4738 7006
3422 445
2404 3332
1937 1113
5227 2579
6310 1976
4360 4833
1982 4788
1750 2320
3365 5842
6393 8361
1978 8583
1746 2361
9152 8755
813 6179
7254 6311
7031 478
1230 6866
238 4799
5705 2427
7530 457
2624 3590
2626 8096
2227 7861
4766 5206
9872 9434
8929 9310
6137 9221
2515 6845
5532 3006
156 9208
4394 1846
7279 4718
2055 8580
5434 8891
3522 4209
1025 5196
4852 515
9948 4610
268 117
2732 5107
1447 2292
119 2919
2779 4945
4563 9203
4921 4660
8444 9568
257 5795
793 8693
181 1006
9850 1273
4188 8235
5212 3246
7424 1164
5584 7238
4369 5330
7747 1031
7474 956
1575 5101
8396 3770
8526 5020
2128 3434
4387 237
7764 3553
6418 8793
3679 3296
2698 9129
5449 4064
5739 6168
4792 5574
9784 9847
2747 8994
9027 600
5179 1797
8159 3363
6923 5971
5586 8886
9353 8432
5790 5947
3099 1905
6678 1295
1237 7743
1854 5890
9821 9058
7502 9264
4487 3893
5166 1748
5775 4753
4710 485
2629 5163
6147 823
948 39
5204 6802
4040 1457
5766 4756
9429 5702
8051 8395
363 8045
7046 8331
8738 9384
9772 4243
7682 4845
2795 7592
1914 258
4560 2032
3076 7492
108 835
6551 7321
9063 5369
2653 2365
3795 4501
5702 4875
7464 5681
8055 888
2040 6171
8225 6
5540 9560
1318 9558
5845 7215
6221 7026
4505 1103
870 9043
5034 3869
9380 5944
635 5265
8420 7704
49 9699
8026 1484
7935 8897
632 9291
7367 5425
1298 4790
8954 5956
9357 616
216 3487
5215 6028
1715 9638
247 7237
9428 8352
9792 245
9537 5710
4148 7109
5761 9206
6430 3799
2348 6779
2921 3850
9534 2855
4757 2572
9828 3180
9008 1548
3223 8362
4952 4645
9671 5784
2600 3773
4299 7321
6444 9687
1090 7980
9599 9211
2461 666
3134 146
6865 9510
7138 1552
6256 4298
3290 6053
6597 3505
6195 4677
8283 5738
1029 9529
4457 5992
9300 4141
4030 341
3573 2038
5399 9769
2632 6429
5845 4803
6918 9372
3503 8266
8199 8417
1059 9621
3738 513
6714 1750
5862 7537
2357 3878
5820 4056
6999 5726
5255 4291
7049 8132
5412 9581
9399 8417
9310 6719
6973 425
3811 1678
8845 2666
6340 5212
7307 3001
7727 72
1295 4626
9790 1770
1676 9407
8234 9925
5725 7251
2332 2482
1497 5918
1004 821
7487 2698
8832 7349
7663 9409
1201 7588
1275 7589
6390 5686
2532 9137
8141 3630
7941 8506
7934 7188
4231 4935
7940 6564
3475 464
421 4818
899 202
6087 3686
5720 2908
6752 4380
6545 6761
6347 6426
8025 8716
5159 3519
8164 7328
9493 4682
1778 3624
154 2513
4852 7843
3712 9820
906 3103
3428 55
9802 5573
6362 8261
4077 1134
1391 4026
2460 5532
7142 3787
3733 9758
6833 1892
9110 3733
4360 3970
2087 6331
1188 9233
8593 3988
8322 6577
4625 8445
5077 1347
2299 5341
1931 9764
9554 6245
5572 6827
8943 2040
9706 5966
7601 1114
5072 2891
5179 480
7893 6142
4015 9246
1984 9978
9238 8361
412 2576
778 3118
723 3082
3452 2936
8672 9240
9553 2190
3081 1148
7249 6183
7851 3967
1291 2323
8024 3600
3744 9029
6115 9988
8757 8132
4745 5310
717 3111
3847 7380
8122 4707
1484 9395
9454 9717
355 1385
1268 9951
4288 1137
8197 6451
6622 4402
1304 1979
4092 5904
4904 9346
1446 4684
6210 797
5854 168
502 7600
8063 7166
3665 5509
5335 7199
5492 3894
1001 5323
3815 9735
9173 2387
2445 5437
4535 355
5261 1828
5864 4891
2775 6597
819 8511
9746 8887
2554 5769
2910 2160
2359 5468
8843 9384
8904 9284
8864 6643
3740 9039
4642 1249
4814 8678
5622 8862
7256 4452
1690 527
1202 4440
590 3201
4141 9820
966 2885
7579 1124
2314 6025
5770 7446
2074 191
9644 4677
6284 8707
9741 8412
7874 3772
8033 4266
4983 3492
8854 1736
9334 8932
6184 324
9985 3968
778 9001
5562 6498
1561 8225
757 2210
5857 4799
4585 2048
6848 5177
723 553
3538 1277
6495 9427
3349 3890
1627 9941
702 3214
7394 6731
5952 3440
5390 6563
3583 4282
5561 6565
3119 4170
3546 4513
5411 6379
7554 8900
4109 9632
5087 380
3155 2447
1408 7993
4312 1465
3221 6029
8677 8277
8878 4830
6817 2108
3445 7971
2302 843
3275 221
8882 1172
6390 7564
315 5823
3547 8526
7290 7089
1390 3489
870 1140
4279 2547
7240 946
5123 3741
9569 7632
3549 248
3319 4311
6521 3006
1212 1402
2676 7705
9524 6281
6637 8068
575 1196
9230 4063
2795 141
3606 3343
4953 2781
4059 8321
1553 6002
4111 2741
2145 8104
1314 9862
917 8194
309 5247
6734 9845
1757 7491
3678 4050
291 7195
5920 3147
8439 9481
2732 4536
3698 8017
7064 2724
9942 425
2156 5827
1287 562
8651 8575
1761 8683
7358 2498
5688 5699
4311 5340
6039 7242
7113 9138
459 3734
4138 2629
1066 5151
1208 2910
500 7435
277 3451
3670 1266
5607 2212
4945 1616
3273 5638
2312 5470
1188 5839
7794 2013
9438 6557
6641 4628
4411 4890
6797 1013
3608 418
3878 2360
4142 2676
6508 9333
4680 641
8738 7752
5424 6929
1381 8749
348 5347
328 5944
7294 9237
4357 7011
8584 3630
7403 8758
5969 2322
3189 5929
5073 6878
7777 7830
8006 2455
8851 5238
9997 9184
7267 5870
7782 8868
9058 5254
3372 6481
3232 8616
5764 82
7549 5736
1276 5056
4909 7357
6352 5025
3219 866
3723 7898
9592 1983
6091 2170
3401 7393
966 3224
9823 1841
5406 5521
7809 6581
9139 3778
8114 1023
6913 9393
6735 2949
7933 4738
2566 3018
1937 933
7402 3384
4956 7471
3183 9763
1022 6895
566 144
1244 9171
1586 717
8475 7675
7112 4270
4871 9219
4606 7484
1894 2844
1827 8808
6424 823
6019 2273
8930 2881
9151 233
4643 4673
4527 4209
2250 5627
867 1037
6419 3935
4799 9933
5611 9020
7138 962
496 3477
171 8217
7686 3899
765 2489
8162 6873
8066 1266
4887 9498
3864 878
1862 1218
6286 3280
4940 2729
780 5437
7100 273
1480 7769
8835 1
271 2205
8549 4440
9118 9304
9798 9
9289 8553
7873 5930
3566 7258
8617 947
3423 7457
1631 9725
692 1437
7780 3262
6316 5961
5829 6032
4774 2083
6420 7051
6594 5727
1793 4252
7067 6361
3398 9480
4851 3606
6160 9443
7157 6800
6082 1798
5321 696
5700 6267
987 502
783 7590
6748 588
4061 600
7021 2841
542 3169
8090 8289
314 848
390 4753
7058 8297
8237 4520
4894 3580
4095 4993
4086 5531
7201 5959
6744 5998
7825 3597
9139 2502
5227 3807
7686 6329
4634 3674
771 5975
272 9113
8100 4362
1183 3479
1878 1749
814 404
3995 8782
6995 6076
3359 9567
7146 4542
592 9887
2371 886
6877 8373
7818 3697
5266 4476
4166 3592
8876 86
1702 4660
2818 4169
4225 9997
8946 1233
9979 8995
6647 2057
9420 1723
165 1628
2410 9975
8457 4500
5360 294
2809 8497
2181 1114
4350 6383
6873 1622
4774 9432
4546 3432
8470 9601
9861 8077
8193 52
5019 1933
5487 4204
8973 4506
720 4493
6747 5578
1951 5816
8413 7471
5416 763
2256 7758
3580 3625
1328 991
3180 6572
6998 9657
2733 8545
3880 4329
1866 7305
7798 9027
19 4560
4752 2860
6853 3252
8764 1930
4497 7591
326 9396
8214 6394
3908 6931
3981 2569
362 6602
5020 5336
8226 2861
5056 4219
737 5115
7089 8438
1461 9025
9306 5228
7387 1453
2310 832
8206 6898
4543 627
8569 6273
746 6751
1387 6279
4167 8387
3874 5011
6805 3891
5324 9273
8954 4110
7700 4422
5673 8937
1262 913
3621 9854
5348 3701
3608 4201
7846 5911
5390 9914
950 3556
1445 3235
5934 9695
7422 4257
5353 3207
8649 1951
9930 4757
610 8650
6529 4680
4373 3184
571 9212
2092 5364
130 6471
2071 3247
7362 8104
9262 6159
1543 5186
9499 5996
9862 2847
8319 2788
7168 4105
879 4141
7940 3919
7461 7914
56 3106
2637 3724
9234 533
3249 5933
6055 5785
7858 7812
8482 3234
659 6647
6959 3329
5490 8914
7761 1562
6129 2722
7723 7942
6873 2810
6192 7638
4709 6584
3480 178
6236 1010
1120 3478
1674 6264
7601 6458
7047 8749
2277 4839
4209 5688
5509 8241
1900 7755
5346 2894
1407 8930
1199 2654
8114 8683
5565 7071
139 8837
8828 5585
4051 9583
7177 3147
1910 6420
539 9387
9899 4553
4000 9451
8925 6039
5812 7842
4632 1858
1345 4269
8317 2952
6534 4165
6776 7249
