7128
62909730
716 6547
1956 8797
5581 5059
5585 2708
7565 2381
5718 5209
6907 8914
8580 8039
8951 9338
5201 6678
9641 7753
3904 6465
3945 1861
9456 7696
5332 113
5450 7501
3674 807
5586 6585
2311 5158
614 2300
3979 9525
2187 9403
2846 1348
5416 3622
3110 4034
2575 9932
752 7577
6142 2743
3640 5392
5617 8726
5237 3381
4196 3747
2898 9990
20 3651
1942 4037
2461 9323
5153 5599
2417 2643
5024 7200
2492 3627
4126 4296
1178 1270
4891 3175
1734 8449
1499 1150
1948 1504
296 8835
7254 2036
9392 1439
9849 453
3816 2568
8172 7564
7663 5691
1356 3588
2331 871
5841 1690
631 7009
5871 7376
1970 4089
7145 4017
3929 2702
2762 1870
3336 4989
7192 6270
8769 4263
1219 6742
206 8381
5837 5618
3733 9815
5172 5830
5398 7646
6520 1452
8661 6122
7164 9579
9744 3725
9233 9848
4036 3675
1652 7553
725 2336
5662 2953
983 6481
9145 696
1922 5882
5289 4084
6073 519
9948 1312
6128 1518
940 7722
3926 9944
152 8109
415 7237
1042 9980
3420 697
2662 1476
6710 7588
5077 71
7691 2947
6930 8111
7900 122
9440 9163
986 4935
8012 2237
846 2289
8083 7737
8623 5210
9732 3901
7810 3615
7355 701
8733 4110
6319 2741
2480 9119
844 5956
5698 3171
4518 5081
8093 9104
9886 52
6888 2248
3146 7706
1563 5752
4122 4705
8994 9691
8477 6910
1388 6877
3775 7975
2347 9017
1007 5183
1225 4463
1010 2105
4577 6609
8082 9861
6300 6878
8831 7682
9781 1206
4635 7146
2508 531
1151 6018
2837 9366
5426 580
5181 5898
108 2985
4731 2959
7170 2893
7783 7352
7079 3462
9256 3865
7461 9967
2621 9849
2740 158
683 2657
9504 89
3051 1360
1761 4452
7441 1959
163 8405
3465 3390
9994 4545
747 4411
507 5831
939 1280
3920 3975
6617 3279
397 549
9768 2726
5814 7089
8608 4783
9517 9071
3393 8063
29 4893
6986 3774
5269 6967
9100 3872
1742 1182
3777 2635
3773 9378
6065 6355
4239 355
2485 6658
6506 1543
5287 2398
5555 8784
7609 453
4557 4708
1159 2691
7946 7325
8661 312
2759 5575
6997 7968
1545 6522
7610 7941
9545 3475
8656 2644
3803 8113
9671 1121
3147 8601
6735 4749
9385 1935
5403 7506
4763 5750
8399 9549
352 1843
2788 9435
9668 7024
9802 9716
8363 2885
5277 4155
2392 8595
9782 9686
988 8342
9444 7054
7469 9855
8992 5758
4044 1938
7719 7429
6478 7235
9950 9024
123 9819
5176 6959
6858 3617
9981 8647
1785 6003
4007 5200
7823 5300
2685 5020
4001 7577
722 2892
9242 4831
1011 6650
6203 2369
1468 6920
4932 3987
2401 3488
5464 1255
7585 9377
3293 2701
6288 4212
891 5620
5031 5155
6765 1562
251 1226
9669 2216
2027 7416
2349 7098
620 837
3299 6477
2301 4853
585 4729
491 8218
1129 4215
1119 4615
1623 4779
3685 2363
9267 7993
4899 9460
8812 2194
352 4846
1149 9059
3465 204
8997 4814
6328 5438
7025 4884
5890 9866
7864 895
6047 6848
8117 9120
8890 3600
8723 7095
9955 1812
6670 7271
1023 1746
133 1269
5784 8470
9437 2239
154 7729
6353 3502
5708 7903
2071 894
1010 1574
3685 1540
504 664
8462 4517
4840 1010
1841 7711
8633 7014
3701 2040
7755 5137
565 1326
644 8098
1196 2752
4352 5021
3095 8303
3110 1184
1669 5877
9279 3724
1188 3583
5363 6115
1376 882
9825 1596
3216 6240
614 6398
5389 8395
9852 9938
2021 1892
9902 8867
8709 2921
561 6040
4835 1910
4739 250
271 4836
9122 2893
4483 7384
2784 5270
6615 5426
9537 1248
8940 1010
6402 167
2025 4494
3239 5377
6807 8638
3422 8724
2668 7335
4298 6451
1812 8238
2196 1203
4719 8472
5844 7235
4434 1318
9032 4966
1070 1752
4570 8160
856 4774
8193 3844
7124 5927
7091 6849
5945 5536
9555 3365
6261 3299
6560 1710
7585 9606
4874 5285
9984 9627
4368 6548
6565 2363
2270 3209
2170 649
4957 5894
9478 8495
8534 3860
4245 8318
3227 4812
5395 6962
4815 764
3595 2730
1417 6669
5379 3094
327 1040
1861 6544
6386 7147
4857 7786
5408 8163
8405 2873
1876 6606
9456 4195
2895 6386
3274 4773
1137 5747
2557 6865
9542 5860
4378 2528
7688 5774
7504 5185
2111 7108
3889 3080
1241 8354
388 3834
2998 1067
7227 4035
6263 7703
8438 4111
3481 1148
678 1491
3994 4261
9638 1720
7379 7548
357 2172
3543 7192
4370 1012
3401 5302
8094 1787
7550 4247
9790 1057
1546 1523
3384 854
5108 6720
1406 8540
7118 5106
7705 2818
3142 2334
5119 9266
8200 4383
4070 4812
6084 9012
9927 5326
4920 4777
7061 2501
7719 2561
1385 5502
1720 8367
9085 7955
697 2879
1766 6918
3779 3426
3120 6823
4213 1111
4212 3661
4109 57
9120 6390
4477 2638
265 4030
6420 2406
9203 4853
938 1272
622 6381
4727 3796
3676 4860
3088 8596
730 6450
9756 1391
6576 4657
8160 2242
886 2217
5123 6823
2420 2585
4778 7634
5710 6230
4551 4007
5069 391
813 9074
1883 3444
3675 601
4907 7174
6516 5984
1669 6898
9952 4938
102 7647
3747 1238
6059 8627
6239 8516
6948 6945
6191 7383
6583 3962
9670 7495
2310 2039
1702 3773
6046 6501
3725 6116
2039 3926
7511 6528
6178 7791
6536 6031
4831 1832
6675 3093
7786 6898
3252 4306
2612 5246
293 7538
2249 6938
3775 3676
7583 9197
9264 5257
1275 8324
9138 2475
2233 99
8870 4580
7670 1588
4943 5830
4106 1406
821 349
2446 770
526 6523
4373 8241
672 4359
8969 8406
4870 7889
3760 8473
1377 3908
5690 5509
7332 8931
1177 7624
7496 8742
6350 5374
5367 1932
3391 4727
8596 3567
1449 1948
2990 1150
2096 2987
4297 8858
2662 7284
3558 2381
4836 9572
5838 8327
359 6892
2846 8348
3423 1669
9411 1671
3843 9186
5185 2504
5177 2152
1847 1393
7109 287
8526 4017
2630 7700
6445 4107
9625 3469
4723 7837
4956 4859
1542 1597
4930 4909
6560 5498
1655 6452
3562 5121
6203 2191
3644 8820
582 7013
1341 8248
6880 8930
3919 9361
2666 2789
3329 5069
3668 9013
3206 4874
1242 8733
9243 7054
6933 1400
5013 8593
5555 4531
6235 2711
8372 5379
9829 6602
3815 4634
5183 2791
808 5555
6422 4617
9566 2439
3848 9279
9480 6499
5545 2843
7928 8695
9692 8197
789 5151
9429 6605
1202 5602
6907 2481
6663 8188
5480 6629
100 1372
7586 739
782 3244
578 2313
2812 4534
9207 1895
5459 7332
4721 5003
1134 7265
3516 1916
2085 7406
2599 7135
5253 7540
4530 8719
8322 3811
1683 6849
6930 1090
6679 7
465 1547
3301 4555
9748 3057
5099 3423
2769 5979
8355 2000
6745 704
4100 5688
7862 1064
2360 3719
1096 9205
2745 7543
3471 7407
5761 4026
2505 4243
3633 5194
5919 6322
4704 4858
3255 2332
6173 5701
1452 9304
9367 4485
4388 9457
9050 7760
321 9278
431 3448
3785 5159
5158 4118
7253 4425
6001 7431
2980 2599
4525 53
2838 7911
4304 7782
1612 4154
4719 3774
3817 5524
2410 7965
4868 4708
4512 1016
1389 2218
8077 8940
3176 7747
8571 8108
1735 8129
974 7271
3205 8157
1347 252
78 9750
5254 6453
4386 1952
3360 4520
7395 6540
5783 5724
7667 2593
9023 3974
4895 9250
2581 4481
6062 9186
182 7455
4637 549
7230 1340
862 153
6387 2092
704 2417
5275 7183
4465 9650
8205 8389
8393 2496
9355 4403
1626 7643
6146 4139
283 7594
6106 905
8813 4458
7433 3352
5210 190
567 4768
7722 6113
1634 8405
2741 4185
8366 5813
7189 9366
6032 9917
4740 7184
5614 7028
8144 6941
534 9953
4515 9652
5609 3319
632 3947
1987 729
9339 7195
858 9365
2442 9871
9152 3293
22 1860
6162 3534
9034 2946
7950 8969
8353 9485
4282 8676
12 4485
9508 8339
5187 7720
9169 9782
451 784
9922 9363
430 733
8898 5141
5739 5516
1313 8618
1547 532
3144 2570
3354 4736
159 4110
3971 83
5496 2247
8098 9192
7149 4584
3882 5404
1711 8235
7219 9704
1531 6742
6757 6459
9938 102
5889 4056
4672 5347
1691 8835
3102 9836
2241 4038
9907 7637
3002 8522
3840 4911
4246 8789
7424 7707
3934 3201
9240 9762
1082 6283
8485 1094
1885 5390
2800 4673
5089 4030
4519 3549
7695 7601
2746 4076
9577 953
693 5058
2449 1701
4046 6976
4473 2899
3437 2807
6028 112
3376 4360
5461 7304
6648 2031
7639 8506
581 687
929 6670
7459 4597
7224 7934
2093 3917
741 2812
2570 1210
6700 1467
5521 821
4874 7728
6803 2645
6259 7079
4429 3687
9737 1308
6691 1497
4915 2557
2885 3127
6001 4971
8447 8264
5749 8583
2831 6488
8454 7070
2524 9032
3512 3704
9290 1937
5041 8625
6737 8583
6043 5140
2956 6961
4191 5563
7913 7336
163 20
326 8188
8842 8659
3278 2816
8764 9935
4652 9636
1684 2507
2266 5107
5201 118
260 1919
5085 4927
109 403
68 4160
2866 5111
3019 3205
684 3136
3110 8160
6463 3840
1584 3574
2753 450
6952 397
4029 2180
6171 5120
2580 5056
1158 8402
1297 9608
8909 5584
4820 1343
3591 3262
5893 1567
9948 2434
6604 9403
6381 6388
9698 4530
644 2376
6227 4336
7042 2741
2761 5754
1293 2955
4289 3884
7750 6856
8813 7615
6818 3194
5733 1000
4191 7188
1146 539
4375 672
9755 7671
8313 9717
6928 1543
8268 1643
4729 4694
5527 4718
600 1402
5375 3348
3503 5408
9044 497
5231 4456
2721 8206
3287 4400
3101 981
8462 5144
981 2294
5441 7976
2724 8067
2530 4746
2768 2554
9127 1519
1906 1604
9219 7943
2207 3013
7796 4061
7006 2715
8845 3801
3465 9435
9541 8289
9261 1087
9664 8534
5946 8792
3092 4634
51 1805
4387 7319
4965 7839
3171 7706
1415 911
8029 623
8325 1199
1136 327
2724 4187
6148 8421
2869 8843
2037 925
2928 207
2960 3977
853 1456
1579 1514
7989 2150
6602 2009
3003 5137
7092 2381
8297 5582
2921 7649
5913 2587
9034 5946
6230 887
1840 7539
2234 5399
6336 6870
2645 8770
2845 3061
1291 4705
6851 8355
1779 4471
775 762
544 3651
4933 9441
1629 9680
3305 5687
3754 7705
8695 1642
81 6807
8602 3219
3907 6898
1117 8445
2974 1362
332 2229
8391 4926
5651 1060
4396 5068
5206 8311
9743 6577
4298 7088
9888 7369
2517 5027
1753 6932
3733 2088
9206 2034
6954 1607
3723 480
3771 2046
8655 607
4536 9909
4681 214
5232 9842
9481 2264
6737 380
1611 4025
9763 6240
9738 6913
2866 6701
6912 7755
532 8345
6264 8291
2313 5202
3912 4638
765 3081
6274 5836
2264 953
1880 1771
344 8280
7162 8311
3233 2381
1303 3172
5333 3066
6416 3010
3261 7129
6862 1626
3753 2931
2145 6916
2763 3588
4319 5502
6511 1912
9447 4763
8916 6027
6085 5875
80 4157
7890 1734
969 9864
3060 3680
457 4282
2857 6049
8301 9845
4078 5923
2110 9116
1086 8820
1538 8376
8822 5201
6301 906
754 781
4539 6674
7851 6355
8566 3032
7217 4757
6341 1315
6927 778
5676 6633
5692 7272
4226 4765
1305 3165
3354 2396
523 9917
6993 1755
457 4500
4136 9226
1015 9165
8180 468
2994 6466
5551 2500
8462 1312
4532 8398
1754 6138
870 5049
7550 2928
1219 6195
9022 4895
1868 5252
4195 1349
9416 8893
6517 6308
1177 5965
5812 9391
7146 3907
3875 9188
5543 4186
4052 9127
1579 8068
9578 4352
8083 7947
2159 8727
1291 7912
6445 2101
2239 6871
4116 5599
692 8279
1366 1044
5224 3743
9527 4188
6821 8528
4793 6501
9175 2948
205 1760
7968 3638
1889 6892
7738 6806
8637 4282
8260 6383
7630 1517
1500 2686
953 3694
9665 2179
8028 265
5373 444
7816 3377
518 1024
3772 4208
7437 3331
8956 5105
7142 2831
936 7004
4359 4884
6949 806
1547 6241
5288 8496
1878 114
4750 6843
575 8100
886 8347
1824 7838
7034 3904
7398 810
8375 182
691 5064
6307 9229
5765 250
3223 3452
545 7861
2836 9225
1064 9605
3322 8723
8861 7261
4930 8741
4456 5290
303 6872
251 3302
9652 5677
9359 7351
2645 8533
5407 9311
6235 7272
9502 8913
9214 582
3198 8482
4222 3560
5274 5870
4107 8191
9349 8814
4298 3726
3329 8707
6748 8989
6456 2315
1972 2329
1518 4831
1544 2639
4850 8544
7176 6259
4494 8593
6031 2396
566 794
7611 5357
188 1041
2337 3487
8694 6565
7427 5903
2141 5724
2096 6054
9205 9413
6512 2329
3769 7946
9822 262
1915 4442
709 4276
5818 4304
4611 1293
6142 9937
742 1419
3815 3450
6537 2076
2288 7662
6931 6592
9463 7631
5555 3485
3190 3967
4989 27
6822 8935
3215 5402
3529 2566
5699 3481
1633 6752
9244 4519
7568 6032
4322 9208
3754 9099
4330 3981
5378 3187
9441 5013
4846 2681
2669 848
2551 3776
5798 6321
4319 5374
9962 2757
8797 4901
9501 6274
1683 7468
325 4821
2754 810
6216 1530
3309 7766
9843 9389
8770 3861
1531 5462
1131 7111
4786 9900
2668 8324
4571 4386
599 423
1062 2720
5533 9466
1339 9437
4609 4957
8026 271
3871 7824
2744 5061
1358 5559
8472 3511
8820 8129
3755 664
1090 6808
5676 6732
6538 4138
119 81
7141 9630
4300 4585
70 4394
9908 9134
6634 3636
3724 3824
2087 1527
3707 9063
5312 9825
7352 6433
1447 5188
8246 3797
1585 7169
8792 9535
9789 4807
7008 7981
2521 6905
2880 4210
3122 2604
2602 5619
6674 7343
8523 5996
6263 6558
2977 3390
1981 2525
8408 7876
3223 2139
7863 1332
1375 6306
3830 3636
9142 7370
5450 2158
3610 6716
1177 953
4904 7419
6442 1196
6600 9537
4201 4994
7369 5766
597 9397
1370 5018
2272 9964
1106 6590
4582 445
9153 9748
1199 6274
1691 6789
2805 2552
4207 2890
9403 8438
3949 7936
2573 5840
9818 287
5112 1078
2006 2044
5791 621
3335 8201
2957 4693
3706 529
1316 1751
7589 8472
3384 2629
5095 9368
4976 5704
7826 4046
4943 3904
9093 7281
2984 494
6457 1200
2626 4000
9492 7260
1376 1416
5411 1628
8535 8741
8708 1235
2999 1008
4675 7962
643 568
7219 9309
4055 9972
5327 8875
4201 9925
2043 6299
1317 4589
6866 9224
3959 2388
6445 9101
7589 9806
5064 7083
131 408
1659 4702
2791 8361
5003 4505
9226 8020
1034 8089
8064 3503
5432 279
969 6444
7205 4769
1894 786
1714 9576
722 7588
7623 7080
5005 8673
9607 5051
8183 8438
7342 2187
7830 1574
956 4050
1849 1268
8163 9142
547 7327
81 5833
139 1271
7268 1505
1982 5956
6902 827
1162 5477
1842 9693
1968 2985
36 7175
3311 3672
7745 289
9723 7549
6436 4159
5776 2281
7664 6120
6983 6132
7889 3485
6410 4665
569 516
1945 8649
9610 8275
450 4801
2940 1370
2386 1435
631 184
3238 4443
1891 3022
8881 5190
2604 4162
500 1126
4099 5131
451 354
1478 6148
4855 9821
9621 3329
4017 6335
6212 9840
8387 2451
6234 6641
7662 7729
4154 4662
9495 1862
8237 7632
3987 2383
9601 4471
4828 8387
5651 9279
4417 122
8934 2028
9048 1300
2849 4405
3358 5810
8717 8416
9230 5857
3517 9069
4267 4775
581 3506
9625 7027
3098 6311
2087 8047
7474 8504
9018 6476
5048 2022
6051 5055
2705 7386
1985 5549
2311 3129
6565 8524
348 3168
9254 7469
4249 5063
7292 158
9474 779
4330 4582
5579 4522
4175 9057
6428 6858
4659 6379
2790 2274
2291 183
4810 4375
3435 2243
2425 5088
9281 4561
3799 5311
2320 3137
8300 4942
5534 8618
5317 101
5072 3458
7984 2737
6510 520
7659 7084
7776 8690
3489 69
9095 6708
6895 9639
1785 4369
5514 6029
2857 7853
9357 8006
5193 7505
983 3081
7973 4575
4415 1722
7153 5168
1046 5430
5983 122
4176 3898
6739 8769
5834 1024
4262 4702
8947 7495
3367 8703
9401 2588
137 2056
2177 2006
5020 5161
4151 5088
7356 8403
7241 6465
3523 3817
537 1699
7377 464
6105 7204
6981 4085
2969 8826
3050 8144
3313 751
6233 4102
2917 9076
5436 2339
4294 7175
3398 1376
1485 7973
6206 7442
6841 2012
5830 5246
1554 4278
3942 9765
5021 6782
9398 9976
3919 7988
1006 8891
2816 4687
1368 5472
4247 3304
4768 9599
4356 6341
1491 2889
374 8456
4267 5521
4339 8451
937 3951
2428 1429
6380 9504
9515 9627
2522 4843
4171 6621
7340 9039
5125 5980
8751 3279
3082 7625
8545 8303
9486 7993
1824 8196
1294 9969
3240 9171
3532 5686
4548 1691
7827 8982
9123 4594
3789 1877
6487 9790
7315 7946
5325 9705
49 898
7511 4779
9171 7301
2905 7533
3227 1062
5169 901
7633 7399
7873 7276
2548 6374
5400 1788
3145 1307
1472 4372
3502 250
4971 507
8908 7666
4035 5270
718 7336
9236 9870
8493 6092
8571 9534
7662 1560
9952 3802
1515 790
2790 1096
3042 2013
4294 7737
2171 961
4801 5778
4085 1359
757 2989
7026 5618
8030 4503
5536 4355
1023 9894
7996 2883
7048 4204
2599 6752
2803 100
563 7227
772 1222
8843 8545
2683 1286
1778 645
3841 4936
2528 8051
4667 5041
7066 5394
9400 1663
7826 7076
7740 8227
1019 2120
403 2525
1166 4201
5535 8598
160 4668
2718 4230
7919 2785
5973 6119
3022 8405
7034 3971
8168 7815
9200 4612
6806 7698
1212 833
5662 4420
556 4264
3714 1574
2119 936
6140 9250
6154 1769
4507 8239
9612 5917
1182 7387
6206 3070
8163 7845
8292 3531
8834 5912
1766 3800
8167 1158
5779 4945
3164 172
7519 6953
8535 7749
5319 7362
9830 2262
6398 1611
6776 587
9399 4918
3151 5757
5941 7301
685 3508
2798 6015
8362 623
2716 7111
997 4889
7204 7517
6387 9011
9867 8926
7912 7006
1145 9688
3357 2971
1115 2602
9546 1655
4199 8793
7379 4363
3718 4598
7553 6309
7835 715
1283 8710
1140 5387
9598 4741
8908 4428
9515 1156
2883 3865
3137 727
9273 7220
106 5189
7297 1828
8352 9690
4589 2091
1044 8180
5603 2768
5663 415
3894 4133
5074 560
5511 1977
9602 1031
4444 6715
2277 2825
9808 4421
4139 666
9139 2130
4095 7487
2745 4879
3159 2198
9818 7110
2424 3020
987 6112
4789 7363
4385 9532
4112 94
5189 3510
8076 8816
5211 4321
6202 6542
5944 1513
3106 2054
7533 2079
968 9461
6786 4270
6019 1717
9480 8746
9096 6901
3175 6911
2606 2828
6546 8451
6484 1027
3265 5449
4206 5031
8528 4338
52 2366
841 1291
2616 12
9476 2684
3942 255
4461 7061
6927 6339
5388 3852
3439 7057
9175 1796
8518 2705
6522 1385
9268 9307
9879 4952
1881 2733
164 4161
8585 5948
5010 9399
1795 8927
5107 701
4253 2195
8093 3443
6772 7355
6008 475
9656 5788
5795 1343
596 3463
5775 3987
3014 6769
9597 259
8822 2635
4785 9083
6573 7425
5133 6922
8958 7735
6627 6746
1836 9950
8881 1701
9514 9708
797 5510
8000 4761
6597 7191
1249 9776
1169 2290
7454 8770
1237 9940
170 6531
5149 5066
8673 3886
1944 4146
7914 2737
9210 5120
5621 8828
9092 9722
3076 6995
8129 1366
8110 1069
3622 7397
8834 2399
5630 3
1268 5295
744 6191
6611 7322
9705 9768
2572 1563
3941 3258
5382 5305
9874 6306
4663 3546
6895 5029
9047 6154
3388 7899
2771 9890
4184 4108
2358 1341
9671 5237
6205 5128
1110 9197
813 8093
4250 5949
3843 4834
6204 2842
8623 14
3249 7870
2637 4558
3991 8964
7008 3694
116 3547
9014 6767
3117 3244
9675 184
4715 4997
1742 7317
6213 7046
9492 9699
9955 8672
2951 3930
7159 3638
2526 6180
1115 8360
173 7287
7592 6948
9963 5514
1110 2450
7571 2241
1389 1333
1928 9297
8764 8305
6713 6640
7275 5536
3653 1405
9154 5511
8339 2051
4304 1824
2401 2040
5451 3304
9142 7320
7991 2543
8977 5437
4478 5930
1988 197
62 6603
9265 2848
5303 2829
7401 5566
5859 2105
7079 6714
213 3003
6241 8493
2374 1644
8706 8607
942 2811
4094 407
2071 6892
7593 3381
6656 5663
9859 7884
1237 702
8941 1825
6563 43
3432 1462
560 5051
9094 7428
8369 3734
899 4886
4698 9354
6529 7706
4871 6812
8457 3887
7009 2509
8080 441
527 7292
8290 405
4838 665
1914 3640
2275 5858
2342 6612
3254 9062
4470 1023
2206 1205
1402 8117
3765 9074
8799 8815
143 9687
7138 3025
9176 6187
2645 3517
5166 5244
9958 7734
1276 7285
5403 4889
7893 9043
5588 8033
4400 8518
7692 6579
968 489
7119 64
8780 9377
7875 9178
6963 4335
7112 9372
7995 4030
5457 255
3751 4650
4805 4784
6003 8819
227 9242
5242 6040
3044 359
8746 4207
231 9851
8628 4180
7920 5974
5119 959
8653 8307
1781 7689
9474 6729
2724 9619
6853 7924
1040 3503
8359 2022
7763 8208
6796 1011
1995 6569
7897 2191
6217 343
1956 7401
6810 553
3652 9909
943 843
4373 1736
6644 6953
9778 4397
4502 4441
4805 3460
3702 9533
8422 9179
7428 459
7652 7687
143 295
8032 2481
3304 8107
1962 2745
3297 9447
6167 5166
7695 4841
1628 2370
7136 381
3610 1052
5874 141
1458 4192
4251 7176
5849 9678
8183 2629
685 9814
689 6774
7568 3411
3869 4
4159 3172
931 8327
5049 7299
2749 1649
3868 2248
5178 8933
8191 6804
5939 7546
511 2983
770 1795
8455 4894
3768 7483
5772 8235
5309 7708
1535 3576
848 6819
8256 2125
5288 1709
5049 3028
2989 1491
2023 731
8668 8344
6456 5485
3039 1773
7702 3290
7881 4784
7282 5001
9086 2937
3259 5725
3752 5827
4348 8054
4463 5615
6360 3808
6890 4137
6453 4967
1201 1535
6429 8641
3801 1976
6658 5242
5610 9188
9098 528
3951 5385
4922 6823
7640 1492
9315 7403
6723 2656
2618 36
5700 8817
9226 307
9738 6918
6610 7474
3164 94
3499 2304
7330 7190
8221 8283
376 9477
818 6759
2545 2004
273 6448
7014 620
7761 5277
3995 6360
7037 9423
5733 6490
9150 8359
4226 7058
4638 6404
3334 3908
9925 4008
4223 3916
7811 3096
8888 7519
2610 8768
268 6496
5904 883
4731 2252
5750 6135
7309 4235
3771 9802
5389 4226
7415 3694
9664 9251
7150 9516
3225 5621
7629 7781
2864 3645
9562 4995
1445 4874
239 7744
3401 8227
7182 4360
6424 4546
8016 8717
343 2979
9978 2773
4754 8711
5032 5409
3531 2029
9312 8861
8057 7205
1083 8769
2908 2406
6699 938
4149 7345
5143 4265
523 4811
3600 8899
5914 1997
1734 5573
3826 9150
4911 9167
8121 3048
4702 7483
715 5659
6834 2868
6380 5414
4389 9336
4994 8414
926 5742
258 579
7578 4645
5236 6737
6031 6495
150 8513
8695 8335
2228 3412
517 6480
3689 1218
4736 6594
3024 7868
9740 1003
7566 7458
2186 2855
7829 3563
1220 5653
8208 4431
1090 8383
7576 1362
2269 5643
9502 3094
3073 5721
2987 7237
6165 3532
1866 6932
6621 9579
722 7853
7354 383
2701 8980
5699 5261
2173 1748
5998 6447
6631 6510
933 1540
4612 9365
6005 249
4070 3483
7323 6470
2006 213
3684 5358
8285 9424
4108 8964
5319 974
2367 1416
3657 3460
3553 5937
1848 8476
4221 87
4284 7200
5727 1547
7267 6558
2906 2813
247 8758
110 7927
185 3847
2869 4985
5359 1009
5387 3631
9266 9396
251 7812
2062 831
5077 903
5691 1786
1360 749
2299 9636
1488 8461
6943 9233
3592 3230
9874 7308
2213 1400
9409 6091
4955 7157
9017 255
2583 3398
4646 8156
8398 4608
4019 1573
3101 4699
1038 1976
5884 3351
6460 1249
8925 7538
3980 8562
8325 548
7602 7956
328 8202
5617 2843
3455 3721
8613 1188
1937 477
8137 2607
2118 5545
7705 5655
8437 3223
4912 6480
4336 4439
2331 9493
2932 6231
4354 9611
811 5679
6561 3233
9264 1551
3619 3128
5859 5209
3086 9893
2924 9971
1342 7604
1952 4519
9101 1196
6472 7521
6307 9916
4895 641
9334 7942
3791 1703
4822 9731
2508 1933
690 2415
117 6135
387 7665
3571 7157
6515 3260
1240 7873
8649 7053
6638 131
140 2836
4163 5315
1830 6219
6741 6428
3653 3368
186 4163
1948 4040
5046 17
2131 1513
2560 47
7701 3697
8794 9414
2449 7169
4984 1098
7373 2077
8516 6168
571 3531
263 2860
5982 8236
486 617
6001 5794
8818 4893
8381 8943
5036 8120
7313 8
4553 189
9073 7662
6530 6312
1814 9533
1129 279
1167 8421
9582 244
9690 3641
9618 7214
3925 8509
8257 5218
7835 8076
5960 3001
6438 4772
7613 395
6719 5816
5020 1744
3658 7079
488 1503
5006 5588
3049 9948
8581 6853
3437 7565
4789 3119
8176 1051
8045 8854
9499 5187
9553 9757
5092 92
9290 531
561 1253
7991 421
4056 9469
3052 1112
3209 7311
2685 512
2286 4621
1491 584
2283 2312
5051 7972
9619 8257
7003 6342
9261 2338
9926 2630
3706 9639
7805 3378
4175 2459
7514 5178
6431 6723
4478 2829
8464 4743
6562 5795
6588 4379
7418 7989
9417 8147
9905 7172
471 3170
6824 8606
5243 3512
9305 1511
2802 4032
919 8138
2159 4169
791 8474
3990 6710
6036 2695
6769 1495
3162 857
5716 236
9958 9500
3963 8443
2827 501
7557 254
8814 7370
3675 3557
5757 8071
2039 1513
7592 2944
6226 4508
9999 3440
5791 1786
21 8615
5529 6289
8371 39
2851 1986
6153 9402
6321 9522
8620 9640
4331 5359
8732 9934
5872 3504
3168 6201
4286 9283
8543 1275
4566 8839
8086 2565
116 5993
9739 4353
9746 9805
1511 7035
7918 8629
7729 2513
7532 4323
3948 2544
8797 763
4223 6511
5843 6160
8314 3614
7250 7557
1773 6461
3590 5894
826 3783
642 6014
3271 191
9699 855
530 2336
8996 8405
4731 3556
406 5290
2166 9883
8168 4077
2695 7790
5179 8927
9996 9003
7377 4429
5878 7520
2829 3575
4453 2362
7752 7451
3597 1034
6282 60
1916 8473
3675 153
1602 9247
7660 7443
2103 2556
5177 4213
36 2390
8867 6504
6459 2437
2897 7207
2882 3837
6733 1464
4480 9332
9815 7493
8210 9538
9190 3516
2932 2782
4787 7425
8263 1239
1919 8128
6121 2603
5107 4107
2045 869
8385 979
5915 7578
1020 4949
5777 4974
7279 3828
1689 7323
8679 6268
6034 6595
1701 2908
660 7624
8717 3184
6760 216
8405 7663
143 5179
9663 7941
2174 9361
6925 4699
4418 9148
5656 5866
3203 3043
1639 6897
7114 8848
8862 5457
6781 9036
293 3489
3949 7416
7679 3302
8121 8343
7937 7389
6158 1338
8963 6441
9150 2898
1352 9389
4918 6840
5065 4234
65 9804
1321 6868
3409 498
7635 1436
4899 5110
9583 4386
9833 2916
5701 809
173 6944
7104 8314
8835 6054
5792 1577
9292 5801
1165 9621
4526 5112
3325 9921
7286 9420
1704 5931
8792 7419
8413 286
9232 6068
8852 4544
4347 164
3445 9562
1415 3487
2846 5313
3652 5355
1730 678
9465 2325
7635 5132
4333 546
1984 863
1843 8595
1494 1851
1969 6471
8347 2892
9896 286
7976 4439
2735 2801
4933 5482
6543 2229
430 645
7599 7565
5875 9939
1219 4296
414 7317
3887 6635
7068 7823
4704 6423
583 2512
2347 6443
986 5321
20 2643
545 2217
3654 9930
306 7028
5679 5130
506 3734
5082 1419
2121 4071
5311 1882
5282 8550
9585 8854
3953 4869
9747 8133
4337 8588
781 5362
7131 7118
1670 2971
7495 4341
6211 4206
8253 1366
7477 9041
764 9696
6765 3544
9278 6854
465 2647
8143 6023
6143 1486
6954 1580
4976 6867
5260 4882
9970 5199
2771 4109
1684 3151
7979 2099
9007 8658
5003 1510
1313 8914
5081 4948
5750 2972
1877 9139
9772 4301
9478 9936
3466 7056
4989 6744
745 3187
9775 8933
5247 9737
9686 2157
6438 2656
8797 2185
3324 7635
9299 1131
6539 5330
4625 361
8124 5922
8977 8729
8907 4678
5007 2042
872 8025
2786 9442
9442 3498
8345 2941
7379 6723
5233 6981
4260 7580
9665 5391
2339 3424
3801 9056
2415 1675
2499 702
1869 3736
4750 1834
4949 375
1634 5489
937 8262
2687 4233
3326 2996
670 3511
6707 2163
5032 4634
9459 9613
3528 8178
9093 7000
5489 8482
9154 9461
8808 7087
6505 9178
6114 2815
6000 2071
9155 9063
9392 7684
7978 2383
1013 6706
9197 152
2121 4272
887 8538
2079 244
7302 909
8462 3937
2598 2094
4633 9015
2609 7171
4572 2036
5093 2705
7866 9135
5713 9095
9879 8207
3474 4831
84 7619
3517 1981
9299 3272
1579 9840
3871 4588
1443 990
2651 8340
5403 3120
1241 345
8718 60
4799 6350
3287 2521
3553 8040
4499 3146
4425 7542
9890 8880
6755 549
3619 7058
6956 6309
2636 9833
4152 1273
2040 3608
322 8126
6534 9486
8990 967
8515 8095
557 1983
5787 1146
6290 9162
6965 5319
9873 4383
3486 8298
5843 4808
1150 6677
2026 2446
3861 3346
2950 3553
2348 3780
1753 9531
7021 5322
8415 3921
2049 6705
6751 7806
5414 5420
2331 3229
1340 3512
1094 3591
6054 5610
2598 3264
3163 1883
2073 3093
564 7195
1159 9685
3157 9409
3753 2412
3153 5734
4540 8575
5431 5619
3055 9264
5456 885
8963 4871
1037 8888
8883 3705
8728 4925
1935 8823
216 3429
6504 7016
7984 4395
2177 6780
3941 2086
9890 3328
865 7811
1835 6966
4524 322
5148 439
2233 3465
6738 3576
5074 6734
3228 6011
8679 6308
5163 3738
4387 6346
8281 9937
6562 5915
3138 7302
8776 3526
2891 602
6311 698
14 5652
7072 5601
8461 407
1894 3310
9656 5316
7279 8822
8518 7881
1822 1884
1626 7883
8498 2037
3448 1472
5653 5607
2285 2757
3093 9559
5673 6658
2430 6261
3364 645
9956 44
2191 2861
842 33
84 6083
2708 2572
7588 7975
2021 6392
1745 7194
8344 5998
7749 9650
4019 5963
8629 6635
4450 2716
6898 8065
9251 903
9090 2905
2143 5386
6458 6409
2512 1222
5521 8025
6710 760
6666 4554
3306 3645
1126 1918
8757 2094
9301 2696
7846 6922
8731 6526
3415 4634
8017 9110
1622 2906
5973 6621
7416 6239
1854 9211
4003 9246
9803 1325
2353 7301
6416 8371
3782 3666
2301 1114
6086 871
9637 2737
1252 8497
4398 370
9933 3494
1600 7688
2658 6227
4065 8545
6076 7928
472 6199
1063 526
7517 6957
2476 1400
9023 9208
8768 1609
2687 7150
8156 463
2816 9504
3960 4867
3376 5866
2793 1204
1723 7288
4317 30
4962 2080
2914 8744
9354 4730
6463 2489
2443 660
9429 8372
188 423
9609 8458
3254 3766
3434 4263
5716 9196
8 214
7846 8474
5425 5125
686 8855
6496 4865
375 286
2729 9567
2244 8910
6886 5524
1856 9500
7519 512
9985 9865
5033 5387
6728 7381
8092 985
4047 9747
9940 6888
5768 5916
2381 6765
3746 9893
7697 1076
8601 5003
4704 7035
3414 3593
9230 1243
2431 75
3393 1818
222 6314
3029 9935
1148 5713
136 986
2162 3266
4097 7525
501 4135
2983 5698
2772 2179
5821 6738
2468 9146
45 4922
775 5115
1435 9849
531 1487
2476 4293
9860 5594
1384 7198
9955 1453
4579 2664
60 5234
5709 1508
8239 8058
6731 8606
7601 7398
5278 4379
8494 4001
3766 6209
9846 1891
9966 4448
9141 6536
6030 8592
4179 802
1562 8832
1094 6795
4008 543
8272 1073
2147 3417
4985 1908
983 4554
6370 80
6680 6581
7148 9622
513 8934
7312 7938
5380 5024
9179 7207
4804 1353
5874 1576
9412 5981
5842 3537
841 6113
1155 7173
3036 5929
733 6376
686 9508
3096 4399
5869 9292
7539 6453
8779 8114
4455 5775
7590 1979
2154 1584
8068 7202
367 9642
6127 3311
4652 7046
1851 861
9312 2615
2859 723
6213 591
8906 3538
5202 6471
7427 7080
2887 3872
6297 4231
3549 2936
8424 5813
460 3872
1323 1084
1056 6058
4688 6140
790 8287
4916 5218
2327 6924
6917 6257
5399 4018
6296 9032
4980 9817
7764 9840
7057 7416
736 8191
2439 4934
1152 6917
8344 3871
2250 4709
5651 2350
4203 5824
7113 7830
5427 3277
8150 7098
7209 5009
2544 3999
8930 1091
1912 9416
1118 1704
5386 9295
1151 8261
8194 5024
3702 7409
8925 5706
6726 8176
3712 7992
3717 3848
7533 4118
4732 5512
2134 9525
1247 1672
604 1228
1602 4537
601 8210
3965 4547
6835 8649
35 2160
1015 1332
7578 5663
7850 7385
9692 9078
5132 9327
6746 7818
1246 9075
2108 5390
2183 2065
5655 1822
1960 9295
7994 9036
1921 6666
125 7137
1251 7794
6008 3794
8966 2827
428 2420
7443 9072
1775 7458
9205 2843
2518 2894
7748 8833
6262 8159
798 9623
6476 5660
3313 3371
6003 4327
41 2885
1699 7894
1027 7216
451 2152
5447 5962
85 4449
1989 2275
5961 5360
9587 6557
2479 1884
619 7319
7514 9513
3926 4223
3328 4787
361 3958
6169 8935
7339 1809
2539 3861
703 3808
3437 1135
9166 2795
8425 2264
5342 868
7410 9552
7935 9567
6454 3796
1619 6309
8155 7549
8711 3539
8213 3198
9410 1162
1117 3577
2759 8102
4416 1810
2650 9815
8389 4399
9910 5831
5229 6646
9567 3933
7065 7391
6172 2729
4584 2270
66 3903
1673 6252
3952 117
8987 3337
7993 3251
2053 1401
6411 724
6824 649
5734 497
8744 5588
6611 3592
3031 2137
3042 8993
5522 9139
309 7268
2230 4918
3865 1625
1950 6602
1742 3414
1718 8465
4122 6671
6184 2931
7586 5072
1621 5077
9049 813
5669 2769
9548 4020
5292 5820
9332 5070
4687 2048
2766 4134
6136 1556
7745 3722
2811 3915
4222 4334
8635 4478
2734 1261
4592 8953
5641 956
7835 5601
2321 5770
3358 4248
4180 2843
140 9535
9388 3774
1918 6943
3130 9058
1468 5104
2352 7517
7368 7508
7732 976
5809 8356
6397 9716
3503 2185
45 8090
8494 1045
4623 6109
7329 7964
7850 6237
8435 5734
6412 6699
5320 2867
136 8965
6534 7963
2048 6811
7507 9014
8669 4583
5883 5212
2845 8052
5099 8746
8811 4079
7110 7344
5834 2591
5565 6712
984 7429
8954 2910
3263 5051
8616 1633
284 7116
6166 5418
5512 2875
8857 7927
8304 8213
6067 5373
3758 5271
53 1276
4777 7482
3823 5669
2440 5952
8082 2901
5205 1742
5343 5623
841 7096
2078 2299
4820 9256
2327 9314
59 773
5080 490
8106 2385
3684 853
5279 1999
6090 8468
4715 7225
5525 2534
8326 3215
2567 533
9165 2814
4086 691
4356 3198
9000 8447
6201 7895
2140 3086
3737 5071
6899 4056
7876 841
8563 2002
198 3408
1153 8704
8184 62
6770 2580
7051 8157
7800 4234
7119 1777
1386 9328
3528 940
9355 8061
1079 2174
1409 2768
9389 3775
9422 3345
7127 7847
1552 9631
1022 4452
6387 2935
7551 262
3736 7419
9319 4873
4223 3395
3987 9577
8499 5646
5486 5699
8279 9415
2095 2932
5689 8480
5931 8205
731 3371
9003 4385
106 7979
6898 2461
6248 9762
7284 6762
8956 2060
3028 6656
1524 2350
3914 845
5757 8575
7109 212
9737 5280
1518 140
3124 925
9273 2376
2988 2053
2255 5744
3395 9192
5239 7054
4380 4678
4974 5905
9781 3918
8290 2722
9543 7298
4842 4770
9322 5125
1153 5039
2711 1827
544 9919
3508 3672
6591 4248
975 4448
61 6861
1779 9215
3293 6522
3794 4997
8512 8344
8423 4179
1866 2635
389 5359
8178 2210
4787 7039
4638 808
523 395
9930 1727
5753 5571
9613 5774
6216 998
73 4224
5132 5127
8212 9496
2275 9951
5709 4419
3061 5715
7563 3206
6507 8711
7535 7150
3504 5756
2561 3298
3394 3563
5565 4304
9982 2704
8994 9575
6909 7127
9950 3199
5715 4889
4397 8810
507 5311
5959 7216
5942 4517
4324 4380
6624 6773
9759 2650
722 596
3830 6955
1972 9821
5864 1023
9919 3730
2295 6536
760 4980
5837 1270
1378 4940
7538 6208
2816 6539
2046 8142
1181 7048
2458 9879
7212 5902
4491 3770
971 5497
1686 6463
8082 9496
1835 4819
987 4019
5561 4672
7950 5832
322 754
7052 3303
7602 9980
2904 5714
4450 849
5208 8811
2717 4225
3512 8992
4533 9065
6534 5670
3343 557
622 8798
4528 3550
277 5336
9971 7163
2406 8013
698 7930
5691 9573
424 9887
162 3564
4087 3204
4888 694
6874 856
3552 4784
796 4175
4661 224
6140 5065
2828 6347
24 9644
3574 7221
7332 1599
4811 155
8090 1698
9620 2124
1975 8393
9896 4286
3188 78
1112 3483
4103 7129
5164 4308
2395 4418
3022 4133
9143 1034
3922 8693
8729 8588
3988 2850
4343 359
41 2199
6445 8380
3438 1380
7720 2513
9943 4896
3796 3662
6924 740
4390 6555
7811 3162
8601 832
7381 9999
2591 5292
5495 1638
8241 5468
9356 4353
4498 2
4396 8115
5533 4095
7945 3135
7436 5826
3704 8407
6774 4469
9958 4146
508 1606
3063 2644
5154 2236
5690 7128
7586 9122
5768 363
10 8396
8710 5774
3315 2730
3068 7148
1821 5473
9378 2771
1818 5554
8230 9827
1718 9615
7952 9824
4941 9660
952 5206
302 4840
5001 6476
9959 3288
9995 1560
7422 3313
6178 7582
1165 5132
8889 9659
9084 3275
6156 6731
4747 1087
7445 5110
4072 5562
679 296
6696 127
5377 5714
1206 7018
81 2506
7139 3036
7641 2842
2900 4206
4180 87
6342 1117
8523 8012
2490 5622
5929 1896
5625 6627
235 1063
7001 9262
6777 609
2591 5308
9163 3016
9011 6030
3234 4163
3165 4618
3519 7834
5082 2334
3511 288
2838 1433
3950 8015
6762 1708
162 1206
729 6784
8563 9018
6195 1467
4855 4458
3076 8908
5959 9718
8448 1188
3516 5653
8363 7313
9815 9494
7335 9303
5575 4663
3476 9557
1505 7764
1125 1956
728 2362
2508 8209
608 2054
6721 2755
5049 28
7761 6028
5194 8055
9634 9870
7607 2491
4098 2546
1692 583
3275 1401
5023 3460
681 6315
1628 5917
7429 6453
6063 8512
7115 3234
6712 5160
8409 368
9078 9426
482 7881
9474 3145
4115 5779
3524 8116
6800 4660
9871 9859
3343 548
9866 4974
690 7165
1955 6843
3284 4071
9479 9229
7134 7954
2957 8434
1055 4745
1597 6512
9331 3064
1793 1575
241 4328
9877 2189
7771 1238
9826 5025
4388 7965
8516 2431
9420 2125
959 8349
9619 5025
7349 4857
3514 7910
9708 8781
6785 3271
7746 9174
7766 1627
2894 4767
153 2773
41 6238
2424 9683
4927 3020
6125 7156
4149 916
2297 1519
3823 5762
2300 9623
6037 629
6127 6921
9871 5085
7061 2370
7975 5451
3440 4172
8602 8936
5233 815
1069 9607
8657 6932
9193 9240
7974 9210
5522 826
2287 9771
1111 5708
1368 3206
1781 1713
8325 4264
8706 1193
1654 4610
719 8504
7075 927
3053 8704
621 8091
8939 3607
4241 2498
4290 5204
9489 6004
7685 1798
6505 6139
6929 1001
6306 9627
8455 447
502 2729
9616 37
8685 5666
700 4258
191 5122
5913 9553
4179 8788
2259 1467
5094 3102
3868 49
4809 7538
8380 7666
6916 2563
976 918
7232 419
2582 9288
428 4180
390 4827
4032 3057
7735 661
3341 4491
2168 8813
4077 6039
9501 103
2243 4041
7945 8852
2011 5356
3528 1671
7084 1038
6348 5028
1334 2247
3326 4175
9937 1965
5887 2827
452 502
5909 9180
5369 6825
6580 4539
9422 6999
5870 9413
5877 6396
9129 6064
4072 537
8971 3248
5091 1266
6453 8383
7175 8391
9818 6492
7103 4940
3499 7593
366 89
1654 8578
2825 6925
2191 3843
8135 6728
9497 4724
2919 7055
8053 8011
7187 4619
487 5727
9899 6029
1334 699
2071 4173
912 8945
5111 6341
7411 9009
4872 6629
4140 5233
6574 5535
3282 9090
6382 1918
7022 2457
4481 8150
6483 6424
8702 7971
594 2837
5678 7212
6529 5245
7256 3777
4556 4369
6800 6244
6798 6489
3615 650
7711 4497
6750 6012
2594 2666
7954 5823
5924 8103
2358 1762
7110 5835
5962 4668
4803 6903
2164 5122
54 1649
2791 3768
6306 405
7733 7351
8857 9297
7645 8838
2657 1616
5563 975
1846 8190
8042 2853
156 2731
7141 7397
6241 4008
9206 2471
8221 4703
6980 7768
445 1556
4134 8451
2928 6372
7176 3089
9498 6671
2564 6153
5145 989
2657 2088
6079 5536
5522 3213
6912 4542
3142 1928
7585 1366
6300 4688
2241 8189
5925 2439
6446 4649
8124 2045
7245 8483
3095 2591
7392 8186
5945 743
1565 6754
7570 924
2283 5647
505 6748
7528 6323
2537 1077
673 7995
3916 8835
6237 6281
7822 8417
1798 5750
9311 4554
3306 4266
6947 3144
6670 4433
7526 8233
7047 5658
4211 9537
9406 2869
5839 262
3904 821
5673 5384
6349 2879
8396 1615
6111 5524
8809 5546
5656 9309
497 3485
2952 485
2747 8283
3345 8988
8885 8306
3792 8089
3754 7334
4284 9534
2655 8577
7066 4156
7647 563
3472 401
5099 1061
3906 8223
2768 5840
5961 4577
7353 1842
6064 1555
8318 4981
8895 9198
2531 464
8177 5986
3217 3964
2502 3425
9264 8064
4658 7878
9781 8663
2548 4694
5969 995
9952 5602
2504 5262
2013 9767
21 9616
5202 4497
1419 3245
9101 8966
9394 6731
2529 1596
319 6713
1390 3456
7098 760
5236 1804
6992 4766
9031 3478
4017 5584
2618 3354
9068 5826
9749 7557
95 8725
7978 9089
2389 3067
4065 1780
976 6796
5879 2900
2913 5918
1618 865
1798 5994
744 2025
2420 8173
484 5590
9414 5886
9932 104
2119 853
891 394
4126 7856
6471 1222
8285 2579
5038 5772
3150 5068
8938 743
6846 1418
8722 4079
5049 1234
5713 8646
2491 2819
4252 6008
6587 5983
9359 3905
925 2206
7558 6370
9754 6008
7467 6681
3565 536
2913 2910
1308 6655
5446 7415
7695 4604
5292 3377
1709 4268
6138 3712
4556 5456
2395 4999
2146 2835
4874 5847
8593 460
6994 591
8190 1736
474 4980
2476 9882
9684 3230
3932 557
9942 4343
7681 5834
6284 4747
7776 943
3784 9298
2121 385
3060 5348
9445 9117
6046 7872
3876 8036
5136 8113
2030 9087
3279 2147
1065 6304
314 1776
19 3405
7646 4694
7496 5663
397 9118
7855 9628
1798 325
8726 3907
749 8505
8373 3121
8296 759
2734 325
2159 6481
8059 7235
7907 7864
185 5769
2465 8371
1581 1682
7864 9992
6689 5740
6730 3263
9713 4477
6569 6001
9051 3588
162 3121
3724 8995
3434 5461
4121 8667
4421 6461
7618 2000
6966 2030
658 3427
5001 8964
5653 7212
8220 6420
3041 1198
8582 6800
1826 5769
807 3323
4005 7952
5613 244
78 5001
9094 8394
2161 9943
586 8834
2428 1324
3643 2816
3841 6152
1985 8797
5613 1584
4428 8121
2820 7108
6490 5248
5245 6517
9469 4128
7324 7294
2759 7373
2864 5016
543 4531
1090 7898
3741 3168
5476 799
653 9824
3667 5090
3457 5009
7574 788
9041 8745
4068 4888
60 4498
1693 5553
1489 420
30 8270
25 7499
6021 676
2217 7894
4816 2172
1190 8870
52 3319
8158 9578
3177 9191
2589 1632
5644 1933
1892 9226
3103 7256
1475 2490
1211 5419
7809 5791
6674 9839
7982 4160
1362 5058
955 1615
5064 9201
1557 1373
5121 5179
6585 5655
3520 6206
3505 1418
1370 2303
3932 3607
5944 1523
9561 8843
8649 3843
629 8595
7192 2862
5039 9393
9684 6106
2984 132
5703 3939
9407 9727
8782 9002
9878 2669
2045 8157
2445 2792
399 8220
7061 8201
8977 7329
1059 452
4563 3026
9790 1539
4967 7905
7413 6271
7082 2617
2463 2604
3447 420
357 2799
2965 7560
9625 7242
7754 5992
7335 1691
282 2314
2571 6894
9842 6039
8872 5290
1737 3359
1916 6625
4839 9512
2519 5106
7490 3834
9937 1386
1076 9408
283 9317
7336 9713
9225 2597
3771 7974
1919 8859
4767 7324
8302 9196
6209 7690
4447 2204
8375 3557
7935 1463
6190 743
4903 655
4203 6942
2417 571
9693 6568
8773 8764
9519 3959
3255 6344
1518 5865
3795 2790
4229 3747
7718 2100
2525 5427
3659 3770
4112 5915
4054 46
4464 3344
8348 6749
8168 8080
9320 3649
2455 4792
9534 2339
4980 2690
9094 7182
5587 6403
2387 9605
2867 5948
8655 7342
7380 8891
1244 1922
4717 5413
8854 8914
975 2289
6397 5056
9587 9514
4632 6331
1489 6661
1421 1519
7500 6430
1944 4821
9120 9997
8358 6266
1065 7746
5701 8527
9803 3596
9589 6395
7105 8631
9025 1016
5626 2948
1135 6333
1261 9227
2242 3753
8881 853
1893 1682
1021 3469
9059 2146
5355 5563
7846 8319
9853 6013
4781 5539
3205 6387
8528 4895
7921 8721
2786 577
8384 8180
7330 7648
4576 9356
9010 115
593 48
6317 5301
6629 1931
2258 632
3377 5314
2303 3923
534 169
2813 5599
1537 9954
3164 6738
1427 8462
1459 3371
8020 934
5765 6611
4822 2689
3815 6779
7439 7170
5617 4841
306 5192
3224 5927
4752 262
8659 1771
1879 3119
3715 8765
544 1478
5423 6139
1587 3115
6831 3114
173 4557
4451 908
1326 5061
6312 6864
1440 4634
5456 8343
1011 6294
5632 4044
971 4438
4703 9996
2487 3487
1492 5330
4253 2842
1769 2411
4821 9341
8779 5068
5025 8530
8017 7618
9887 5169
7616 4229
4397 7840
1094 554
7550 318
1433 2862
6418 7899
9209 1719
6150 4580
3996 9121
685 3963
9827 8801
6724 9667
9279 1445
4167 9864
5391 7645
3979 86
9189 2822
624 9292
1162 6697
3358 3362
1996 7117
9894 3212
4878 5730
6789 4571
8214 6177
4314 492
7801 251
153 3144
5570 5227
396 5594
4912 5740
8189 5104
544 5686
7528 6604
7831 4435
8164 9201
5557 8782
5168 9981
824 9139
8058 2461
7994 4341
3919 5378
5016 4499
9998 8037
5734 7801
9241 2346
5271 7693
6264 4549
4881 7865
7386 4592
5093 2247
4293 7831
6208 5461
8233 2408
1960 7705
4343 5327
1233 7461
2985 7298
2799 536
3623 9835
2604 4311
9616 7714
1755 5129
7676 6802
9335 5320
537 6615
4240 6839
7884 8951
6665 4368
1592 7963
2471 1350
8408 504
1440 1369
937 3204
8133 5008
6780 1754
879 7152
37 1436
1031 8243
250 6510
5085 8058
6797 884
1626 7865
4838 8162
6624 6628
8958 7195
3961 7362
5145 9164
684 8026
5965 3005
8762 3182
166 7177
5790 8483
8586 4213
8269 5755
8031 1139
6347 767
8035 4967
298 3290
7552 997
2674 8548
4943 1989
2680 5987
9955 1665
4089 3350
885 1802
7840 3114
3505 8629
2774 5237
1610 5658
6372 1661
9861 7221
8624 2453
5406 6495
5985 98
2586 211
2165 8070
2932 494
2316 7063
3470 687
1561 6366
2274 3004
3999 5656
6833 5592
6172 1750
8238 963
9355 948
9814 8464
5705 7091
5396 7442
8012 4960
6022 6730
6838 9170
284 4622
5634 479
740 340
211 6127
9218 3909
1545 3681
2112 7062
2933 9501
3158 3855
9275 4738
5108 2749
4306 5793
9609 2252
2896 7058
702 2158
7262 9045
475 1631
9819 867
5557 106
4512 5699
2029 3855
9092 8969
6403 3536
8422 3441
3268 3964
4651 1635
6712 6339
1167 5585
9140 2126
1568 5630
2000 9885
2651 6750
370 4675
9982 7959
3748 4461
1598 6032
7331 3865
4998 3543
8821 9893
1901 3990
5480 1476
5635 443
2824 3376
3384 3227
1115 2490
1166 1216
5223 285
8826 7605
4775 8291
4778 9545
3033 1429
418 6500
4527 4965
4330 3826
4222 3750
5834 7984
3907 2074
4629 1557
4175 38
6538 2181
2546 5464
4370 424
5554 3568
3587 2959
2343 8813
6225 8147
4741 7698
7013 6296
6326 2061
4984 2610
7141 3741
3318 1939
7301 9877
4712 1387
2849 3993
2235 7476
816 71
8682 227
1729 7946
3868 9747
4013 704
204 5862
8165 9939
5681 6324
2640 8323
9636 9580
8065 9975
594 2817
3140 7468
9720 8171
2426 6394
7458 3293
1083 9237
2641 9244
3443 1676
8653 7583
7160 5383
6904 2500
5533 5764
7192 1988
8788 9657
2428 9981
5300 9608
6886 8420
6479 164
7614 5679
8066 6389
8447 4569
1308 4447
476 2850
5970 1783
953 6318
2560 2404
8108 571
8438 8102
8616 5999
4542 7962
7950 1704
4554 2312
9449 622
1137 4078
5351 9401
2314 4858
1210 6472
9223 5248
1203 9753
1639 6711
3014 6305
1323 3588
6 540
1258 757
8243 1456
1659 9401
9147 5020
881 6322
8592 7558
718 9847
1276 1147
4486 2425
2215 4523
7105 1730
9680 366
8781 8620
5679 5804
3222 287
8545 3152
3500 61
4268 9800
1241 5404
4653 2907
6686 4899
4085 5837
3204 1897
2601 5791
232 1886
3239 9272
2382 8176
6305 7085
9281 5003
7644 3330
3349 1393
7610 2981
8985 8642
1792 5954
9873 5445
6177 1346
9155 3051
9258 6850
6344 2604
3105 8499
6685 6039
9919 9300
8850 2054
9566 9528
7431 4909
3547 7919
1902 7589
285 452
2751 9383
521 5906
1850 3287
4861 1946
1508 1383
2151 565
8881 203
2619 2602
1900 3983
2920 2538
8730 5936
5854 266
6205 3769
9346 9449
7615 1190
7596 5639
3523 3538
8233 20
2976 6284
215 9205
6315 2466
3376 508
6226 1102
1759 1439
2754 9050
2912 8230
6240 9393
2072 4317
6876 4440
7300 9910
6134 2042
818 7205
2047 6443
6975 7514
4872 6469
4228 9968
4381 4495
2430 1460
2697 74
2482 9680
1999 9711
648 772
4537 9434
2984 4559
7377 8454
2893 7307
7512 1430
7623 9415
371 8854
8372 7316
3151 4514
9982 2430
8858 4576
3800 9482
4066 6538
6718 6573
7933 6080
2741 2277
658 1273
3404 9899
6985 4854
6599 5788
7589 2964
5136 2469
7057 1410
9512 2504
9329 3419
6974 7453
2488 5176
699 1584
4709 9901
1150 290
6737 169
4570 446
9536 290
5079 581
7577 9331
1316 7629
2940 5266
6615 2888
1660 258
5453 6946
7327 1117
899 5498
3573 2359
9280 3017
8711 1532
7705 1059
7340 1582
4417 5918
1308 8903
7808 3523
4234 9980
6122 6182
6754 2800
4415 3393
177 5190
2125 8103
5704 1462
3527 475
3708 7568
4410 5270
2303 7002
6787 5585
1014 965
7419 5441
7665 166
3903 9847
1269 1425
325 4797
7083 5250
1861 6152
9269 5430
7336 6617
8313 4781
9076 1183
5108 1953
8795 4433
2304 1946
7581 1122
3504 1723
8516 2825
5018 5137
3924 1058
7094 8154
7370 8586
4615 5224
9003 1026
8752 2712
1354 4943
6153 1871
2269 5261
3472 8936
4579 8548
9577 4684
5718 5138
3951 5786
4677 675
391 4935
9820 9057
1261 2493
2029 7819
1751 1388
255 9811
4053 4568
3108 6910
6114 4726
1218 9795
9492 2548
876 299
1392 6836
2035 8907
529 3927
9481 8939
8696 1169
3034 8482
7920 1730
6602 3025
9804 2662
3012 2957
3541 2483
1118 7985
2506 8585
8191 4528
8410 3602
8920 8259
1330 7698
6514 830
9560 6508
693 6049
6676 525
4468 3434
3659 4031
2328 8863
6348 4631
8864 9825
3240 879
3910 9143
534 7506
2189 3611
2524 4199
7032 2810
2470 4075
4339 451
8063 91
6019 6820
7976 9885
2934 1545
9940 4360
3902 4591
7221 9784
1829 7421
6243 2747
6142 4756
7210 6149
8277 9965
5512 5511
7994 1041
7105 9720
4478 9031
1459 4138
6337 6488
548 1894
690 3010
4987 7267
8819 6225
7233 5478
6271 4712
4862 2494
9913 527
2795 343
7964 2606
2793 7705
94 1514
9950 2142
7839 4006
3508 2845
9571 4341
9078 1483
9546 8758
4497 8966
7416 6816
9477 266
784 7033
1554 3377
5525 3329
9116 7328
4744 6147
4158 9955
9630 9567
7195 697
7093 362
9491 1187
942 29
194 4532
9164 4409
2187 972
7044 8368
9952 1414
6988 120
1852 3895
9347 4557
5236 7064
8271 7598
8074 994
9061 8717
8895 6306
2571 1051
8958 7217
604 5517
1187 6171
2355 1498
2721 7504
2807 1003
859 6172
5476 7253
5929 6170
6501 2871
2614 6677
3342 6658
2938 961
4585 2494
6997 2421
3845 8575
9635 8660
6927 1046
3735 1548
6735 9490
9321 5379
8076 9530
2751 7971
1323 6002
7851 4747
1890 3575
4778 7945
1871 5197
1764 3564
9630 3965
4235 176
1863 1545
4083 526
1353 7035
6880 2260
3400 2105
6388 3826
8295 6365
3233 6457
1853 8814
8541 1973
1030 9840
663 3000
2455 8689
4440 524
2648 1715
964 4388
9177 3462
3193 1092
288 57
1078 8820
5414 4719
1484 8814
2249 6040
1563 9364
6215 1465
9523 6182
3117 273
4950 8334
2055 8648
1056 2539
2056 1964
9634 2963
1376 43
2466 4516
2226 2296
124 95
2052 8062
2447 5505
1295 8125
8183 2173
5542 3020
3480 3003
7030 5455
9613 9621
5203 6244
7699 6658
6683 958
7596 2769
4102 4178
7814 1566
4449 2667
87 1902
3084 6966
3994 8975
6928 1743
3237 8973
8077 3391
4983 947
2866 1745
6665 4300
1932 7827
2743 7953
24 4604
8998 5320
9344 4276
9217 9328
4923 4180
3649 9756
3518 1376
8175 4228
4611 3217
3823 972
5786 5191
8915 4290
7357 2633
8237 4680
306 1030
2986 4083
1511 6195
3696 1550
355 7530
8487 5659
2351 4028
3750 4409
9694 7225
1953 6741
9950 1231
6748 9684
5580 2336
9892 9462
2806 5772
2661 2932
4333 6399
1080 9398
4095 8292
2967 6041
3284 8062
2441 6465
4702 2874
1015 5409
8853 5420
5534 8645
9336 2417
2117 3311
8955 1135
2197 3578
1251 3512
6789 6910
5272 4437
3632 6612
2913 5324
1414 3219
5068 8749
8155 7398
450 5847
2205 4982
9617 8163
3888 5795
8354 5023
3366 3269
6702 3026
1231 5230
512 2097
5502 5917
4426 2427
2112 8312
8861 6227
5808 3650
7263 2479
4924 2212
8868 8695
8867 266
1223 2318
7561 9863
6660 8765
5144 5463
1718 3042
8067 9536
1960 4915
3259 7975
5399 2188
8417 5109
3292 8211
1213 4193
1086 3698
1821 5975
3373 6042
6524 7769
4855 524
6542 5739
1171 3901
8056 2128
7837 8183
3648 4603
7000 8878
4663 5658
7925 5717
8451 2103
3806 9881
1082 1439
8891 9201
6388 2957
154 3237
8875 8317
1947 9041
5700 2278
2914 1378
8439 9676
7367 6369
8240 2254
3843 4323
6505 2806
5475 3194
7232 7198
5914 3408
3050 2096
5994 7293
7371 8211
9320 4725
6729 3656
4986 5365
3075 4943
9870 2438
3970 2361
6207 354
8360 6163
8446 718
4643 8075
3415 4829
5311 5403
9581 3150
3725 3223
3792 5585
5301 6197
7830 6799
5885 7628
3756 6513
7227 1015
135 9770
4304 6230
8260 11
5526 1016
7053 6592
3548 2170
1724 8659
5879 238
1064 9884
7721 332
853 7741
4858 4050
8421 9666
4815 4313
9468 9598
2282 4937
4801 3147
5797 888
6964 5564
6589 8417
4445 7404
1487 7510
641 1722
1870 2920
7215 3720
7494 2989
2146 6556
4181 8109
2261 557
9448 5863
2858 6027
7264 6256
5306 9036
215 7966
3139 9790
8716 4351
8712 6077
3341 5115
135 6675
4 1649
3317 7468
3011 5667
3871 648
154 8340
6103 6769
4526 6935
3007 835
7901 1630
859 5339
9889 8641
891 3503
9097 3141
8665 7543
9936 6140
7017 1804
5951 5431
6434 489
6059 4247
884 5638
79 7297
7837 5882
9949 950
1114 1309
4433 2627
8922 1834
9036 2821
4609 8979
5515 2865
3231 1945
9449 7873
2419 4654
4874 551
2796 8249
6673 2366
7208 9529
3490 200
7183 281
5059 9624
7705 687
623 8677
4956 1641
5946 7629
6828 5843
7 5599
3891 5086
5686 6100
9547 5298
7071 1331
4498 3634
4618 2025
7847 6424
8282 6904
6075 3425
4729 4006
1605 364
4558 8119
1432 1117
7488 778
9787 5004
2256 4479
9121 3459
1986 4403
4945 4315
5629 5618
8148 2199
4901 231
5488 6268
7617 193
609 5000
4550 168
305 9229
9900 3355
9880 8822
6424 1715
3620 7569
8414 9910
7643 9623
821 5305
5181 9567
7400 7552
1917 3832
3801 4292
4508 455
7940 4339
2176 8043
290 8279
8220 6640
1762 2888
3616 6016
1836 7862
1270 6830
8610 4097
184 8307
9508 6299
4285 5147
687 1424
1084 3433
4246 815
6976 6497
8097 1905
9219 6146
6694 5018
7941 3822
9274 9433
2958 971
4863 4336
3764 8166
6004 5480
5830 1047
2485 5315
287 9797
5821 1384
212 6409
7043 7883
459 4810
5138 1749
1264 989
7601 5857
5867 6912
7946 9974
760 6306
2190 3536
9546 6889
2028 9922
8880 7917
8166 1847
4992 5639
3417 8996
2677 920
2798 2771
7860 8267
8073 7934
7139 5734
8729 9620
4771 3289
1488 7234
9316 3929
9146 2728
6370 3770
910 8523
75 6016
115 6318
7941 6394
6655 1732
7751 8067
3099 8997
5023 9622
3336 5995
7112 4330
1261 4055
9531 1923
1413 8752
811 8460
8694 2199
2543 4500
3258 2000
8765 4867
1766 5356
526 876
5684 8494
2230 6091
3763 7636
5437 9901
5835 2760
5458 1206
2917 6684
180 5086
1380 5143
5843 7121
2387 4925
1966 7364
8910 1463
604 1123
6804 8973
5224 2897
9717 2494
3853 5602
7029 3882
8199 1270
2249 3587
4880 7686
9638 1813
3040 1948
4915 7243
2216 7352
171 5514
142 8771
6268 7977
9717 8414
1916 9839
7406 5547
1601 2800
8991 7660
5092 3678
3858 5942
3598 3644
770 2260
4777 6716
8858 4722
4214 5333
5476 6412
8299 1067
984 6781
1837 7123
6166 1899
4040 9649
590 2010
2882 4467
5579 9289
9311 4034
6388 2487
1306 929
692 721
3001 9206
4231 2405
7464 2191
5189 5676
9734 1376
9406 9254
4418 3954
8411 5330
5161 5824
6631 2186
2071 6847
3504 6942
5817 7011
3057 3934
9830 6699
3879 4464
1854 3142
7660 3534
1943 8561
1485 9269
7677 7896
1401 79
3486 8830
2758 7525
3971 8522
7777 7786
9760 4053
8375 5620
8836 8702
9716 4129
2206 2003
8344 3345
1366 4225
4239 5749
5283 9954
3182 5536
3828 9023
9171 4233
57 2592
3934 9516
8710 3310
141 5878
4916 6833
3970 2433
1259 8700
1972 7185
819 4968
6361 3997
2753 9774
578 2151
6883 3298
534 7978
4300 3157
4777 6300
4775 8313
9567 5953
9735 7357
8790 3172
4006 4874
7261 1799
4243 4483
6377 8810
9489 4534
3552 8303
7236 4795
6590 9520
7340 307
7578 6409
8601 8642
1744 3969
8617 8220
4773 1286
2921 7792
6054 3240
8217 1517
3557 3628
3190 5037
5155 7375
4753 1669
2718 8140
2399 9204
696 4219
9157 196
1744 4680
9421 1334
1745 7457
4824 5985
9359 4223
1587 9236
1714 1415
8498 3763
5629 9875
5904 9548
8873 5979
1113 3000
8726 9024
6383 4122
5570 6697
2375 2544
301 4640
2151 8466
5237 3893
8815 3934
3919 2495
1236 2273
898 7920
898 2879
3821 5312
1917 3928
4785 5571
8027 1961
2296 6778
7416 7309
2479 1889
1774 5540
8317 5699
7525 4382
8701 2337
1681 7941
8148 5276
6324 4172
7696 1828
3457 7838
4348 3643
5638 7517
9688 8111
650 2558
6517 2509
6776 3912
8556 6448
8288 5945
2634 8271
6516 799
4247 9466
5660 7620
5840 1473
306 8058
2614 4636
9064 6739
2313 4396
65 3733
8844 8724
2896 8427
6741 5890
6899 9535
351 6715
8525 3175
4594 359
865 3759
7882 1259
9576 7663
4276 3981
1601 6673
1979 8264
1979 1026
3016 6290
998 3579
5517 2393
93 1440
2110 9527
3801 3556
8396 8487
7806 7580
2200 5175
8846 7150
6316 8545
1984 908
7496 9871
5380 4498
5497 993
3919 8693
2383 2807
351 9481
9017 4020
4951 9092
6701 4382
6722 7960
6916 1995
3152 7066
8344 6712
8612 837
555 9687
9414 958
8337 2208
2927 7710
6867 7747
9479 9265
9986 4030
3464 174
4856 4087
3477 224
3256 5750
2464 6016
4814 9800
6899 9440
8539 2374
7321 6528
2653 1229
7568 9173
7001 5037
252 6269
7674 8310
3809 91
8136 154
9032 3313
401 1291
9743 2855
2531 7574
48 2748
3617 4876
7587 8240
6854 1228
6735 4339
5950 696
68 4945
1148 527
3994 5122
7624 3084
7770 1220
8922 6116
4295 3761
9898 476
8506 9100
5531 6834
5564 4283
4295 1532
7885 2652
6438 8954
7122 9584
9074 8690
1398 3496
2794 5192
5867 7502
4046 9323
2720 1406
3377 9413
2716 9590
2027 2597
6071 2513
4686 4442
7622 5632
5785 7359
9052 9419
6466 8364
190 344
6009 516
2205 3389
7608 9766
3 124
316 3208
3909 8314
9946 628
6289 4730
8546 6068
5929 2956
879 4326
4759 9333
6386 6821
7463 3923
6477 842
6076 4149
6269 9679
5893 7647
5506 7340
1321 5087
3619 393
6346 7442
815 856
9741 8484
4526 1685
5502 8733
5585 823
7718 2387
8583 5351
2704 9632
1115 4424
8460 8475
6165 2587
7997 6368
8459 1507
1048 9771
8076 5304
3279 7730
3183 3978
2150 763
5590 5435
8236 5771
5451 7689
9977 2708
385 2088
4643 5070
9502 2670
5424 8054
3017 2083
2305 2069
9232 721
5514 4852
98 7821
3802 2369
3451 6681
4547 6938
3785 5797
3505 6149
5679 8664
95 3579
3981 6515
3194 2566
8531 44
3871 538
5958 7522
7612 7371
7458 549
8238 1116
6557 4408
6227 4647
8338 6511
4095 3886
1501 4455
6900 7920
2265 7360
773 1154
395 4315
3240 1989
838 5035
908 4096
9581 1075
8351 9145
7156 9015
5274 2103
506 4415
5717 2892
3728 9570
2191 8956
4905 2153
8655 838
9229 4384
3838 7269
2334 4898
4982 9229
8140 8504
9422 2087
2737 7355
2229 6207
5696 8996
7193 3240
4332 9373
902 8062
4759 4553
814 6042
5301 2108
8563 3708
4598 8373
7174 9396
8588 1901
3353 2034
8023 4588
3683 1980
4727 2657
2217 1392
8499 1189
3477 404
885 9545
3997 5598
7196 5863
9807 5323
8069 861
8999 2792
9159 6326
914 8520
2608 7527
8950 825
1873 9215
2274 7692
3723 2669
5913 1068
6946 823
7031 844
3680 3106
8164 3010
293 9380
8129 3292
9498 6112
9632 7270
8781 549
7870 5000
959 5267
8458 6606
182 4087
6367 2220
5074 6431
2773 3582
9127 1274
6814 1284
6253 9040
7781 6615
8393 8690
8053 3391
2530 4756
1868 1231
1501 580
9144 188
5202 5328
3040 8111
2784 6108
6447 8523
2320 4301
7594 4630
5754 82
439 663
3777 3523
1549 5779
5856 8150
2266 5661
2378 488
1479 5833
1814 8461
3849 4638
8872 8269
8593 2092
9516 6791
1921 795
9180 5698
7465 2844
4626 4920
7041 4807
504 7820
7906 973
7050 9083
3862 1534
7209 1831
6026 6834
9442 2717
9460 95
1332 5065
6798 9243
6713 366
2637 1745
5639 2037
8511 5613
3915 5176
4427 317
1957 3143
2305 5209
5850 4943
839 2791
7674 8938
8209 6758
2876 7558
8 5258
82 2252
9888 3465
2223 5860
5053 1468
7190 968
3256 4449
6457 266
1083 5961
9973 2879
5872 4004
6361 8004
1277 8231
9145 7550
8587 2639
2075 465
2294 9140
4903 4325
3807 6130
5329 8417
6739 6206
3591 9022
3064 4454
6492 953
7574 2971
2327 1643
51 5666
3076 5441
2572 5894
6366 480
6373 6645
6054 286
846 8695
8519 6593
698 8110
7915 1150
6359 4459
8127 591
3639 3411
7701 1172
7765 1193
431 6733
3548 3859
748 6870
3797 9363
8989 7897
3122 8129
4741 3020
7725 840
9393 8932
5629 7591
3373 8921
8474 6917
2458 2507
6963 6088
1756 5005
7665 2326
4220 691
9668 6014
6233 7421
8583 2446
7255 649
8202 3895
6559 8995
7962 2285
3217 6476
596 9970
6004 2679
1694 7336
8470 8603
5249 9667
7475 5356
881 2329
4422 6383
8409 9862
4423 3142
7838 4836
9932 8063
4352 9605
5267 9068
9308 5306
2804 4524
5664 2441
2390 7772
8547 9713
7064 3167
339 9533
227 6308
7133 7564
5358 5415
8775 2878
9780 5510
4673 727
6890 9582
2653 8777
245 3410
3369 8458
6325 8749
4299 5145
8940 3682
4717 9208
9640 8406
706 6751
3902 5449
6433 8825
518 9740
3968 4581
1735 5478
1020 1987
1193 4900
9990 4209
1192 7308
1610 9303
4702 3939
5611 9584
2694 8839
2147 9946
1895 6123
5626 3267
6712 3279
62 4894
7232 576
6933 877
358 1193
368 1125
5122 9474
5963 9763
1646 2142
5296 1593
5471 5097
7489 478
2742 2767
1324 4184
2637 2470
538 3927
9078 4143
4417 6411
1025 5604
63 7623
2413 1736
690 1819
736 8898
7425 4849
956 2549
9166 6181
5037 7180
6802 8096
4934 7996
7949 51
6768 3172
8069 7868
7290 9381
11 9898
1503 5479
9875 307
6092 1081
2032 4580
4502 6146
8457 8637
2183 3604
791 5612
1510 6878
8647 2726
9356 34
5807 6580
1976 7062
6237 1012
1306 7306
3689 9
1275 9396
4979 4497
9327 538
3341 5541
372 9240
1803 5941
7111 180
8511 2054
7521 1303
3114 6791
5992 6401
6693 3371
9269 3618
600 4744
2988 6936
6699 563
5720 6633
5706 2312
7409 7412
3901 6309
2900 9652
6960 5402
4119 786
3360 3814
9607 7353
2586 8666
961 1517
438 2029
2735 6703
2489 8176
4936 5711
800 8510
6998 8756
1690 2066
906 5385
4905 7766
4061 4711
5487 9955
5661 4412
7811 2026
311 6395
6326 604
4072 3788
9119 2121
6314 8672
3109 1465
4914 265
3309 2665
4277 3827
2668 2387
8689 1511
9574 3787
2822 7040
6961 4547
2503 6827
8233 27
15 7970
7934 5661
1469 4942
4998 9696
7953 6479
5533 307
2113 1628
3595 2924
8460 1556
4190 7847
4969 6978
26 5337
4814 1113
5569 9508
4978 6833
3582 3575
7247 6174
9838 7740
3962 4920
8431 6660
7683 5372
4505 9972
6559 1241
7195 5086
6157 4931
8229 4469
4523 6067
4594 6308
2984 2114
941 389
7098 7478
8329 8007
9514 2434
8941 961
748 3223
7992 1370
2042 5992
4893 5396
6944 7562
4508 8595
6870 9286
6188 7676
1424 1532
2190 5997
6694 3240
2018 1774
6729 139
5235 8123
2882 9495
4325 1500
9242 4259
1838 9881
2480 9596
4647 7739
5415 7457
620 1343
6073 1502
9039 2199
4658 3148
5959 2685
8767 963
6949 6937
5326 8480
7046 8344
540 7924
5102 3455
4746 4610
774 5162
1664 807
6383 8985
1351 8022
4180 3971
6889 3226
5674 2895
6153 3100
6733 3003
6589 8711
3014 4217
2980 6586
9039 5580
4317 8115
2596 8178
2217 8172
8403 5817
5776 5333
5314 116
8265 23
3583 4425
6280 2518
7044 7401
4723 4463
650 2201
466 4815
752 9338
1881 1518
4754 5549
1683 3195
5758 2511
4469 2993
812 4077
9433 2953
83 4541
2656 7680
3656 4289
1165 2741
7694 8567
6579 4657
4319 2770
9390 225
2430 1916
655 8913
5610 9336
8818 4963
3226 2245
5521 8690
2290 7734
6065 7509
8127 7025
504 9363
9153 1885
3312 4545
4313 8033
655 5029
1639 6160
3389 8862
5119 5787
8555 6278
1203 4968
4668 2232
6368 9284
4521 7272
5513 3373
4841 5225
5934 2051
8095 1197
9797 7860
6034 592
2049 9117
7283 3407
9527 3130
7151 76
7958 2202
8553 575
2043 34
2493 3
50 6333
7618 38
1566 4313
7350 7752
9999 8912
3471 6512
1022 6761
2074 6080
9883 3695
4333 9688
4014 133
8796 3607
4654 2069
9227 2117
8053 4771
2206 2444
9445 1075
4432 2855
8934 9661
121 6666
7229 8384
4552 8211
3842 3458
4528 5424
2831 246
6902 7727
8083 8719
4898 6300
3468 7562
7182 8314
8757 1468
5598 8231
6477 471
6426 9871
3775 2397
6319 4567
162 7269
534 6379
6164 9816
4527 2058
6858 8221
8673 3465
9750 8018
4550 3115
7715 5510
1028 6233
1484 8874
6761 9072
6832 549
7396 525
4185 4905
1241 1864
7625 5272
4217 6599
6159 8735
7783 1845
6100 5959
1687 9760
9099 6046
4569 7347
9874 7996
511 2476
4531 73
7979 217
8052 6026
7617 6238
4706 7668
8278 2698
4107 2689
4831 799
1017 6072
9125 5661
3581 9304
8615 5643
5878 8496
7328 2948
8534 1082
9193 3414
7100 8175
9599 7082
9192 9357
4995 9391
3462 6679
717 2304
5676 5658
7751 8090
5449 5900
2568 7025
3585 3230
741 5492
3047 3547
3681 5972
8640 365
3689 9802
687 9857
2013 4519
6182 5253
9412 8306
6016 2695
7784 6325
2526 7013
2415 2955
1226 5887
4122 546
413 1489
6486 6686
8290 8395
681 9722
3426 2663
5976 6915
2692 9244
5430 8781
3342 197
949 4005
954 2195
2837 5376
4393 2521
8726 5658
3271 8159
9914 8125
1768 5309
2555 5359
7849 4074
2885 7907
4087 9105
7173 4665
3413 9106
127 9827
8503 9113
6512 9900
5602 5521
2343 9105
9221 9937
4390 6808
5566 8094
6386 3709
8417 3705
2371 5183
5408 145
4961 4664
6109 165
7969 5373
5536 2549
2583 1930
2153 7455
2316 483
3714 450
7928 7205
1617 8015
8332 3183
5143 8546
9698 6726
9058 3430
4343 7623
5450 327
2880 7869
4733 6428
4444 5194
9529 8148
513 3076
3550 1723
3573 192
7577 3995
8284 3190
7079 8768
5396 1552
5396 1111
4523 4052
2126 6041
8984 6202
1063 660
2716 2381
8022 7179
2743 6404
9116 549
4233 6783
5127 2750
7999 6491
9471 4431
9706 4537
1645 8893
617 5138
6006 1692
1212 8817
7786 4917
7300 5256
8772 8546
7860 5959
7403 7038
4882 5211
6278 5818
8570 5357
9592 1391
418 4554
8204 7637
6246 3906
5908 3707
3050 5676
9576 8593
948 305
1923 6609
1069 5130
3531 4803
7223 6939
1845 5711
4388 3376
2592 805
7164 4195
581 1570
1210 7022
4090 6590
2755 6101
9362 4624
610 2372
7149 5688
2525 8050
91 6170
2860 2983
1925 9038
6067 8946
2553 9461
812 8545
9419 6318
2332 5043
8092 2615
1052 1245
2972 2019
8246 7636
5257 6774
178 6300
1252 4930
7295 4217
6281 1778
7379 1634
8109 4333
6824 22
7779 2082
3961 725
7066 1832
7033 7025
5593 1872
5993 5967
776 6202
5223 6081
5409 8089
3743 2391
1652 1175
6342 1211
4725 2985
9650 2462
1151 142
1223 2722
9454 2199
9397 7685
9296 8303
4809 9746
8148 8265
7172 6192
3343 2881
8805 1667
251 5020
3814 620
9045 8328
3056 4680
8255 2443
8430 1996
2328 9458
5238 3760
3588 2543
9555 6518
1674 5461
7920 6502
4955 7039
9634 7981
6671 9583
3530 4599
1067 4313
6333 7131
811 551
6031 1070
5566 578
815 2418
1334 6553
3896 2919
2021 9064
7669 2499
419 9913
2009 2456
8593 6492
7498 636
3455 7613
7030 7875
1755 272
4778 5760
876 3111
5940 8955
8750 1365
2167 7882
1012 9599
5928 4442
7207 6018
366 7766
2439 2080
7021 6948
803 4186
6776 8242
1846 3015
5598 4485
4528 3219
4705 3673
6882 1405
6971 7652
2636 5587
3337 1262
4022 1095
665 368
5901 3829
2241 5864
7668 3207
5881 5240
8360 3115
4975 7010
6932 4213
8365 5449
1606 9118
7688 8289
8731 4779
8828 5744
4536 8866
5736 226
4079 8525
7034 9441
588 7052
7916 4948
1685 4160
3407 338
337 1720
6009 942
9875 6916
1113 8450
1624 9742
5880 4541
5181 610
7558 778
9466 4446
5272 716
988 1763
698 7033
6146 3967
9448 8124
5601 1044
1835 8194
8843 1121
8264 5297
2216 6338
7651 2256
2563 2617
7553 8754
744 8421
4865 3189
9293 9052
6945 5014
1605 8253
5294 5983
151 720
7083 351
2298 8119
1860 4248
2745 7702
760 6264
4824 3953
494 2798
3186 8717
6112 5594
1370 7738
6394 5757
4555 1343
9621 8110
8287 6462
7043 2849
7587 357
3934 2344
9611 6643
658 4359
7567 5598
9818 4031
3322 7468
4928 3395
851 8806
1334 479
6103 7308
9188 1911
3396 3696
5490 9910
6400 153
8249 4805
5413 3441
6664 8840
4494 7288
486 518
4430 7904
1470 9677
9555 3204
4003 788
9261 4783
2961 2228
9179 2396
9698 3606
4026 1054
4076 5551
2647 2668
1774 3594
137 4588
1010 7544
593 8387
2600 9254
4630 7733
4479 4890
2267 3453
8574 6116
5503 2074
3213 2832
8919 2948
9502 9924
9632 4803
7102 9730
9565 7777
1039 5495
8280 7439
1847 2277
3590 8157
998 426
388 1839
4951 6717
9343 4898
7571 7800
6719 2094
5736 4790
2927 2426
4890 6465
6926 5502
7989 3344
3137 2604
6758 6342
4715 5459
8389 4489
2835 7374
6972 6443
9864 4888
9364 3867
1883 276
9097 933
3331 4968
3195 8183
3185 8998
7586 554
4385 1999
9540 1110
1515 9447
4982 837
8202 8948
5737 5452
4022 8989
9052 9767
4716 4462
2026 911
3689 4132
4823 8854
3299 8307
993 34
4363 323
5266 1237
6672 5994
7921 3249
4137 4859
7614 9131
9718 5791
8953 5535
9502 2466
3921 94
8890 7773
731 5260
9648 136
2499 6501
1846 9461
3147 9887
9728 1779
7306 9112
1686 6165
7412 6380
5506 3568
6618 4514
6046 1441
9423 3033
1287 6917
9088 6748
4842 5864
8426 3548
9713 958
3670 6806
6926 3849
8051 5920
6671 5533
4922 8273
7120 4431
7562 4448
9653 8997
1240 181
3033 4453
9695 7075
9038 1692
1850 2928
1559 3400
31 8989
7996 5568
6133 9903
525 2124
5152 8784
7296 1958
5403 1562
1182 7052
7960 4106
5858 4369
7987 4150
3024 4820
9899 6398
1231 8856
5516 8133
1459 2411
9434 7399
7485 1164
9279 6684
591 4181
2259 1980
8572 8392
4373 2152
3814 7105
5441 7388
6057 1028
7222 8729
6409 6663
9332 8687
6086 4471
1238 269
9781 317
2815 2673
4200 3059
4620 7113
3556 1635
4667 3086
8501 4484
3670 7788
6875 1700
3804 5983
5104 8556
9398 3180
8638 4016
2067 6196
1022 5285
5952 4897
7678 7036
6998 8423
7446 3450
1924 8977
331 1901
8645 6359
5607 3067
4660 873
2773 1842
6332 5501
6551 6329
5644 2038
4134 6697
8198 7570
7850 5534
5192 7242
5877 3998
8893 3509
1504 4168
884 6420
2573 4249
9172 3782
3527 5737
1429 8061
85 3394
262 2296
1439 6084
3138 6458
4460 2972
1567 141
7424 6874
2336 1475
1506 58
7394 7636
2645 7593
6837 8882
94 7302
451 5643
6809 9280
4227 8793
8746 4767
4835 4934
9890 3046
9198 7986
7846 9574
3950 2284
3096 8693
2236 7458
8004 577
9039 8765
9910 2053
272 9304
8575 6252
3441 9156
8185 2158
4273 4153
1199 8678
6714 6878
4699 8393
1050 4217
1574 6134
3316 7823
90 3791
454 2428
5423 4031
4865 9187
5068 9644
8120 7682
9142 2226
1916 1441
3698 8344
1317 9641
5830 7845
4409 1567
848 449
1617 3131
7641 9320
801 2109
6180 7676
9774 3076
2505 4627
3825 2105
3667 9320
4713 6098
7569 8761
2804 8462
619 9812
2656 3664
3292 5154
3317 9972
1102 7816
1049 3663
6623 1360
3412 6935
7375 851
9544 9133
5076 5564
1052 2233
6778 94
129 5032
6562 5242
3200 7230
2134 4611
1391 1508
910 8848
2251 6545
4564 9157
2021 3706
234 2714
575 8803
839 2277
1553 382
6488 6790
8104 1010
8153 7
9812 9950
9022 6034
8607 95
4958 1718
6139 3717
2024 2702
7340 7099
6078 9820
7032 7991
1066 2255
1841 1210
3467 3109
3103 6110
393 4618
9591 1289
7035 3390
9844 8516
5535 4603
8507 4876
9137 6838
7367 1751
4135 2288
4354 9701
5511 6615
589 6698
7739 1242
213 6041
2262 8537
6798 5689
376 75
6650 5870
3523 4891
5223 8564
5089 3883
5085 7863
7523 8113
1537 2510
8225 7346
4819 3935
7201 5258
6060 857
7745 2196
9430 4957
1961 9662
693 8669
7999 449
3750 7447
9443 4928
702 3383
1233 4634
2992 8483
3239 3415
1927 5659
8183 5958
2449 9753
1711 4643
2905 2774
8857 7546
6563 3252
2082 800
596 3755
7035 9284
8477 58
532 2339
9846 461
8588 1011
9133 4911
2962 5453
7739 9548
1764 9487
6350 843
6320 1138
695 4934
3102 7433
7332 5643
9039 7582
799 6759
5619 8065
9566 7081
5502 7570
2705 6140
175 1234
5130 7331
7924 9443
8978 5607
8559 2966
4909 4908
4434 4847
7864 749
6835 5378
914 461
8042 2595
8364 1289
7449 7366
1472 5
9877 7535
6660 7726
233 3969
8319 8513
4187 473
684 9844
7809 8895
4974 1898
6136 4653
4146 1637
7681 4569
4698 5132
1932 2977
3445 4421
9270 7518
2156 1080
1806 1872
6704 1953
4485 1001
4612 508
9859 9873
8984 3703
9875 4334
3711 640
6118 8534
1299 3178
1801 3062
7372 2271
4774 3160
9642 829
958 1600
9966 6441
1395 208
578 9043
8232 7026
8406 2802
4925 6680
6227 7868
7966 4394
644 6155
8500 1723
3237 7977
8297 1446
8665 652
9012 8053
3506 9017
9571 8733
4123 9740
6220 8592
5936 6507
1533 5270
9115 8123
3552 9082
555 1799
3425 5806
1453 2799
4990 6586
6416 9395
3432 2147
6428 9621
3003 4378
7022 4730
5197 3605
340 8080
6082 1304
2521 5583
6492 1173
7845 1937
2191 390
6667 3906
9879 633
9194 4633
1487 8383
3268 8721
5133 6908
6549 7850
8132 5866
1375 3837
7023 8094
1885 6500
279 7475
6148 7287
4123 8245
479 9198
3526 95
5379 5045
4425 9356
1251 5542
9372 1820
3177 2791
4995 7372
1926 1364
4140 8535
9814 1210
8634 3756
3184 830
9361 9126
5323 1858
1260 2820
1731 782
8881 3950
6275 5063
8027 1893
7420 9730
1638 1697
8157 4696
664 6916
5716 1040
7099 8475
4837 3989
4367 8866
7963 9402
7567 1145
7697 9535
3251 7364
1130 2100
6489 5848
2955 1257
1960 1711
9428 4121
6474 5045
925 3199
8575 2606
5544 8001
878 695
5380 5514
9991 9646
4900 8831
3872 1
5380 7627
3457 5464
5850 7594
2915 7926
194 3636
5519 433
6210 7020
7616 4099
9035 2520
6675 5979
8003 1136
2353 7837
2598 6929
7392 370
5147 1610
3012 3711
3030 7069
4385 1236
445 8970
6821 7863
8814 3951
9773 6950
2501 6143
4597 3262
9049 6905
8837 6085
5087 5578
5209 4791
9296 2736
1975 3139
6117 6866
4318 6619
1822 1231
9700 4797
5654 3732
7085 3046
3726 1706
8279 3650
634 6238
4854 783
4902 1988
5510 1867
3891 4413
1128 5500
7470 3241
6989 1823
7433 9996
4369 2463
3008 609
5892 23
9851 809
1624 7446
1277 2558
2282 6285
8265 5831
4122 5179
3885 5643
9355 1063
1714 8066
710 7342
5612 843
8470 2842
4690 411
3425 4620
8353 1942
4477 3929
6454 749
9247 8825
3091 620
343 6882
8114 213
2385 2780
6158 909
7242 197
166 3725
6826 8512
8373 2008
9290 7952
7921 1956
5820 8141
9012 8462
8519 3995
4814 5760
8770 996
9506 5595
1686 6877
2115 3616
5821 4276
7322 8727
6257 8176
3100 8194
1620 9708
4208 6648
6708 1495
6370 6688
2003 9727
6139 8667
3745 3361
6681 7720
1392 4797
9748 6039
2775 2290
6377 4032
5606 7921
6711 1062
2849 6975
2121 235
3436 75
8251 8570
9517 4625
8284 3750
3658 7661
6641 9646
8254 4407
8507 163
4094 8028
3939 6905
918 7893
5527 1341
9203 1161
9485 1232
1741 8311
2548 4521
9903 8975
3608 8380
2037 9966
3027 1569
843 8980
4604 2142
8643 1893
6842 3890
9116 3132
5008 8892
6439 2560
7536 311
8466 3712
1053 3269
7079 1817
7261 1785
923 460
6913 4460
2221 7155
7197 3928
950 7590
575 5991
1296 495
7278 8043
3370 4344
908 4597
8508 5128
6012 8850
6078 1516
6146 2728
1817 967
2208 8952
2634 2890
9950 9889
7382 2953
5272 4575
6532 8070
2321 4345
4993 2145
2569 3950
4680 2812
5122 9142
2529 2607
8436 5503
4129 3826
1925 5824
8418 9239
7469 1052
7017 1275
7628 6263
2480 2875
1269 8138
2948 5948
2791 4873
7791 7219
69 4781
1721 8370
8058 7061
9086 9188
7230 3950
1194 9199
2952 6632
4146 1979
8404 1571
3568 4319
7873 7786
1954 4950
5289 5952
8920 4362
9299 1355
1304 9705
1633 9086
9076 8938
144 3981
1399 3043
842 3182
2087 7419
9137 2718
8181 7143
6485 3236
8420 2639
1606 5270
9338 2048
4754 9360
875 4297
149 5545
2102 6656
1050 8248
3724 7738
2034 7999
7352 8252
5580 4032
1476 8197
5080 8589
3906 9971
4369 9840
2154 2652
4213 2999
1997 1812
7729 5478
9974 2777
5359 6454
441 8079
2288 4069
4597 4966
4977 4754
2617 8784
4074 9087
2995 4942
7903 5432
4807 2060
8256 5983
1291 1837
4948 3612
491 9977
2379 6954
5737 9087
2314 5861
3250 5661
5987 128
1358 7098
3145 4189
4468 5291
5116 9194
954 9702
2851 9087
9130 1015
9418 3371
13 1740
4462 7928
8211 4419
7900 3675
4434 2719
3899 6385
9092 166
5580 3954
4927 3064
9950 8755
2546 5447
5620 4717
6855 5288
5711 4082
4668 703
5808 8302
9937 2390
4603 5480
7621 8352
5253 4557
9523 9878
3463 1382
3683 6313
6112 9498
6474 8731
8591 9889
3710 9844
5691 32
3690 6979
5932 8799
7625 660
8518 2665
8379 6793
7467 8096
661 5052
6799 2635
286 2598
8287 4795
5394 5478
3565 8538
1766 7471
2979 9578
9969 4228
4043 9671
4835 6721
4639 9609
2903 961
4171 686
7014 3709
8157 9342
9651 2961
7289 6090
6484 4794
3068 9274
3677 3504
6933 318
3070 8038
3445 3821
5346 8562
7754 9864
5872 3134
4617 5843
485 1713
382 9704
9343 4380
8599 8019
6022 116
758 4838
6449 2160
8621 6982
4462 4845
8517 2971
2989 2188
7234 759
6915 5106
2702 1236
718 6000
8366 9126
6853 6974
460 500
5925 4574
2964 3516
8580 923
7559 4277
9620 4883
4211 2988
6297 4305
6563 9719
8063 2792
9711 4337
9513 3017
3878 2431
7471 2299
4492 8098
3720 6132
7240 8001
541 3398
2866 1055
5800 7761
2484 7797
2147 7198
6697 1479
2741 2299
2466 9980
9486 322
1506 9301
2950 7879
4639 1875
1302 7415
8279 2797
4720 5871
2570 958
5126 8791
70 5716
1809 3271
1870 556
4084 8351
6217 1372
5663 4233
2728 2195
652 417
2628 8616
4731 6002
9066 2626
5625 3143
7400 5799
483 4287
8996 8082
719 4306
2656 5565
3074 4497
4633 4897
2313 3259
2585 6489
7799 4652
7839 7556
4889 8098
6485 1851
6882 8676
4280 2659
6240 1108
1634 4609
1574 1606
8692 6304
6823 3786
3326 1950
3463 8318
6414 228
2970 597
1565 5783
4990 840
1366 7256
5065 3460
9991 6785
6323 9510
1499 1375
9094 1471
9169 7181
3466 8635
8745 8631
821 1298
3769 7154
7376 1420
6826 9058
3905 3922
6993 7740
1172 7593
7192 8574
3872 207
8703 4483
2584 9603
2294 957
9849 1046
9900 571
2448 5030
3262 5718
5563 5320
7112 6793
9709 7590
2263 7439
6184 9830
4327 6209
2368 7941
1760 1122
8735 1648
1550 5582
8530 2145
9124 3219
5008 8037
7694 9765
5144 1813
6709 2443
8418 9267
1035 7672
9431 9189
5099 4506
2909 787
2659 4497
6329 1644
8941 9671
6492 9731
3960 3711
8278 3427
3014 9399
7821 3147
3248 8552
939 1671
8401 5139
8157 3109
1326 5368
1529 7099
5621 4917
3383 3079
1841 9153
4331 2749
5205 3658
2246 3308
3397 8494
8381 977
1164 8428
289 5906
8884 3156
6616 763
9244 3996
2527 5969
9629 4814
4451 559
7762 124
7551 4621
4606 8218
9107 148
2350 5617
9297 3165
4200 3589
262 2941
1577 6232
9124 8172
6703 7278
1816 7740
6565 6118
1620 4227
366 9677
5435 2756
2892 8218
5473 7868
5145 2471
5883 6867
4698 8775
6556 5587
9958 6710
8281 8016
3649 1777
