4923
29324979
7870 6065
3326 2014
796 9044
4117 215
2463 4636
2918 8650
5322 3946
9279 557
3132 8421
6985 4602
8956 7524
2118 2985
3256 742
5062 8757
8228 6150
4113 9374
1603 6938
2311 5287
4808 2550
5519 8697
8036 5592
6656 4321
2092 3569
9036 1691
5230 6019
159 6680
1901 10000
272 9789
6772 4652
1422 2906
6760 5301
5368 3946
1980 9918
5725 8708
9296 3137
1691 9122
5592 3754
7081 7932
1954 5937
2377 4427
2467 9333
2843 3863
7216 8739
3532 797
7693 7005
5345 9533
5608 3876
3283 5887
5258 6966
4388 7477
8661 4266
2570 6453
9042 4094
5952 6415
972 6205
5242 4419
8124 2172
4133 2957
3870 5127
7091 243
3660 9260
9244 4061
6389 9114
9226 408
2736 9275
2904 1576
7411 2397
7867 4812
5285 6860
204 9032
9697 4325
535 2955
9521 4614
4297 836
1446 8312
1849 7241
4552 1616
2188 5571
2914 571
281 398
1444 4923
3817 1722
1308 1802
8165 7924
735 7952
9210 9836
2121 5315
1509 2538
3697 4620
9610 5001
1264 321
3376 1727
468 341
3329 7050
1524 4634
1776 4557
9860 3136
1792 881
580 1952
8653 5250
4974 328
2196 6684
7459 8794
3845 9316
4456 8272
5205 5655
3261 4366
140 7051
1694 6091
2325 9978
7616 4983
2970 7229
3582 3366
9442 1637
8944 7161
7186 3762
588 5050
2351 8036
840 561
9771 8293
7030 8398
9879 8727
8419 1229
3597 7111
8997 9047
2567 9169
4721 594
4536 2456
5592 623
9053 9968
6109 318
4290 3914
7784 8674
2378 6814
8481 9767
932 4734
4461 5526
9658 7569
6361 2438
4852 3534
8146 4344
1669 8795
2823 8113
2039 1580
6420 3555
2994 1822
6352 8483
3888 1375
2889 6508
8325 1105
8103 1074
4026 4384
2936 9782
7277 469
8788 5934
3935 306
6886 7663
344 6122
8952 7166
4676 9868
7839 3564
4285 6409
7327 8023
800 5532
6880 1798
6030 3634
5847 2166
2026 9197
881 4591
2209 6419
8415 1002
9205 1945
7203 4967
821 7803
163 6070
8201 2386
4902 2811
2868 3819
498 298
7306 1916
4120 4248
8953 8196
871 5180
2778 8254
9145 3512
9873 9155
2323 3716
8899 8485
9368 6674
9865 5651
6632 7873
8069 8025
3315 846
9733 2213
4240 8618
4881 7274
9224 7414
4275 8629
3366 1266
3872 3629
6606 2677
975 8807
8980 9296
637 5677
607 5575
3459 1896
1282 8743
925 6701
5579 6254
4421 4431
8267 1126
5159 6709
9591 6025
5603 6838
199 2509
2671 9650
4842 4025
7988 65
8549 7608
800 2417
8235 9151
9596 4282
7594 2197
4506 832
8891 1375
6306 5135
1650 9973
1051 8512
1740 4082
4842 5871
4597 479
3846 7946
1929 2734
3927 1018
1274 9429
2529 5292
9546 9668
6759 5321
8554 1436
5142 2143
4744 3972
5572 2638
9599 9152
882 242
1115 952
8262 9274
6521 2055
4996 1783
7420 6201
6262 421
2954 3730
3403 170
4251 5129
5126 1095
7960 1947
3020 4603
3191 6124
5786 7760
1209 131
7792 8910
1449 9089
7854 1173
668 6066
6454 2454
7347 5140
1646 1317
3963 1833
2200 6495
7785 876
1723 4211
9098 991
8768 2998
3771 284
9164 8589
5956 2488
1753 2357
3545 9427
4538 7705
1175 8653
6541 5883
8320 331
5832 1399
3259 2256
5669 1262
9577 4892
9231 9541
5028 3487
4220 3354
174 8218
7473 9441
8060 6497
7211 5108
8885 257
7286 2674
6025 8589
2258 1836
7585 4719
1822 3410
9859 1064
2006 5082
2226 232
125 1385
2310 7408
7471 981
3319 1809
3620 1637
1305 4004
4391 2119
4126 2805
5502 6054
697 6333
4262 713
3552 837
2759 9769
9332 9277
6677 8061
1791 1137
9214 6918
9511 6668
9511 8927
8928 7152
4868 3391
8238 9285
114 7376
7103 9205
6055 4288
5054 1093
4319 8392
2640 472
7832 2954
3793 8841
8622 2060
2460 6732
2485 9066
9079 2540
2384 6300
8188 2304
1925 7950
3320 1948
1274 5663
9509 2198
4193 2814
1395 5399
5429 7789
1159 8068
2905 1128
4256 1593
1126 7718
1688 4247
4211 6932
5933 6304
2879 3075
9179 3779
6640 2909
124 6630
6698 9409
6474 9820
8026 1580
4213 4238
6438 8440
9212 2581
6144 2096
8743 933
9235 3370
211 3216
7678 3550
9244 7994
5513 3211
2142 2218
1723 7381
9700 3848
4907 1228
6412 4871
5456 9125
9473 1878
5226 2753
4429 8432
6250 3272
6364 2693
6645 2383
1356 8219
5530 8919
6095 6995
5625 3196
8976 4935
4526 2951
6244 8529
8082 7081
9014 5407
9835 8001
7244 9959
6490 2603
856 2184
272 1699
8750 6692
9474 9637
1093 6377
6630 7584
1948 5849
6342 8311
4154 8265
6946 5793
2061 7063
9259 8275
2360 653
4537 3829
857 7609
3435 6273
6696 6616
4171 1808
3870 1867
5204 9834
1561 8056
1304 6978
6754 7374
6029 7393
6829 4963
3080 637
212 8050
278 5125
8916 8668
7871 4006
5046 2925
9018 9216
8412 2287
6566 6488
6497 9256
6809 6917
793 632
9781 7439
8736 1573
9844 9865
5701 6036
6985 2876
200 3972
6043 4274
8504 8978
7248 6864
7867 3677
9682 433
8922 426
1634 9724
2960 3543
2414 1888
6928 5577
3228 9269
2641 4925
115 5788
6554 3446
478 9035
7487 7050
2853 4067
1429 7338
9006 7137
5621 3186
3666 3594
4643 6421
7734 1099
331 3655
7718 2133
4055 1892
4525 9525
100 2413
9257 7496
2433 2159
3705 3838
1103 2424
1356 3974
2612 5883
2799 8883
1589 3765
5555 2246
6251 51
7774 1296
21 9234
9389 6483
1136 4914
4563 6773
9150 6
9279 9437
9385 3506
1779 9529
925 7950
1807 6011
4004 3997
8363 6760
3116 5082
2951 3976
570 9516
7373 3376
7513 802
3472 6960
6013 7576
8259 5827
5947 3053
3638 9667
8438 1436
162 7178
2135 3868
4219 6595
7900 8441
7193 2981
8776 2322
8998 3831
1880 1532
9441 832
400 15
6326 2029
9610 9257
5454 6457
9258 8196
1560 8132
4037 6544
3967 2010
9021 7876
1293 3335
3014 7413
9909 6456
6978 2286
800 3919
4245 9735
6686 6085
6848 9175
2168 3644
4360 7049
9614 2779
3482 4024
1971 8757
2854 657
7559 584
4570 2407
472 6977
8602 5630
9338 3775
2062 5368
6595 7926
5523 1727
1199 8445
9234 9737
223 7442
7501 4216
6239 7968
5970 8713
4558 7477
141 7914
5414 9896
5821 5192
500 7809
7440 1277
4178 6839
364 5712
9083 8087
477 5838
7863 410
7257 2877
3183 8691
1166 6134
960 7463
6311 1640
8904 5611
7023 929
1140 7159
9254 9091
3010 6670
3921 2061
7092 6741
706 5022
9921 4420
2431 1727
1942 4386
936 7332
2835 7115
1668 601
8215 7885
7225 3940
3518 3927
6149 7761
4385 2255
4241 6310
8242 1595
2712 1956
484 3881
8915 6638
2595 1794
6793 875
5642 4604
6728 4994
3143 8255
3025 2790
8017 5483
2261 4400
6847 4545
5568 5701
7873 9213
9827 9678
9564 7595
2535 3691
6564 4163
804 2306
3406 7229
159 4459
7967 8007
5089 6265
6178 2751
153 6647
9225 1472
1662 104
8580 7399
6841 8941
9681 8045
839 7779
6097 9031
501 1372
7418 9386
5939 5228
7673 1414
7161 1147
5100 8832
4378 7848
9612 400
5586 6180
1438 7056
2060 8532
3047 8876
7701 1369
9254 9684
8616 618
7570 6818
1908 3625
614 6809
1243 6741
2811 4436
159 5258
809 8187
8891 9147
3400 2972
3401 7442
6037 4456
5190 8996
740 6573
6706 8873
9870 4807
4923 1269
7706 2840
4572 2079
1166 8467
311 743
3025 2925
2321 3400
6486 2609
2261 502
7006 793
4085 7629
5473 4719
7801 9671
928 2788
2562 4486
9215 1828
7396 6670
2112 2526
5325 2718
7825 8935
5809 7377
9368 4537
4862 5807
5745 4329
337 9545
229 3794
7758 96
1685 9668
1433 360
447 4295
6410 62
8024 1176
9927 828
8937 4355
9735 7969
3423 1374
1122 789
8419 3135
8528 7779
4643 8833
7260 6182
8748 9611
580 4440
5966 8899
3770 4179
8636 3836
1976 5912
9137 1544
2900 1653
1821 6370
2391 6071
713 5798
4641 5436
3152 1315
411 5365
1294 3390
4780 313
7289 6311
8240 729
8857 6317
1863 6585
8350 7250
7743 4927
3323 6153
1545 7760
5934 7030
7641 8612
4783 5589
5184 1725
430 203
471 8819
3450 3549
6327 2377
487 6029
3923 7805
7736 652
665 702
1567 9427
644 1677
7298 1785
5041 5729
5544 6392
9684 6217
7554 1282
6630 7555
9937 8095
1919 8745
1957 3299
4960 6476
4592 7730
8175 7809
2087 449
3364 9059
5135 5495
8775 3354
8764 502
8944 686
8981 6304
1692 8133
4735 4076
9505 493
9355 5087
4890 2017
9440 5278
4643 5823
285 4583
6877 3801
1793 998
3134 1889
6491 9851
1254 7375
2492 9509
4882 1689
8676 3753
6550 1686
9210 5571
6167 5748
7668 2851
1441 4399
8780 106
161 5263
6638 821
7018 4504
6657 7433
752 1231
2003 2453
4279 4931
8395 2054
9735 1745
5864 9815
7233 907
610 5134
711 1486
22 4038
7705 4978
8746 2799
4069 1104
4741 5887
2492 3662
2300 5086
2455 5717
3098 8176
2431 8557
2790 5234
6447 8919
3803 4128
9106 5393
7363 2970
6516 6992
4364 8768
2132 9272
5312 9658
230 7667
1204 3734
5234 2212
5492 9882
9256 582
6905 2031
4053 7078
4656 1597
4982 8841
8738 8339
1914 4744
9053 462
9225 4798
501 6120
5617 9124
1800 7152
7640 3406
1889 1715
4594 6358
1424 3864
5820 2059
574 6608
6291 6889
886 8796
9941 7188
835 6103
4044 5374
2991 1238
8062 9752
1399 9880
3030 2367
9097 464
4116 6247
7788 2937
7516 2787
6428 5846
8077 5215
8483 4337
2912 7238
8238 2358
469 9161
2164 6800
6484 1232
9876 6482
7908 659
2355 8078
4174 7716
7497 1743
434 5013
86 2404
7690 9812
4034 836
3370 6543
4597 3851
9825 5057
6507 4404
9685 51
6887 7916
6241 4611
7105 9607
7417 2681
4085 3181
3689 7253
9017 9260
2731 9679
7737 8912
4458 5678
4391 2545
6114 6
409 8619
7433 8493
2231 1632
7106 8010
8409 617
6909 3375
3975 3271
8032 4273
2033 913
8302 8461
5835 1207
9025 3743
1807 2976
9827 775
1930 3615
2181 4220
3097 239
7668 8863
4443 9752
4753 6718
9484 3991
6424 5055
9727 7070
1474 4787
5570 1237
8635 4251
3823 5425
8291 2127
6146 7567
9928 8589
5627 4976
8906 7716
7033 1625
4368 932
9019 8005
2361 5096
6943 1111
1467 6288
5204 77
7007 7787
9015 9553
2474 4223
8412 1442
8180 8169
1091 2336
944 4847
6017 960
8213 2373
2068 2266
4292 8959
3273 1594
9093 2763
9629 9796
3064 6414
3516 8549
2804 6371
9760 9966
8107 5315
6775 6062
9200 991
9614 7185
3102 6279
4279 5481
9227 2462
4498 644
8876 6032
9139 2903
8379 9824
3120 9788
5043 2326
602 6245
5506 381
9576 7130
7405 9706
8571 2491
9173 6263
887 879
708 4068
2830 2310
9351 4540
8088 1422
8642 8977
8926 9390
7038 2059
5403 3377
967 3565
7607 9241
8961 4828
9114 6123
3533 5944
6402 2968
2941 8488
9474 5394
8044 2526
4166 7732
9878 2943
1728 4928
1942 9516
9036 4617
3032 8463
5469 8795
8551 7696
7400 5713
2103 566
8693 4654
7552 2557
9682 3715
634 6649
5013 28
9602 9234
7320 5086
2811 3527
8999 1230
1531 5857
2662 8943
1051 8164
7475 1902
7640 8248
4481 226
9841 9650
8222 2097
9454 9885
8853 4829
9739 3835
7824 2266
6226 5518
1459 3172
6358 8490
6986 447
8546 3248
7120 3337
2367 5957
4391 8327
1905 2126
4893 246
2992 8818
2348 2104
8937 4825
5287 9428
1667 8222
29 3944
5957 1878
4269 5875
5489 2262
7559 4374
4800 5731
1281 7595
7056 4629
2118 6278
8562 7052
4229 2447
3947 813
2234 3266
1201 7399
9531 4626
5979 5194
2152 5449
342 8664
5188 1660
1912 7418
1288 6400
3052 3491
5384 1625
3038 924
5177 8697
2958 5746
4924 4486
8423 6873
6889 5262
5539 9484
856 6065
6618 7794
1631 4930
9264 3093
956 3888
612 9704
946 9303
1699 5471
8808 9690
2973 5290
7098 444
1296 4977
5115 6136
4252 3341
272 9259
5334 7142
3333 5528
4482 4915
9276 1425
1080 9520
9290 399
1077 1172
6770 208
5695 7860
5285 3117
6674 9938
8173 5957
9620 8757
4492 6638
2137 8033
831 2149
6893 3641
7583 7161
3432 829
8171 2865
8268 2578
7257 8744
893 6207
5763 454
9636 8230
2788 8324
3925 6766
2415 3124
859 5097
1960 8339
6923 6558
9871 6533
9162 6563
7751 9157
6055 4012
6620 7418
9718 5009
8048 754
7560 197
2706 1235
4247 3653
8323 4961
9863 8978
2114 3473
7266 6048
8 3743
6900 7219
1574 1779
3179 5245
6489 3761
224 8812
5563 2538
6841 5032
5511 3075
3897 3100
3953 4218
2822 1066
2281 3007
9312 6793
9831 8248
3520 6700
3718 5199
393 5523
5457 152
3763 5183
7874 7609
4300 7867
9016 901
953 5719
1585 558
5119 5145
2003 165
4713 1260
4451 4825
9477 2199
5155 4803
6208 7865
7786 1528
2785 4035
1878 2884
3561 4392
5650 9082
5310 4345
2833 965
4908 4178
6849 6793
2701 7142
9888 2219
8759 8549
6689 8423
2389 9707
1166 7938
7573 7475
8368 4733
363 8801
3908 5592
1443 2066
5116 5573
9801 6346
1977 260
3179 3290
9589 9192
2088 7056
2255 1422
3239 5147
8941 9801
8582 4334
3025 107
254 7212
3161 9326
6278 806
4468 8976
2998 7349
5502 5884
8565 7888
5260 1043
5655 9757
7587 515
7290 6689
7366 878
9819 7661
480 5501
6353 4454
1594 8032
8719 3239
1887 2209
4322 1858
8299 2925
5753 6432
50 7099
963 9326
929 7268
8617 8535
2367 6618
8997 8536
7758 5913
9553 2933
123 2960
1147 7512
6972 1165
7358 1643
8298 4386
6777 5472
7402 2092
5414 9304
1914 6991
2429 692
7869 9293
2594 4242
7006 5945
7099 8898
3191 5521
1631 1197
1621 7704
3346 2061
4619 8335
7068 4960
9963 1858
5952 3025
2570 8909
3540 5197
8738 6695
8128 158
7865 5934
902 2693
1487 6855
3342 4223
2172 7872
5774 7364
4311 7497
8855 1144
5523 4792
439 2042
7709 519
1491 2868
3287 1432
5181 1378
225 286
842 9771
3822 275
5731 3993
3454 7514
1053 8168
5171 6004
7757 4085
3767 2210
5473 5710
3639 1750
621 1299
6573 6766
4031 6384
1030 2623
8745 6591
7474 8767
9628 5100
4365 958
3701 4248
5166 2723
2655 2766
657 158
100 1682
3486 5468
8262 3801
5039 1911
5132 7102
4860 3097
1178 5348
2383 9223
8303 4477
1984 1337
5168 9104
3159 7550
4234 3367
5027 7535
2240 6680
4724 4642
7905 2413
1109 3136
3438 2383
5800 2153
6787 1563
6335 9077
1659 5651
8903 8283
6893 1799
3332 1311
2989 2552
5393 2384
4679 8201
1884 6870
2717 578
7136 5306
9940 5430
135 3633
3949 3011
4597 9482
7614 6585
1437 6826
2741 6391
8001 884
3388 4389
667 5253
6129 5798
7638 4294
7998 8433
7262 3388
701 8387
7368 6254
6802 8058
2093 5798
2112 1678
5076 5570
6995 1963
2025 1123
7619 1526
7685 8696
1454 2946
4378 2866
7713 3361
6836 2314
7888 5466
371 4969
5163 3970
2554 63
6066 714
948 3657
6709 4690
8153 3118
9833 1134
3429 8966
8900 3564
6031 4855
6075 9928
5337 1490
672 4976
6788 7554
9385 6696
2793 9118
8050 3181
1498 8028
1592 7586
9173 5035
6506 4540
9993 6301
3594 3615
5125 1623
7921 2454
7956 3322
5562 1018
7994 6994
4111 654
587 9957
4081 721
7537 4268
5760 9844
5521 5439
2399 203
5784 7940
128 4147
7786 2688
5828 1952
6827 2540
5496 4515
1619 5477
1060 3581
9272 8606
2418 2637
4895 263
8130 2267
8985 3955
5772 2507
5165 2285
8999 559
826 4316
7900 3874
8326 5154
6810 8549
6398 5542
6766 5906
1736 3042
2025 6165
3550 6199
50 9148
5476 2942
1684 1835
1634 7495
3957 7629
5599 6336
6143 2226
6161 8236
505 4132
8570 2161
2666 9622
1056 4145
2282 6509
2435 1256
9078 1089
1287 9134
5281 3469
6629 3440
9306 2149
5488 7244
7702 2133
1478 8432
6621 8255
2644 4437
4512 3839
5229 2641
9329 9040
1256 6557
6069 989
3409 4532
8656 8209
8533 4500
9652 4989
6787 1672
6240 5873
5224 2789
698 1551
4012 1630
9175 535
1288 6750
3373 1417
7893 9428
4532 1840
2572 174
6440 8036
2954 4062
9606 861
9939 8088
708 6109
994 5680
6509 1393
4736 8851
2247 5985
2748 5424
6312 1225
6011 596
9356 8251
8149 9635
7904 6989
4084 6404
4412 3092
33 2117
6212 9295
9835 5321
9109 8983
571 7858
6332 7769
9532 426
2491 7670
7911 4573
1728 1722
6178 4305
4259 3906
7533 3997
9151 2242
3983 4905
3606 3326
8328 5946
8307 7251
9428 5863
6492 3554
1119 3993
4681 4379
4531 8375
9113 6583
5827 2436
5734 412
4006 6560
7512 3781
4494 6439
1438 4967
5417 229
8496 4503
8145 5459
7387 6928
9323 5099
4939 2135
3936 927
6581 1213
7625 9668
2095 1709
5301 7943
9260 2827
2070 6712
6669 5970
9879 7091
557 3640
3260 1565
150 401
3206 4304
7642 5881
7704 703
4986 869
247 1976
5648 6149
690 7197
2768 1082
4099 3278
1462 2792
6056 1169
2070 3929
3429 4342
9212 7473
5309 6678
8929 3249
4437 18
855 6924
6027 9042
4722 1964
2243 2634
1209 4867
9324 1820
1208 4517
8320 4625
8267 3270
8382 1096
5785 3526
5824 4937
7146 2929
7221 7451
1980 5440
832 4392
6108 2914
8322 3108
2050 3489
7427 3781
8182 9995
1724 9863
5896 4121
7556 1026
6657 153
571 7154
1101 8072
8433 2069
7370 1877
8892 8634
4234 3803
717 3969
7307 9080
2088 5236
6616 5144
6880 98
2329 139
3867 6350
5922 5574
4929 9730
8785 757
1729 9870
315 1354
4677 8259
6332 368
4938 394
8256 4649
1714 1339
865 9694
4854 1053
7081 3707
5290 1488
421 2254
7925 5435
3499 4368
1110 4316
9091 8082
5777 5626
3370 9953
9708 4811
6815 5843
1441 5493
7241 2755
4458 9467
7641 4501
1511 1029
9781 3978
6019 2627
6057 2345
4993 6873
3863 7670
3616 5454
4828 8
8640 8586
5934 2148
5014 9824
461 7139
2568 8171
3188 7217
7214 7831
2909 4494
7177 1400
3916 4650
1877 3116
4310 20
2795 7314
1420 7892
147 4450
8311 9546
5929 682
8375 4519
3902 1906
6746 4057
1429 6140
4585 2301
1490 2124
2416 3717
9768 5382
7423 5286
7394 3248
1974 6881
2914 7542
1937 8594
9476 6504
7142 6509
1042 8622
9306 6700
6455 7228
8867 5469
1446 2079
171 2799
6503 7638
6050 3779
7439 4931
1301 640
2051 4378
944 9771
8161 3039
494 2262
3842 9289
8736 7569
1891 2927
2968 1476
3375 9666
5620 1051
9423 949
6759 9367
8445 4504
1664 2446
2702 7549
7410 7604
1449 4954
4018 4577
7221 9471
8655 1199
4959 7850
4850 7706
3412 565
119 9428
1636 5429
2436 8595
6012 6886
2431 5281
9965 5983
3797 3608
6164 2757
8156 3554
2746 5964
3626 7998
4400 6171
6322 5619
167 5490
7318 1076
8166 9314
6830 9214
7717 4086
7718 393
9213 7121
7162 720
801 6210
7641 3471
5073 1017
1655 3049
4281 2861
5093 6316
1609 2810
7264 872
7449 3557
4043 9410
9856 2953
5556 7120
8987 4934
3078 3370
1364 1930
8873 9977
3545 1736
1453 6279
1008 78
481 8157
1760 7249
1755 3460
5315 4868
7726 7007
6079 5347
2550 3422
1316 7625
9846 2236
7919 8421
6486 1219
7602 421
4626 6485
2090 6958
1492 2079
9549 7738
3257 7305
6806 2531
7018 3686
2502 3418
1252 3190
9553 4114
8334 470
1550 5586
708 5876
946 6566
9081 5765
117 5716
2885 777
8710 5104
3144 8618
4693 9180
6058 286
7548 7472
4469 788
7488 1927
1484 9153
7006 143
6373 9582
7421 2613
2190 3897
2798 4137
9833 6899
4992 5394
2691 9830
2774 41
4839 3614
1853 7588
4669 1670
4282 6541
2715 5357
3914 1465
8237 3291
8850 166
4432 8744
5203 2203
2729 7771
7998 8633
5579 4267
3134 267
5477 1152
3319 5262
1992 6432
551 153
4395 8442
151 5560
1798 7353
7263 4051
9525 6192
5313 9084
2770 2461
4441 8932
9233 2059
8864 6422
3996 1600
5674 1482
411 9019
8379 9263
6189 5149
9009 6276
167 5890
5288 8170
7528 9403
5138 3364
2797 298
5867 2766
4254 4288
6198 4855
8001 7592
6195 1150
816 4602
9252 4948
210 295
4558 9170
7719 3960
4128 4745
47 48
9310 8558
7048 8162
9988 3820
7187 8817
8289 7938
7891 6486
3020 3928
3382 7082
1822 8234
6712 1846
5808 9182
4353 2321
7289 198
67 2297
5871 9118
5963 7676
8659 5103
8394 3459
7183 9643
2905 7790
314 3560
2604 7135
2159 6852
4760 9893
3120 9954
8723 5754
738 1676
772 7050
977 6444
7477 1824
6073 2348
3967 4907
1049 8756
834 6393
2673 7080
2019 638
6848 7009
8174 8491
857 3478
9089 8359
6979 9030
5240 4947
209 2025
6806 7811
6562 2819
144 9320
9830 5823
7894 8553
3044 4676
788 1168
55 5225
9547 8496
4312 2762
5887 3569
9483 2466
107 9737
5765 244
7774 8897
8050 1101
3486 748
5522 1573
3294 5875
8494 266
2168 1548
6913 5796
4746 5949
8045 5108
6318 3960
2221 5395
8893 7862
8836 16
6712 6283
6677 6337
3612 5793
2386 76
6830 164
9748 7784
6634 4738
7247 2021
774 5224
285 6421
6113 437
5376 3165
6589 7658
2410 3299
3251 9404
9704 5611
8540 7990
7062 6827
6815 5411
2659 6625
7164 2717
1678 3459
8039 4590
5223 7756
7382 2751
4558 2607
8159 2978
2719 3981
5872 1434
4178 5713
8971 753
8351 9065
1565 4599
5609 8131
7483 5970
2697 1670
8108 3144
8371 405
9912 1676
1758 373
6780 1999
9435 6172
4038 9218
1744 8149
2135 2014
5374 5964
5704 3724
4236 5836
3788 6247
4732 412
7314 4331
4097 9056
4067 194
2404 6149
4786 8217
5598 7857
4508 6203
236 3528
3628 7560
1809 9577
4121 181
4761 2427
9561 797
365 9093
6429 5372
3878 9913
4705 8324
4441 9871
5806 6488
4924 3673
5955 1026
5580 5326
9980 1683
2432 9272
9132 6620
9306 3708
9343 1323
7362 1303
6115 213
1154 3303
5223 7735
5912 7374
597 3885
8495 444
5407 9930
3333 1446
6677 1336
6990 269
2910 5767
53 6292
7176 9261
3651 5500
4978 3036
3990 6540
5755 6327
2200 6396
5480 4195
637 7962
4624 4162
4888 8176
1331 4271
5938 9370
9341 463
9781 5208
6050 7564
4856 9206
6284 3863
7081 7295
8393 559
8565 2538
1029 4724
5009 3732
2092 7987
7453 9124
7993 742
4367 3650
1248 1090
2683 1048
881 8708
3204 4417
7484 6792
1297 2507
5255 7613
3191 9271
8720 9135
4751 8170
1927 8571
992 4346
8058 9379
7117 6144
9720 4407
208 7656
4960 2694
2441 7738
1162 9634
5292 6622
6996 9538
2077 9294
2490 7027
1198 3373
9950 8239
6540 3371
4609 6062
7326 5741
4185 5180
1048 4384
5247 7321
610 4970
8634 5151
3003 8304
1245 21
9675 4728
8835 9102
6254 469
6355 1648
8992 7022
1325 4177
8772 5376
3865 7381
1912 9052
4893 1904
2571 7169
852 2849
4101 1988
4134 3388
9711 8560
8823 5740
7031 8307
4644 7266
8201 9079
125 9441
9965 7685
3808 472
288 401
4519 1821
1748 7239
1447 1266
3750 573
9432 4923
2457 3244
1811 333
3836 2467
9261 2496
5242 1835
4423 8328
9101 7454
5574 228
2723 4955
5424 6690
5127 1785
9817 3140
9355 8701
3249 7339
6237 641
9195 3112
4169 2866
7221 3025
2561 6550
761 8520
1497 1460
7781 3805
5092 7890
7869 8774
2372 5467
627 5295
9911 3712
5510 3005
9168 7032
6478 4603
6133 1785
4309 6429
7022 7002
4326 9488
8717 1435
5868 8290
1411 951
1960 1766
3335 1607
844 2816
6955 8424
9770 5326
4494 4843
21 2034
4593 9351
3037 4588
6337 6071
572 1314
3437 8493
2369 8858
4065 1723
8235 5290
8855 5618
8486 9189
596 6121
7267 5491
763 5686
9293 4349
9668 521
9898 2652
9567 7246
6847 9322
4813 5475
448 3093
5787 6256
8587 4821
7170 8108
2319 7233
1447 6494
1396 8070
4099 2156
342 747
7717 7223
2160 2857
2121 8517
4438 3776
8933 9604
434 9684
4993 4103
2610 6478
7114 2408
2639 7563
8098 4603
7078 589
9735 5571
1134 9720
1994 558
338 8748
8436 2958
8159 5618
6170 5002
6042 4195
4452 5086
2313 3988
9784 3748
9859 4757
5403 8431
1323 6635
4575 4480
3778 5852
9205 953
5413 2676
8457 9781
9452 7270
2715 1972
135 6634
7796 5482
9089 1313
7415 9883
7229 7902
5733 5731
6926 7327
1584 1337
8605 490
909 7732
5305 5024
1183 8136
7753 6579
6216 8500
1827 8583
9494 103
2673 8130
9237 8335
8034 482
5732 7022
3633 10
9426 1635
3474 4069
388 1706
9190 7875
6316 9952
6714 9880
1204 5131
602 2509
8396 1045
3336 5106
8355 9165
12 6287
7965 2554
8211 505
9184 8728
5996 1686
5440 5733
1514 5968
1982 1723
3810 5767
8884 970
9361 1065
610 129
9989 1498
9433 1493
9803 8948
2164 6697
4226 9167
734 612
6001 8928
814 6734
6389 7640
7721 8023
8563 3504
9955 6545
3322 3500
2950 1428
2670 2342
1132 9500
8156 8135
4477 159
7780 2887
9500 3791
3046 9778
1258 5284
8051 9475
7855 19
1539 8108
8032 1872
879 6401
1280 2491
9958 4530
2055 8586
1116 656
6527 8252
9916 2474
2549 3292
6083 5055
4086 8812
3674 3333
5732 7066
6558 4532
1905 9077
4242 8258
4616 2413
7490 1385
6823 4696
3990 7478
6631 9706
8419 3438
9445 4526
2166 4605
993 5488
1132 8069
4507 7164
6897 5753
512 1008
6398 5025
9788 4723
4138 8591
9204 1236
1085 5655
5850 7249
5158 2465
5685 7084
1133 1794
3862 1320
2108 471
8917 2524
831 9928
6078 1011
540 2732
2818 7891
2375 1325
8537 1515
2541 5247
1792 6487
6737 3119
973 1432
7345 8027
3031 7859
9099 5104
2893 6086
9932 8056
9017 3263
1629 3106
7932 8647
7361 7617
5947 3045
3128 7080
102 6568
1721 4041
6584 1522
5149 8395
3924 1297
2361 4553
1871 8011
9972 2886
7166 9571
7300 897
5806 6741
7894 7482
5930 3942
8036 1849
1939 5336
136 2612
5300 6834
1460 6903
9495 1900
9244 9186
3467 4806
3619 8896
4636 9818
9963 6120
9600 8671
5484 3034
1038 5217
5734 1970
3009 6174
4910 2329
2177 6336
1944 483
4900 9450
6313 1056
5878 1127
6556 6404
9199 3538
6693 9567
4446 4362
8205 2779
4630 8908
6228 661
7535 6241
5191 3255
7458 9007
1312 429
3094 1381
5945 2981
3630 3767
2888 3212
4108 8429
7920 5942
4496 6235
5429 2088
6019 2670
2707 6270
5589 8561
8464 8444
7135 242
9447 516
6089 7186
73 8602
2067 1519
2155 5763
7445 5913
2783 129
4292 8479
8073 3966
2490 275
1872 9796
627 2382
3718 9818
3085 4365
6387 8481
2076 2229
3702 454
6754 9555
6741 856
8390 6438
3073 7211
4421 4898
9023 1836
8789 8530
5705 3425
4995 7820
9354 8098
4397 5634
3933 8723
8673 42
9678 4873
8701 1089
35 5939
5498 160
8274 4922
4293 6587
9237 7594
2170 2186
6782 5016
9466 5344
2125 5036
8813 6560
8423 6061
9043 9750
2404 9640
7702 6768
7318 6120
6060 6516
9895 6171
58 4967
8906 1135
2294 1991
8632 1405
7719 65
7864 4049
2229 2132
9315 1039
9933 301
9735 7561
9799 6076
3187 1750
331 571
6812 1589
6191 8895
4149 1124
7664 1929
1142 2717
3248 745
6501 497
2649 3975
9346 425
6449 4983
4747 4513
510 8192
733 3903
6651 4337
1257 4406
347 7989
6554 4837
5506 8330
1135 8248
5992 3695
8457 6749
1888 6482
1491 9761
2691 7153
4390 8179
3094 5602
6170 9931
2969 9455
6267 5648
5723 8598
2983 960
9518 1201
6010 1622
9872 5177
8096 409
9041 7243
3214 5503
9452 6979
1548 96
8392 980
1786 633
3466 6864
7359 727
574 8062
2481 5741
5992 2961
636 3099
8385 7447
4560 207
8194 7489
8811 350
4546 8192
3884 6949
6830 4886
6451 473
5895 592
2972 6049
9907 2987
4083 8555
6710 9052
8663 1996
1007 8118
6967 2988
6005 8011
9521 9256
2624 4754
969 4539
9307 7305
737 3441
9217 8013
7832 6760
8232 8793
5827 290
8994 9258
9341 6608
5942 1277
2263 9185
622 2991
9325 1543
8922 8648
2561 3267
3905 525
9144 2236
281 9500
5706 3500
8601 1121
1111 5313
1287 8958
7195 1204
5289 9139
8771 86
8094 1034
2249 6791
600 2193
6608 7272
7255 3953
3118 4991
9430 648
8315 4687
234 1845
6675 9773
9339 2527
6567 8051
7049 2664
4887 7165
7303 7308
7030 4754
3650 6612
6677 977
6613 2306
4081 2452
3653 1740
4669 6229
1400 4598
784 7592
3753 7853
9708 7802
1277 3897
7681 2753
2280 3458
1047 6233
1281 4339
1968 9768
3351 8418
3658 3265
8782 739
3167 8970
4055 9235
73 7308
6460 1489
3239 9505
9674 4453
398 9509
6479 1922
6422 3304
9413 8587
8885 4615
5372 8757
2217 4560
6057 5095
600 7857
8545 8243
1954 1013
8191 7022
7658 7128
8827 266
9980 2453
4597 1510
4998 1856
8590 6912
5272 948
2373 6297
5411 5394
4999 771
7475 3254
3169 3457
6748 6916
5810 7095
7418 5318
7341 9336
9132 3059
5809 4101
9341 1261
445 1281
3233 1640
3892 4505
5907 7468
5291 1425
1591 6386
4076 905
9269 4418
9837 4640
6232 1761
3887 926
7307 5777
7569 819
3787 956
6628 5499
328 2134
2019 4483
7983 9770
6757 164
1817 1300
7996 4296
84 1091
7047 2793
1513 4327
5118 5135
913 3305
1306 8563
6413 822
8191 604
8491 5249
9962 9607
7360 5008
4583 7
7195 4492
6711 2523
482 4437
1172 2181
3913 1373
6475 7110
2461 1857
5555 6820
3939 9421
2232 124
1666 1189
3567 6392
9274 427
4291 439
1407 6176
9348 7171
6258 5657
8323 8884
1386 9251
7652 2531
4734 7697
5841 1925
6407 8533
9882 9917
9636 4388
9559 1915
2570 5740
9097 7797
450 8085
7180 8739
4256 5686
1582 8795
4287 7005
1680 1107
890 4953
9178 6357
5464 3329
2989 713
1903 209
5496 2912
7735 2573
7595 4313
3215 8857
6009 9700
6942 4066
6567 4190
9096 2514
7989 2443
1645 7126
4386 2193
1879 102
3462 9909
5180 1624
9456 4995
8882 9116
8538 9660
3717 2967
6033 1018
4675 8098
6098 4731
4242 3224
733 1441
9776 3171
4828 7940
4302 4066
6990 3935
6879 7792
905 63
3754 116
8166 1930
2051 7773
1156 8285
3818 5199
8283 6002
7571 3084
4919 8635
5287 2655
4712 9953
11 4986
8364 4492
8361 57
7105 329
3141 3925
665 4981
3028 3453
7665 4202
2781 6308
5408 9352
4465 3523
9960 729
2431 5302
9586 5494
4510 7826
3342 7973
1209 4920
105 5167
2590 4639
4295 5245
5140 7802
4002 9275
415 8827
8765 3776
6909 2165
9632 3435
5068 3467
9381 5219
6890 9615
6554 327
1671 4830
7650 1829
2502 8464
1420 5563
4471 2577
8657 8664
8976 935
8587 7320
7970 5922
3192 1309
5570 6463
8961 2363
6535 511
5240 6057
7757 4996
1056 4176
9521 5621
2026 8055
3715 5417
2274 8019
8028 2500
5051 6369
5305 6227
4937 2763
2148 4569
4830 1766
2278 2711
5718 3451
8037 3727
4389 2818
6818 6167
3651 4038
6341 724
2581 8503
7631 4547
9686 2345
9443 5428
73 4086
3876 9327
905 49
751 779
3969 2841
3697 3990
3864 5542
181 6753
3806 8217
3536 4031
3218 9571
7628 6112
8551 5444
988 3088
1368 6100
6409 738
5784 3052
5455 4496
1487 1456
5051 3624
3551 9484
7116 6590
1228 4340
737 8715
2500 8639
1675 4712
8462 1846
6055 4980
1210 5633
7450 5803
5672 2149
5303 6838
1156 1381
1225 7938
8249 7138
8212 3901
3534 8629
1564 5783
1996 262
7383 6105
4036 1999
369 4502
7405 9337
3807 8925
9066 5529
5488 238
191 3030
4512 5424
9661 2331
3035 7719
7402 9750
613 5781
3630 7815
9932 5298
2614 8437
1410 9186
2137 9
4060 9281
7604 554
9604 6393
5361 9860
9762 3861
7704 6706
2921 2074
5441 9803
8582 5831
1758 7699
7342 869
8509 5122
6458 4130
1442 4211
2176 2116
3695 4283
5472 5912
5577 9987
50 609
8319 2515
7765 7134
7945 7221
1089 3206
2151 4786
6499 4112
9554 1309
5284 702
4083 9274
5989 5633
8005 6988
4652 3282
8752 4193
3076 2624
868 6707
1602 1011
9558 2090
6404 134
3097 480
1634 982
245 7182
9132 2435
678 1663
6859 1156
9040 6240
8381 1016
8879 8518
7045 1903
2419 4721
3349 9231
9985 9889
3567 7025
7630 2522
3035 490
2080 4334
232 690
8584 5332
2706 7420
6500 6515
8555 5876
6386 7288
264 4404
3455 6567
7639 6160
3616 4435
3033 6167
2081 9436
5700 3913
8740 8652
9749 9134
4688 4894
4195 1288
6078 1701
5909 3697
9341 9867
5655 6676
2539 6715
1135 4279
3941 2305
6836 3214
4977 2779
9432 5629
537 1912
2474 1027
1429 7074
2517 7640
1349 6402
7207 3488
8785 9951
8578 7327
3403 564
527 120
356 224
3128 6664
297 5386
4683 6271
9751 563
6643 9342
989 1164
1285 7402
4942 5602
8737 6801
8605 1043
7801 787
7157 9602
2442 5084
4871 3888
1170 6887
7031 8756
1858 8390
7665 4967
4129 5125
1640 9923
2687 8257
9871 1445
4160 7883
8353 1771
897 1234
2886 6988
5470 9575
9815 1365
902 2609
9041 293
8045 1646
9239 4200
6014 3228
9047 2139
2756 3350
6129 9403
9939 4202
3759 8731
9451 7841
6192 7846
9009 2551
5126 4968
5061 2324
4061 4710
4059 691
7883 1921
7792 4412
8983 963
6415 726
5311 7759
5298 7381
1768 8941
689 6552
2725 7766
4666 433
5214 1459
4856 6051
8231 7405
2480 4965
2684 7811
1654 187
8766 9398
886 4254
3336 8475
1520 1121
5563 9118
8959 374
4542 5134
3636 9405
1619 623
3491 199
3929 9408
932 7952
2661 9155
3952 1899
1571 1456
2874 5630
9016 9018
9591 4397
3114 5274
9717 6395
4303 2979
3906 7880
9890 9939
6918 6718
2528 9008
4793 6442
8260 6595
144 5117
4390 8752
1188 9191
464 4151
621 4279
4225 3083
5046 2152
2842 8753
9254 9920
6454 9547
214 8930
4884 240
4862 3120
4265 6521
4783 2389
6858 8525
6852 1070
7612 8091
3081 6679
4605 7960
6029 8401
7042 6567
9787 4591
4264 9527
3786 2986
5328 9678
2374 1977
8640 2687
8877 3318
2073 5068
9144 1963
7401 2764
8088 638
43 9801
455 4130
9628 3141
4436 3602
3393 1444
4256 1126
9537 2754
3568 477
5564 1936
3741 1006
8364 2390
8469 7384
5070 3192
846 4074
2420 1870
2779 3865
2577 1509
7678 4781
6749 9823
5962 6284
4751 3289
9066 7784
2543 3314
9065 2872
7381 8689
7907 7017
7539 5659
947 6961
9452 8966
9435 8635
8791 845
6973 3438
373 6153
9704 374
6983 9827
2843 5024
9314 9946
6613 7300
5661 2542
4396 7310
6911 652
3420 1183
5588 9806
9186 2037
7870 8047
6278 615
401 4285
585 9104
2675 804
7322 3816
2418 561
8683 7991
7109 4099
9171 894
7772 8756
2003 5613
6377 9153
802 7370
4713 8082
2424 7129
8096 1811
887 9108
8473 9445
8468 1313
2188 8465
9748 2272
2616 8709
8877 415
9029 1648
8425 4184
8949 9178
7579 382
4761 4403
6659 456
1946 6678
1651 3743
2077 2533
3783 4512
5120 6953
9034 571
5118 892
8217 4759
3357 4354
3730 925
9185 4530
989 4018
9329 2681
126 3618
4447 4518
5677 5558
6582 1240
9374 8167
460 2172
6905 4930
4169 3634
3231 761
1107 6833
7671 7854
9726 3795
7378 7343
909 6108
6845 6705
9622 2030
304 1808
6048 9816
627 4746
8608 8286
6781 3254
6740 6849
43 5553
4159 8332
1438 53
3746 3064
7958 5604
5441 3055
9132 6170
745 208
1568 8495
6081 7068
3141 6528
9803 5379
2067 3830
6904 2065
8817 8987
7207 5056
4677 5554
803 1281
8182 6901
8950 4820
3838 5448
1535 1760
3720 9968
3247 7880
8824 6332
5618 7394
7697 6120
1155 505
750 2371
4622 2253
4762 6624
1648 9457
5003 1747
5932 6367
5808 7914
3005 2133
2088 6048
9327 4110
3863 6400
6749 5790
4430 2862
7743 3384
1468 8011
921 2983
5919 1513
2773 1342
3554 6211
9468 9617
7603 7884
7427 7452
486 9232
2094 8963
8082 2626
4741 8205
5099 2137
4426 7956
813 9943
6147 1428
9775 6108
2932 8096
3 1747
1338 7580
5292 3011
4942 5052
8098 6999
4930 8085
9490 3112
400 9014
4945 284
4767 2126
8259 7833
1179 2005
992 6368
6037 1416
8860 6294
95 2570
5429 2242
8506 8672
4508 9512
3895 2434
2804 4646
6723 261
3526 2906
3491 8524
8203 1672
3387 2792
5778 4347
2674 3589
8429 9955
6066 4901
4904 1232
2160 5132
8932 1831
5896 4002
8349 7251
7006 1590
8315 6962
3586 2153
5350 9768
3061 6219
7533 8521
4388 9871
1343 2101
2085 3605
5376 4522
4447 3314
6684 7752
4484 1566
4760 5354
4635 3209
3929 724
7209 2826
8974 1671
4101 9856
1371 9061
2950 9048
3378 7660
7947 6949
7541 9224
2431 9605
7304 9745
6654 9602
7663 8645
570 1278
7747 873
5466 4521
7894 3455
7349 445
8457 6267
4146 4980
228 7150
8154 8726
9746 9504
7945 6987
1352 7260
5202 8820
3303 1639
8678 6703
6622 8909
6605 574
8137 5121
1701 2546
9946 6438
9297 7141
3052 9076
5344 9668
263 1987
8693 2909
3492 9828
9599 4420
7421 9878
1839 8109
183 5268
9041 3133
4233 8099
4877 3676
4494 2953
7599 2011
8562 6606
4724 6157
7988 7976
7977 6080
462 8832
3905 7468
9720 6865
7470 8845
523 5874
778 7322
8457 6433
6526 8159
247 7119
6661 5642
6862 1265
9502 2675
9570 5728
4260 9384
482 437
553 2163
954 6816
9308 4762
5914 8276
7364 5477
8014 7245
529 2659
696 8604
7362 1809
2175 1145
1471 4123
6260 5878
2711 2560
2914 3686
3479 3072
2341 9003
5518 6918
2739 6881
1431 5600
5845 690
6090 6286
8127 714
31 5726
1240 2984
3826 7815
4235 1500
8355 9612
6671 2024
2329 4994
481 6373
9204 6268
5649 186
1680 633
1630 2740
333 5814
2690 6258
239 6528
7029 5095
8232 460
9267 2543
6068 7971
3803 6631
9099 1960
854 6928
9787 4035
5106 9315
1734 9907
7887 6118
3471 7759
4679 7340
7106 9335
7423 9935
5547 1772
6439 5473
9813 3674
781 655
4 3799
8580 5525
6331 9780
7237 8915
7489 7427
195 2002
7977 4355
7094 4980
648 7751
6546 6821
6140 8992
9952 5973
1037 6234
1130 9204
9208 423
6240 8903
2040 2695
9425 8852
8408 8143
9050 4603
1779 6728
4777 560
4405 2185
2790 9616
2925 9500
7821 1916
2721 4388
4381 3700
3054 1674
5036 4017
4601 7035
8239 7617
9063 4116
1161 5608
904 8700
2461 2701
1057 7656
6437 9383
3112 4720
3175 3809
7898 4453
4676 9010
5874 686
3658 5835
8025 774
7203 196
2680 1091
4592 4899
6495 2432
8806 5234
130 7051
5103 8675
5956 6272
6929 7528
4812 6740
7730 9952
1645 16
2789 2261
9533 9727
973 7838
5011 5904
3268 5116
672 6887
8376 82
8936 6783
7810 9833
5488 5038
1162 6001
8096 2646
6068 89
311 9677
4567 4554
5583 2110
1395 3141
7172 8358
344 919
7105 1334
205 3066
5463 6340
8367 4941
7224 9595
6224 5588
4267 8155
4613 7483
1506 4561
9878 7365
6304 5296
6510 420
953 5601
1826 9697
5076 585
7085 2984
9585 6204
616 3454
9881 9557
2879 9618
3054 8554
6278 5873
7269 8331
3939 1668
5638 2880
1102 1473
3331 2376
921 181
5354 9507
7785 3787
9819 1122
5253 8495
532 6452
2474 1677
5932 9263
8832 9913
2240 1653
8716 2743
1906 4666
6625 5252
9771 9512
6470 7830
8482 9912
6464 7476
7814 9207
9397 1318
8335 8122
302 7546
1709 8948
2697 9538
1252 1212
3772 7682
7886 6142
4969 7092
8007 4687
1160 6554
2801 1213
1530 6159
9374 4320
9448 7686
1788 8233
7003 7292
3987 7915
5228 9311
8558 6252
7501 8235
5365 2815
2930 2008
8345 6355
6326 2268
3460 8349
5326 2409
8633 5555
7810 877
2514 5419
7524 7597
8918 2635
8532 2782
3597 4404
4363 3661
2501 6501
7481 3626
5689 1207
6014 758
6876 1442
1812 5011
9658 4856
6766 4724
8160 830
2842 4998
6323 8713
5385 7821
4793 263
530 2428
1713 3685
6273 188
8162 992
1150 1265
7056 8242
1933 5664
6200 3899
3106 7003
2486 3872
4838 9184
7845 9022
2658 6263
102 6929
6005 7628
8979 2024
2414 3650
6231 7756
761 4704
3279 492
116 6422
3261 943
4678 3617
9722 3812
1578 3953
7783 2981
7592 9480
919 1083
3769 4407
3224 1011
7176 9213
7999 9193
8404 2578
7395 1586
799 4557
1773 5693
3619 9629
5888 8405
7264 7746
8543 9602
3835 1612
3768 1475
8969 4635
1839 2366
5326 3133
9139 8135
4219 4143
6152 7838
6275 4684
2295 4854
2985 170
6456 542
3810 7119
687 2551
3535 6840
6119 2835
3325 6269
4253 8752
9766 4586
3915 5975
5965 2354
7299 9657
6801 8559
5232 2210
7559 1268
2348 5773
2324 4781
6925 4167
1918 6588
3667 6801
1606 8766
6732 4145
5674 8041
5059 1082
7804 6666
8127 317
1961 9183
4059 7479
8708 9290
7015 1730
8424 275
9372 1072
7566 5198
7350 2242
4997 1780
6113 9726
9417 1674
2669 1709
1728 112
5506 7834
682 5364
600 7039
9968 1035
758 9165
6687 3142
3375 450
6206 1437
5787 9481
7412 9821
9190 4836
2225 6720
3175 7551
4484 7204
1142 1294
1354 2382
5595 9144
8788 3699
9467 4751
2948 2499
8106 193
2420 5316
7654 2338
8074 8466
5216 1448
5710 875
220 3312
6119 9674
2889 5375
756 9436
2443 3664
5163 5353
9544 5502
879 8978
6142 2474
6887 8759
884 7251
4981 822
3265 6756
3759 5511
1643 4271
8001 8391
1709 6038
9022 1122
4648 2815
3581 9904
584 7781
8749 9937
9018 2641
2379 5012
5012 4331
2749 817
6371 8653
1675 5129
2780 9709
4271 3094
9293 7869
8181 7897
4125 8015
7981 5823
4571 3986
975 9298
4572 4646
9884 8187
1268 8630
3002 5472
3142 9486
8704 1821
5949 3467
2179 2164
2178 8261
6942 3227
9811 9512
2035 813
6972 7799
5526 2999
6833 5426
1901 4592
3180 291
7218 5965
6272 5083
8597 7548
7170 5821
269 4348
3244 6806
4341 3007
3359 7906
545 4194
9149 1842
915 6193
1131 674
2607 4173
7163 270
9891 3677
8326 7658
4622 6232
4146 3901
7711 7359
8013 3611
6755 9284
491 1406
7912 1746
753 1798
9849 8456
4220 8997
9433 4553
5782 442
5369 8455
8167 1077
3224 7351
3379 7112
4530 2978
9401 1766
8446 767
4455 5256
5361 5264
5732 8380
5943 6997
6490 1122
9649 8634
9360 5295
1240 459
4044 3460
9926 7161
1451 5209
8713 9462
210 8226
4229 4806
6836 4016
6062 7154
5098 2645
80 1369
1645 1938
1096 4155
9589 7377
7990 1595
7069 3936
4655 504
3871 6539
4900 873
2097 8926
2053 6591
2927 8237
7705 465
1403 1730
3664 5730
618 4291
2010 7611
3795 7325
110 6527
4114 9176
3943 1477
1597 7521
7374 8653
4151 9001
7377 1452
8867 2227
3194 9544
7563 403
2441 5500
466 7764
91 3146
3406 9313
3851 9793
3150 8322
4012 1035
7949 2112
4864 2012
7925 4768
4416 9809
8343 3143
4984 2081
5495 5369
4015 6583
1011 705
2262 7211
2594 3253
4478 9329
4273 9830
1799 8831
8707 6542
6930 4749
83 5650
6639 6005
3748 6363
4793 7355
4291 3280
5304 3303
5191 1427
8678 8652
6833 2690
752 9748
515 8877
9415 8940
3078 3200
4155 2400
4608 2541
2035 9006
464 7516
351 8483
2424 318
6230 3037
7297 1999
4743 3963
9116 3192
5310 3667
2243 1622
9854 6979
211 9777
5073 1477
23 5457
4032 6896
2785 1805
6630 8467
244 832
3420 7935
7860 4605
5208 7135
8006 6357
5454 9316
787 261
6445 616
6803 9111
3517 8615
1535 3688
593 5584
7400 403
8298 6442
5161 6827
4559 772
7031 4959
7031 9880
951 4642
6506 3320
2048 9894
5671 8445
5602 5626
9211 4642
7354 5770
2604 374
8424 9014
9390 8548
424 8214
2478 1734
3174 8041
1742 992
7315 4188
3434 8744
3413 2166
6772 7350
9263 8014
3269 4978
7292 9973
1086 5129
7992 8523
8512 5073
382 7794
6556 7975
9421 65
7497 1071
4994 5859
1159 7819
9734 4746
593 180
5085 1191
4919 9194
5356 9694
6172 4880
9127 8079
8036 3800
8988 1368
9939 9820
4054 2286
8670 7523
9349 3587
5288 7216
905 1030
383 3468
2513 7556
2189 7700
9917 1584
8013 1965
2031 6674
8013 5412
2914 6001
5991 4923
5560 314
4362 8134
2830 7678
8625 1196
5368 7488
3577 5043
7148 2795
3114 6931
686 5960
5002 5084
5031 2998
7306 3509
9555 6177
135 890
1957 5958
1422 6465
95 8296
4646 5446
6656 3836
2317 1377
2325 9710
8982 1179
9542 856
1024 1262
847 9674
8756 4835
8533 4179
2799 1144
3716 1604
9504 1229
8780 3438
7602 6889
8166 9927
8170 3229
2411 1411
7481 9143
6358 4833
5555 4965
8659 5135
2298 2698
1662 6673
8469 3823
299 7651
9636 5552
5974 6288
6780 3004
29 8839
66 9298
4207 4551
7658 4094
2450 2090
1656 8243
7775 7263
8478 286
481 6144
4524 491
8091 7641
347 1764
7796 173
1327 6311
1002 832
1078 9427
3293 347
7407 9676
8498 1471
4995 6927
2129 6160
4062 1193
5773 114
8557 2214
8211 7327
2635 1005
6266 3114
1897 5520
4229 4724
5452 5808
4679 390
1350 7960
608 7789
7886 2386
503 6657
5553 2370
5116 4419
4039 3448
8200 8129
5669 538
7422 4673
8564 7096
1607 3173
2568 8228
2809 869
2522 5527
1789 2898
2962 3687
8694 860
75 7017
6146 7478
4171 7229
60 9513
2685 1072
6676 6968
9504 288
239 2707
6738 4941
299 420
230 8781
7964 2435
6665 8482
3878 1565
2687 5407
3915 6504
4214 8887
9877 770
6567 598
8470 4935
5505 9013
8609 3421
2363 1693
153 6958
4481 7074
7726 6325
4591 8233
4742 1208
3488 3868
480 5153
6626 8474
3417 5849
5449 169
2707 7718
8933 3854
7554 4839
2251 7548
2806 493
1569 9490
5692 6530
2163 5612
656 6045
2774 6218
5188 5129
337 9323
9109 935
493 3009
2432 6391
1282 183
5085 2860
7710 7040
6615 9489
9794 4849
2740 2459
8315 4690
5072 2479
7346 6255
731 6143
7928 4288
6129 9825
915 4910
156 9224
5686 7300
8484 9971
6918 9844
1866 6971
3363 5838
9106 1217
6345 568
7697 9040
9709 8149
6243 4424
5702 2071
4201 8564
8662 9480
922 9186
6108 158
1447 3891
9111 9826
469 8878
4024 9548
1728 5658
7260 1697
4035 7723
4861 5123
5739 2027
5534 3795
1011 9453
9979 5218
983 3700
5262 6238
5539 7091
3861 1580
2365 8631
4630 1784
9023 736
8548 8230
6767 2298
8692 7350
8091 632
8096 2798
9255 2150
366 3676
913 4669
5435 1242
9446 5289
6933 592
1644 5946
9046 210
5279 8490
5291 4332
1453 2995
7039 3775
5756 2458
9576 843
1792 1312
3500 1355
5953 666
9797 2180
5716 2549
6003 8205
107 4820
9961 6430
8750 5449
8320 9782
2926 2029
2926 5911
8863 2484
6488 2761
3978 6843
8222 6013
3033 9629
1585 7999
753 5256
652 1145
4804 4830
5051 4679
4437 8779
8035 3464
2494 8431
7226 9057
728 5733
9387 2670
4683 1223
9772 5949
6079 7104
5283 3817
4292 7086
4193 413
8172 9157
5638 5060
6502 9086
7647 572
5936 5925
9367 1998
9345 4430
1951 1436
770 3171
8858 5439
4899 2324
2759 1697
5498 6090
6219 5640
5621 726
8060 3644
2675 4681
7459 796
298 856
9335 2828
887 4527
1263 3686
8769 6799
1133 9358
5710 8670
4632 5975
4787 9912
204 3729
5650 4004
2960 1146
3545 9648
3687 4800
6384 6746
9050 1182
854 3385
4006 1847
5042 9634
6137 1558
3151 9808
7045 4573
6293 582
907 3008
3193 1445
3930 4576
1281 3922
1883 8234
7425 9679
4717 1527
2766 4726
9204 8918
8275 9486
5211 4306
8725 9683
8308 2404
5375 2030
7580 9311
7607 8919
7466 2385
5789 627
6290 6182
3381 2449
9465 4555
7529 6294
8823 4307
4879 8127
4958 4372
6693 4498
3414 7275
807 3840
864 3692
1506 2232
1865 1761
152 2027
8634 4244
2409 8618
1267 1609
1230 5124
2303 3009
2233 9758
7996 2810
7217 1935
3500 5061
4027 1078
9017 524
1822 2855
7563 2087
5018 6118
2995 145
2406 3339
9544 2079
1847 168
8719 570
3724 7512
4134 1823
4012 3713
430 9459
765 6901
6727 3316
4552 5524
314 445
9170 5972
6826 4875
6230 9841
8693 3031
7270 4181
7315 5101
4694 6809
1088 838
7277 4499
9826 4679
6527 3266
1365 1414
269 5587
1336 4817
645 5596
8192 90
9163 7355
1712 2108
1332 6759
6676 1354
7 892
9039 6897
4031 7727
802 6681
3500 4159
2201 4501
7865 7702
2287 965
6081 1697
8711 6180
6663 262
3221 8059
7870 3493
769 141
7708 5597
1507 110
318 4764
159 4825
4095 7766
8059 4065
9082 9516
6230 1622
1813 1113
1609 3303
845 8018
6941 4143
4316 1641
4988 9996
7434 7959
6811 7718
9312 6866
9343 1452
9994 4173
1810 449
8461 7753
5628 9028
1421 2121
1434 698
5776 6118
5953 2380
7542 1909
1837 1773
7757 8172
4440 6182
804 5324
1223 4702
4470 2179
460 4263
2217 8196
5696 7839
603 6649
8818 4525
1703 9412
3225 3471
7505 676
6071 7151
5455 3113
1056 4912
1117 9531
3707 5569
9540 1673
308 671
1157 3462
7351 9241
6611 6118
4422 3509
3809 6673
8316 4756
756 6338
9466 6922
876 6110
789 6990
8164 1783
1966 1832
9498 1832
5964 8696
4843 867
8386 7421
9697 5678
2494 9186
3019 6247
2510 9072
1860 2604
2836 5201
3653 334
1751 3225
5355 7704
4579 4229
3224 1490
160 4555
9079 3659
120 6115
5644 9022
4818 2949
7487 7220
7801 8508
9831 5560
7452 681
3817 3612
9106 3269
7246 2568
2563 8375
1974 983
6320 855
6255 3607
5413 806
261 3545
8002 8397
5337 493
5026 8639
4893 5893
586 8236
1360 8202
4174 5932
6490 8209
7245 6440
8815 1720
2815 9243
1590 7750
1117 3179
5193 5745
2003 8258
6156 9070
7286 8710
7194 7723
7265 3764
3049 5093
4848 3214
6743 9015
6228 2801
8601 9431
6269 5470
6142 4874
2237 1476
1147 8522
3622 9856
858 7400
709 5656
7255 5802
9751 9333
5326 1677
2542 6004
8015 6188
3231 889
6591 1071
7988 4255
4263 9512
5295 9785
308 4124
9759 5306
8059 3403
5663 1211
102 9974
1734 952
8158 1894
9126 2602
1540 3083
5667 4467
448 2237
688 1811
6994 7766
3879 1664
5888 6834
3339 5113
5011 1777
6064 6020
9139 6910
6566 6870
8073 1164
5592 7430
8395 4525
920 2249
7928 1951
9996 5774
1252 7646
4364 9703
8743 4440
3747 8674
7418 4154
8853 3157
5423 807
7329 2222
6241 2527
610 5923
7402 5284
9450 5697
8224 5778
6749 5113
6922 1681
2714 6630
7269 7882
4098 4088
1856 1754
747 5341
1149 9574
3341 1540
6938 2464
8486 3420
5749 7213
203 3142
4026 7453
3102 2780
4678 4474
5280 4209
3290 9443
716 7345
6377 6703
2262 6571
8402 3843
8248 2577
3292 1780
3822 5226
2838 8969
6165 1402
4841 621
5469 6670
5082 6322
8266 5495
6960 4945
9210 7996
7664 1056
2307 1182
6769 2592
7322 302
9385 9192
6069 534
4839 2518
9196 3340
4216 8440
8333 5877
9899 9912
7577 1560
9861 1555
7209 7000
5367 7904
396 7513
7291 2899
1908 2852
9544 5535
7317 7986
5973 3660
5356 5582
7444 1066
7190 469
6157 6091
4804 2236
7576 3612
1516 325
9217 3240
8312 2836
2357 6482
5720 7874
5957 1530
2125 1822
9100 6053
6745 5271
1252 7119
8628 9116
3854 2793
6830 2540
3608 4623
4363 2715
323 6931
942 3082
849 1620
2438 1135
1449 1513
2536 9400
7835 5555
2178 3948
8835 3419
2432 5269
3215 7000
3468 5653
612 2528
785 2931
5248 422
5571 5672
1116 3790
9244 8711
5975 3118
8156 8017
2734 1206
9149 9574
3281 6579
7172 6945
586 2594
8017 4722
4311 9106
9645 7308
6930 2585
1544 2630
1744 8363
9385 6330
1732 1649
8933 6651
1098 76
5177 8176
6018 4323
5248 3785
315 85
1280 3276
8352 7793
8830 2661
7939 8132
4602 3695
5140 1934
8074 394
9333 8463
4596 4448
7783 8516
2645 307
6606 9990
7814 7208
496 9548
3580 7965
8149 5040
8838 6960
3309 8832
2449 4371
7806 8788
760 2155
8316 6478
3311 9881
834 4663
7162 6744
1980 2191
1569 3861
5985 6066
5133 761
8609 8653
8752 9408
5994 8213
5961 9110
5948 2783
3508 3349
4971 1117
8993 7708
3675 5350
785 2626
2556 8748
5778 9554
266 1885
7492 5928
7020 2387
8405 5467
3766 9717
976 9135
2938 1136
2465 108
7902 8415
7407 1169
2650 1887
9558 7730
8606 7796
546 9727
5667 6582
6601 9992
8465 3229
9013 8516
5166 4852
9925 2100
4462 5581
670 8926
8033 9011
9925 1606
8626 4223
3107 8185
9854 5196
5583 4534
2137 6034
6133 9892
4080 9236
9612 8124
1144 1247
6644 3806
617 149
4731 8948
4615 1637
8210 7311
9474 1244
7491 577
4649 3914
4378 1514
452 9202
2000 7754
8437 7445
85 8464
1246 5204
511 4666
9112 8607
7872 1848
1490 5755
4335 3564
2375 7263
9511 8474
4164 1949
2653 8509
9179 5064
9744 3704
9909 2860
4245 3329
9703 3239
2474 4657
4051 5598
8919 4435
4712 2102
1191 8707
450 5814
8194 5245
2530 3560
5339 7372
5546 9898
291 8382
8636 565
8661 4462
628 8898
3804 2546
9322 4124
8531 6398
6032 815
3581 5506
2846 5504
3669 7004
5025 5999
5856 5224
8319 7487
7450 5128
4224 5471
8313 3633
6418 2591
162 4421
2196 5019
52 44
9124 8040
737 8
9557 4703
1782 5415
248 2951
8762 5544
8511 6031
8152 8369
3270 3571
498 5342
2731 2474
2723 4281
6132 8263
1369 2917
4015 1664
4409 9193
918 2505
3836 1051
9537 6055
3363 4531
3914 3393
3517 5405
5564 2132
2709 8193
1631 2194
3368 3011
5721 4312
6831 2349
8813 4476
4557 8259
5302 6775
2972 9113
9463 5431
7931 3367
9796 2340
4432 5414
5773 6098
1302 3492
9530 1337
5312 8255
2746 3876
5588 2006
9802 9346
5640 9030
3648 898
2471 6102
6567 1623
9788 5919
9639 1096
8420 6441
3926 4271
552 7302
7046 1372
8240 6082
2527 3437
3589 2877
6259 5296
2732 391
3467 37
9755 4317
542 7231
6854 5629
9360 4782
153 860
5054 4841
1208 3395
893 6774
8864 9105
5678 6787
4132 6799
7810 5693
5866 3633
9138 3473
8633 9505
4666 7700
1778 7994
6496 6598
2526 7075
6230 2555
3992 1784
4941 5928
7947 6009
5431 3849
553 8641
6494 6909
3511 3581
8184 4969
4873 8525
6629 7490
2274 1092
9227 5431
8395 7584
5088 3174
1542 3665
9055 2411
7612 9054
1031 9723
2640 3167
6595 5400
1238 6902
1776 4213
3264 2761
7243 4680
6790 2685
7715 561
8870 8032
3717 3726
9698 2465
3828 9002
5594 6628
6427 7172
747 967
3326 2271
183 3895
2061 4448
3587 1781
6121 7160
9119 9403
9247 2713
6679 492
1519 8253
518 1946
4665 5036
2102 7941
2771 5430
4192 9475
85 9384
6486 5584
365 1651
6668 9538
3999 6127
6982 8577
241 79
1193 3788
8948 6526
4366 2214
1997 2057
5559 9747
8520 1416
2284 8848
17 9418
6513 9831
1037 5866
5842 6813
5746 4779
3589 1028
1844 7263
9927 5057
8580 4918
1626 2269
5032 4296
6553 4755
3362 6480
4489 5216
1134 8945
6054 431
5379 9877
2713 6135
9661 9952
8612 2010
8494 8150
4461 3277
5565 1301
8468 2179
1459 3337
6037 7939
1030 4961
5266 2990
411 9380
2435 9010
8637 8441
6856 8181
9063 5824
2866 8250
1570 1729
6660 2913
3373 8774
9672 3141
2683 2135
9580 626
9517 5953
3761 3504
3229 9434
1258 4852
7076 546
70 841
5009 6273
8750 6809
9626 4488
894 6133
7856 6195
2591 4956
8260 3600
6879 1994
1138 6790
8618 4032
7351 5983
5544 9550
875 4838
6014 1038
7596 4403
6995 9884
423 3730
8256 2140
5797 1978
2616 7436
6317 9956
6526 2187
3735 8466
9527 3830
153 6992
1041 7777
5681 1895
5647 6756
3135 3064
7152 5511
1109 4769
1379 6801
4849 4642
3834 3689
9344 5617
8227 8397
6719 8134
928 6654
8621 3196
6295 9998
5094 5211
9514 2465
5 1421
8447 797
1907 2750
247 9421
4463 8000
4519 9693
6175 5563
8241 2047
1640 2928
3728 8706
6866 7820
5865 40
9481 2146
5843 3954
4433 2719
3557 4094
6036 4221
5700 5623
83 8992
5619 8504
2366 6819
5213 2087
868 8451
