6467
39259323
3317 2605
4341 2749
1449 4588
5504 5777
2167 9882
7372 2014
2092 3337
9269 7231
1954 9142
9948 6180
161 1886
6244 9748
6429 5049
2908 7319
4036 5976
9025 394
9876 9986
1295 1158
1240 9662
4974 5636
4108 9965
1996 4705
9991 3516
2320 4608
7115 5113
7842 8090
1210 118
1568 4721
9229 8039
9356 5221
2121 9459
8315 5331
2636 298
3314 4267
390 8250
1132 5895
7740 7831
1482 3667
7481 552
6410 1255
3810 443
45 494
3834 2403
9998 3445
6698 8333
6790 3899
7863 5858
1752 4877
8708 6814
8106 9943
4448 7634
7256 7939
6813 5095
8066 220
8385 4834
8510 5496
1476 5097
4486 7140
3575 8073
3522 5900
4638 8366
9408 5385
52 7610
4482 8611
7690 9879
8714 8555
9380 3530
361 7098
5804 710
3840 7311
4315 2584
1769 9642
1068 7338
5435 3080
3003 3795
202 1679
7498 9659
1421 8408
8710 6860
4867 4483
5728 6918
3371 8201
6212 3650
8073 3851
2607 5635
9656 699
6431 9146
8633 9058
5504 5529
4173 7627
5586 724
9457 3984
3193 3191
923 972
9161 1982
9889 1262
861 8388
5227 3567
9879 5207
9503 3803
5495 1896
78 4287
281 3843
8689 5702
4010 2517
2707 4409
199 403
8147 3130
352 3223
428 3542
4754 1519
7229 8075
2613 2134
2776 8020
1091 320
6301 5411
4016 8507
2107 2297
5358 8310
7486 8815
1143 92
256 2958
7248 3496
438 1722
9836 7561
8408 9107
4453 9249
9560 7229
2293 7883
9980 6652
1615 1708
398 5270
7450 2349
7506 6735
2765 2440
5484 6238
9885 2662
1535 3784
8953 2523
5323 9199
677 8787
6947 2872
2811 2482
9473 1589
3868 5711
6693 1662
6188 7934
2200 3701
549 7725
5294 4369
8899 8451
9618 7871
6079 221
5510 1644
7897 4809
6512 4745
1696 2494
5698 2876
8922 4894
2406 2705
6066 7175
3645 4314
22 6294
5582 8129
4420 436
5302 2295
3204 3324
7446 4221
7740 1969
4419 3732
9856 4616
1938 9418
6891 2733
5143 1983
184 9715
3042 436
247 5122
7138 5125
7534 5729
6481 2808
5822 4384
1928 7524
8461 4447
2263 1317
7751 7203
8312 2737
3207 7898
3781 8673
8610 321
6168 2915
6228 5072
5818 3202
6262 1958
7841 9986
9923 544
4741 9119
7746 3331
1636 3189
4066 834
6492 8227
4316 7715
3302 5714
328 5044
1273 8408
7465 3268
1960 2491
7372 14
3535 8463
9955 5473
868 6910
1873 9084
5606 1169
5177 8097
7598 2105
8234 4377
5330 4434
6235 3934
5529 9005
8720 9940
5690 6667
9603 6692
2598 3015
4185 6899
9763 6010
1402 7982
320 9107
6223 5420
7957 3640
7036 3649
4854 796
446 1748
244 3353
6410 7140
7500 6050
7411 9269
5764 1851
8435 3699
6689 4084
6655 9660
7247 145
2638 1327
8745 9812
8646 6672
7945 5291
2938 3977
5705 422
8410 5456
6261 5187
2154 5716
9682 9313
7546 6522
6509 5092
2963 3198
9008 4649
7436 3696
7290 1435
7502 469
462 4223
3748 5856
1538 4964
3389 8775
7495 5027
784 2028
7599 3144
3752 2862
1221 46
8595 6139
2178 3854
3889 2980
9840 3244
4037 7786
2579 7733
2582 2746
6044 5906
9524 5994
722 2019
5885 8183
8378 2950
7943 7471
1874 7871
824 1782
815 9213
7628 1756
6297 3122
1114 6996
3799 4830
7913 1764
9006 3323
654 2108
9700 4774
1437 413
8109 5258
1515 1156
8713 3016
2242 7148
5632 1127
2258 3491
6795 1785
2916 9152
6467 7040
2975 7365
2285 9906
1781 3967
8549 4619
1252 186
7986 4952
7086 9134
1413 188
4572 2711
1112 4326
1092 7094
5408 855
6230 9158
5313 1558
987 5061
1291 5021
3161 7764
3197 696
4029 4916
4236 1592
5612 6695
6611 5954
3971 7703
330 3475
8992 9104
1760 2942
5305 7077
122 3644
8645 7090
9224 5003
2181 6405
6298 8193
8734 8528
5271 4876
4566 3257
3353 5011
3378 6674
4534 8699
4583 9559
4022 5872
5805 4858
6344 3674
8962 7092
5920 1504
8957 6142
9807 4909
3510 3310
2354 3694
6412 4273
9087 4884
5555 4732
2238 8925
9145 6757
9834 5166
3962 1334
2925 5872
4687 9456
4084 2925
2696 4695
1706 1296
8067 2981
2603 7748
491 2571
8716 2572
7626 9072
6721 6926
1420 3087
5934 2057
910 5955
2128 2708
1297 848
1931 2202
6975 3618
8353 7692
4961 4902
7646 4040
6542 505
9321 3841
722 2658
48 9265
9464 737
8692 877
9699 2989
3339 3849
1699 9214
8327 7092
6583 7191
4328 4419
5270 336
8005 7095
2817 217
8337 9728
6156 5432
6578 584
3778 9567
3073 7628
9118 634
5780 7910
5691 2188
6277 6752
4046 2183
2468 9014
604 1425
3473 9588
8383 2526
119 7564
6828 3382
7903 8014
2159 4863
587 5172
9912 4896
3289 7758
761 3984
5491 6184
5735 5347
2272 6422
8130 825
6070 1548
3284 2977
6768 2481
5545 2619
9929 9220
9292 2216
3758 4527
7720 7393
1884 4270
7429 7515
4878 9509
2438 5311
3780 719
4083 9989
5821 8488
1055 3861
2620 6551
7498 9950
769 1430
375 7271
9372 8386
2385 2594
6427 4471
592 7727
4904 4361
9401 6532
1861 4023
7093 2394
8303 7474
7269 5878
3584 4036
805 6872
6728 286
7538 4917
4866 9711
2730 9284
3983 8925
2377 3110
361 3154
4245 2896
9850 8500
9472 9139
6335 8429
7182 9405
1601 5437
4712 6921
8952 9452
6706 197
1617 7948
2869 6146
4064 6562
4448 4986
3208 3429
9821 5077
6953 3894
3231 7129
2364 7129
1529 1711
7284 8905
3997 8998
6199 805
7141 8164
6303 3977
8730 7801
1065 7402
3614 147
3050 434
2454 6217
4169 7114
1430 1112
2328 7272
5767 4271
9183 5018
4442 7118
9342 6274
716 6745
3266 6859
7171 9195
1591 8235
6402 6947
1221 8332
4399 5832
9786 2757
7446 5189
4164 2901
7411 6807
5266 1547
5860 5840
2929 7939
7050 110
636 4994
3020 1884
9251 2496
4275 7555
9278 3003
8455 3204
3953 8295
7401 2589
4122 2638
1504 8957
5821 3101
5682 9678
492 2798
3712 648
8132 9699
2814 3767
3021 686
4085 6918
8259 482
3924 1697
9670 9649
8258 8344
1304 7400
1543 7466
8376 4875
9868 9732
276 7256
9573 7728
5585 1596
5659 9568
3260 7105
2141 1697
2139 9869
3180 7220
3424 5720
8821 6870
474 9344
628 6933
1235 777
5137 8278
7276 1822
6759 8732
9697 862
2132 8509
6878 2170
6059 4445
4939 3749
8002 6859
2726 8887
3630 2798
6131 2553
6436 9584
253 9334
7054 427
731 7457
7049 1496
4296 9515
8166 9956
7535 6700
5343 6456
629 5159
140 1665
4491 343
2323 3609
6654 1255
90 249
9784 8088
7797 6671
1083 7984
2311 5184
7364 9878
8597 3082
4378 5834
9679 6414
1913 6039
3526 4708
5615 8994
8516 1773
8343 536
4507 9825
4106 5896
2883 6971
113 3001
9347 7727
9781 2683
5241 1360
7158 7490
944 9936
537 8644
1205 1828
7436 3094
2 9460
4210 7330
5253 9916
8629 7230
8488 8590
5194 3090
3739 7681
883 8735
4261 3191
62 3733
8366 8823
1433 3876
5487 8523
2386 5665
243 7978
1994 2605
6078 9413
1844 2782
8340 2327
929 4158
4941 3236
4877 819
671 5307
1937 2152
2848 636
2337 5224
5640 3085
3404 2221
5218 5775
2795 2278
7924 5680
2228 9786
1089 7561
9146 5447
2037 6036
441 7136
8697 6170
2427 8526
758 1789
9208 563
6903 8553
4494 9382
7392 3918
8943 2622
7777 6648
4591 2750
7066 6655
9919 1182
1961 4806
6366 9212
10 3364
1833 4834
4028 549
5696 4953
3772 7666
3448 4848
9598 5500
9757 7698
1791 767
5292 6101
9128 3967
7789 4729
6763 521
7948 3368
4707 8079
3235 7047
513 1766
3430 3739
704 9825
9417 8888
8885 1563
6968 7631
9433 8665
8063 907
6917 8530
8088 7936
487 7960
3056 5322
6707 362
2892 9698
8015 509
270 1413
3203 8348
9187 6062
324 6720
4554 8295
3019 2626
962 2250
4895 1416
5735 6813
212 305
3929 6313
7666 4394
5201 8341
8133 5119
2791 8141
9041 1789
9919 8902
3483 624
5514 7784
9646 573
8792 8981
3876 9089
9563 1649
5378 5179
2872 3365
506 9945
338 9303
6392 6141
8325 3776
996 6402
447 4472
9476 7572
4463 4390
4398 207
5731 9248
8033 2403
6672 4489
6394 838
1077 2146
8099 9451
5310 6049
8735 3580
2570 3496
4644 2763
4980 2162
6665 1920
2837 8450
1152 561
983 4541
182 8885
3720 6428
3843 8730
5690 3101
6060 9467
7200 2898
6163 4511
5486 1895
3930 605
6986 8039
2460 2277
2552 6024
4362 1451
1946 9178
7880 7515
1383 9529
9509 2564
8440 803
3371 111
2843 9386
9488 4216
1179 4199
8794 7073
4680 4615
5917 2097
2561 4643
4872 7968
1130 2420
7332 8937
2205 670
3194 5894
209 7971
1244 1821
2822 9677
548 2874
7997 3593
909 8350
8790 1229
8140 6938
488 9769
9768 9645
7350 4502
7705 6385
8219 454
6787 2841
312 9432
7316 6373
1857 9006
83 221
484 5338
5103 6983
7798 917
8137 3398
3703 5082
7346 8047
4870 6074
7472 736
1083 8818
267 2557
8053 152
2261 6553
6081 7299
5776 9019
514 3616
4391 5788
9403 3773
8570 7467
1996 9699
360 960
995 1647
12 6412
5699 581
1379 3962
4843 1531
5063 5095
659 4796
513 9946
8051 8500
188 860
7984 6431
3166 3487
7650 8466
4607 8278
2264 6903
4096 8150
2628 9231
5102 3201
1427 873
398 8079
6139 328
2688 2456
9569 4873
6655 9022
5942 1654
36 2856
6167 8903
8528 4997
1603 2405
5361 5620
7308 7254
9902 7412
1670 5624
7978 9200
2785 2794
23 3768
8587 6074
3851 6456
4182 7030
862 3140
2071 8277
2584 9571
7334 6153
6764 1903
9245 633
4571 9133
8188 685
8323 8737
328 6817
7342 1166
461 8547
6406 370
7719 8460
6284 5450
7052 2705
8461 7260
2630 4092
5916 552
6113 3283
3892 6516
9098 1362
636 1124
4694 1158
2641 2909
4901 5340
244 5643
3484 7633
573 2222
6530 5582
1750 6399
5667 425
175 9592
4210 6332
4855 8380
9894 9072
8674 2373
2255 1257
9120 2521
353 9133
2852 1337
7330 8057
6510 2519
5733 2701
6177 1650
1308 827
1737 7825
7099 5588
3870 9165
9549 7511
5840 4652
2715 585
8347 1489
8683 5187
7583 252
2933 436
3438 4451
3242 5668
987 6559
5452 1593
7104 5310
8674 8565
6552 3420
118 1555
7091 5756
6289 2866
6552 6315
5818 4665
5525 8404
8664 550
4011 6780
7094 5788
9108 7734
26 296
422 4627
8060 6846
7370 6803
3913 3096
4859 4497
2870 442
7853 604
4210 9718
8642 3644
9863 4694
9658 8732
5152 9169
9087 9465
6061 6832
1613 1825
6086 9186
3094 7096
8081 9902
2435 3141
7051 2770
4939 3428
3226 4784
5062 1929
4797 2903
2237 1673
4826 5888
3896 9486
5103 3287
9954 7611
6086 5201
6002 9011
4865 2067
7223 2711
9437 9337
8681 8399
8510 4374
3674 7969
3409 343
6778 6611
9545 5400
5412 2751
6120 497
4621 5388
873 3198
9617 7706
6798 4377
8186 3644
1789 9423
8577 7451
4080 5312
9385 5498
7048 8548
9308 699
8149 6253
9494 3283
2512 6658
9695 9565
9313 660
4324 8245
8606 6781
4411 179
8552 9116
5839 4954
7846 8331
4372 5580
4470 3490
5676 6764
4775 4475
86 8975
2685 2584
5973 4404
9300 729
3334 6473
2360 7365
8757 7618
4623 9960
7258 3589
4474 2413
3904 69
6686 5928
1362 6679
9345 6892
6477 1348
9700 429
1151 5917
9997 3230
1541 1773
7089 1632
1345 3412
2482 3108
1944 4451
4830 3177
3630 9060
1105 686
7437 5183
3876 79
3366 4474
3273 9986
4062 3572
504 2312
4608 15
3014 5804
3350 9364
3054 7722
6661 6003
3391 6641
50 7083
8306 3904
4131 2898
6808 5376
2177 2052
5617 617
5819 6786
1907 7780
7049 6327
2950 3869
1006 1053
3037 936
7414 542
7628 8075
3697 5496
109 6957
3758 2652
2173 5211
362 8238
4683 8046
9084 4102
3110 6143
2500 4394
2432 7220
6950 3834
7864 1551
1373 7957
7897 3181
9088 932
9446 4057
1764 5546
6507 8470
5718 8497
5208 5368
5308 1754
2485 5468
5291 964
7470 2863
4331 854
5823 8902
1092 3124
6905 5670
2364 7142
2490 1343
7648 6555
9816 8236
81 6984
7763 2194
4354 6861
1676 2149
1915 329
5188 5410
4574 2698
6618 6449
9887 1903
7116 7202
3353 7381
8808 726
4014 9947
6443 2691
8396 6049
3518 1911
1122 2350
5661 6964
6879 5883
4745 6663
9092 2146
5248 4614
7362 1418
9078 4645
9889 4037
2268 9979
5727 3107
7139 4870
103 9547
6243 8881
4354 1697
1566 2918
7711 6019
89 2350
7813 6844
6978 6664
3676 6864
7731 7429
9062 1413
6959 5975
7751 5551
6050 7008
5712 5137
3894 6807
7793 5330
1565 4098
7536 7382
907 4802
2072 3485
2569 357
1377 8553
7479 5719
9275 888
119 4606
1065 5754
1673 2611
1859 8547
7966 7733
4278 8538
4896 2962
3516 1648
5687 9676
3935 8214
5504 8970
8028 1655
3449 3806
2303 9707
4748 2217
8815 2495
2217 6010
2302 9482
9024 510
7008 1328
6055 9942
1597 5049
9136 9068
3513 4318
8328 1983
8991 7499
3349 5199
4739 7965
4328 3117
2612 3964
2472 5112
2530 3160
1797 2869
7052 2785
3935 1172
5562 8199
2079 980
2578 726
7679 1208
5805 6420
8410 8727
1820 5207
2748 7139
9467 1230
4704 955
5940 3096
9872 8720
6942 8303
9318 7697
7209 2801
4747 2182
1658 5912
2389 4648
9100 736
6621 7226
3562 3388
4873 3005
5992 5869
2529 1772
2710 2035
6793 270
8071 4664
7331 5655
6586 3855
9900 5325
5078 7620
8415 4146
8667 3127
1387 9841
5705 9762
6261 8874
8914 2445
4013 5196
1021 2336
7517 2184
3333 1287
5471 2244
2758 7836
7849 6790
8220 6000
7040 946
3038 744
338 2239
8630 7096
6337 3025
1730 6481
9309 498
6620 3570
4243 9439
434 2222
9375 2995
723 2501
5159 6621
3957 9406
4562 7559
260 7130
1979 3259
4757 3370
8533 9600
733 9139
9325 5209
1234 9043
3927 1764
2928 8269
5630 7950
752 2524
992 9602
9038 7781
666 250
5019 806
8968 6655
2604 6130
3809 333
3162 7657
1779 7650
9685 2046
5631 1205
9497 32
7034 5322
3467 8281
3146 3184
668 3181
5129 9633
183 4163
140 2701
1748 5012
249 8226
1689 5076
6152 5675
8250 7848
2200 3886
7982 2501
7789 7856
8025 1181
3611 2392
3793 3116
4436 1759
5694 3583
144 2648
7195 1837
6095 910
2225 167
4815 3466
385 879
6131 3297
3201 5630
4451 1705
3541 9639
1566 676
3755 4363
3465 2126
5401 546
5608 7698
5556 7154
1441 3314
3353 5943
1932 176
9067 733
9468 5511
8595 8815
1471 482
926 8310
5176 5036
3982 6248
3784 1275
374 8295
4893 7988
9437 2096
7417 4304
5553 8741
7032 5148
2809 913
2636 5855
1727 3527
5322 2268
1674 5343
5676 4251
466 7841
8184 3671
6726 1444
4353 1698
7782 2945
4015 3142
6463 3399
9642 6390
7717 6395
9772 35
579 1769
3145 3122
8573 1902
1253 2656
119 4844
7017 9881
6609 1962
9885 2618
3408 6724
3196 3510
9461 6229
1701 1324
182 1506
5089 4081
4094 4814
6817 2658
2126 5860
7588 1889
8711 8299
3608 5638
905 7610
1123 2277
7010 6259
9071 7182
4231 9992
3154 3803
6876 3403
8945 9323
9046 2991
8527 8637
1020 4958
5335 904
9939 8011
2966 6277
7572 9006
1097 2172
9847 9786
6689 552
249 8778
2874 3019
5415 2368
6372 4601
3746 8687
9636 9835
703 4176
3563 5464
4357 1578
6830 771
8774 4037
1897 7589
5246 3298
2876 2875
3715 3991
9089 533
5148 2907
3237 4453
6195 2551
9292 2694
5411 8903
8366 5238
780 7138
8675 531
5142 1212
5471 7306
9060 9847
2283 8970
5746 1787
9750 6939
8346 8155
4656 9124
6205 7781
3212 4690
9697 5072
7677 1911
8883 2453
6092 9418
6165 5190
6712 9544
9418 6995
3521 7851
599 9689
113 1064
4008 7458
9125 612
5022 9199
741 5835
2878 9518
7911 9890
239 3307
6439 7567
9056 1884
5484 9166
3618 7660
4730 2694
8565 3936
1850 1211
6615 6991
6441 3741
437 8708
5289 7382
139 1285
3829 9421
554 5098
135 1988
168 8782
601 8152
8861 5410
3252 7987
2331 8816
4263 2052
7161 2741
4065 6546
7700 8845
2581 1646
6281 3591
1598 3085
1995 1537
4271 4199
1334 8033
9318 3125
1537 7528
5241 2912
5567 128
7114 1203
9905 1769
2250 6338
3195 2113
6322 220
1548 1473
8477 1044
7649 7060
7921 5705
9942 7659
7417 4578
8997 8875
6666 5534
1143 3258
7686 6365
183 4144
1313 2118
6628 412
9853 1225
3370 8786
1518 4907
5473 5600
8124 2369
9847 9406
4515 3022
6420 907
7166 8631
3340 7078
8866 1070
8254 1739
9583 8932
2024 179
3161 8612
7804 81
9469 3474
625 1844
9340 184
491 6050
951 3876
9713 8355
308 210
3714 3032
912 7893
694 8952
8856 9055
6003 8537
8672 9881
4158 8363
2886 1927
9275 1257
9034 4163
1579 5998
3201 7056
979 1456
4232 8798
3961 5634
5557 6565
2386 2590
4356 473
1878 5664
6655 6311
4737 4004
9962 6664
8369 4362
2082 9214
8935 2738
1333 1577
2845 4869
8149 5991
1205 8780
3814 1299
5278 8634
2222 4455
4172 8121
3430 3845
6806 4613
7721 7254
2266 3886
8014 9688
9189 1198
1799 5996
8456 3602
4890 2748
6069 4212
8781 4181
8663 8709
9328 2779
268 5595
6856 4165
5188 5528
2588 1977
8983 9451
5498 3708
5315 9000
1013 6213
1223 1703
821 5212
8071 64
2882 8769
3004 4243
3101 4953
4118 6563
8069 9133
1152 3118
9771 8286
9645 4390
7864 2204
5446 7178
2217 2407
1849 4737
946 8891
3588 9308
4547 3903
3635 6957
5558 9646
1389 3540
8567 2856
351 7227
1081 7000
9168 3630
224 9917
5649 3742
7419 5469
9613 8381
9405 4426
6129 9419
9631 1037
9710 8846
3854 3986
1923 5448
6459 1982
7688 6953
6246 3473
5407 7341
6188 5054
4557 3611
3034 3067
7634 2262
5258 8923
9823 3993
4859 1425
8942 3269
1831 1871
6644 6047
5061 7367
2283 4922
8092 7742
1755 31
4233 3492
1332 2317
8327 9355
2887 345
8748 8752
6040 2500
7059 4361
9269 934
7810 5575
9264 7091
1668 8690
2117 6271
1599 5092
7276 2174
7039 3158
5366 4130
7915 5707
3652 4071
6679 9752
1695 9192
2676 9307
3427 7495
4162 1958
1283 7880
9672 4447
8838 8370
7338 1718
2472 5551
4128 8457
3142 5769
2417 1927
7599 8828
9536 624
6898 3312
7560 879
4845 2722
8974 3714
4160 7034
6132 9485
8669 3
7999 2318
2945 5144
9837 4169
7720 1258
2404 3799
1496 920
6115 7595
3579 7128
2278 5892
7410 8479
1299 9514
9718 532
9920 3781
3364 6623
9436 5853
8719 9262
8868 5674
5812 9888
4957 6537
9847 1197
3356 3641
8993 4944
5032 873
303 8705
6335 4556
6849 867
8280 9086
5322 9150
6480 8465
8405 1096
79 1618
9408 9708
2735 5126
2488 5222
4658 9762
2149 8738
2603 1927
5530 6709
2065 800
7034 9014
9554 4590
547 8229
1706 4960
1843 298
8603 5763
5870 1208
9213 4180
4697 9555
825 7958
9686 6418
3241 9066
4898 5881
4954 7909
5770 8345
4845 205
3893 672
224 9397
7936 7190
2255 5076
2762 4065
4306 4938
1586 8851
1898 6067
4310 3195
1795 6281
3463 2256
4498 6560
1280 4992
7640 1575
5736 6397
6536 4162
3252 5322
4656 5351
8663 6720
7188 9561
3094 1025
6884 6257
739 5278
1813 34
6186 6467
6063 3680
7219 4205
7522 8871
2236 1259
6324 6563
4224 399
6049 304
4108 2634
5563 391
7595 5317
8506 8301
2371 8571
6027 1661
8992 9868
1318 4631
1763 1398
9022 9655
4543 304
6974 5792
4073 9203
1990 4542
1688 1446
290 1474
425 544
6568 8686
8280 9304
5320 7123
3298 9229
2269 6635
2591 25
2550 6621
3738 336
1492 4708
284 1165
6059 1643
4619 7956
4475 9395
8670 7549
8144 4859
2255 7808
1567 7092
4335 9644
577 8865
5578 3755
6046 1223
7 5379
7592 2067
7120 3589
1913 5157
6048 981
710 9443
4394 7734
4666 2726
7232 8149
716 475
2603 3255
767 2691
8220 1901
5739 3557
4972 7110
5981 5017
8504 5349
8005 2953
1529 8910
1997 6738
5074 5690
1417 6067
2502 5200
5593 9968
9982 6031
37 2637
7668 4425
3218 4716
9291 7976
8116 6966
5772 1638
4577 1766
2375 5007
9018 809
4599 9564
3882 814
1714 4554
4862 5310
1807 8502
7443 3640
834 1650
6281 2595
9594 1663
7253 5083
4422 9843
5307 1223
4173 2521
2096 8844
4381 777
7176 232
7046 6723
9358 6900
6903 823
2007 7031
9418 8193
3361 9301
3210 1509
2624 6889
7747 7818
1936 7247
8355 5823
8563 2501
2490 9373
1872 2059
6894 9473
9929 2577
3597 3321
4358 2995
4357 7332
3773 5942
3717 7275
9743 563
2184 115
6998 7926
4068 8742
7778 4122
3879 6299
694 5249
5785 5112
2811 9703
7972 7856
9784 1568
8029 1770
3388 1482
1016 5748
2656 1603
2702 4482
7149 2857
1111 6879
1342 2747
5879 6306
9371 7564
1439 6115
9612 9088
6537 702
5431 6303
719 2008
7261 2243
5907 8805
4116 6260
4980 9223
6176 2072
8899 9336
4413 4544
1649 1470
9373 2914
3386 5468
1834 7967
3056 4393
9182 941
9480 9765
8405 4446
5615 8435
7162 2099
1033 3250
4153 4007
952 871
6878 3522
7908 763
302 2766
7728 732
6957 4984
3897 9974
4311 1444
8938 3542
5835 749
3434 6167
8526 5405
1065 4299
9434 4151
9527 2413
1338 1861
6585 3172
2946 3054
4649 7244
6544 6590
5682 9063
5977 4726
9199 8168
928 5194
2035 2643
8837 4117
2281 1129
3697 6608
9962 9527
4367 8743
622 2183
585 8460
4217 6982
5110 3176
1573 1075
6021 5887
9303 1753
3081 928
3966 4347
6165 4946
8221 1221
1659 8964
6030 9175
7273 7995
5694 1831
3188 5738
8842 8844
520 5057
9741 4438
765 8264
3604 9212
7779 4666
6208 5347
8542 336
5054 6652
9543 5991
3076 132
989 3871
7517 6902
7408 290
6756 4206
4937 6870
3040 2285
9073 3829
7575 3855
4910 165
1682 280
2804 2791
5079 1862
5664 7573
3497 9630
1397 6765
6544 4097
7209 1956
4732 5523
271 4235
4411 5031
9212 5668
3071 2793
774 1741
5411 3128
9038 8194
9603 6672
529 8063
633 2449
9737 5084
1441 5246
823 9093
2826 649
8867 4243
8076 649
5136 9155
3266 2238
7968 6522
5685 5615
258 1539
814 7887
1257 4004
8975 8686
4981 333
1692 5458
4788 5874
1101 2951
8700 5549
6485 5424
297 3174
5670 6540
2843 8510
6319 305
9622 197
5341 9538
7396 7831
1282 4051
5099 4919
6769 1467
5005 2305
4625 4666
5828 2610
3720 1805
7312 8289
2768 9804
1493 3945
710 7729
7275 9701
8150 8004
643 1180
5049 3949
1764 1941
3052 3952
5438 3593
7726 3770
2718 2450
3031 5082
1482 614
5626 980
8444 4212
350 1059
9221 6842
4904 4514
1691 6006
6245 1398
2137 4963
4238 3249
5572 9416
2300 892
6094 8952
295 3016
892 3107
2674 7746
8535 9408
8029 8547
4386 3979
9970 8695
3749 941
6213 3811
6246 281
189 7928
4914 9859
703 2247
2068 222
1832 4360
1210 3594
5833 9275
4248 6393
4272 3394
5618 3988
5238 3799
671 6827
3697 3596
974 5977
1542 1491
7124 3092
3167 1229
584 3878
8191 2454
8908 1726
111 7042
3239 6003
6966 270
2534 9269
6632 9142
6355 314
8409 6483
1107 1252
9729 5551
8505 8583
6362 3922
3607 7505
6292 117
2646 6083
8131 928
1572 4119
2343 4054
6487 701
3211 2601
5789 4371
86 8001
4453 5675
5732 1537
1069 4359
121 1544
3061 2852
7785 9954
4410 8932
9768 2389
1850 6892
40 158
8635 5519
1166 3062
5497 4767
9131 4951
887 5220
6321 9742
1595 7428
9333 1287
8885 9766
8643 3118
1173 6072
1694 5808
5346 4356
423 8639
909 4931
6296 4618
6657 3999
6225 699
9318 4961
395 682
8284 9824
5223 4225
4954 8697
3508 1573
7995 3606
6340 7376
4329 9439
4007 7973
6385 3771
1902 9700
6682 6687
9803 7215
9922 6464
7062 3654
4076 1780
9368 7220
8557 1396
4945 4802
9479 2823
9858 2423
6165 6426
4560 9006
8395 3687
1737 9167
6221 42
4753 983
7777 2472
4794 217
8157 8508
4776 5551
2958 2716
9648 4340
9176 1947
1387 7928
9751 2845
7615 7710
4946 8596
9772 6535
610 6490
7954 7617
8101 8182
3342 2146
3711 7277
280 267
8885 8346
4903 5301
6018 9449
6931 8073
166 5665
5591 3715
2621 1227
4861 2715
8188 8179
9338 9699
4191 7922
3717 3513
7945 4907
6078 1806
4803 7562
2746 5717
9257 1400
645 1216
6095 2521
8177 7849
2812 231
9681 9405
2557 5836
8403 5537
9257 3676
2957 7212
1845 6066
488 8384
9581 2026
6917 3286
416 4077
4892 1002
8435 193
7662 1029
6341 347
9599 9476
3062 5766
4233 6866
2450 8587
814 6777
9408 7302
5374 6882
6971 4838
7974 9261
7241 5924
7940 5667
3553 7412
944 9169
8421 845
494 239
3665 6239
5679 7934
4644 8991
4474 4001
8578 5967
7097 4744
5424 3043
8054 9504
2247 2639
8472 6147
9490 1609
9914 7968
9743 3624
8222 2463
4174 1358
103 8868
6737 1374
6580 4035
8875 1715
457 3640
1406 410
3689 444
2349 7293
5142 7280
9074 1904
5709 7406
3064 9415
7881 6445
2284 4421
7656 519
5820 8782
265 9435
8147 917
4104 3054
1866 6886
9422 1328
2341 2256
1772 7897
5402 335
9409 5726
3582 4078
9698 567
756 1986
3220 38
8330 1820
5512 6757
3602 8043
454 4299
1183 9282
9174 8459
1552 1252
8318 7531
4729 5367
798 2336
3763 7616
6629 9558
4837 1502
1217 8088
6123 1323
675 6839
2952 6921
946 3495
8917 3998
4808 7261
742 4052
922 2884
3611 8867
3039 425
3503 9703
7832 7672
695 2957
4465 2629
1918 9769
5562 7766
2668 5882
5736 6283
6189 7926
1585 2022
2543 5100
9860 3402
3945 1354
5554 5237
7529 5839
1739 178
9763 9397
1791 7404
1970 1851
6674 8653
9596 3820
8177 4411
2208 4181
751 6150
1665 2647
389 2947
7049 4981
7007 4264
1054 8028
5384 9250
2085 6051
1261 4998
7941 5551
3601 8924
6523 2910
1775 1565
4229 8805
1518 4200
7576 8345
9722 3012
9560 525
3199 7020
3074 8170
6908 7986
5110 148
5960 4053
2748 8844
1487 5012
3625 1040
971 4089
5886 712
9403 6869
5455 4567
2769 2987
6642 9808
7228 3370
1078 494
8903 6072
5205 6850
7829 8503
9047 333
6019 7165
8812 2414
1001 7137
7776 7715
9396 3443
4324 2967
9891 2605
8935 6635
5058 7725
3687 583
1293 5787
5057 9087
1600 8675
2520 3923
4181 7688
7823 4485
8975 6546
7910 6676
2045 2761
1780 9239
9852 6660
130 5873
5890 3801
1818 407
3099 3356
7237 161
9216 7467
4604 8392
3063 450
5229 4457
4672 6984
4734 8905
1439 1744
9639 4919
1822 1594
1463 3129
1288 5356
1997 9618
5759 5232
2579 5889
2224 8562
5348 7336
5409 7717
4305 2483
4544 664
8934 899
6702 9839
7496 981
8407 3096
1466 7496
9213 4873
6235 8790
9853 2025
3081 4507
2088 3889
4214 8766
5644 5473
7290 8738
5276 3274
5646 8329
5770 2799
339 3387
3483 4132
6896 7593
5525 8646
4192 495
970 9659
9376 1426
7807 7332
1585 7589
2969 5577
4367 7930
2067 2489
6508 8158
7596 9849
4399 2549
671 95
121 1989
6520 789
8710 7103
5007 2944
4572 2671
869 6951
7668 1142
8791 3301
1829 3099
487 2732
1998 3631
9736 1678
1923 9649
5712 2950
2013 2408
5932 9795
2214 7923
1151 3852
6458 8801
4743 6207
9678 1566
4232 2888
278 4226
7943 2492
5628 9261
3520 7887
6509 9038
75 1576
9658 4139
7440 6755
9433 9715
562 2314
6446 3192
9196 7624
800 7221
8866 3690
1033 7861
336 405
5411 2356
7686 4444
457 2644
1380 7419
5268 5972
2470 3273
5509 787
3805 4743
626 9595
8153 2059
8526 8638
1104 2719
8351 3000
4713 2205
5000 5505
5822 1403
6934 1829
9471 1543
2746 600
8112 49
6080 2833
8215 2592
649 7221
4852 192
8247 1434
9015 3249
6478 6067
7810 6805
9920 3136
5627 9822
1251 7426
2846 466
1878 5365
9205 8019
3665 9466
9301 8441
2137 7620
4192 8250
74 7406
3360 7855
4703 4413
1986 3595
5172 8905
3679 1713
7261 6985
5962 3418
8654 2740
5778 5105
6568 217
5610 537
7455 499
4998 1424
2541 9714
5940 6933
4006 2545
2348 958
2902 7345
5737 5858
7524 4984
367 4663
6678 3707
2827 8864
6711 4469
7246 8125
3961 7685
2593 1251
1425 1409
9511 5944
9295 5918
5811 9218
3574 6520
1562 2726
5353 2407
7967 3620
933 1239
7619 6121
2201 6453
3579 8586
7212 3018
9685 5886
7685 7256
9767 4535
4467 8609
6332 2196
5335 800
1658 3728
6701 2522
608 9998
8859 8389
5259 254
2525 572
2423 1258
8180 5400
7245 2125
8997 2207
1527 7572
1502 1926
9402 9218
460 9814
3163 7314
604 6876
1203 6161
4448 8036
6760 4564
1212 12
1018 2177
6956 6502
5903 2812
4050 2390
6752 2380
8214 9623
277 1788
7744 8904
2880 7964
8211 4258
8744 8846
7841 6925
6812 8155
3707 8921
3307 6170
2971 6685
3549 9150
3797 8704
5081 3334
8073 2985
2136 3577
5128 9128
7545 7960
6529 1467
6876 505
9057 7609
3861 8915
3875 2376
8170 7950
3235 896
441 242
5653 1074
5602 6645
4959 9350
4078 2509
7877 594
977 5829
7636 5768
5936 9525
9960 2330
8100 2729
1861 3987
587 422
7685 3806
6512 3501
9980 2762
7223 8728
1348 5125
6090 4223
9629 2454
305 4573
2850 5266
8373 8747
1042 4149
2252 5747
6639 4769
3625 2748
3089 501
2405 9213
1655 2266
4044 854
8790 7342
388 1489
9731 3388
4850 1278
3443 1391
1806 3649
5662 4480
5459 3166
570 691
2398 2153
786 1643
6571 6602
6494 5123
7901 3266
7155 3406
1086 2592
6426 8485
9340 7822
9560 2660
3311 3697
330 1908
2890 6539
3719 5397
9132 1468
4164 9318
169 5049
4215 3527
7786 218
2271 9800
9899 8736
7241 7250
7298 1885
1638 3710
3963 4174
2402 5300
1201 1468
8983 742
6606 7032
8389 2637
6441 3592
706 8134
7575 2861
3614 7904
3914 1727
1413 7923
8352 4734
587 4855
8762 2449
9355 9176
3214 8447
9058 4668
3582 6717
8443 1014
2782 6866
2697 8480
4082 3711
7536 286
9547 6045
7596 9236
27 6120
4034 7241
9125 8321
8096 2752
1375 2758
4063 8932
7975 993
7125 3858
2372 2344
1884 2923
2783 2423
9225 9624
3747 2640
707 2959
5810 7127
9525 7952
1879 8156
8357 6906
9322 5057
3315 873
8049 4456
4298 1278
5488 4841
3511 6148
4643 2890
9239 5024
339 9945
2848 3321
3350 448
9870 6483
6779 4097
2603 1030
7818 4863
2603 569
4220 9049
4064 8602
2743 6087
7903 8209
9498 1200
3796 322
6491 174
563 9707
1314 8970
4853 5392
2733 2372
1913 2764
1263 3666
4338 2469
5780 1627
8342 5977
3644 6273
409 7077
1572 295
5558 5631
6417 1986
7643 6980
6417 5073
6088 7229
4565 3990
471 9380
8142 2063
1603 7560
4254 5276
6511 3351
8568 1142
2865 7768
6296 2758
6035 6284
4952 2214
8567 2557
4692 1938
2995 1341
3927 7344
5118 4551
78 6327
8671 2529
9913 5952
51 994
4828 4412
1387 4510
5542 5568
2556 7608
4008 711
8810 7421
1662 330
7308 8092
5065 8456
8887 5800
8912 2033
4876 1201
3176 4707
6163 1931
2317 391
6282 215
3104 5954
4129 5683
3256 9644
3169 9877
2660 7617
6291 1957
5319 5789
234 3652
1901 5687
3741 3047
4270 5082
4395 9887
7630 2168
4574 5292
3674 902
5132 5583
8745 4017
7847 2888
21 3544
9226 9884
3516 2777
3475 7836
6349 6974
4985 2424
6466 5657
4510 7620
7315 6596
8155 1105
3710 9783
8893 1617
7137 3653
7609 4280
759 2450
928 1655
7087 5602
3303 426
7412 193
5653 3730
6060 5876
2416 8372
722 8165
2569 1008
797 6035
7494 5046
1587 5195
2720 8640
1339 3892
7248 4085
6768 3447
4281 5318
8334 8546
8400 8438
6892 5053
7773 4596
868 526
6251 1154
852 2970
2496 9616
1873 2641
5201 2804
5318 2359
2718 3498
8564 6904
8195 883
4933 343
6505 8836
3349 263
4325 3658
5865 1597
1943 6070
2291 464
500 664
8217 3268
9958 2888
725 5757
4367 6921
6498 9033
5943 7196
2379 6185
6887 1679
8244 4225
2287 6076
6192 3302
4747 1940
3906 9705
746 8743
3995 9201
6238 1919
3234 8410
3011 8176
1718 9629
7700 1824
1385 5983
2077 7831
4028 7289
6091 608
9192 8339
9792 7899
3805 5638
316 9912
4566 2724
9174 1094
7555 4527
8703 7632
3342 812
9975 9343
4287 2042
5652 6625
8411 524
8916 7106
914 6537
3366 792
3545 6856
1201 9911
3128 5033
7302 4315
6207 4852
153 7687
755 6127
4396 9755
8559 9524
8223 4097
9949 1386
9233 9972
1986 9448
996 2358
358 173
5774 7204
1580 8002
7285 1535
3147 3996
3011 4495
7774 5753
8634 4393
1571 6511
5694 4518
9581 7160
5498 6433
8123 9019
4401 7970
3477 8576
43 4034
7335 5661
3403 1784
6407 5220
2139 160
3890 8247
2742 7908
7017 2786
6804 4846
8171 7357
7197 5874
3228 137
7786 1242
4580 1977
5814 7855
7589 5660
7408 1570
3847 5954
3500 6501
1826 8474
4548 1334
500 7646
2576 7293
8966 7334
4634 4620
3176 71
9249 7773
7507 4454
6977 6443
4529 7453
367 9646
577 9975
5574 2263
283 21
3982 5461
5873 8535
8510 4961
2854 3592
5152 1790
7727 7080
7168 1949
5840 4147
268 6156
994 1519
856 4075
4044 552
203 4530
8729 4584
5960 8206
1590 9722
9726 4659
5751 6225
7567 1050
5676 3803
5255 7261
7261 9248
3640 6802
5971 4249
5363 7977
9557 954
2662 9282
5238 6552
4492 1614
9105 1895
6918 2465
2442 7214
6353 97
3998 7102
8621 4093
9581 522
3805 5329
3092 3904
6581 7573
7939 3153
6183 6911
3973 5322
3786 9853
9509 9552
6984 9682
1873 2885
4479 4391
920 6342
1903 7043
705 5911
1893 6738
3025 5198
6412 9398
5193 8696
368 7960
4826 1311
7821 8113
9404 9558
2301 2195
1404 1923
2797 8776
1395 9957
806 6104
4322 4880
7793 5972
1843 4633
4795 3041
6410 8001
2142 5766
3836 4533
9356 2162
1422 2963
3395 6980
6835 804
4213 5575
3874 4052
9487 3796
6731 4924
5829 1533
5015 7867
7079 9939
2194 5191
4433 6518
6704 182
4080 5290
5525 170
2165 4382
5610 519
3036 3262
1578 9394
6104 5105
4891 2244
6744 1768
22 1848
247 6874
4455 3387
3697 4019
7548 3961
6533 2914
4540 2522
4930 6790
7585 1856
1926 8098
267 8756
5188 2261
6750 2764
6241 2228
2124 8526
8968 3075
7967 8865
2508 2454
3358 4049
2529 363
2323 7998
3501 4137
7460 6606
274 9793
3225 8813
6084 2298
5112 7826
4132 8374
5209 8425
3909 8873
148 5310
1710 4883
8822 2582
5688 5928
6488 5281
5543 8807
5385 9805
8925 6419
249 5871
1937 4155
4683 8303
7383 8481
3964 8254
1463 4512
569 5734
4266 2130
6798 3419
3303 9767
4270 5835
3812 378
6736 4481
4182 1214
5452 7311
3715 2673
5621 6801
7450 3308
3488 669
2970 5376
7372 5467
2284 7580
1267 2764
6906 5419
816 2839
9382 2402
2619 1922
677 7024
8873 6406
1268 4877
1617 9192
8790 427
8243 4226
4164 1978
7068 2462
3822 2069
8421 7709
4328 9294
6810 7332
8329 5642
9679 9324
1165 5536
1629 9553
8779 9316
5234 3322
6427 6211
9884 9757
9450 5688
2128 5393
4589 9529
856 9362
1859 8464
3844 3701
7882 9118
7574 6799
2238 9410
2472 7074
3754 4123
2144 9276
4815 44
9567 7452
3326 8422
345 7326
1853 7678
4792 8052
7534 381
3962 7090
3330 6653
997 9397
8513 6357
460 2214
393 283
6919 2441
3934 880
9943 4915
207 8852
8498 4608
3686 5377
1700 9600
6142 6387
631 7382
9158 8436
2145 7180
2690 4570
7829 1544
4279 1676
6728 8635
9775 3648
2554 2410
4205 9639
887 8306
1744 7963
8632 7355
4295 6248
8351 9660
6678 7738
333 7065
9386 7313
2183 6696
2185 9472
6677 2552
4252 7524
8398 9536
5235 5400
590 8837
7540 3373
1172 3982
2153 8441
7636 4287
5977 8348
5582 5046
1006 6060
3269 4574
5228 6108
2164 2107
4592 1304
7531 308
8161 3491
2518 2941
2724 5861
8352 6345
951 3315
1629 4688
1906 7358
5176 1395
4557 7328
286 2001
4600 3103
3771 425
287 8955
7430 4274
531 3357
5180 5869
8732 788
6598 8230
5344 5336
1643 1589
3345 7389
3351 778
454 4931
3158 2417
878 6498
50 4581
1255 4687
4044 3767
4373 2931
7570 3730
5266 1136
1901 6224
3858 3763
1899 1201
130 7159
4576 1809
2770 1108
4890 8048
7475 1298
4174 6797
9641 1755
1025 482
9097 4995
2762 1571
4017 6754
6529 8475
2411 3627
3281 3761
266 488
550 3808
2192 5802
455 7207
1032 8945
2091 6874
7080 9801
5863 8979
5241 1747
7095 6716
8454 2242
4835 6847
8164 7554
5178 6450
2924 3327
663 5157
1383 2645
2336 8068
6012 1625
8222 4919
2904 9225
4054 7701
6063 3694
6028 6601
1350 2831
419 583
4252 2836
4444 1453
2015 6170
2058 2876
4776 7749
4048 504
2904 2762
5067 393
3680 1739
9430 5314
3096 5791
5157 6821
6366 4591
9266 9065
308 1231
7214 5339
1864 9619
2162 4805
1680 4832
251 5842
4503 1657
7134 8033
996 1307
5968 7775
5198 4181
3282 4462
7928 2181
8519 1306
1356 8970
3236 3739
1341 9354
8857 6454
6660 845
5781 5896
4374 9906
1649 3453
5549 4733
2450 6743
9951 3554
6518 1221
2023 491
7772 7732
6062 5617
7024 1259
1569 1398
8651 1607
7112 8540
8816 1181
244 3715
9901 9697
2469 3083
7861 204
8868 7028
5144 7096
2000 7841
1868 9984
3829 3833
7963 9863
558 1403
9650 5843
4373 6377
8109 5412
3358 673
1110 3019
7008 5396
3263 9926
3512 6462
7495 3261
4257 8108
5325 9984
4998 8156
2777 942
2058 2638
2515 7969
8119 3438
6445 7866
687 7143
549 8
9852 6991
5594 6878
6428 6889
7198 7242
6508 902
7875 4654
664 8411
9393 8963
2240 5667
4117 9167
8949 200
3553 1160
2514 9137
457 9832
8941 3685
7907 9428
8276 3079
3217 9567
9440 9576
286 9305
4176 1750
3876 4320
8909 1931
810 6206
8804 1552
5419 3485
7605 5695
5587 7631
9288 3068
9658 483
7496 2026
2330 4299
6322 1660
1164 8419
5636 7104
4716 5685
3975 6578
7226 8687
4816 6714
7135 8034
1283 8150
4971 5554
5000 9297
9869 5242
4370 5656
1927 8043
4025 9161
6603 1762
4250 7750
7626 80
3745 448
26 7536
5420 2906
5137 3904
3526 3172
6583 8800
8220 8094
7349 3580
9441 9153
7154 6557
9632 3025
3948 9779
7043 7443
5899 3237
7030 5936
9057 3730
3260 9226
893 7807
2890 4351
9800 2738
108 666
2930 645
8309 737
8457 6987
4649 5905
3058 6632
9341 1371
8816 8320
1682 8138
9746 6279
9807 7415
8497 6671
4110 473
4692 917
2730 9395
9243 5522
643 7756
745 6723
1650 1666
4537 2180
6645 7658
3900 3046
64 6859
3057 4688
3244 1964
6341 9739
7566 4861
6617 1064
6024 4283
1683 2308
7103 2967
8985 6291
8568 4432
673 9514
636 7315
4247 6184
7496 585
6304 5799
4542 8100
5163 6438
19 6004
1973 5913
670 8662
3313 7737
1686 9415
1736 161
4230 8607
5275 844
5270 5577
4580 447
4205 4496
3436 1316
4269 9317
1269 3419
5913 1554
4823 3933
4259 61
1447 3615
1979 2009
9890 9340
9420 6843
3903 5134
4759 9078
4218 166
6594 6404
4777 101
2762 1649
2440 8669
3442 7998
5895 4339
5729 8417
5187 3463
9306 8425
3678 1446
7206 9263
1415 2824
5944 9921
9650 8322
5318 680
5073 3086
707 8703
6020 9299
4020 216
9071 6403
8140 2327
1764 2228
3271 3614
9352 7766
6587 8150
8315 1557
1710 999
6213 1749
8654 7800
2539 6315
7845 3438
8121 8901
1643 3501
9703 8105
4837 2705
7437 1386
2531 4408
2072 5675
935 5099
5389 4950
1639 7985
9711 1105
6015 5799
9699 7821
2684 4901
3202 6231
9078 646
4818 4911
3146 5768
7374 1285
3206 910
1041 6469
6255 952
6103 4894
8085 198
8305 5411
3060 227
7126 6907
6969 7406
4789 7916
387 3540
4346 3695
5373 8287
4572 649
2434 9679
3076 5698
6043 1976
9674 127
9083 3536
6564 7971
5287 3083
7854 6811
7088 2101
3841 1587
9215 5606
836 5641
5125 7525
1147 8634
3151 4614
8193 848
8528 9226
3592 6254
6115 4360
6414 8030
8829 598
5863 2631
5793 50
1075 4290
4085 2572
930 2735
6512 1854
7423 4689
9369 5592
3766 1667
261 6616
8802 5403
6552 4571
7382 5833
8166 3895
9748 9273
9565 5065
1638 9257
8568 2393
8885 6764
1090 4711
5826 6319
2514 4400
498 7562
1341 397
665 7032
9147 766
455 6547
8142 1153
6327 9728
3271 5620
6022 7423
7823 2429
2652 4433
485 1629
4190 8429
4545 2521
243 2971
4543 3868
2808 9113
2449 7835
3087 9094
157 5463
7657 4131
4096 1212
3952 3148
1100 9412
877 3428
7526 1410
8960 2647
6697 9961
1159 5418
4533 559
8582 8970
3251 8391
5418 7460
6706 6331
4890 1874
3658 9035
8724 9600
9075 8719
3384 9365
7318 4284
7688 6459
9130 3609
4642 3143
9764 8181
3130 8493
6984 8905
3872 5782
97 7197
8077 557
6204 9824
4892 4056
9006 7720
8156 7070
6328 5892
7617 1433
2832 6047
3269 4875
678 7409
7540 6911
7149 5276
5415 1752
1584 999
5045 6104
1332 4735
1165 4923
6112 8520
5942 8890
4875 2647
6421 7310
9054 7666
6228 8545
1623 9391
407 2176
2105 3565
6381 8897
4973 8716
445 1175
5232 1742
3760 3859
4788 3735
1320 8822
7541 4368
9193 3792
2665 6767
274 9557
9782 8321
8013 8405
3897 7796
1454 1718
2926 2956
2591 8495
4329 6679
1227 2720
1258 5924
9372 4917
563 181
6307 686
617 5159
4711 1416
7906 3431
6790 2083
7585 5397
246 9865
327 7852
3837 5321
4133 4345
9974 2548
2351 1118
2609 6393
9585 4270
658 4183
6208 7433
6017 5226
5568 4262
9867 5159
9358 561
4521 7969
4574 563
3095 5787
9142 6484
2026 2446
6435 7250
4081 2794
6952 1898
603 5700
9312 8037
8798 2708
9318 3340
8262 8343
1981 5180
61 6725
7039 2833
989 7132
6247 2361
2588 6707
9823 9553
4509 3534
4480 9748
2662 327
4464 7306
6095 2918
2628 7385
5818 729
5612 3869
8993 8623
559 6975
9002 4443
8186 2284
8506 4582
4089 5811
803 9699
9810 8564
4249 4406
5827 9869
4099 5907
6941 5656
9353 3817
8711 5385
954 129
8873 6554
6625 9391
7778 9061
4831 1119
8897 9582
874 6383
4541 6764
9834 8638
6440 2204
7786 9498
7689 5976
1508 3815
5880 3953
7207 6099
7548 1826
7205 4226
2854 8598
9896 882
729 3323
2373 462
7300 5325
8086 643
2052 777
9669 8392
7504 4079
7514 4828
4829 8662
8262 6354
4540 5347
4704 7631
4241 2041
2623 3231
8307 2996
7814 194
6042 1458
1826 8124
1458 3321
7349 5124
237 3713
8954 9309
8320 8325
6618 8680
4471 2295
4250 9363
5109 9763
5079 1175
5463 1477
4985 8909
5611 6704
4024 8489
210 4181
4069 7103
8965 2335
8317 5980
6983 4910
6526 5804
7066 2387
5003 4305
890 2619
9908 1367
9126 8144
1630 6534
4197 8638
3818 3123
3675 1128
6034 8238
1049 8088
8131 7648
4745 8260
181 5020
3131 8543
7627 6271
156 9635
4391 2573
324 5493
9151 7306
9114 5346
2525 5988
8015 1523
2537 7404
495 4213
8043 2665
85 3128
8402 4732
7012 4226
3202 4679
292 802
8305 2428
4447 8098
7715 3070
2186 7381
9683 5222
108 8378
1403 4323
9790 4092
3 2347
209 7461
5840 9542
7154 8299
8809 8570
8012 716
9157 3094
5067 5619
1403 360
734 8137
2017 1334
9800 7076
4375 5720
3867 2020
367 1448
593 9249
8322 7360
8733 846
4460 1540
8143 2482
2992 6930
5791 1696
2622 6979
7205 1140
9732 5447
8914 1385
5819 7902
1810 2641
9479 5614
7694 6392
6824 9452
9736 5992
2980 7720
8302 1303
2251 4209
9570 6634
5235 3303
6143 8709
245 714
6449 1527
413 3086
9781 4441
2864 6114
4680 3252
1565 5212
8326 5949
8316 44
52 5389
7945 4022
5106 873
2939 485
8737 6542
7022 9939
7958 508
2030 6667
3184 7519
8288 1875
583 8381
8690 4025
5879 7367
7485 6238
9067 6106
2807 5274
31 2249
9437 9347
7999 5858
8528 92
9601 5619
4887 6907
8771 4575
8188 1158
7085 5644
293 2368
5157 8076
6859 5904
7508 9928
3872 1123
6474 9230
5038 6921
8316 9987
1595 5271
4908 175
5274 5756
994 4508
191 9136
4767 5588
9643 4087
1698 2435
6765 9898
5520 1985
7756 5019
5656 7735
8836 978
7534 7323
8593 303
3813 2917
8153 3351
7473 9632
296 3206
1952 9410
1701 8637
4590 6133
9584 5820
4782 4052
9154 2195
4939 1121
9711 1414
9778 5805
8779 1733
9350 7651
7534 6334
8696 5844
8144 2764
2867 5712
9203 2326
9362 1105
7410 5234
1781 9245
6245 702
2108 8927
2776 1195
210 9038
2540 9101
8914 2013
4622 5189
3384 4556
99 2346
9844 7316
9138 118
2927 1029
6157 8644
1352 1177
9521 9677
2993 5591
7074 5281
696 3929
4163 3789
6535 3413
1149 8029
1673 3927
4583 1847
2136 4468
5063 7930
4853 7408
9273 2931
4714 6658
3308 4867
773 4835
3160 4318
5160 6093
6037 8732
4291 117
5812 2602
3492 1751
6107 3187
5918 4320
6141 2890
5631 2333
5565 3450
489 4422
6007 5160
1049 3654
449 5679
7548 7526
5681 8242
6323 6125
4412 3636
9606 6734
3262 2651
7107 525
3881 5905
8048 9814
6857 1265
1677 991
6288 2417
5052 9627
1033 6278
674 3416
9792 8642
7653 4733
2988 7133
4727 1130
8007 9736
2419 6141
6990 3412
1107 3747
7639 9379
9281 3795
4506 9701
973 2947
1404 9447
7420 5954
5804 1585
3392 9475
552 6137
4900 1747
3914 7873
1341 9293
7813 6630
8338 4370
4727 1697
8769 4220
5693 472
7798 1783
7691 1956
3866 4602
2343 8943
7039 7985
5639 7454
6092 5444
8763 5264
5749 6038
2354 1794
1990 4103
162 9648
3076 774
81 6110
1487 4179
3093 291
4347 3895
9597 2946
3452 4060
7030 28
9729 665
1618 1587
8469 6405
7850 2503
41 340
9555 2555
5989 4053
7613 3853
8879 9485
3380 3485
14 6668
7119 3020
9645 8433
4697 7701
7532 4031
4876 9416
319 5483
1817 3352
7596 9389
3346 3856
9073 7940
1018 7901
2468 8275
9155 6264
6024 4108
1595 1523
3021 7844
2697 5704
2351 4441
989 8358
5866 8834
51 5096
7673 3185
7095 1541
7815 3241
5314 3986
6119 7847
8250 9271
5055 3095
5383 2758
58 390
6287 1195
4627 6167
7433 4354
4751 8322
4081 432
8933 7122
4423 2849
5946 4616
1766 4590
9389 9292
7837 8574
4968 5931
7249 3715
1627 2937
8264 401
1881 4257
8487 4191
3808 7633
1953 4153
4543 7462
8898 7422
4474 6473
9552 2816
7890 8526
3473 6264
7645 2425
2835 2066
1618 9778
7966 9259
1879 1763
8022 4334
8178 1245
4050 6511
7805 4203
3495 2454
5095 9979
2036 8427
660 1458
319 160
4954 6129
2183 906
9798 1417
2471 3073
5062 1857
1296 2775
4013 4396
8320 6912
9085 6187
687 1696
928 4349
5046 1915
2322 2373
2771 1935
8898 8953
3528 5095
9946 9375
5546 884
9568 1718
9342 8643
1636 9070
9509 3345
3325 977
3867 7503
8216 3052
2548 4698
8304 5647
2117 1460
3257 5728
9396 6897
8786 6227
2152 3554
4820 2561
943 2653
742 226
2369 6443
9367 1414
2554 907
1980 5172
2205 4092
1691 6322
2407 2834
3455 6689
9100 7813
2250 7750
345 4564
1435 9495
1899 524
1598 9721
5140 5671
8554 2492
7516 6315
358 741
9906 8045
2309 6232
4414 3046
5083 7782
1776 2624
7612 2887
1561 3267
6663 3413
6712 7417
4183 4351
1383 9126
2593 9126
9122 931
9455 2862
731 7442
211 9952
1465 7124
4387 4969
7072 8277
9143 6192
6936 5186
3987 5823
9721 6877
8549 9821
1680 4667
6223 7895
9407 6117
9314 3210
8184 484
3788 7291
9277 5974
330 6282
5043 278
6279 6537
9219 6025
8141 8258
2240 3256
1896 7227
7130 547
2143 1337
8945 9490
8200 4131
5167 4159
2408 7148
5658 4531
6134 1997
4771 2923
3168 9412
2173 9992
8855 3624
720 3745
4278 3615
7946 5652
5373 3878
8200 7946
4596 6455
2669 8441
6041 4793
9285 6274
4904 9618
3098 7960
3472 1187
6465 5986
6097 7486
294 3396
1254 9189
8349 4754
461 3273
8948 9749
977 2348
4679 2281
2763 1404
952 5436
5320 267
3169 1593
1833 7743
9563 8872
9085 5917
8560 9642
8588 6931
8571 4166
5992 5333
8003 6798
4481 526
9142 568
6801 2830
9765 7232
6316 4775
974 2569
69 9560
6942 1193
513 7204
6005 6838
2710 1700
2731 4491
3490 9387
1336 5109
9848 1666
2269 7027
4970 6576
4820 8160
9900 3832
4161 2433
9685 1688
6958 9235
9759 5362
4721 5832
4694 2037
7112 1794
2908 1119
4634 7901
7314 5286
3035 2482
5009 296
452 1303
2962 6275
4052 7842
7374 2761
9736 5468
5019 5078
747 3810
3367 1635
1578 3948
8529 630
2142 6432
2704 8939
8902 9810
7307 665
3769 6909
807 1821
2379 2994
698 7163
9088 2454
1663 5689
5863 3580
2015 1290
5741 6799
157 6925
7765 5687
1 3861
7537 2753
3880 7930
6652 8407
8241 137
712 5563
9615 9532
665 8262
8814 9225
8775 7763
2199 5958
7806 6761
81 2771
7232 1431
1096 6871
6351 5900
3860 5915
3395 4712
3256 4545
5718 795
4405 4877
3882 4295
511 2616
4623 7121
509 8381
8834 1047
7188 2037
6484 7851
6158 6947
6464 1449
6807 9883
8866 3438
1481 7570
1907 844
1845 9650
4434 3682
959 2327
8821 5762
7575 9977
5215 3242
550 5887
3160 2773
734 9909
8241 4666
4481 2328
286 6636
1100 1616
9732 9863
1801 2230
9286 8118
6354 4934
1493 870
103 9688
6988 6569
4889 699
631 5247
3248 4404
5573 9861
1012 7400
3957 5285
3038 4256
9305 1125
81 7476
2014 4399
6881 428
6153 5188
4872 955
2462 6125
4417 9755
2199 2482
1786 7537
2892 2459
6941 1356
7065 7997
7062 2682
5643 6144
6540 4692
5639 4697
6172 8185
7934 549
1869 9709
8452 8288
9863 3079
9104 2670
2626 7458
2360 5773
7700 4091
2701 6564
3298 8455
1702 2604
8226 8204
6913 1322
5967 8595
5665 9626
1150 5839
8150 7008
3882 226
2929 8261
5937 364
5220 6035
6031 1970
5573 921
3779 5538
513 9121
6010 8553
563 224
9433 4731
2539 3159
5242 5811
115 3469
4389 5359
6049 3990
772 3952
619 105
9514 357
4617 8923
6957 3683
6269 3467
5526 4374
4920 7136
9730 9572
547 1642
3551 3676
1176 3516
1197 8669
8104 4931
7656 6966
7173 1023
9149 3434
8046 632
4928 4446
855 5011
3046 3958
9650 5926
9806 4551
565 5012
5531 9922
5523 3328
200 6391
7127 5256
6584 7640
4061 6944
3823 1820
7921 6254
3108 3115
2516 3633
1959 2938
7573 8432
365 5710
4915 3072
1843 5319
3619 1917
2377 3823
1533 5836
968 9712
7409 4149
9701 5790
1584 5734
1336 1440
5186 7275
2768 5513
1600 4149
9085 1383
1737 713
690 2300
3357 5819
900 9184
1952 7849
9789 2696
7722 2801
4671 8666
4990 2090
8131 216
5302 489
5823 8499
3888 3405
851 7368
6898 1866
7801 7711
7743 9179
8288 4768
4415 5076
7871 6469
2017 455
6889 5809
9880 5528
4227 3216
5104 8678
6529 9490
7298 8864
7240 5565
4662 779
9848 4754
4493 1893
9823 8469
6901 1317
781 196
243 7780
1087 8779
1544 5084
1402 2875
37 8822
5790 736
7034 810
8516 1158
5450 7132
6469 5935
8672 2749
3139 8912
2274 4912
6692 3157
3478 6854
8496 588
8511 7955
6554 1360
7195 5081
652 3286
7110 7202
6551 3075
6195 1989
9926 6882
1945 9431
9710 4146
1304 1524
4304 5154
9916 9202
261 1194
1461 1222
1466 9900
2578 6573
2834 9072
2985 3740
8935 4292
7377 9537
8016 7525
8359 3247
83 947
9348 9368
8998 5012
6422 9467
1136 9044
7710 5846
4705 459
1634 3551
7582 5822
5938 5167
6142 8012
9668 258
6490 6490
1429 2377
1536 5149
652 9300
9862 6578
4205 3834
2550 6486
9002 562
4534 3853
6663 8912
209 2206
5498 7043
1464 6906
5241 4678
3946 5256
5317 8677
4194 3286
7744 7480
3088 9626
3072 9193
7790 5066
7816 9248
3388 7097
1870 1072
5119 4449
5087 3388
4333 7361
3248 851
9308 6659
5303 4096
1571 80
584 115
9075 8455
7134 5336
3087 9798
2478 483
7830 6693
1503 9341
6914 2088
4966 2379
6510 1030
8915 1582
8814 9618
1747 3006
2622 4195
3419 2656
442 3449
3566 938
2907 8921
6244 844
8790 7324
1549 2245
1508 4925
3793 6267
7505 2601
7617 6377
6908 4180
1684 8198
2675 3787
7872 399
8160 6591
9635 4791
5715 8812
3442 4025
3585 991
2896 4901
5615 5471
7143 4221
4684 3760
8682 6224
3701 9625
8846 6161
5473 932
718 1953
2770 591
1768 8389
925 4572
5441 7868
8110 1208
6235 6664
9706 733
4316 1116
6728 243
7051 8506
8472 1110
4014 4346
9265 9442
4008 4313
2124 5434
8627 1432
9273 5251
5025 7762
4621 8740
1656 9971
3842 5916
512 3978
1880 5236
9505 8600
2311 2274
3626 5288
9175 358
7332 9788
9991 3794
1841 1617
1127 7494
5225 728
2992 6534
3346 7347
8578 8715
7866 4237
7637 9424
9215 1902
8161 4182
9904 6863
6235 981
6988 5104
612 1552
6266 3491
8993 3208
1613 8160
738 5847
1790 8669
7151 5136
4805 2918
377 5001
7062 1838
3407 1294
3259 6845
3807 9966
8808 1692
8336 5524
2157 633
2564 1755
9772 7031
1594 9141
8009 685
1047 9385
7016 3898
4450 8950
1018 2282
2160 5692
4039 345
1724 2541
7878 3460
3156 5478
8389 1581
72 235
1516 7093
9266 4583
8875 3557
6596 3195
5129 4956
3930 2574
4162 7652
4900 8777
3522 5088
8879 8001
1422 752
3156 3308
1860 5892
2642 1546
975 3751
4332 9343
5426 1947
1955 3737
3835 2231
8012 3873
9848 7075
5942 2493
613 3267
7880 4250
2151 8195
5011 3737
2112 7442
6485 2308
6639 8930
3729 2876
2218 3803
5801 1574
227 7187
3204 5468
7655 9075
1936 1139
3080 4437
3657 3596
4745 1894
6781 4752
5483 7474
1055 2750
1708 7163
2779 4998
9563 4834
5510 8326
7778 7459
5182 8267
4572 8067
3942 4675
3879 9624
4651 3703
1888 3560
4142 8764
7949 1664
4502 7864
8814 6530
664 6201
2725 3646
4790 8746
7342 3392
7043 7982
330 3857
8886 6839
9938 2964
5107 9757
6783 3907
4582 5252
5503 4426
9083 8170
6700 8656
2529 6954
2936 1767
9322 5504
8664 8679
5724 4364
7275 5330
7736 7897
1067 2257
1278 2204
8149 5529
4172 1580
4395 2458
8370 9059
7488 8416
4899 7371
9224 5680
245 5262
2311 134
8227 9520
5020 5698
258 6544
8478 5001
9609 2360
5844 4276
1017 3769
871 6412
7460 8582
6866 8431
7115 9702
113 8100
1305 571
2481 607
9771 3028
8040 9686
764 2962
2285 401
8265 2283
5922 9694
9919 1911
1071 9746
2044 8448
8755 6941
2017 4171
7347 8124
7450 2467
2337 5327
9918 6032
8340 2236
4480 5921
3493 4009
7775 1133
5873 922
9055 6662
8786 4259
1213 3074
102 2936
4920 6607
1237 6401
9877 2993
2648 969
4725 4522
7834 8981
1963 488
793 3335
8328 675
8988 2752
5014 7189
9787 8271
9253 5366
1339 21
2198 1760
3572 5346
7324 3944
2550 4587
9227 5774
8118 8942
7444 9372
2195 1657
4046 392
4041 3524
9238 6579
6161 512
523 602
7509 9961
2699 8421
8830 3702
4407 7461
6074 7335
8252 9627
4245 1996
7270 6095
4029 5372
8651 4239
7987 8404
2091 7744
4354 6642
693 5067
721 4832
2519 2766
3788 2497
8684 2694
7017 4502
2482 5082
8864 9844
9804 7493
9495 4750
4539 9742
8470 4296
427 2065
787 7393
1054 6998
543 8415
6656 6610
6081 2937
8221 9126
8890 9300
3030 2417
816 2459
4337 3283
5848 161
9430 2544
8478 3543
2197 8372
7002 6546
7541 6769
5162 6698
9380 2510
2919 728
9679 2530
3638 852
7257 9523
483 3073
8893 2854
4588 2644
1357 5147
393 3525
1564 4197
7870 8501
805 8780
4829 7598
3822 2402
1324 5516
4225 9449
6078 6199
3319 4182
2855 8943
6607 840
1818 583
6312 4309
8526 6794
2391 7284
25 8483
8610 7040
3196 3971
5742 9557
128 415
1995 7012
2115 8547
9509 2393
6368 8830
346 8193
7921 2114
7479 1099
8706 4942
6500 6024
8196 7741
9915 1921
9311 7086
2276 1673
7048 9381
8893 991
336 5003
7793 6067
6702 2895
8692 4494
8367 7748
4321 1125
1175 4835
3681 5256
3856 419
3878 6240
211 171
571 4920
5727 1799
2457 4418
710 6236
5006 5984
6474 296
6385 5362
7263 4263
7114 6511
3036 4139
4633 8224
840 5746
8867 7830
5689 9401
6512 2238
3883 6680
8306 4281
9102 9463
3684 2468
7435 6659
1646 2449
9332 3327
2439 5076
9874 9046
8743 1193
4693 8127
7353 7200
9451 444
2147 8704
2265 9983
3197 6920
6670 2404
8224 6797
2014 1325
6254 6896
5200 8276
2418 9780
2685 8959
4316 3768
1173 4480
5398 7548
7612 6493
7574 6939
7310 5705
4008 4374
5593 5374
6086 6761
7063 2203
9971 9131
149 9583
3480 7280
6360 2010
3374 255
4134 5274
8894 4701
2607 8736
6494 9740
1756 7815
1514 5710
8710 5522
4010 4922
6484 9579
3101 7504
4399 3267
9597 1837
2371 357
847 2638
3023 2105
1132 4759
7384 286
2258 2752
2805 6934
275 3080
6970 1552
394 2714
8964 7312
9195 845
47 8213
4918 5197
8596 6152
1840 1723
9843 9036
2547 8488
639 2909
9114 4644
6459 2861
669 6179
6662 5987
1609 859
6258 3045
1401 135
9924 3131
1479 1960
942 9978
2590 1035
6924 6737
8333 2031
3419 4785
5473 1641
8726 5959
9269 1578
5403 2613
8806 8625
2674 3943
8594 2941
8027 7547
4409 3839
5365 1068
4440 5116
2008 9119
7988 6734
6703 7575
2880 5014
6648 4492
1457 8190
9458 3984
5417 9077
7268 4425
7325 9178
3333 8775
9494 1872
8264 1888
4128 7891
2797 2596
9670 8837
421 3265
4868 5052
278 2930
7563 3506
4988 2925
3990 7984
2129 5653
3586 4416
3437 1014
8904 5942
9240 9394
2703 6760
7842 238
5044 1664
9320 9123
4855 1114
6266 2662
9910 9785
6888 9165
5935 3602
211 1476
3268 8282
641 9120
5088 5222
6915 8102
5680 1911
6445 8558
504 7913
443 9439
1764 8878
9292 4378
6017 3654
7322 3206
4122 4765
5559 5370
4090 7070
1257 4724
4652 5912
3706 7577
3307 3666
5618 4696
8254 2306
6965 135
4309 341
1723 1300
3171 9605
9842 4533
3868 603
755 5305
8446 5482
7666 4467
1441 1978
8420 7392
9942 4394
7441 3190
5859 4589
4824 4337
5564 464
6360 77
4724 2718
7284 9192
3382 2354
7997 112
9426 4875
7863 2526
1345 2287
6637 5683
7125 7934
3433 4206
6786 6022
725 4580
4715 7319
9993 6996
9241 5587
211 7565
4117 5467
1182 5749
3041 1154
3808 4148
4187 8563
3414 7080
5303 2652
386 5474
8124 9974
8145 3760
8178 8465
6058 1754
7666 5636
7184 4687
6383 4143
1213 3628
6108 2813
7081 7986
3692 1658
6588 9502
5685 854
1214 9713
8901 5419
745 2653
5667 4927
9242 5273
9891 6655
3169 3673
6204 5910
7104 2203
95 4691
5876 9964
5061 2287
1982 7221
3888 5397
9449 9791
4193 7437
88 8742
7973 5057
6762 5987
4655 8496
1881 7135
6968 689
352 4071
2706 9329
3441 6417
1239 5547
4136 7997
1719 7399
9321 4033
6712 7411
2550 4277
8666 6021
3734 353
768 2938
3772 9257
4730 3952
6556 3154
6601 6946
469 6903
585 4337
4736 1254
2999 1380
8328 6242
8664 3699
7628 7600
3422 9380
7569 304
7981 381
8983 1288
5201 5631
3060 5870
6885 7706
3970 8725
7701 2450
7479 3645
4194 1798
6692 8910
3813 7906
9675 9350
7019 1352
1510 169
9523 7630
2805 9452
7654 8843
9055 6723
9522 4435
7140 303
7000 3927
3771 162
1335 9772
2484 2370
9027 1191
2764 3596
2311 6948
7225 8099
4174 2224
6265 1664
867 6461
185 282
4343 8947
862 99
961 3750
5278 9362
3138 8611
4076 2161
8968 6316
1792 1141
7162 2240
8213 2201
2427 1273
9245 3937
2287 5003
8979 4494
4144 446
9240 7290
3535 303
5174 9184
8784 8575
9532 5012
5589 6905
9517 7936
8919 8320
2055 5740
9903 5181
7950 9683
444 6036
2138 2787
800 8305
5110 1520
8558 2918
165 2334
7160 6976
3769 2435
3208 6788
9723 4163
2541 8383
8913 5873
851 1967
1302 823
8672 7074
1051 3860
8603 6775
2715 8683
7800 9067
1897 6090
35 9675
228 1338
8974 1308
2321 2758
4558 286
854 6033
5395 4305
3235 6177
8183 5460
2906 5959
4977 5702
7625 3660
6954 418
7255 6633
8081 7505
8920 3202
2674 9334
4015 6731
284 7030
4663 7708
8304 2888
7450 8804
225 6305
964 6908
3708 6557
2865 7275
3685 7625
6080 1601
5191 6496
931 5457
8877 6546
3912 2507
4910 8962
6722 153
3896 3693
9797 6082
8406 5609
3009 9733
1723 7695
7838 8132
6443 9635
2486 7893
8314 6771
4138 9154
1396 6176
601 2424
5048 2003
6161 422
7687 4130
6810 4911
5335 571
7100 1027
4213 6342
9290 4502
5055 3863
6672 3953
75 4333
8892 286
7320 6180
856 785
1823 4421
1015 1203
9348 1289
6308 1611
8053 9310
4029 3561
9359 2362
2717 9534
796 3838
4832 9764
6585 3722
1852 5980
9939 2693
6926 4060
8716 485
7529 5583
6490 4384
7103 6925
6897 1092
433 4015
9089 5150
5722 5766
5719 71
1949 9666
2623 8672
5261 4946
101 4538
6335 5912
5621 7836
3109 1391
3488 157
974 1563
4973 673
4461 6875
4028 4268
5563 3576
8761 7699
5059 4163
5620 4912
5246 989
1505 7471
3792 7586
7872 3013
1958 9443
1670 321
9251 348
8933 9038
7856 4375
8190 9488
6122 1465
6698 2761
3765 6111
7728 2633
5597 7267
577 4859
6016 3241
2295 7472
8911 3348
4445 293
746 9717
9200 3723
6639 2049
6006 7921
7043 5489
198 8190
3533 9687
9734 706
638 4056
1042 8573
4826 1275
6034 7774
3748 5368
1853 5825
6834 370
5396 3405
2173 6834
5737 8481
6861 8148
4088 2983
7339 3
2363 6576
6534 3152
6218 2993
1087 2461
4379 5948
7477 5987
6339 3220
8420 8797
7684 3286
5457 206
403 477
9027 5814
6432 2914
3330 819
8610 733
669 132
1217 3564
3986 8408
7236 7635
7170 257
6841 6541
206 8483
7554 3078
461 6820
1689 4128
1450 2991
8171 4986
4956 9581
4886 4166
6669 3042
5241 7628
2924 8300
7851 7075
7146 5990
6357 9558
8353 8905
8456 955
9440 2265
1920 1919
3721 2660
7740 2387
5520 1392
5949 5099
1420 6034
8780 8308
284 8185
9830 725
3432 4052
2589 1473
9959 1950
8027 1864
9870 812
5115 9218
6856 6768
8542 4146
1177 4978
4706 5713
1904 2573
4298 4938
1411 5020
4473 8786
1233 5156
9398 7215
1043 4434
2981 511
2008 6052
8864 9843
4 9664
8051 5003
9186 6563
2619 4370
2937 288
5977 9960
6801 6360
319 9982
6695 9756
2233 7375
1700 386
4420 6009
6174 3833
2644 1022
4211 1408
6612 8131
819 1080
9986 9102
7808 775
7003 9568
9732 9774
9868 386
6495 7945
3105 3790
9186 1458
4103 5706
9105 5431
4265 3268
8158 1958
7157 3202
3441 630
754 2082
1918 8613
5630 1877
2136 3869
7494 2822
509 3700
9187 8394
6752 7128
8431 9938
1735 3271
3808 9438
308 1102
7001 2358
634 6593
8426 8963
6999 153
7128 3348
9750 6059
8148 7670
5244 8111
7565 4601
4759 4737
4645 9122
9848 1456
8881 558
3088 9450
7086 4269
2726 5614
1497 8416
1996 3985
7575 4055
5018 8896
416 5697
9779 9653
1044 7886
9705 7032
9202 1394
8564 4146
3038 5146
9405 701
7729 8612
6974 2856
894 6373
8541 5848
6052 3576
5538 4556
1437 3824
1466 1777
7653 2538
1940 5540
6717 5584
2560 2066
3453 25
5303 9623
7632 6911
1826 2469
6305 7675
3440 3458
3981 4056
8990 2736
9860 7175
9189 6484
2261 4674
1306 8553
9488 7788
3665 8905
8167 1631
5577 5328
3794 1001
7294 1775
6391 269
632 9582
7659 8031
3577 6714
4649 670
8860 2251
1813 395
1739 2564
9883 3632
9810 1650
520 6156
4731 5932
8128 1830
4302 8502
1804 2562
1466 7640
4353 6386
9100 6762
5312 9077
9184 9951
2962 6608
2895 3604
3482 6118
3091 7292
1404 2254
1721 3649
2776 3436
9344 1830
740 6356
6736 9475
3193 2595
7103 8990
7067 5833
8980 8618
9242 5460
9454 8439
8912 3680
7367 2394
3635 8228
1862 4380
7926 5916
8036 6326
3836 5356
6186 7173
7064 1297
9046 9600
1951 4307
7013 2184
3293 80
9106 1382
8924 6125
3979 8939
9597 580
3472 694
8877 1045
4614 972
5927 5275
3370 7694
7077 202
2775 9410
2355 1264
2658 7287
7988 924
4151 155
2212 9113
9106 7462
1958 2654
130 5504
9116 3261
9765 1071
722 3869
5615 7622
869 1236
462 4674
9268 4411
4476 7285
6176 7782
6222 3532
7254 7649
6976 1201
8805 1382
6169 1832
1832 1412
9637 3631
4767 9046
7321 3333
3506 4764
7461 9076
3158 7200
1943 3213
3025 7973
1797 1777
6438 6888
6382 3982
6378 8717
8974 499
5533 711
6010 7751
7374 3196
890 6355
2189 3325
8895 7432
7418 6260
1966 8998
5474 7904
6003 8731
8017 5062
3159 8521
8085 1038
8472 9364
8279 1991
3497 7825
4994 4303
1942 2761
8521 842
9645 658
9843 7291
3309 9787
9550 4124
2229 8538
9618 7293
5654 6692
6630 2936
5765 7347
6129 3550
6015 1189
9163 245
6463 1368
4613 4568
5606 4664
6274 6661
2843 6336
3367 5005
5189 8653
4284 5791
7170 9799
4615 7497
1811 1969
652 8628
7277 6263
5129 7696
742 5486
564 9885
6672 1992
1476 9696
9691 4406
4508 6994
8210 3347
7099 3516
1538 9605
9801 7317
7111 7402
2399 3341
4965 5110
7082 8879
2490 7701
1207 5912
219 9041
3321 8874
3429 1099
6339 619
3300 6592
7263 5762
8177 5514
862 1137
5426 3560
2535 9479
7376 7762
9483 8573
9313 7321
3204 2334
6172 4173
1739 3876
4902 9745
6273 7233
1840 2635
4481 8009
8586 4459
2051 9620
7534 5684
8286 5300
2358 1663
2391 579
6376 3683
2261 3481
9232 7681
4855 8761
2853 7208
2592 9391
4693 8571
2506 1711
9332 4808
9001 2049
6056 8790
8978 8692
7720 1253
9581 6092
6375 9198
5655 3733
3591 750
3879 2952
7354 9301
7729 6984
4756 2879
8676 7211
5663 272
3522 6058
3614 3601
5839 3967
4506 9953
2397 4227
6298 218
9836 1944
4913 4947
2995 6137
8975 3507
8122 9562
6707 4616
8767 907
2908 3167
6174 8151
1526 4716
1682 1683
2356 6823
6905 8414
5730 5598
3881 8050
6452 6047
8627 8699
4114 4023
3153 1521
9152 8140
8614 5412
6153 2143
9158 5262
2640 4524
935 9360
4659 6363
9894 8521
4684 9333
8555 6800
41 2482
6735 9421
3195 6021
8739 7432
5442 3413
5888 1205
5930 4432
3195 2410
5319 4137
8870 5053
7333 8009
4144 7740
9648 5920
4882 3364
4306 836
9110 7953
5964 4383
9343 5870
6382 6990
8771 7532
8502 4352
9574 9039
7795 1334
216 4391
1406 7184
3568 553
3730 1057
5179 1429
2987 8930
9830 8669
2732 6914
881 2245
9548 9723
3609 7623
2151 5787
7778 9242
7453 9558
4524 1980
2194 7802
8079 5423
614 6695
1711 755
4009 1454
1205 9773
42 8391
8924 6024
4024 483
2084 9637
5316 7386
7024 4657
5730 9999
8070 8495
153 2904
3702 5377
6654 2457
2120 3879
1422 1516
279 3111
3962 6556
350 4953
3194 5091
1224 3584
977 3184
1805 1081
8855 6298
1535 5120
3980 4295
8889 4315
8303 8642
808 2532
970 515
1089 9633
1112 1498
5747 7853
3711 8342
8149 3393
6803 9632
8466 3154
4084 5519
6778 9180
2648 2996
2253 5682
2857 2939
881 5457
195 2482
5235 4672
9867 3677
2403 3267
8975 3807
9198 488
1146 3140
4168 5193
7420 4679
9694 7337
2946 7920
7003 3566
2263 4685
3413 4060
4400 1048
1943 8705
7542 533
6878 2000
4539 6321
2235 6229
4249 4244
8674 4620
2948 2386
912 6647
3870 3239
6049 4634
3473 1156
2040 6342
9879 4141
7430 8474
1567 499
8460 1097
7923 5399
5767 4248
5890 3122
543 3822
2986 9215
1878 1309
4400 7933
9126 2160
6096 4934
9854 3913
6276 4420
3518 6809
4164 6721
7867 2490
439 8504
5154 6774
4992 4214
416 5933
78 795
645 9218
2406 1583
2633 1752
2316 9049
8045 1514
7323 6492
38 5260
1139 9352
4672 4917
9170 3677
2367 4369
213 5256
8105 3845
9127 8734
2317 4359
7662 6205
6650 3246
4098 1517
2423 5107
7633 9980
9858 7872
7364 7186
9047 7495
6631 1246
7448 9009
2200 900
8456 595
7955 8849
2166 9753
3784 9913
7957 929
2019 1643
3994 5896
1546 9735
4460 3587
6050 2235
2633 9476
7208 8553
3352 4662
2795 5079
400 4512
9795 5553
8336 8149
7881 8547
3055 9435
2837 129
7752 3867
1216 8922
8677 2534
1012 9673
5428 188
4201 7985
8988 7648
6996 5679
3930 313
4969 6654
3554 1551
9634 5187
5015 8582
8375 3287
9362 6187
1270 2015
4428 7071
7714 2690
3506 5055
9611 1768
6102 7664
9904 6535
2982 4461
1540 2960
2840 4589
970 1111
4102 9050
3210 9362
3464 2054
9247 5087
896 387
7519 4182
2142 5217
7968 4594
1928 3224
8671 12
1961 6319
3469 1188
8920 8935
4399 3741
9234 4986
811 4397
879 3863
6944 3789
2584 2782
2742 4852
4083 5812
9398 6095
5920 4413
5142 5890
160 2
8076 7673
8269 1911
4834 8307
6793 1300
3260 4977
5337 8624
8280 648
460 5310
2909 580
9083 7974
372 7871
4019 5177
8406 9400
553 3682
5315 8011
9430 7203
3951 2029
5063 1080
1307 2143
9635 8733
4789 9619
7328 5078
899 6584
6525 2366
8373 6844
8318 7933
4056 4234
487 2120
501 1436
4142 8305
4942 2241
6579 6299
3623 6587
35 4036
4347 9932
5604 3436
9431 626
5340 9409
76 833
8048 8730
7712 3864
5798 371
7400 7438
5519 59
8937 6849
1401 8232
3922 3152
7506 1662
7597 6532
5921 3697
4602 8405
1337 85
4126 222
6489 4654
6545 542
3070 997
3047 4044
3751 6970
3451 4652
3087 5592
6350 5173
5860 2317
9055 2755
5474 8388
7232 4249
7121 4006
9220 4440
3323 2681
1305 44
9308 5967
7939 7510
1043 1138
5500 5848
6118 4411
7993 6038
9715 4780
4217 1508
9627 1986
3485 4193
4488 1987
1305 7018
6916 3903
3654 1984
2750 1014
3189 9931
8080 7137
2046 4509
465 4644
7040 5126
5113 5827
6665 3619
1069 1656
124 9474
5070 6786
204 1506
951 2762
1676 1260
7835 8686
149 5857
4297 7857
9801 3451
1331 187
1636 305
7853 2970
2667 8091
380 7180
6878 2494
2844 2367
7107 7766
3878 3827
2845 5315
1338 3600
4065 720
1689 9748
4917 1316
2692 5870
2913 8791
3253 2789
7049 1774
5275 9589
8879 4755
920 6240
6831 9037
1048 5172
1671 3879
5647 7184
3008 3665
8643 7284
3915 425
3348 209
4620 3926
8305 482
3309 1795
5950 8139
8047 7886
7791 3688
451 2843
4555 7864
3959 3264
5867 9725
8028 5853
6796 3209
2015 5542
6279 4461
867 4284
1048 6116
5959 7914
1132 5204
8908 1262
940 4516
3570 6937
7662 3034
1297 9134
7289 1428
9445 5449
1892 5483
868 5840
1803 2771
417 5536
164 2605
9739 5906
1036 6656
5777 2948
2637 1108
1310 3140
1730 4353
4605 2216
2585 412
5247 3379
7539 5317
9799 5262
9603 2428
9350 1146
4505 798
8814 4379
5460 7419
2848 3112
6722 6082
2175 942
6379 9425
2975 6307
6969 8554
4182 4581
5002 4556
3550 1502
3628 7571
1477 7302
4244 1724
621 9152
708 8734
1944 3036
9298 8544
7073 7013
6870 2599
4578 1949
2947 282
6260 761
2400 3434
5176 7058
7042 760
6902 4889
7310 4533
9045 5610
976 1411
6898 2339
4368 9954
9243 8552
7215 4998
4175 8425
6457 378
1102 3761
6448 6874
8800 5821
3565 2631
144 8972
8803 8411
8327 9244
8004 4161
6794 1786
2785 118
4288 2137
1706 1062
5132 3673
9562 285
3576 551
1476 7491
9748 3960
9440 7416
4218 6196
9872 4231
908 3924
8746 3691
5213 502
8435 1148
9168 8111
1547 2935
3962 8943
1930 6249
5037 6116
155 8387
9042 5654
7092 5488
6368 25
6956 3428
8417 6632
7135 2561
6951 8855
6603 6358
845 6767
7830 9326
4957 6284
1852 7394
7880 9422
8129 8074
2619 5348
9544 6450
665 4463
6409 5700
6369 9410
2994 5940
6209 9368
1268 2086
2299 8670
594 6762
6330 127
750 5186
6296 4953
9663 4162
8017 5718
2343 1911
6879 3672
4594 6865
1171 3949
5626 1149
6453 5794
2992 926
8519 2943
2361 5749
1816 6235
9934 6558
7001 843
7507 5949
777 5323
921 1517
931 5600
2870 6696
2058 208
3986 9372
2867 4641
7352 5802
4438 8216
9884 3262
7686 7861
2814 5127
6338 2559
9642 1810
9331 2482
6222 4132
965 2202
9359 601
6832 2413
8954 9057
713 8161
9504 303
988 8669
5909 4871
9476 5959
4692 6249
8286 8906
2819 9575
2005 7458
9750 8811
9643 947
4805 7909
924 2566
6891 7130
512 7675
2115 7836
2294 4260
4490 2108
3181 3232
2161 686
8372 4765
8033 2976
150 5768
2612 196
7937 6042
5538 554
4833 9812
4644 9845
9275 6595
6602 9516
9765 5386
1044 5668
1949 283
5207 1909
9506 8496
5144 9875
7641 956
423 7471
4000 1506
9862 8555
5057 3257
9400 4897
9469 9409
9270 4994
8794 8176
5446 1267
1367 8068
7282 6665
8443 546
8553 1606
3964 2675
6534 7447
3295 2574
9573 2854
8201 677
8420 6177
3674 6452
513 6856
4531 2247
5986 6788
7105 4508
225 3172
335 862
5832 3393
3786 1126
8405 7035
8485 7580
7519 1473
626 4211
959 9974
8758 2274
6298 2748
8611 4858
9607 7917
2825 8666
1109 6962
8419 7048
8287 2499
9956 474
9535 588
5036 770
1514 8450
9829 4914
4081 2565
2436 4718
6244 5402
1805 4898
6941 648
