5076
94971972
4612 916
8889 9036
3711 5888
5998 8566
6108 894
8911 8514
2781 5076
9991 8358
8487 846
4970 6916
539 6573
9512 8989
2211 4739
2603 3604
2128 8852
2774 2604
6894 9337
9936 9029
7318 612
6593 4679
974 7232
8629 3605
1945 6967
5920 9443
1934 7994
2550 8340
7138 4839
5085 636
6437 8278
590 3777
4316 1059
9569 5271
47 8521
3842 1513
1718 8970
7379 7297
6405 6141
8778 9227
3691 3599
4280 7156
6008 2468
9895 2520
6438 184
2731 2388
7161 3609
302 6020
8884 6110
2143 3875
5698 7282
3925 272
6197 9231
9509 186
9854 7997
2151 5096
885 3809
5598 5620
29 2052
4851 513
513 9036
1637 9156
7657 6368
5008 3829
7758 4136
7032 8538
1272 4392
834 9119
188 5035
987 5802
8449 6137
8174 7957
8094 3501
9194 2197
2104 2086
4432 3908
839 563
5827 9836
6742 4593
5391 7184
628 9828
1223 5790
6083 7227
9189 7374
4728 6840
6276 2896
563 8561
9252 6252
3539 1587
6859 9599
6208 2687
6333 370
3862 9478
1454 2824
2847 6595
495 1083
4688 9992
8165 4991
9764 2660
8657 6238
1209 1410
7948 5348
7192 8331
5114 8859
7255 7316
9992 5085
1991 2395
3497 1245
9171 3157
8703 4542
9915 7511
8973 8965
8540 7829
7475 7957
567 1496
7743 1870
290 9980
1548 1126
2317 6507
1189 6740
1240 1858
5038 3160
2013 2621
9747 8313
3023 9944
9951 2256
3930 9133
1175 2442
8386 866
8452 4411
8255 3108
4387 9636
181 7855
2654 393
9612 6252
6527 8256
4716 5985
7100 9649
7026 6674
2027 9113
9141 2405
4573 5091
2985 5204
2694 4715
1588 237
5848 7973
5042 1680
2701 6949
2502 5118
2724 6671
6233 6224
2648 3775
3415 1117
2926 2762
9649 2929
6130 3688
6948 4504
9365 7261
1057 4807
4243 5961
3347 9985
4699 8418
6076 3951
8717 3809
8901 5746
742 1169
6120 1515
295 102
5772 2943
9444 857
7516 8140
4755 6264
5053 2656
1999 2302
9768 6705
7570 2371
4029 2515
3341 3650
3459 8097
7450 4511
6025 7451
5533 2385
3901 4683
6245 6484
4853 6956
1278 3379
7622 1973
4855 1098
1642 3902
3198 3580
9116 1562
4600 4452
7108 381
722 246
4599 6626
2834 6082
2623 6822
8159 1947
437 6968
465 8939
9299 3768
7647 2465
3530 7118
887 6752
6105 1652
7636 654
7037 3315
7132 6723
8801 6969
9323 5260
3233 2969
536 7020
1131 4183
5519 1522
7899 6066
7914 3032
9495 8262
5470 376
7057 8439
9325 6401
5010 4433
8757 3293
2575 6001
4816 5568
4311 7830
6311 5070
6911 562
8376 2269
7022 7294
1809 47
3266 7285
1369 9507
5577 3719
8866 3641
2742 9227
2984 1727
5292 1675
2411 5584
9666 8067
1701 9531
3932 8847
9287 9814
4700 1280
7434 3165
9399 8054
5614 7369
3780 7842
66 1654
5611 5935
9852 2624
4395 7441
2694 3946
108 3785
2842 4950
1855 6642
1009 5522
634 6004
1844 4006
1237 740
5122 9016
9855 88
7291 9519
4827 5930
4900 3598
8599 1428
4647 9253
9391 4429
8299 1495
7037 6735
3129 9768
6431 3028
1996 1387
6296 6702
6022 2606
5220 7510
6292 5716
8237 9242
9640 9509
4286 3711
9304 9776
1990 4233
525 9778
1951 9233
9071 7703
2193 7042
5943 1476
476 2625
3505 4500
439 5290
8839 7788
6072 8907
3279 6383
6552 7680
6721 129
5956 7616
6840 8560
7330 8021
2281 7207
4280 374
806 4722
7739 6184
2235 8276
9784 9025
1401 6299
8495 5303
2899 197
8029 9443
1519 2346
7587 7498
127 3427
7759 442
9552 273
435 2470
9862 1298
857 6395
9353 2172
7271 7771
3713 9863
3520 4712
1229 3342
7814 7957
3917 7597
9333 4661
9082 6800
3852 7086
5959 5338
8634 4015
4471 3259
842 1327
2498 9450
95 6168
5366 9242
1795 9454
7885 7536
4451 4428
2179 8924
946 8795
9489 7522
5919 5944
3440 2823
6146 7838
887 6373
559 3743
8790 8104
6220 7095
1065 3309
613 4742
5158 6472
286 4221
643 6931
5214 3032
104 7106
7770 2944
2438 4602
6896 1877
2458 4661
4586 2701
2949 2656
221 6810
5155 9004
9559 8161
1600 9254
6588 3111
9824 6036
4416 5251
8638 3832
1867 7821
8872 7197
1906 1002
3803 4556
6510 3245
7310 3617
8860 6566
7893 2856
1593 3295
3016 2296
8777 2032
8898 3222
9318 2369
4847 6709
3156 7485
6427 6826
3314 1615
5707 2190
9779 8780
3142 5385
9877 4694
172 6141
7741 7941
2492 4877
7869 7372
1062 4835
8404 2396
8811 1333
2499 7097
5775 185
3426 8553
5724 7134
89 2859
8943 2386
2894 9561
1583 2240
1445 825
9748 5063
9017 207
1487 2580
4269 3102
545 6387
2287 6710
6590 6709
4966 4171
2839 9758
5855 1100
3652 7565
5745 4504
2316 4096
8693 5453
8084 6537
5704 8441
670 7852
8354 4115
3204 2093
9521 2569
1748 326
1026 1532
980 5107
4587 2873
1137 8929
2725 9902
4738 5939
1973 4130
3018 439
6076 2660
5101 2067
8526 1468
3144 347
8758 5147
6235 6988
6407 5641
7038 7065
1323 8848
3635 869
35 1095
8825 51
6057 3185
1617 9341
9438 8077
4780 5953
6282 978
5075 5768
3478 71
5618 5470
1705 9452
9601 3789
6484 4983
7578 6898
3209 6837
391 3908
7251 4258
5000 2921
6681 110
3299 2348
6896 3094
370 5874
7641 357
3703 9441
7935 6206
4537 4623
2614 1579
2219 1214
608 4285
6330 2969
9269 7921
6863 1520
6451 5655
3254 8517
5097 4545
7475 7657
8896 7060
3025 4240
3860 2087
23 8013
9432 3150
4808 5240
1591 1474
6444 4106
3483 9716
2361 1245
4998 1645
8695 3665
8243 275
3486 3435
8377 9020
2754 8332
9790 9672
9959 3611
4664 958
7362 8170
2094 325
7272 5442
9550 8524
8966 3124
2928 6931
7650 4256
5809 7547
7631 6738
9299 6612
6940 895
6025 7017
4309 7119
7880 4954
2223 214
9018 300
7803 3447
2558 8872
3381 7740
8172 9396
1257 1570
8333 5170
5395 4899
7146 885
4507 1354
5534 2897
4133 5621
6309 3822
1266 2816
2583 9871
3269 5242
4635 6002
7975 4074
9446 9613
727 7877
776 4179
1620 5028
4081 8397
5427 9585
3150 3286
9901 9006
9643 7274
2665 3665
5464 2370
1948 9029
765 6040
8333 4992
882 4686
2496 8115
8045 2524
8719 8611
6677 5846
2389 892
2922 1505
3864 573
677 5541
9533 6161
1459 4912
2701 9342
380 6219
2348 4100
2582 6091
8093 1877
5178 5314
9328 1071
3995 9301
2646 4298
9234 3326
5060 1891
62 7837
4587 3002
8930 4228
1879 7337
6059 4233
4378 6937
8038 5637
1477 4142
6679 2649
8122 6327
3712 320
6462 8923
2281 5831
8118 2426
3586 4974
1867 4808
1604 945
6362 1018
4239 2187
240 8406
4893 5007
6519 5338
1082 8220
1575 8752
671 4868
4530 3430
3720 9460
4474 7571
8955 3954
9493 978
8162 7621
4586 900
6206 3230
6360 4539
1801 4582
5984 1769
6446 5779
4282 6022
3740 1005
1145 3973
3916 3377
7175 8273
5368 7986
5041 6614
3066 7469
2254 5655
2944 6063
7895 60
5003 369
4792 6133
3355 8222
613 6051
4333 673
4583 9701
6712 1710
3928 2849
8967 2835
8407 9216
1421 3779
408 3810
2317 9801
4346 2353
5860 2344
4607 9439
6783 5305
2060 4671
3572 7095
3985 9111
9562 7774
2403 2367
8066 7559
7339 8148
5464 2699
182 7155
8543 4561
167 1121
564 8232
2917 2881
5659 3884
6600 5006
7361 8847
6328 7510
7826 1285
2399 5342
3283 6912
1913 8377
4660 5837
7336 1331
5537 4764
116 8315
7022 286
9340 2057
5161 1216
9065 1634
3472 7536
3734 8226
9738 1852
5722 5473
4066 9481
7620 5326
8629 4640
9117 2240
8824 1102
5517 8595
9278 3485
4514 9592
9631 2612
8989 8210
4600 7845
733 6452
9755 5249
3895 3327
1536 4836
8052 9539
2780 5113
7448 7353
7590 91
849 5024
2480 1604
4936 3078
406 9770
9222 6656
3156 784
8029 7982
9590 7953
3060 8350
3187 2029
8930 5062
2567 7174
9312 6113
4790 9648
9577 3675
5038 4039
5998 1477
2996 4990
8612 7954
9755 653
6837 8227
9259 7223
7966 2867
4501 7346
9120 4931
4473 3961
1988 7512
1834 2605
9237 3611
8 3141
408 6798
8191 2965
5905 8286
3925 1309
7219 748
9182 8585
5148 9300
2064 1604
5553 334
9274 8801
9721 8470
811 7736
9166 8800
7633 9461
2478 4071
6293 7529
1631 5422
1998 4916
508 3830
3178 3110
8988 9225
5041 1972
4783 6306
2752 9859
6781 2174
5976 2907
6501 7057
5948 2828
5114 7154
2926 9657
1844 2345
3185 2866
6856 5979
5707 9279
3807 5689
8700 2714
1417 824
628 7994
5297 2451
8584 3555
1312 326
1208 5881
9674 8399
4820 9555
9178 1186
1422 6014
8607 512
7540 2958
6886 9799
8036 8566
7943 7430
2613 2588
6264 213
3688 3381
8636 1549
8253 3765
8751 1125
2488 3993
6990 5720
2309 9486
1640 4270
6676 2388
9239 8358
1086 3425
707 9615
2207 6653
5126 5793
965 1335
1324 5744
8421 6975
6566 4781
3869 648
946 4444
2204 3125
7064 4982
3999 8101
5749 7682
4705 9762
9561 4537
4282 5481
5189 5862
3629 2386
2435 8056
4830 3607
505 7068
6558 251
8307 1692
2633 805
4212 9267
2364 9114
5075 8218
8751 2751
7425 2276
8047 8620
9873 325
7900 6108
1111 4828
1211 6362
876 2812
9022 4987
7538 8198
2976 8804
7027 1733
7825 1426
9877 9690
5602 1409
8398 1413
343 7537
2665 4240
4348 3860
5461 7930
7535 8040
6309 1747
532 2170
8583 3741
5693 2967
8326 3493
194 4844
2820 5082
6593 5768
3187 1406
5614 2791
1175 493
3155 6999
6610 3118
4566 8607
1817 5983
5032 631
999 1653
5363 6991
991 6361
178 4490
6159 2661
9046 3246
4888 4915
9655 5743
7195 477
3176 7703
7740 3823
308 258
3701 4247
3506 1257
9263 2199
2361 8837
5940 6949
3501 3131
6425 6015
1144 8265
327 1044
1435 1227
8264 5596
5484 3021
488 9308
7268 2839
9322 4098
7567 4436
9428 8446
9593 4145
6107 6177
173 9934
7303 463
7550 5945
6412 1100
7522 7557
2445 3888
4321 1086
1044 1142
8424 5338
7955 9609
2649 2373
8609 7235
9765 7749
4147 9260
4825 1569
7520 5153
631 3195
4313 4899
1659 8148
6731 3232
7956 7881
924 1519
1109 27
1596 4969
6189 7381
7622 609
7160 3357
4828 8824
1673 6296
259 366
3648 6315
6135 2367
6008 1103
2873 9533
6744 9727
4334 6613
7855 4274
1678 109
3733 8019
3704 6031
8572 6290
2013 8736
7198 5454
599 4936
1340 196
2899 6004
6593 263
3682 2617
632 1584
5900 2088
8456 6744
5901 4973
7071 1017
1743 13
1326 430
32 8418
7773 1936
365 7035
4066 4806
4692 8872
2062 3380
7846 7356
7844 6661
9709 1512
1944 3724
5161 6554
4332 9437
9659 9885
1746 8603
2726 6618
8561 4621
3642 5457
2751 4923
6917 4504
1751 7253
835 3860
9334 51
9120 871
219 9656
3083 5771
6808 724
1839 1030
7104 543
5360 4601
6259 6946
2157 4658
9350 2659
3240 3710
7180 3291
8963 6627
7547 343
9091 2406
8680 352
7891 3574
8335 3242
4988 1858
4247 9547
4326 1224
6904 7671
7039 6642
6404 7452
2520 9744
1395 1744
8376 4307
677 7988
2430 5878
1625 8151
5174 2584
1718 7640
8888 7163
4032 3876
3238 5144
1745 2269
2640 2250
618 484
4655 6680
1853 9015
5347 3309
6298 1826
4926 7523
3430 9888
5446 1003
6786 8777
8366 2621
4683 7444
3484 4461
5004 4548
5462 4879
9689 7102
4509 4323
8415 5709
2802 6209
5296 8151
3509 8480
400 3704
1724 8431
7963 5988
4441 7732
4775 2759
3115 4719
4865 4546
3925 5618
7417 4019
8886 7539
5898 3666
6098 4916
7427 4398
4917 1793
774 100
8519 3752
87 3684
5456 6692
9920 8260
3735 6099
4317 3478
4191 7352
7351 8987
2283 9712
6379 695
5486 2403
6095 560
9163 2657
831 4659
3973 9945
6634 3121
8431 6581
3216 3022
2449 4049
6738 4132
4777 4343
64 7641
8198 1802
8037 947
4437 6582
1680 5246
2893 5480
5219 5000
2064 481
9508 3437
3720 4001
7556 4901
6149 7870
4058 2849
9404 575
6621 6861
7183 8907
6352 9175
2395 4319
6327 1410
9774 635
3326 5078
822 4220
4848 6288
1491 7135
8723 729
6653 6987
6631 1150
725 936
7297 2013
673 5387
5337 5012
9962 7027
2731 6673
9809 2976
146 1810
3522 7209
2270 4791
2045 4266
5281 1115
9300 2757
7305 5934
2821 8376
1331 4946
7956 9271
138 8414
2979 4862
6946 3799
4852 1899
7325 9028
3589 3256
3278 964
9596 8224
381 8649
288 3727
663 5343
1891 3951
9658 4864
4553 7098
2425 4418
978 9283
7519 9181
818 3012
4915 8850
7495 4638
5907 1433
8180 6783
5623 1893
1754 5535
9968 971
1675 5667
2400 24
3594 7636
7726 7218
9883 6860
8327 1366
8225 1781
9824 6321
4083 8391
9095 2473
2839 7542
3560 1799
6558 2508
8302 2359
1177 1111
9500 4448
2743 744
4792 825
1710 9594
8341 7113
3711 6219
6237 3868
8344 867
4324 3980
2885 8358
1551 7395
2099 9721
708 4687
4858 1556
6843 6310
8602 9322
6705 2504
5911 3265
8117 1220
1302 287
1909 1218
8686 2738
1316 8559
8837 1301
2681 4825
8257 1781
2066 9159
4994 6020
4914 5344
2195 2135
4845 8404
3872 2477
8770 9119
3756 3939
4108 9609
8565 4815
8918 5900
2926 8376
9283 979
2174 58
8997 3299
1740 7207
8120 4893
1796 9847
65 7643
1775 9760
184 3136
4628 1611
3195 6992
2515 5803
9111 5213
9144 1634
8797 7744
5928 5211
770 2045
9057 2612
420 180
1929 9850
3989 1239
6317 7718
8158 3602
7988 2544
2436 6719
7998 2570
321 2308
72 5704
7703 5501
4554 6839
6990 4581
9489 3487
6089 3994
5174 1697
8726 1222
8787 8339
1825 7380
2173 6616
1748 4524
3187 8479
2168 6832
5031 3634
3861 4343
8461 8988
9161 6979
6789 2834
7650 4681
7290 8568
6458 7265
5540 7480
6807 253
8317 1661
4872 2505
4820 8419
6685 4736
9824 5232
4092 3594
3997 7495
858 8870
6445 5299
5095 2147
6810 9813
1096 4442
5025 8727
6779 8476
812 3276
9351 4619
2525 868
3139 4696
4726 117
8363 8694
2519 4065
4776 9695
5452 4012
6528 4373
9963 8509
7548 2732
7738 273
2682 7540
9626 1461
8695 1977
8696 2328
5778 8257
9730 8838
1990 4778
4442 7040
6950 315
3126 7279
5518 2121
576 7361
6259 5030
769 9703
3286 6540
4024 6506
4292 2861
3134 7372
5701 1661
7418 2678
5161 2264
1863 601
7741 2126
8481 190
2929 4663
4330 970
4573 6136
8840 4829
573 293
5178 4883
5813 8190
5395 5273
3079 6111
3679 3246
2676 8304
2463 2255
3456 4647
5483 4680
9018 1007
1365 8872
6033 3631
6626 2789
2082 4934
3172 9276
1240 6039
376 1433
6243 493
7794 9079
6407 2971
7815 7070
6276 8663
2289 3193
4612 9072
6884 9953
7361 7991
4842 3363
3331 141
5646 7396
9479 1594
4400 5024
5905 7159
1365 1590
8025 7390
9386 1269
2607 3272
3339 4171
7052 4751
4402 4788
2280 4461
7827 4212
2186 1016
3716 7541
3902 1770
3180 5061
8566 9819
1421 1043
2862 1152
2015 2264
6061 9580
5150 2073
8250 5814
7818 5194
747 3682
6824 9996
2347 6096
1828 5604
53 2937
1621 541
188 4846
4946 2052
88 6043
6868 8918
9357 982
2774 3673
1707 683
1220 4645
8417 6845
6817 163
8507 5977
9493 2153
4859 964
6502 7541
2730 1533
604 8269
5870 2298
4285 2254
8841 7912
9805 9609
109 5722
9090 8292
4384 9750
1391 2290
6957 9703
2018 2570
8117 3128
285 3195
7269 6750
5206 3261
530 2505
4281 8794
8278 2052
5474 1780
5417 6164
1477 7989
8819 1180
122 1375
6085 9294
6536 9320
3465 4827
7759 4866
2267 4969
1125 4556
3568 5584
2717 8757
5117 9266
8856 289
5970 3745
1372 3356
5608 4869
9285 4139
3511 1261
6633 1300
2051 4402
8696 6396
8307 7675
3287 5785
4506 124
4770 4851
1853 9535
3826 7361
3846 9551
8360 5323
9469 6166
33 5154
7278 5457
7898 1015
9420 2989
9802 47
6678 6841
1337 7296
8987 1458
6044 494
4727 3454
935 8455
8348 288
718 4529
1531 4714
7082 5349
527 5265
4479 5289
4604 4891
1265 8835
2931 2234
6690 388
3890 6675
5912 3486
2654 9057
4535 2497
6018 6788
4645 3104
391 6560
3976 8783
9714 1419
289 7110
1323 3287
93 998
3389 1087
446 1423
2437 6401
6017 5587
5638 8019
9261 9488
5664 2554
1147 2216
7427 3787
8733 1774
8700 9926
4320 3678
3423 4954
5985 1204
7760 8145
8081 6749
3700 9843
4845 8453
3648 3766
2586 6271
9942 7554
5177 8298
1259 6810
7256 3023
1879 8360
3712 462
6876 8933
2383 6240
2983 615
5606 225
3625 128
4334 7122
6016 719
7437 9070
131 6435
699 1014
2298 676
8556 2766
9423 6892
6015 3189
5394 3929
8444 8699
5158 2512
3781 2335
2851 1285
7498 8363
3013 3374
1101 3592
4792 7584
9744 3458
8430 7429
9104 5049
8464 6957
232 7489
1541 5214
9089 9579
9830 1833
2984 5395
7333 4172
5107 4853
3977 8699
763 9453
7849 1279
8222 1296
8430 671
4253 1650
8697 1950
3581 8957
4362 4083
4828 4919
2292 3673
8758 8621
2044 4444
4905 6113
9988 1298
4035 1627
8315 6466
5278 3177
6409 6929
6677 1681
3469 6755
1237 6313
6164 1028
9126 1095
2702 3200
7337 2233
3509 4912
7962 1182
455 5888
7232 4536
1177 848
5500 7206
4716 8869
1885 9249
3566 9137
9883 2183
4851 9687
5077 8425
352 1174
9792 5846
1151 7768
1378 7112
3552 4951
3046 6372
1014 7425
2230 1369
7421 3280
1876 1842
2763 8225
1479 227
2696 1117
7234 5732
3119 2593
6929 7829
2971 9948
2995 3976
4700 253
4447 7645
3483 5694
4976 5918
8991 3767
1133 44
3059 1730
4757 5799
8045 1833
2808 3426
6960 5739
4219 1511
4237 3561
3459 8612
2673 3768
3188 9522
2137 2625
6694 629
1576 8777
5934 8364
5658 7441
7779 1566
990 3982
1049 4738
3830 4355
7279 9592
2558 8731
3679 3826
9166 100
8276 4389
1189 6455
4986 7103
7389 4817
9353 7234
5477 9433
3330 587
2275 8242
5904 4243
4071 1
4946 1553
3424 4372
8284 1389
2555 7506
7473 7412
9847 8469
9033 6501
1699 664
3675 8433
2181 9024
7361 455
9715 1485
3210 7710
788 3225
5304 177
4235 4677
7603 7991
7613 8343
9716 838
183 6757
9248 9900
5261 4202
383 9226
8205 8835
4722 1989
1375 5957
4996 465
4869 605
7835 3284
9479 3455
3212 7161
4442 9060
3029 2276
6493 245
5149 7923
4003 8634
183 1583
3632 3524
3617 6127
9098 1130
9102 8110
5522 9478
1386 9976
4591 3510
4402 4891
7038 7835
3526 5376
2068 8813
7718 7304
3110 3584
7479 404
8298 7999
7606 7920
8848 4811
6309 8389
6681 2751
257 5508
9478 1938
8963 765
2557 5167
8488 6045
880 8988
1338 1184
1261 7730
3461 4146
3875 2458
3304 360
7524 6478
7333 2339
4299 8744
3569 1273
6240 7135
6286 9275
7719 7997
8358 8810
5658 6104
5994 5141
8682 29
9478 5763
3085 5860
615 7899
5378 9201
285 957
1715 2315
3305 9011
8628 7332
4172 2353
3832 8318
3682 6414
6296 5382
7142 8127
321 6398
7965 6324
7328 143
1680 8988
8600 2988
1893 9803
1768 8376
6304 3069
9507 5951
5570 9597
5246 3211
8041 6635
1994 1272
7164 7365
7524 321
3748 7152
5239 1579
5456 4852
859 4012
2331 6797
4023 5468
4356 7064
9046 4422
4336 324
1428 8979
2908 5388
3896 9801
9618 6277
7767 3495
9286 5424
7441 5571
2163 4780
9592 1134
2289 3415
2698 3853
8966 6373
6898 8994
1817 5235
2538 6117
8333 6952
7567 9426
1473 3423
1620 3016
1211 2987
1986 7598
5677 9659
203 9419
6004 3298
3957 8204
3007 4847
4777 7529
9445 7847
3408 2673
5725 3577
5193 6881
5539 9097
3797 9025
9952 7179
8432 2404
1649 2223
449 9157
4174 5559
3534 9367
5836 9354
252 9252
1214 9202
4586 1447
8432 8459
642 348
9643 2364
1018 9976
363 4699
6709 591
658 8182
4970 27
9868 1855
8327 5777
7754 6546
7497 1591
2059 2275
9103 7270
5915 4292
8434 4809
5536 7271
6753 8818
6169 7798
9683 1582
8564 242
2445 720
113 3087
5488 4110
6039 4205
9455 2555
8343 8607
7199 9530
5228 6025
742 6208
7368 10000
8226 4036
3344 8211
9876 8026
7807 8274
5558 288
8803 579
500 5807
4356 8319
9207 8888
2218 1302
9243 7368
7645 4241
1073 6741
1509 3691
3736 8909
1778 3483
9827 9613
3645 8726
3412 1343
4219 917
1442 5632
7182 4867
8023 9962
586 2132
1329 3092
9089 7311
8039 447
3253 476
5158 6384
2119 4250
352 8664
5441 9839
5922 7908
2771 9087
4237 4845
3843 4550
5149 6530
4363 8877
9950 4173
6035 4339
396 624
3772 729
6696 5606
4468 6584
6584 6913
5364 6939
2158 9657
2416 8969
7281 4474
1134 5216
6398 2114
861 5034
2358 4109
2742 2143
2733 6032
3927 7751
2302 1034
6498 7558
7022 2914
8919 2139
6879 7490
5752 3908
2944 2978
6975 98
1738 1977
4740 7891
4679 8784
2851 7550
7706 862
4496 4160
2692 3359
8409 7826
238 298
1584 6566
5913 4851
4464 7122
46 1233
9889 4432
554 4531
6839 9776
4060 3400
7545 6086
4082 6110
1973 1126
8676 4105
4196 6648
9910 2194
2786 8084
7732 3315
8353 1157
2627 7442
8626 3869
5043 4406
8877 3580
8992 4795
3991 6087
3576 5428
2461 5078
1677 6629
2006 7832
1784 2234
8232 3461
6942 6402
429 3274
9233 1934
4927 9008
4087 7839
300 3372
6788 8778
7602 5885
7081 253
5242 3216
9640 3312
1273 5662
991 7788
4313 6840
2906 2772
9375 7866
2857 4171
212 4651
4428 2708
7514 2485
2613 9453
661 520
7178 7288
466 8427
289 2925
9699 9229
124 5051
2997 5290
1673 5473
2952 10
3019 8566
8799 4762
5229 7128
5266 5548
8744 1448
7111 200
5532 6425
3889 3364
8580 8899
7177 2764
8129 2387
2741 4294
9360 6680
3924 7294
7329 8956
9736 3947
5127 5077
3455 5447
1502 499
2049 5504
4598 5659
8068 1091
4452 6514
4517 9851
1908 357
2697 6252
3891 9037
7378 319
8233 8538
4055 5734
6550 988
2836 9082
1394 2988
4580 3048
2815 6646
5415 5046
3679 1846
7442 4004
613 3957
7756 1502
6737 9051
5571 2774
3623 7071
7346 3385
9830 6083
7089 6580
9449 5574
3600 9681
6737 2939
4758 1239
4417 7261
9708 8896
8314 6463
5248 6474
7172 3924
8818 922
316 2943
5166 7260
96 8327
4035 5158
219 8271
3644 1810
531 5469
4155 8668
6106 6338
119 6961
6754 436
9758 3524
9901 8626
1106 6671
42 9664
5887 8833
2143 7322
3229 6619
6422 2856
2364 1401
618 114
7862 3118
2205 8018
6410 5283
6332 865
4683 6963
2058 1533
8076 798
6729 3439
1113 3031
9964 5330
4224 3764
4535 9705
8922 939
1762 2742
4212 2560
6822 2311
9456 7235
4274 8745
3516 7150
8795 9139
7778 7556
5264 2943
4231 6552
8150 5014
7898 6709
7410 5161
6519 2869
441 7076
9031 9952
5326 9093
8732 6668
7800 7455
5921 3458
6799 5329
5000 2567
7359 5783
8551 7767
5657 584
7591 8627
7411 9013
7644 942
392 6784
2484 9721
623 5078
6927 620
8294 6771
1533 5624
5214 8581
4427 6651
9836 7358
8817 9134
7335 4270
1336 9668
7649 6159
2860 3007
4098 8585
2126 5611
7005 4719
5857 8395
1620 6824
5265 4305
3814 9794
3928 6435
3150 5601
4627 2649
4824 1131
9584 9227
4714 75
3962 2886
2401 6150
7712 4179
7209 6830
9521 9834
312 5886
7488 2404
7261 9740
2500 865
1175 4476
7530 9707
406 3609
3784 9265
3883 1873
7135 2377
5964 3894
7105 1026
5256 8251
4964 9451
8517 4956
5276 950
9901 3533
5097 5200
5563 8564
6095 4936
2613 9960
1866 6385
4456 4764
6464 6028
4220 6148
4474 186
9722 9415
4111 1710
6403 5638
9744 3625
4414 1692
8100 4114
1240 6458
984 4881
9038 9532
5044 4872
1062 7678
5048 8598
6521 6795
5538 1029
3593 3713
4879 6456
9204 5522
5824 6944
2303 5914
698 1422
7109 463
8232 6013
9445 2786
1435 5817
4688 206
7093 591
9408 503
9044 4870
9399 6763
7897 7758
1810 1465
495 700
180 4007
7587 6959
3564 8188
295 132
4897 5793
1312 945
1397 1321
897 4266
5148 8370
275 6828
6892 9221
1622 1443
7291 774
6435 1382
8389 3629
5089 3932
7194 2767
9779 3176
1962 809
9096 8428
1216 8512
5799 8956
5292 4764
5882 3488
1947 9033
3446 4990
2451 5854
9549 2934
2442 9782
1524 2637
2968 4594
3128 7289
1632 8527
2336 4462
1811 9442
9325 4676
2178 1476
1183 7087
182 4672
33 4020
1061 20
2777 4644
300 5185
663 4698
6821 2943
2996 2633
4624 3604
2000 7804
3728 48
9256 2515
2872 3837
2171 7363
1319 258
1003 4580
6446 6745
3781 5164
3464 1417
899 8287
4707 7328
4130 2284
1326 2029
4417 8383
8267 4026
2985 8440
7396 7773
7860 7426
4322 4111
5657 9543
2617 6967
5974 3624
3059 3252
6828 2216
986 1387
7075 8952
2715 2690
8006 7768
6617 1421
5801 562
6980 9657
1465 987
1577 4492
9635 6388
7512 4223
7225 6998
9788 9234
8997 591
2151 7067
6155 6173
6225 6653
6757 5231
4955 830
3103 4109
1087 3474
2522 5265
5831 5954
238 8405
1780 141
8341 8002
3305 9194
4216 9260
3780 708
480 7968
282 110
4792 6790
8492 5906
1697 3259
4483 1461
9046 3466
343 1539
6807 3758
4913 1513
7933 1906
5441 2851
6399 307
6959 1988
4203 7199
2289 4365
2246 6437
6131 8985
3783 4450
5968 7852
1293 3162
5771 4387
4442 690
4927 4537
3976 1424
6168 76
5649 6891
8143 7956
5594 2099
773 5097
689 2925
3002 197
1623 5628
8394 9394
8444 2462
2377 7786
5450 104
6321 6194
4490 4146
7270 7239
4035 2080
759 336
612 9348
4225 2016
20 4259
5993 5408
5513 5291
6313 4282
2547 1249
8308 4401
1157 6704
6461 2834
2407 9083
2530 3782
8862 452
4566 4674
8118 5040
423 7187
482 3545
4291 599
2991 2131
6452 2766
3819 3423
9606 8736
8251 9145
6737 9222
3007 5783
4891 862
9044 7657
8871 3485
4593 5164
9705 7628
3273 4211
9969 6028
3396 2670
5652 7485
7196 4607
5183 2342
7805 1433
8058 2239
7670 2412
3026 5742
3657 5843
7553 5248
2309 2726
8690 1996
3752 3408
674 4174
2357 1857
6807 4544
8664 3102
1240 5034
8511 1795
2703 5643
8123 6123
2526 3467
2384 1233
6639 9705
9693 816
1437 6030
4581 2061
8951 9446
698 8899
6546 8862
9885 3081
1940 2887
3435 9316
3113 2844
1087 1126
7193 9497
6332 1630
4127 6279
2684 3730
4395 1794
7845 485
3522 5117
3488 2752
1864 9906
4399 531
9478 415
3369 3164
7113 3652
1134 1194
22 8591
1663 8237
6979 7045
5777 2561
6224 2742
7636 4320
3811 9508
3833 8027
6582 1540
2045 4955
5734 6175
2459 297
3586 683
7544 6850
4638 1168
4069 4764
4527 970
3013 9951
7662 4353
1323 3307
4277 6335
9731 9441
4529 167
6862 7948
9233 891
8210 9385
3987 5608
9428 5460
6026 3801
2616 4128
7421 2215
7838 3229
2893 7667
6632 9932
1584 8598
5978 4513
9974 3636
4595 7147
5980 1725
1954 6818
9025 7428
7106 1491
4545 8294
3022 8526
50 1577
2133 7053
4539 4426
3049 4306
6626 5685
318 7016
2818 1346
8854 7074
7222 142
6525 9246
6174 611
298 4810
651 2247
1866 5706
5356 3970
8775 7652
4345 1410
8788 541
9404 2043
7281 2826
1697 2780
3586 4254
3537 5037
3597 8612
7668 8867
9 6928
9632 1844
1652 9502
9275 2268
3261 7848
3284 7758
4952 6290
6800 9751
4157 734
6854 7932
1707 2875
9243 6270
1637 5387
4054 8721
7810 9047
5814 1842
3840 9297
4325 5259
9815 7641
2100 1594
4259 3668
5882 5717
2057 1956
3137 7819
2782 9787
8439 8966
6823 2092
8051 6235
9774 2174
1324 6299
9606 8964
201 7540
8220 1987
9203 8351
4953 2420
7352 4905
152 8622
8777 6197
9139 2637
1401 6711
7696 2750
6536 8304
3508 7647
2299 3359
518 9092
3045 3201
5191 7038
27 1738
256 5356
5750 1461
2868 9310
3362 1558
5528 4887
9828 893
3047 7596
8868 4401
2274 9495
6872 6522
4928 2781
9899 6639
7456 5861
8751 5606
5879 9278
9401 132
7828 456
7685 6317
3506 4594
6077 2949
8023 9523
5052 1817
2819 1869
2021 3470
6967 3680
3822 7132
6947 5669
6428 9749
9671 9151
1523 8122
3802 1763
4494 2567
8423 2948
5860 3353
676 5009
9212 3733
5646 4876
1138 858
3792 9376
8686 3929
7105 3389
6373 8287
3298 5729
7915 3527
5220 6215
1331 1659
5699 8324
4581 5866
1226 1928
8590 2189
5871 3765
1884 1726
4876 9680
3912 6660
9246 6975
5899 7384
7203 5824
9615 3507
6055 5633
7590 581
1023 702
1098 5766
8169 2906
9784 5647
322 7924
2797 2409
4056 4817
6527 3255
7610 1143
2086 516
1289 5826
9843 1530
4061 6309
9809 8416
847 9403
1114 9739
6988 5752
1585 6480
3658 470
9872 2389
5394 4428
3372 1096
1287 5462
8159 4503
6138 3837
2033 7476
5086 1930
1837 9828
9674 3271
3886 9787
7300 5681
315 5192
8055 4390
2388 4474
1301 987
3477 6846
8182 4242
2110 2478
2269 5098
3198 8399
2097 7955
234 4633
2208 3064
5043 2948
574 8086
3923 4838
7029 7409
1618 2691
7019 5686
7853 9553
3803 1948
9013 4721
1854 2959
6964 9980
8422 8360
2618 7657
9346 4681
3751 5881
8356 7176
5235 1097
5606 8228
5278 9299
7993 5374
8950 3806
3509 5562
7301 8113
8105 4656
7257 6680
3641 3687
5360 233
9476 4254
5882 4760
4349 9222
8013 479
6777 676
734 463
7523 8333
5460 122
1714 4076
6654 7160
6443 5537
5441 7976
5718 9954
8642 2345
9976 4260
9208 3696
3582 4451
1910 9220
7568 2741
4290 6050
5364 7880
864 2386
503 5638
2573 3782
9058 4919
9148 6953
6721 1532
3486 2392
10 5038
3006 4587
174 5666
1579 5056
9327 3342
7521 5398
2475 9195
8069 4262
2727 8407
1507 9112
6145 953
7519 8669
6695 5345
7511 5953
6850 4726
9613 2270
678 9710
5284 5834
6011 9402
7 6101
299 6730
9358 664
8738 6843
1119 7710
2133 2153
1834 7681
968 5803
6848 2164
3105 3978
2510 3739
4268 5109
4862 9948
8129 645
567 2087
7952 6575
2693 4675
5902 1908
5435 7557
5531 1530
5197 6228
3247 7178
4857 8118
5769 1286
9294 2022
4822 559
3809 1082
6697 8231
218 6367
964 6900
5760 7015
5527 6579
834 1251
6262 3530
1521 801
7821 5576
1086 4217
7438 9390
6185 4944
6207 8995
5171 9269
2854 6381
789 425
5340 623
7891 7872
7263 5911
2243 4831
4125 3249
9703 2278
2671 3226
9012 9735
9088 8528
1366 5453
1695 1452
878 9334
5796 7047
424 8780
8047 6372
9473 6824
5458 6448
6444 4402
2389 41
3935 25
1269 5319
6721 9760
1428 6481
1281 3357
6763 2056
5854 1347
5205 3256
416 6854
4580 6719
5368 568
3952 9342
9905 5206
4248 106
5488 8244
4252 5
3713 2382
8288 2037
8514 4109
1003 8187
285 4405
6465 6820
6397 7724
6903 5144
7206 8798
4042 4919
4993 8277
990 6731
2196 1685
6468 413
922 355
1426 7662
3035 1019
2695 8493
8303 7116
3481 4071
9328 6782
608 1074
7244 9700
9773 5132
9987 9786
3529 1883
2911 3458
7253 7910
8008 7614
1808 1910
8105 9919
8530 4245
7644 4641
5633 7816
8728 2466
7249 4767
170 971
2899 8135
1723 8509
4303 4167
8611 229
4437 6245
5504 208
2789 7948
1165 6145
4762 134
5007 6832
667 8732
6467 4009
3181 6572
2174 8702
5115 7439
999 5560
2480 7409
9662 4861
1503 9000
847 2906
8807 2771
2810 7669
6922 5459
286 9599
4814 5480
2300 8773
4842 5650
4984 7549
8368 5158
9645 7079
8760 4883
2467 7151
2827 4141
1250 8730
3724 154
3543 8370
3698 8714
6412 1727
1149 314
2014 1676
1158 1818
3371 1861
6860 8236
1723 5330
7654 9915
1387 310
4923 3735
1312 189
1825 540
7072 9314
5526 640
5582 5734
9063 2067
2096 7418
246 986
9675 2471
4610 6882
6727 7790
5100 5857
4998 6728
1410 5803
3412 8818
5831 452
2451 2927
7552 9494
7204 2671
1454 5521
9744 7404
5695 7961
3409 1329
1407 3260
526 6154
7675 3000
7463 8026
4312 8027
4647 6316
2875 8352
3160 3698
9124 5864
1134 2756
1867 9934
4927 4981
3290 8721
2041 8170
3190 9131
4440 186
7619 9552
8663 8815
9092 1544
8975 5106
4580 1444
1170 2550
3284 5640
7082 4698
5187 3191
8697 3489
1142 2769
5068 6306
3644 5339
690 5330
4657 2988
7068 675
9960 233
5422 6359
3092 7791
9349 6474
6444 7837
9274 3227
4913 8958
4536 3320
8391 2268
3041 2607
2989 2405
40 3226
8484 3337
1991 2374
3041 9964
4181 887
9275 3864
3368 5136
5586 9624
2426 7581
8086 2444
3894 9642
5239 2983
2749 3044
5726 6820
6113 5424
5672 8155
9237 9
3060 6417
3225 5811
3525 7000
8509 8352
4597 7320
3037 3880
5340 2072
8443 5545
2787 1510
2000 4270
1496 488
4492 3370
6968 4470
2535 546
9476 3044
7067 2449
2669 2793
54 631
4212 7750
8346 3632
6651 5425
1473 9716
9525 6044
5626 1827
7840 5011
4613 9452
2043 9424
8170 1685
6725 8255
6276 5806
6994 7991
2306 2007
734 7321
9074 3832
258 2142
9306 4244
5913 8933
2220 4276
7941 3310
551 3557
6925 6754
2767 7775
6280 296
274 3755
6127 2879
6043 3247
111 5296
8202 3457
2119 2934
3783 4148
2164 9830
1031 7235
9503 9231
4830 210
401 5513
9201 9367
5994 7359
6022 160
4324 4097
3204 8661
4310 8162
8866 8321
3712 3044
7122 3445
6605 5047
6584 672
9709 5028
6025 4396
8883 4181
6841 1429
2032 7953
7065 2044
554 9371
6908 5788
6497 8895
9137 969
1723 9372
4024 6615
6851 9919
7464 6323
2022 2310
5871 8684
2322 1188
3248 5548
3562 6026
5495 6854
3403 8309
4273 5698
4808 389
1040 2363
6054 9877
3903 9047
2240 2169
3557 9897
6427 8040
6839 4807
8715 5518
1038 9456
4126 8525
5367 3591
7084 6389
6195 2887
6444 3483
1550 8202
4261 5491
525 3315
7845 3780
6178 2336
7124 1632
4392 4647
4558 8398
5723 1481
9546 6697
9583 5539
620 9042
5344 9653
6562 5801
255 6289
1552 5841
3275 1919
3664 6151
3267 395
9331 8844
1330 6858
4096 1248
7821 6644
8614 1485
8646 4050
958 7476
5886 1717
3958 9248
2568 1464
7571 1338
5701 4719
1281 2950
6207 7548
8806 1041
6152 8546
1329 3174
4370 2285
6675 9368
2493 638
5573 5996
6818 9115
7974 201
2045 9898
8862 6356
5404 7149
4969 3772
7850 8435
5324 2942
7467 7044
9778 8608
2314 5499
13 5602
3907 4158
6629 306
7804 8687
8941 3242
1444 6563
8633 5229
1295 9259
6657 533
4188 3098
364 4853
2318 857
2281 7895
9120 9454
4164 8789
2106 3829
3572 326
4238 4020
9550 9256
9127 615
7315 8495
8945 2460
2463 7457
9619 5779
5045 7938
5035 8616
4306 8799
1979 5483
1222 9329
5412 205
9551 1171
1475 8064
2415 7403
2961 4237
7167 7483
7218 262
7371 2064
9923 4700
3832 5338
1781 5518
297 2736
307 3710
5516 4670
8034 1130
5951 7466
9045 4681
5791 7771
4007 1101
1017 5106
5399 95
1011 2668
7037 4506
1178 1979
2519 8503
9762 907
6365 1605
8697 9898
3458 5255
7206 3561
1764 1640
1922 6707
3683 1384
2133 5670
1917 6289
6024 2728
6902 3071
7714 4996
9434 9712
900 4983
6567 4235
8337 8278
5714 6389
5415 8866
445 2364
6632 3127
5147 7683
7801 6058
8229 1683
1536 8553
8710 7713
7857 1381
957 1065
8650 5982
9954 4096
2453 5217
2601 2183
130 2037
1349 8138
1893 9239
5683 5454
9521 2273
9984 2832
2547 59
3865 5325
1576 9791
6737 4300
8970 4052
2347 2808
4986 1126
8577 364
7137 7379
6767 6722
227 7596
8540 4073
7235 5132
2382 3056
1456 1779
1293 8133
4853 1218
4863 5310
4642 5054
2253 8192
9371 3405
9471 4906
5177 6450
9173 1341
172 930
6018 4191
3373 5590
5399 9576
3997 8595
1914 3044
5966 9588
17 1096
8424 3903
4444 4592
6084 426
2485 8934
1534 9288
3458 1809
1435 1926
2807 6095
1330 7632
1927 2162
6962 5542
1382 2600
6273 6761
4767 2736
3827 2950
8889 6865
4346 9976
878 7092
9577 8373
2897 2016
1761 7108
7678 1425
8785 6456
5254 5601
4030 6276
117 7317
7676 5003
4579 4734
2428 7333
6055 825
1043 5491
5492 7293
7264 9276
4615 4581
6431 608
3552 954
9302 2742
6651 3378
9196 565
6806 2177
6505 4990
6039 8394
8133 2953
9700 1323
4610 3843
1303 253
9561 319
2856 7637
9221 9848
3878 4186
4844 8409
5504 123
1236 7248
256 6920
5928 2395
560 3642
3474 6558
4286 8654
89 7723
1024 1376
7760 256
8464 5852
2972 8931
8910 8965
7695 2545
9845 6266
9860 161
8170 437
9458 7097
3820 2905
2589 7322
8926 7749
9160 8478
7093 7860
9884 6247
3951 1397
8398 8991
8499 514
9603 7679
2151 464
8568 1537
5187 4614
5341 8878
1198 6942
5801 8891
2919 6894
1615 8031
8309 3433
8323 5079
7178 6095
7025 6694
9686 9821
7535 6958
7439 4302
4777 629
2178 7156
685 1717
7613 2505
4125 6572
9577 1032
3073 670
3910 9019
5177 207
7897 1602
3411 5407
2268 6945
5084 682
2355 791
7457 6427
2730 4058
2747 7856
418 2818
9504 1743
789 60
8477 9511
2216 4249
6717 8705
1812 319
1889 3165
8454 5272
216 7353
3108 7190
1777 4099
1188 9240
2352 1060
1954 2582
2024 500
4334 496
402 8350
3123 1392
3115 2949
7967 3022
521 3993
2724 2525
9696 5252
2026 9213
6427 9643
7506 7210
116 1937
1943 6179
3730 1720
7406 5490
8847 9746
9379 8233
5692 9224
2525 3110
5330 3712
2943 5793
1857 3940
2958 8589
9692 7032
5348 3111
666 5417
1616 88
3174 3055
8874 1292
7415 2361
3198 5202
9687 2786
2939 903
7831 1197
5316 8506
5981 2073
3123 9776
5857 8162
8081 574
6703 968
5732 6970
8516 4808
4119 3259
5603 2762
3840 8549
1734 7427
2355 6472
4819 7942
4417 7072
6116 7218
3317 2306
7295 635
3140 5656
8617 7854
3315 749
676 1843
3528 9032
8019 8288
4771 3329
5312 981
5876 6766
616 3840
6856 3893
2727 8778
1656 3196
2081 1355
2419 2337
3463 4804
9575 4618
1570 1587
1327 5020
5463 6434
1548 2578
2080 800
8855 2735
3112 6831
1283 1898
5953 3392
3152 6029
8276 1503
5044 7060
2847 7780
6680 5854
6892 8662
6430 1767
7445 2373
5325 5256
5222 6355
485 5866
7446 2239
731 1617
1244 3776
1919 6949
4886 5721
3406 5347
6084 26
2291 962
3109 6433
418 1381
3521 3392
3702 596
241 242
29 8504
7517 6144
2283 8774
6705 5420
2091 5020
3231 5790
7041 8935
8802 8273
3188 6941
4584 8928
7656 3424
4676 1471
319 7090
2896 4030
574 9418
7387 6438
4506 7551
3484 7529
4800 9495
9369 9456
3822 9066
6855 5476
2544 7073
5315 579
1011 8440
721 8653
6367 8861
4425 4736
3207 8418
5226 664
5828 3261
908 516
879 3498
1618 5028
2215 8559
890 5927
7255 2961
1199 7355
231 4904
6006 2173
9622 2661
8359 628
1729 4104
2857 3083
4390 2755
2630 8643
3485 5837
9447 8995
8124 4812
7804 431
5839 880
5215 1002
7147 3933
8988 7482
632 5450
2113 5693
9774 6569
774 121
5620 6871
5532 4547
3310 9629
319 1593
9502 9777
1815 3439
965 6344
6510 3281
2460 7783
5640 634
2842 8940
5642 8034
7702 4162
4367 7259
8188 5085
851 8767
9283 6597
372 7837
5346 4097
4388 6650
6951 2605
3751 594
8829 6180
2620 3699
8361 4310
4644 3639
9650 897
5083 4362
1208 9427
6973 8163
3299 5747
1783 8224
420 7116
8324 4290
2214 8819
7556 7104
552 4262
8079 9862
7019 3738
3655 6835
3351 3156
941 4262
2416 9508
9300 8582
8403 3264
8265 5737
8320 6669
6921 408
8845 682
439 5672
6867 712
9121 9303
2337 8890
5757 4953
6189 5414
7663 6150
8703 7286
893 4504
7305 6496
8866 965
7804 8466
2019 5615
3229 8225
642 3387
7788 3153
4053 1356
7792 1347
5992 9295
8561 3174
1494 6448
7170 8225
3689 7360
2558 7835
346 9391
3734 4852
4916 6442
1458 1879
4857 8805
5919 5240
8906 8252
8436 5236
274 6847
2711 1463
4429 1982
2616 818
6468 5032
9567 3134
6488 5064
8731 2294
4752 5572
4124 6021
3383 2180
5878 7734
6362 6908
8867 7515
9217 8552
7935 7291
7087 7078
6690 4685
1694 8696
4728 1408
3055 611
9144 7411
885 5735
8703 1116
654 3622
5248 2642
6197 6588
1508 6446
8982 507
3429 7049
943 4000
6086 96
1578 7843
4222 553
4362 6367
8038 7637
9920 8502
3916 5583
9186 9505
4939 4785
1819 3895
7116 5738
6985 6748
9927 1987
8864 3159
3378 5813
6387 5767
5450 5606
7275 6945
5190 5712
6221 616
7657 99
1898 760
1991 2017
3191 7109
2088 226
9745 9758
5811 4034
8700 1592
2849 522
8124 6040
5163 9325
819 4255
502 5820
3069 2592
3794 7084
153 2846
1622 933
2881 8240
3098 9979
4229 5889
8337 912
4460 5515
4122 7537
4224 5550
5931 1129
2656 4148
3199 8391
2226 7573
7978 77
654 3958
1779 9409
1633 5252
9985 4807
5071 7640
3052 5357
486 7395
3816 2928
9029 6715
2818 7641
4254 5450
4179 54
4378 5865
5611 9727
1195 8594
2451 5688
4912 9758
4087 639
5638 4711
7928 1639
9880 2949
6913 7861
5479 8178
9552 1207
4346 7897
3882 1242
9785 6515
2840 9271
7628 4144
3482 1606
640 5169
4369 3171
9509 9692
2765 9448
691 8336
8494 6915
8138 297
3095 2685
1641 7135
1509 4492
2113 6039
6288 7201
2377 3133
7745 965
1038 9985
8826 1415
4255 9345
5509 7213
2759 5839
3335 9171
5190 7620
9523 7838
5099 7711
1535 3935
945 6274
9796 5631
4297 323
6716 7431
6970 4195
3392 8942
7413 413
1716 9415
8174 2909
6035 7035
987 1258
2696 8536
7913 4177
5448 6732
6 538
7175 6013
7182 2965
9923 8068
8363 9778
4121 6655
5521 170
4683 9008
6963 6149
8935 7171
3579 5554
9905 3096
8894 6907
1136 4765
7813 4201
6176 6676
1602 7195
7604 5944
5120 2604
2949 2166
1736 4641
4210 3491
3272 7585
586 2333
2374 5051
4660 5524
1135 4595
1193 2032
9558 4226
875 5447
3429 440
1416 4749
1876 2914
1760 2098
5241 8873
202 2583
258 8903
79 1176
5470 4495
81 7697
4863 7748
1466 422
5646 8476
1992 1765
9493 8495
4476 3564
4369 5190
3975 8594
7143 5084
9132 2070
4854 5134
9739 4473
5686 8711
1508 9659
3702 8136
76 4611
5402 2485
2119 3366
9505 7660
8713 1519
9239 460
4033 2101
4727 1866
7836 6814
5953 5369
7563 6399
8296 9822
2513 4327
7463 8628
2445 5933
6716 3492
8274 1100
8366 6246
4764 3561
6660 7994
4106 4217
3273 4119
7394 6482
5933 5965
8207 4838
1026 4556
7814 4425
6997 3257
9720 5703
106 1771
6533 3782
9008 2136
2612 578
2503 4125
5206 608
699 5613
6466 8462
5691 7755
9327 4831
7173 5989
4551 7558
6761 5239
741 9668
8575 3769
5427 7097
6713 4791
4227 4826
9866 3078
1664 1684
6370 4509
2608 6465
2741 7742
2957 5200
9559 1116
4098 4868
806 6159
9165 353
5407 2744
4390 988
5169 9826
1427 4627
4530 5987
3434 1982
8720 3443
7239 7377
6921 6056
4516 3166
5626 8160
3950 6917
3735 9781
3695 9786
7514 2741
1927 463
7504 8881
4089 1246
8885 8262
173 7890
9591 9122
768 3608
2602 1566
9252 2384
4250 657
5285 5784
9194 3282
6189 3172
7195 4531
2118 3497
343 6742
1505 4085
7418 5458
8707 2881
4372 5712
7796 9896
1431 186
9134 9392
7983 8771
2659 5860
4951 5695
2635 5285
7561 370
6088 3422
7230 6123
4318 8781
5467 3753
7705 6672
7273 6656
6964 6282
9189 5290
132 455
3616 1089
1844 4114
6127 234
453 3258
3603 6093
7934 2858
7315 955
90 4181
9366 5142
8783 2918
2907 3071
517 8811
6120 1800
3009 3152
9643 9409
6434 69
3646 4418
6492 3453
9374 7767
9261 6095
279 6252
9987 5042
7233 5778
8899 9058
8107 476
8129 1472
744 4127
3492 3894
8852 6975
8556 2898
2217 7584
9371 2263
3775 896
9542 3695
8489 3548
8850 7769
3986 4487
3240 1480
1881 3864
2623 6303
562 5125
6485 8880
9710 4711
6125 6958
3355 9652
8502 5322
5116 5685
9826 2160
4880 9631
4498 397
2801 808
6556 2476
526 4948
5057 6259
5699 8676
5253 5067
6637 5674
1019 848
7055 6846
1021 3512
5567 2982
5789 6973
3297 6204
9602 3266
4109 7126
50 5999
8825 5925
7986 6989
4985 447
8510 8264
2233 9725
8912 5771
325 5355
4247 4086
6047 2680
2761 4492
8018 9821
3626 4349
5229 7012
3485 7465
7974 1816
4589 1716
3505 5154
25 7651
793 6756
1623 5047
5194 2142
9570 7512
3254 1689
5554 6333
1869 8145
9889 6974
7411 3809
9980 8915
5744 6433
8682 7037
2206 7810
1417 2526
4987 1461
9705 2433
2663 9765
8496 3607
6840 3477
1444 152
2694 9480
5053 9207
3876 9090
3982 881
6874 9248
360 7616
5535 8117
366 6834
6736 4386
7094 8367
6123 3191
9860 9024
9406 4016
2928 1014
6040 5653
671 7639
4974 1130
3924 6644
9451 2426
8851 3732
3458 8506
2928 330
7092 8032
7587 831
5259 1077
8963 5464
1093 2161
5601 4603
3971 4631
1134 2638
8550 1917
735 1272
3447 8800
7026 3139
9852 5736
5457 4487
4992 558
566 1780
735 9751
1477 3157
5510 3947
2110 3450
526 2593
9963 7177
9906 1215
4925 3409
9809 7173
6533 7388
1376 8618
8540 4989
9537 7435
1603 1659
6949 94
8054 13
5668 5725
5247 8798
4133 2389
5206 8160
6548 5721
8601 374
4726 6377
8078 2431
1066 1836
869 4689
4091 7138
292 5444
8119 6028
9228 1398
6917 216
7709 1460
6026 3433
5764 5932
9216 5653
7756 5009
7292 1215
2720 8166
6664 9586
8071 3189
1777 8975
6051 5223
6238 6330
8051 9064
7033 6727
3980 8858
6344 738
3287 3358
8976 8998
3716 2161
1072 678
885 183
382 8369
4012 4143
9151 3667
957 7854
7810 9137
7162 5323
3071 7151
8162 2490
1037 6867
7576 7439
3077 7748
6599 5858
8830 8759
542 1557
6344 1782
8253 1857
3103 5026
3600 8384
1175 2564
3622 3828
3635 4882
6717 4897
9783 5315
7281 6596
651 1665
6261 6609
6748 4991
6496 677
3294 6743
6468 4509
1699 3535
4979 8375
6235 3040
631 3211
9009 6491
9510 5960
9102 3786
7286 3092
6330 4438
8941 9274
2707 3070
9543 8132
9789 9725
978 9465
7894 1915
6124 5434
263 4135
9732 4472
4533 5060
831 5281
9102 7646
1175 6876
663 8866
7411 6867
2760 2684
5210 5452
6644 5082
8982 2579
1628 9540
7401 3683
7204 5201
809 359
2761 6764
1196 685
6947 5520
9753 9087
3103 1831
7914 6984
6112 1890
8754 3286
3119 8695
4857 6522
2733 1570
4481 457
3950 700
6817 482
6653 7565
9388 503
8403 3979
5998 1893
4031 7448
7248 4737
7440 5232
8694 6456
5945 4189
3672 5155
6843 6324
7307 3259
3799 34
9841 4029
9987 6355
8215 4756
190 221
7847 8275
9871 6199
7317 4581
8024 5410
5810 6301
8594 9169
65 9604
1834 8428
639 4852
5607 1913
9392 5908
7949 9069
7572 4972
6853 7333
2314 9373
1133 8900
537 2472
9914 6211
4826 9551
1804 2426
8037 8542
4062 834
3386 7248
3478 6133
894 5287
5778 5508
4992 6724
9481 7468
792 8059
998 4478
3635 7217
1698 4547
4928 3491
1894 3274
8737 6177
2997 8115
9844 2472
6262 5584
8651 4390
8202 500
8218 9313
6414 8811
8103 1994
4193 9780
7209 4353
4314 6456
1324 3872
7148 1616
4191 3988
4842 2651
3924 315
2808 5801
9386 2029
9748 315
7430 9444
3785 4308
845 2399
5599 3175
3893 8972
1336 6833
3272 8108
7957 4109
4221 3427
1294 9101
9619 8160
6768 9348
8140 6616
272 8750
3339 4343
2488 3505
7466 4332
9920 7064
4202 370
9052 795
9828 305
8907 4617
8309 8218
9183 6823
5605 9233
5906 2762
8255 688
8883 3859
5148 3136
6148 9506
7371 4470
5910 2378
9019 2461
220 6603
5001 5622
3910 3659
3606 9369
3432 6754
3562 8631
8716 8316
5893 8815
4809 3244
5066 2100
9843 3519
5511 7273
3337 7156
9300 6452
3081 8792
126 6185
4174 322
6454 1266
7017 3694
4244 8117
3100 9436
7189 9022
4138 7865
6837 51
2897 5071
657 972
8450 344
6128 2121
9308 8546
1342 6046
9341 6007
8540 354
6592 2229
4012 8069
9589 4351
5572 7567
7540 8906
5850 8887
4664 1927
9096 2400
6861 1346
6944 7168
2863 245
2317 577
7118 401
4172 4484
8538 1553
3542 7631
3751 113
2664 9609
9024 2293
1351 9870
9120 1884
8329 8297
1638 1574
259 6942
9727 634
3385 8877
3793 3596
3782 4369
3109 2599
7627 5756
3653 9074
9653 9772
184 6817
2833 9736
8833 174
9284 420
2362 6274
4285 9432
1479 8803
3388 6953
1195 1298
2704 4244
7934 1129
4807 1027
338 2276
4839 4283
3783 6562
9208 5503
145 4698
7733 9866
7341 877
1797 5517
2617 8501
3510 1996
8300 1639
8136 740
3458 3801
9687 695
1726 8746
5007 4994
6561 9024
6628 7842
8273 4751
9254 9898
5969 4872
6173 9236
5886 3811
5241 5599
181 4893
9274 1134
9502 6048
2668 1108
1753 3123
9266 809
6361 7498
4511 2262
3446 4124
6786 5254
5228 6061
2637 6665
7315 4621
1057 9934
267 755
7567 8576
2025 195
7687 4309
9684 3147
7253 8754
2854 2782
1054 9963
695 3074
6358 6884
1756 9011
8690 4486
8291 2595
2690 2059
1776 6128
1009 6420
6003 4766
4230 2002
1775 492
1593 2612
8248 374
6548 2278
8159 7265
2108 6804
9080 6909
6905 4773
6894 7943
6842 56
8550 4955
4156 8272
9607 9781
9370 1436
4416 8497
801 785
5632 4442
5732 2282
9794 4791
6675 7456
5677 1377
6506 3815
2847 4370
9919 2205
2003 9587
2402 6328
9567 157
7753 1145
5229 7306
4008 5719
4863 6217
3978 1955
1547 8783
374 1671
9024 9753
3907 9005
9743 4636
1413 4947
1250 6622
492 5090
5553 7312
4244 8801
1495 2960
9648 8810
8428 7272
6041 3891
4294 3709
2765 1747
8076 6977
8924 1078
8746 9411
4590 6861
6175 6295
7088 3076
2133 3571
9753 7960
8745 5144
5976 6945
3711 7048
5658 8417
8668 8772
1551 4753
1998 1767
3347 5894
5677 3554
608 6288
9995 9284
5884 175
1867 3044
5445 3422
4534 4585
1240 4790
8735 7337
8661 3870
4339 6405
4316 2923
9423 1832
2195 1368
7849 4487
9614 6238
4255 7428
7338 8810
3454 7974
3275 6543
7022 9644
1921 3491
2144 7022
891 6003
4000 8309
3053 2485
8617 5137
9683 5419
6194 6032
1044 9950
4551 9133
8473 7017
60 5492
8227 3305
6064 2577
8813 4414
2862 6722
1232 2697
8814 489
7304 5721
8995 8008
5374 9459
1178 7958
9572 7448
2578 6845
4216 5360
3090 7275
3015 542
6991 360
6928 9823
7830 4714
5125 9102
1896 323
6705 6842
9313 8851
4370 1914
7148 9037
9678 1270
8987 2523
7446 157
3472 9518
7831 3514
3317 1867
54 9769
8083 2260
9165 8333
3976 6926
3841 9987
7344 240
6190 4280
3439 3620
6056 5597
6531 4566
1250 3477
4853 4028
8960 3647
2072 5386
1196 829
371 5054
641 1705
7082 8571
2961 3961
8553 8454
1770 2473
2117 4226
6155 2368
8242 3026
7287 1613
3981 6716
6527 3769
9221 2138
4380 4406
7810 6652
8349 5915
9603 3624
1974 2124
181 7396
6316 2584
9586 5182
6134 7381
4753 9681
2105 8640
5365 8576
122 7081
135 3443
4490 6021
7054 2713
9353 5597
5747 7088
6354 913
2820 2192
2293 9376
8189 1369
8209 3161
3548 3501
7886 5179
6104 9499
2636 9742
709 2770
1938 2719
2076 6925
6837 1282
2082 1123
9167 9279
6022 4679
6328 8255
4698 6926
1595 8148
7601 6944
5208 640
1727 8028
9595 52
594 6131
1501 1205
1042 1235
3521 9492
7201 757
6536 4820
5263 1390
2440 4993
6987 6918
2629 9246
9606 5149
8851 1930
4096 7054
2918 5669
3551 2752
5851 7835
7861 2336
7600 869
4024 279
3119 6271
1809 3294
8667 3295
9741 4469
9485 9938
3822 8962
2450 432
4440 6804
3189 4436
8048 7382
8509 7743
6070 8150
7523 5899
6491 197
4750 638
2720 4571
7400 6489
7764 6547
3568 1545
832 4317
4667 3501
267 3798
4029 8484
9267 6194
5705 3786
9799 7919
4453 6675
1305 4848
7957 8623
84 5741
4893 2029
6428 7308
9481 5703
8359 9335
7988 526
4385 7646
4733 8226
6074 1651
9314 1713
2042 122
5263 9787
5638 8472
8455 7417
5099 8697
1715 8554
4430 6796
2470 9579
4062 6405
8311 6934
8908 8278
1936 2251
9098 5462
4904 4232
1649 7993
8078 6576
8047 3207
4901 2303
6844 5849
5252 3589
4380 3984
1530 1737
816 936
7185 2161
2752 6665
4984 2061
1455 6700
2950 4075
81 5371
3543 4772
8730 4367
3506 3147
8662 2728
3367 5041
2481 5307
8563 3049
5474 6154
477 2211
2804 2090
2128 5249
5224 3516
193 9528
3967 3532
4041 7415
7363 9293
8617 7324
2442 4972
2048 19
3009 4180
9791 815
2357 9092
8436 2970
282 837
5853 8586
5594 2143
4804 4539
3447 3931
1106 2378
1372 4013
5950 3592
6820 6407
1780 141
2254 3567
7786 8537
4729 6569
1272 4740
3413 2023
3127 7327
3973 9731
3036 4633
7162 6759
3770 9475
4343 8790
256 6442
5896 1121
1584 5854
353 3509
3308 5757
1278 5243
3929 8180
1860 6870
14 3529
2473 6962
725 1061
4438 9980
6229 2765
9553 5552
3235 8751
89 9969
6085 1423
3735 69
8235 4356
5637 6732
8539 4597
9764 4224
8665 5003
2551 8580
1407 8001
2800 4763
7203 6003
9099 9170
9904 1037
9352 6472
656 5860
3678 1963
7686 3147
557 8241
8682 3362
2954 2616
3478 9658
795 6828
6669 5856
5891 7228
781 4200
6371 6004
8910 3133
51 5197
2789 8234
7908 142
2633 7439
7889 5445
8701 409
7648 6880
8788 3677
4265 5877
2958 94
1354 3465
1269 1551
9909 3155
6805 3538
8863 3515
2461 2566
9569 1029
2802 4974
6310 9325
8447 4054
7208 4205
9611 115
8970 8057
4667 5106
2950 7637
3073 1386
2789 2145
7863 5412
8431 9573
8822 3779
4683 9920
234 7405
2885 399
9425 2643
6686 7512
4018 626
4783 8658
6481 1723
4556 1638
521 8642
8764 119
4389 8384
3050 3872
4756 6985
2938 792
5354 80
80 9669
3643 1964
6842 656
8106 3893
4466 1123
6144 7103
9654 4779
5909 8274
1487 8927
7931 4248
9441 985
7739 6441
4278 773
6273 3854
7316 6390
4374 2315
8228 3210
8559 8831
9386 3600
5123 5653
5902 3090
8275 1326
5374 9983
6716 6720
8730 3516
4890 6480
3429 2505
5388 1974
9042 3602
7117 5966
1111 1384
7299 6616
6790 7688
7003 5729
3571 7314
5909 5990
2848 1118
8614 5772
9731 95
6711 3226
2014 2852
7661 9061
9446 184
5747 1920
1100 2212
1071 1718
9085 4024
7291 3735
8365 671
5424 7250
1724 6461
1096 4002
3282 9174
2403 1786
9550 2002
7584 7694
1777 5670
4049 4427
5565 6168
3465 4353
7289 3602
4053 6550
3933 3930
3926 4862
9038 8510
2516 6362
22 868
5736 8699
6806 6025
7979 8393
8011 5292
2959 2827
5557 9784
1450 7072
486 1678
5963 438
2472 8695
1614 4914
6565 3612
8160 4189
306 7026
3746 4510
4304 2838
2777 4750
9389 3674
236 4764
7935 2442
1021 9798
5140 4800
8489 1017
6341 1160
8157 1156
6861 3410
3685 1372
4595 2033
9104 8282
5665 8237
6717 9358
3955 2875
826 2617
3647 6034
3860 6213
68 3714
332 3202
7893 4066
583 8107
7166 4113
4177 6824
3673 9375
9153 228
511 670
2604 4146
5927 572
7992 6781
7031 543
2434 2709
875 1538
5688 8214
5426 6091
8262 1386
6613 9128
1770 3575
2502 7428
9253 2138
800 8547
4769 8824
8021 5172
2178 7164
3476 344
304 9352
7685 5203
9547 9680
1147 8318
478 9292
5151 8948
3741 1804
4838 1568
5667 5627
9117 7455
6525 8491
7553 728
3988 936
6374 8564
6411 2997
8558 79
5684 2833
4560 7827
7644 8147
8923 4735
573 5928
3087 818
5554 541
5225 4237
1621 6603
5868 1333
4804 577
933 9563
9388 1877
9542 9493
7262 414
4183 1357
2395 2508
7469 7524
1241 5805
2311 5244
2869 9020
1717 844
4033 4993
4846 8708
2385 9951
9721 1837
4270 11
726 5457
3833 8994
2936 8180
4308 4498
7190 521
664 5111
7378 2074
3806 9979
4768 6587
7320 9760
6630 7472
1503 4390
9225 1479
6652 5515
9665 5657
2705 4052
9800 5034
4619 2500
5226 2145
3726 8469
624 9438
2543 6284
1326 3849
9392 1173
1481 7296
4028 7086
3585 4685
5650 4234
7103 6265
8547 7262
8010 3049
5679 564
1307 2094
2893 4590
5861 7835
2703 8091
2934 8605
1815 2997
1053 3780
5310 7467
1393 1323
9350 3628
9732 2204
1967 9652
62 9704
1960 2659
3316 9224
6040 5076
824 7774
8175 3759
9491 5119
6261 2205
4689 2975
3579 8761
7328 9319
7461 491
7117 2898
6069 6947
5522 8423
733 573
8473 1995
8513 685
6628 6414
3284 9826
875 6732
4411 5214
5674 2061
3964 812
2189 7011
9501 9291
4176 1709
6377 8498
5279 3421
3380 424
8468 4855
7249 9818
3243 2713
1153 5893
4025 206
3781 203
2568 6163
3716 3916
2847 2164
2684 8028
6464 4380
8005 4417
9766 6261
620 3832
1956 7329
3403 3630
2001 6386
2259 1297
7395 984
1240 4326
633 1661
7586 7278
2797 9815
5337 361
1421 7951
1828 9385
6721 5227
1912 882
5636 9097
8957 3435
1750 7168
7490 3151
2145 912
7671 1720
1537 6208
17 9112
5195 7759
3924 4479
7560 6250
4809 9978
8659 550
7539 7460
8906 4136
1913 8196
6877 1270
787 7305
4901 7814
1939 2611
4191 9313
8423 2580
1833 7146
3415 463
5037 5685
5613 4565
8006 6472
1003 4368
837 4950
3350 3211
7421 5639
2131 1837
2373 6004
7354 7334
1986 6420
6496 1886
332 9978
7562 8647
4744 6959
2990 4656
1587 5537
3391 7919
6580 4889
8360 8558
6118 1002
2416 4211
9659 4068
9941 3226
928 9142
2283 9906
