2374
35167514
648 3349
8706 8850
1739 2292
3288 487
467 6131
6924 2397
3877 8442
2112 5361
7652 186
4351 5905
2551 8326
3553 6
5291 1016
7383 7388
15 8335
4647 1084
7278 3270
1336 2163
6553 579
6509 2894
8705 1388
8874 9337
3447 2432
8908 6411
9514 8590
3788 399
65 5941
4304 2990
6946 2222
7228 9686
7338 9965
8786 4263
8621 3188
978 5591
146 3130
9501 2952
3676 1100
7267 7659
3548 1394
3442 1820
9256 9826
5333 5261
4608 8180
3098 642
7463 9109
371 5904
142 6782
7261 5657
6563 3827
9572 6498
4980 4577
7219 9450
4329 785
5840 550
9663 3746
9190 9424
7674 4821
4592 7896
9838 5675
6693 1949
6723 864
1378 2584
4992 6171
9710 7751
4656 1637
853 9797
5195 4809
9300 5069
5951 469
7378 5968
6871 6708
8586 8516
7564 1215
2706 3644
3667 8693
3408 4026
7148 2968
5588 5114
161 7904
5782 5288
5831 2579
4698 579
4413 7905
9038 2424
6262 740
3528 9912
2489 1385
959 5385
4033 7852
9723 3813
9197 6452
4831 6678
8884 7420
1316 7466
2821 9749
5884 5857
2491 2130
2147 9539
1239 6907
649 288
3972 8273
185 9539
7045 2542
226 1217
2543 5498
4994 3109
5636 1900
2628 8547
3507 1676
6531 9187
8684 4688
5829 710
3328 1662
4102 2042
736 4470
5356 3259
5744 9581
8313 5502
3786 1913
4083 4278
2188 9372
3948 7134
270 5649
6251 3756
487 8523
5669 1160
4927 302
964 6017
5509 8157
5082 7267
5882 5856
3651 2286
4696 9
1593 7342
6254 5332
2311 4697
7286 8519
4787 7091
4575 5288
4664 1988
297 8503
8496 6391
8827 2755
5236 2693
9716 3824
2916 2391
8338 4626
8629 9117
2632 728
3001 8901
2859 4574
3595 1065
3727 9411
291 5041
9371 4397
7797 691
4652 3879
437 7306
3394 3964
7824 8534
9935 1734
1174 7528
6943 1016
821 710
5612 9200
2769 7256
9257 9372
7095 626
2320 4097
6619 3339
636 9013
663 4256
9397 4055
295 2196
8780 5457
5723 4363
3929 2050
8469 2004
2484 454
8924 1440
8364 7425
2204 3301
3407 7722
4128 2971
54 7646
525 444
3498 3774
4571 6308
2036 8275
6901 8357
9961 3732
3294 4321
989 2774
6173 4396
1816 3142
6142 1571
9775 664
6898 7896
5814 4446
9899 8418
2069 5713
8995 5498
4562 7844
8625 3262
6321 225
4570 5995
111 8419
8706 3784
7399 1161
3380 5306
838 8815
9442 7953
5090 7335
350 2553
7267 6625
8838 562
3833 5830
6675 1059
6435 2141
719 4443
6982 6548
9809 459
9745 8618
7989 9462
1765 6253
7184 1642
9220 7880
5854 8592
4063 7038
7592 4361
8321 4733
8544 6677
6838 447
9158 5241
5180 5481
7536 9895
7452 6833
5 8641
8274 8110
1355 4951
2797 8058
2315 1234
2658 8265
1126 9173
7696 3774
5554 9162
2742 2942
2895 324
7129 9603
5482 2750
4158 9926
271 56
7018 7386
1860 4681
5391 8948
3604 712
7191 6767
7448 1188
7914 1562
8559 4673
242 4352
3903 1795
9931 7722
9581 789
5658 5206
8620 4813
8658 9998
1983 9449
3508 9871
5030 8654
2452 7876
9146 8811
8931 3172
7748 8675
6784 6537
3433 2259
2398 3763
6998 9909
3939 1480
2058 768
9596 3316
6855 1848
6007 5928
8002 8078
9700 1405
6275 3124
28 4482
1025 824
2849 6522
4818 5146
9443 6822
7734 4496
5047 7857
4555 6878
3914 4482
1587 523
5309 7857
5509 2240
184 5176
5684 82
4940 9135
8554 9159
7261 9504
184 4627
5192 3947
1328 3568
2997 6466
8410 6740
21 9933
7429 6098
386 5660
2335 8527
7626 9946
2443 510
4365 362
892 736
4044 3572
3631 6096
236 2200
5713 2194
1892 1558
8579 8772
3653 9656
9537 6479
2245 5199
2548 2186
7723 7902
9423 8376
5499 2489
4537 2427
4159 5489
5271 5014
5833 9396
2858 4448
9152 7327
8583 7661
3857 6078
2717 4944
3394 4395
4274 2486
1756 9801
4092 2614
5626 5938
5218 7797
3499 4823
9221 7430
2066 3675
9387 3920
2476 9735
9748 2563
5886 3850
3588 1157
4718 3785
8962 8944
4321 6612
3792 3155
4056 1702
4333 9436
8420 2642
5568 584
5719 2604
7124 2144
3068 5226
4392 9461
7203 4566
1101 9975
8281 4516
217 5827
1084 7742
7366 4144
1605 388
8858 1553
1565 4663
3322 9772
4590 1561
8786 1730
8896 2047
1461 7007
1200 2118
9880 9213
20 5805
6046 7462
7510 7014
289 5658
447 8647
3486 7492
2772 9756
584 4731
4933 4346
2548 8626
5189 313
56 5503
1784 8014
2467 9261
98 1481
3444 2946
2692 6532
2043 833
1102 8234
7160 2391
6484 8267
1506 902
313 897
3891 9754
8885 599
229 1091
9179 3181
1205 7477
7680 6620
4469 694
6699 5911
9968 3333
6881 7310
3263 9541
5183 997
8539 1946
5657 4298
279 5021
8861 150
5134 716
4155 5567
3511 9050
2268 8142
5462 2208
3742 5170
2457 1207
9377 1283
2862 931
8817 336
8832 3255
4829 6746
8479 373
8438 5707
5718 2886
658 1474
5821 7490
3875 8777
8694 7906
6920 3345
2607 7101
7584 7035
4530 5793
4149 9951
1620 563
4254 2567
5155 2921
9271 5706
1068 1055
3462 9431
8533 1283
7620 5745
6272 7212
9459 9091
8313 9728
4612 9346
5439 5604
93 8024
5311 4729
3120 2467
9089 1642
4277 6329
634 4007
6275 601
4471 2784
8075 8315
2679 2912
8032 7935
9161 4712
6824 3297
6871 621
3459 6825
803 9398
1749 3706
3757 8382
1958 3296
5058 26
4560 9017
3818 8159
8972 9672
9554 1595
7442 2243
7550 3334
7031 8357
5633 217
9478 3730
4677 8851
7126 6313
6317 3690
1902 8598
142 4638
6493 4837
1405 8880
5764 7177
4325 3766
2919 7415
9686 1471
8118 5438
6401 6571
5124 6483
8628 9678
1922 1778
1021 8987
8343 8203
3613 4891
2195 5882
6674 160
5621 495
4704 9082
5711 1341
7503 9544
5346 5765
5346 9827
6068 4489
6968 5920
3210 9652
9624 217
2682 9248
84 8923
7431 3688
6743 3271
484 4651
3234 4952
1539 4238
9444 3748
7665 6684
1926 3261
4183 4860
445 1533
6807 3451
3364 7271
6354 3428
8552 9506
4578 4721
1344 5811
5600 4844
3427 4365
2634 4585
1210 7149
1175 1214
9867 722
2539 6150
6481 8651
1895 3522
6191 4193
4888 2681
9608 3283
8285 1690
3629 1768
3892 3661
5897 6479
9510 4311
3729 1086
8707 9026
3345 3102
8939 9956
3966 8590
4524 1102
3949 9921
700 1724
6021 7047
9838 9638
1600 1382
8822 9274
4967 9176
2525 9589
9070 2645
3128 3641
2961 6240
9497 8225
2016 1171
9246 8964
7100 4080
411 6272
3159 4379
3350 354
2968 9817
2698 5191
7765 8133
100 373
2517 961
1082 746
6340 8096
5029 9511
6842 1391
975 3153
7785 5798
7111 4706
2375 8846
9028 1053
1219 5978
419 1056
9632 5072
53 943
8893 3043
9217 9458
508 8371
7213 9331
3727 8793
4707 8643
4844 6703
5784 8033
2459 1175
8347 4353
9769 1593
7173 9409
2933 9242
4613 8101
3092 33
6686 6984
2725 7497
1054 9885
5589 4555
5652 8531
2532 4194
5440 1658
7708 9565
635 3473
5782 6255
1912 6660
5961 9222
4618 9977
8683 4060
5356 1302
3455 5104
2915 2722
248 4542
807 1516
3136 5058
4229 3732
1645 2260
2998 1666
5062 8138
1634 3553
1439 5714
3059 491
6283 2496
8534 6021
7282 2335
4729 599
2981 2962
6669 35
7797 5212
4710 1609
6792 6653
9537 1304
4982 9200
843 9745
3044 4272
1982 5586
2645 2444
4450 3062
5429 3166
9991 6821
4160 5267
4227 1781
7468 6609
6639 1531
941 3894
9268 3565
7106 68
3465 2468
9164 607
4923 7883
3015 2079
8685 6114
1666 9387
4587 6238
8677 7537
2383 1328
5553 2659
6971 7349
2614 6144
3243 9550
6622 631
5782 6384
9598 5844
9589 6359
4097 168
8682 440
9385 5256
417 9368
9569 7638
596 5029
3864 8150
915 8724
4501 4458
2282 8681
3091 3230
2921 9314
2892 4874
2817 549
3005 8854
2804 9271
8127 1722
2892 1617
5235 6283
1315 8323
8098 7707
5864 4856
3321 5853
6628 7759
3071 4010
6937 1783
1077 3384
4291 9605
4011 4075
2332 4328
9777 2320
5074 2043
421 5812
3857 9167
4003 6614
6410 1606
2135 9657
685 7574
2465 917
1334 4204
8949 4461
7941 400
1822 1319
6998 4745
760 5015
2682 4690
1142 7469
4810 2911
2435 2164
7607 4320
3916 9093
984 3743
318 5234
1112 1008
5357 9670
6568 8082
4319 6276
9693 7572
653 5834
9788 2023
3631 93
885 4421
4852 7635
5054 8228
5024 9321
390 2241
2930 717
303 4861
2516 4483
3999 1929
2754 1106
85 8039
8139 7086
7167 7018
8126 931
582 7595
1867 9727
2874 2134
6724 5930
9764 9325
7627 3724
7639 8518
4286 7836
2050 45
6609 6563
986 3525
5810 5636
1593 5910
484 6866
1161 7922
1833 8443
1446 3086
8226 8679
1857 6306
521 2325
5763 8286
6738 4317
9415 2705
2125 1854
4022 3705
2759 1047
6482 5649
1533 4954
8778 7278
7964 7429
8714 7083
1346 5576
5897 4978
5302 2738
1838 7587
1366 8500
8367 6943
2394 7412
2695 5422
8790 4664
3985 9466
9561 4174
652 4130
2654 5012
2928 8594
5747 8303
9989 2289
350 1095
5470 2097
2855 4570
2138 2126
1760 7228
8342 7869
1838 8138
3770 8434
9759 369
9228 6659
8560 6235
28 5977
7350 6220
6540 9633
4158 6578
8238 2882
3249 8450
1190 5496
3497 1674
4414 8585
6450 1235
2672 58
3777 464
840 6284
2976 1367
3766 4988
2442 3376
6781 7298
7235 317
5870 3316
5917 7130
2440 5110
7525 3430
6988 6880
2666 5193
3971 915
8582 6113
9787 2981
5650 6692
4773 7123
4896 4901
8674 9524
8466 8528
5685 34
9765 7784
3768 2983
6333 3141
3853 6109
6555 9706
9992 7671
3382 6587
2481 73
1369 5475
8318 8274
2052 9901
5823 4800
6762 988
7650 7769
6265 645
3126 5169
7335 9472
1776 2855
8221 4842
1664 8841
614 9412
6577 3542
9391 2528
928 9284
3004 8696
9869 4798
1714 5907
9497 5232
7431 5983
6814 1849
8771 7055
1546 1167
8244 4155
3585 9325
7601 9155
7629 965
7991 9977
1203 6604
5350 5264
7198 3776
6412 9202
9279 9282
5211 9020
5500 4367
6612 277
182 9783
1967 2871
4020 9212
716 9644
8514 6210
3809 9513
4067 5590
15 1590
6426 4067
8753 9349
1370 1683
9709 1622
7635 4582
4667 2849
8473 6709
3316 4520
7015 425
8054 8732
5659 7460
5967 8561
2710 9604
255 7447
5241 619
7925 2621
8374 2708
6963 8060
723 9447
1772 8847
8400 1737
9580 9452
298 9430
1518 6056
1934 1140
683 802
4444 9445
5195 1980
7060 4903
2243 8894
6857 2355
2369 650
3352 9337
8421 1757
997 635
6778 9859
3904 511
1607 8390
9695 3523
5518 6380
5827 8594
9008 5502
5802 6504
3497 8434
5931 9437
297 8947
1948 7468
6962 3556
3006 5325
3981 7447
1582 2640
3278 1584
5737 2408
9562 8935
9012 3516
548 6920
4480 7408
7437 4469
2344 7961
422 1178
5919 3480
7649 1499
2116 8280
6927 77
2789 5276
1497 4560
3603 7267
4627 9509
6519 7719
2437 5619
7517 2783
4200 422
4618 3769
2081 1483
6879 6175
4757 9345
5513 1878
9531 3804
7297 4829
337 902
8754 9843
5750 1647
7238 4513
94 8259
7007 8600
7969 8641
7315 1446
3434 4922
901 7839
5105 595
6319 5936
1614 4079
9575 4883
5164 4418
9982 2808
158 2703
971 9347
1898 5049
7166 6194
5574 4567
2691 8475
6914 5746
4394 6853
5990 6789
8058 1513
8450 9684
7681 7682
8348 3071
5855 6875
1933 5824
7954 8712
140 3666
8732 3862
1709 9436
7619 6673
375 4653
9946 1126
3289 2602
6 4195
6052 2752
7498 3051
2106 4308
999 6345
3908 4541
2020 8536
3695 6458
8461 3244
812 6364
7638 9781
9246 5381
8791 4074
2401 3804
9621 1595
6799 6925
4396 9143
2668 2793
5192 1978
481 177
348 9725
8333 3645
3453 4589
2169 6810
4522 3279
1640 9974
1659 8112
9659 3715
3716 7133
5353 3947
6011 3533
6560 183
2328 4945
6816 3885
4243 2338
4715 8583
4828 6384
6039 1953
7606 8518
1782 9080
5293 7856
5086 5486
5344 1039
1704 718
9826 2336
6389 9915
9445 6892
4275 5228
4612 8869
7540 6826
2454 1130
1768 4565
8091 3187
6209 9942
1624 4608
727 1314
2172 5989
8291 3092
8321 8054
7982 2917
5954 407
330 7133
5153 6155
8728 8693
7556 1310
8302 9867
7835 6409
7290 7567
3792 8623
3966 7343
8767 3370
5017 7595
4123 1287
7799 8033
9741 6616
5738 7273
8869 5019
9768 7507
6276 54
1422 9741
6977 2363
7138 8060
9844 113
9096 7702
6151 8752
6980 9734
217 9246
9810 3529
7308 1753
2651 7254
8326 1257
3057 3976
6435 2029
5705 1572
7453 8042
4376 6757
6177 4919
5431 9409
6186 6575
2643 8872
2974 875
6285 6555
9875 7220
4918 4681
4196 3201
2497 6001
9216 616
3204 7539
3587 9593
7919 650
6937 5514
6660 2998
4549 9013
6350 7130
7513 2027
3264 3896
209 2874
4652 9131
1491 1573
5190 2066
3101 9812
6 3820
9949 3342
1577 9978
2224 7233
9454 9643
5764 6861
108 703
7479 4476
9003 4230
7780 741
1261 3391
1639 5298
1756 8558
4933 1434
2276 5570
1196 216
7435 1567
4874 7367
9653 9168
6110 9188
1818 4369
8563 7072
2461 6277
1130 636
9452 6977
8923 3684
6227 9154
9333 605
7725 2157
8192 4960
3469 8577
779 9804
5240 9303
4810 8853
5991 7448
185 9878
5966 5272
6429 6417
6510 5149
3637 9916
7662 7287
7020 8572
6257 2057
4075 201
8272 5848
8841 6298
1204 3889
3124 7396
4594 6402
1821 3398
7308 7786
4151 3030
4899 5360
5887 3240
5033 3835
5347 3503
561 5005
4879 9104
7634 4103
6900 4888
5661 1424
1052 4112
9593 341
8102 2670
6663 426
6316 3445
550 4984
7096 6745
1309 6181
2082 7405
8260 2557
5097 6705
3693 958
3734 1121
3871 3586
4577 2125
7812 5771
389 4441
2646 355
3149 508
2471 3173
8511 2217
9184 4920
8538 2858
7188 4222
2513 6417
172 2531
145 5826
2577 7202
15 1988
3207 3695
4191 5640
4589 485
5772 783
6401 73
6835 5720
7807 2400
738 3936
2674 7419
8037 4310
9281 7796
801 7833
4133 8197
1554 9964
7747 2074
568 6319
1112 9713
1387 311
480 7848
7787 8767
8474 836
9442 1153
8198 2837
5592 5821
601 4545
5793 1975
9233 5194
1990 1751
5495 7910
8928 8149
1113 9773
5127 4149
7761 7748
4323 4160
3307 1474
8585 707
527 6461
7590 2756
8031 1394
6465 6079
3488 3275
6376 4348
3863 2852
9946 1313
2079 4739
1042 2878
3872 3037
6199 3470
6264 5790
1697 2760
2210 9673
8436 2370
1132 8804
7779 9113
3281 4265
5613 9124
4100 3716
2504 51
6181 4095
469 1085
6955 5067
307 380
2013 1968
3439 561
9900 3193
7039 2180
3911 9417
2122 7027
4793 3671
9829 6886
7622 1868
6620 4244
3478 8377
8721 7344
7688 9594
418 1992
3403 5390
698 4849
4954 1992
1064 8146
4996 6039
1201 9734
2360 5214
4496 5706
9206 7497
7527 1819
5858 9193
1993 8374
6856 4570
5914 3306
5318 7734
7810 8174
9287 8266
6416 5311
4895 9193
1417 9699
3757 3675
3849 7821
9426 4251
315 3903
9713 3783
7332 1315
6172 6286
9466 541
2525 1094
8852 5574
570 51
460 6103
3759 8642
973 1694
6575 5825
8695 7736
7793 2216
9190 6721
2841 2041
4806 8046
3494 50
8789 9565
2751 6304
5727 3966
3167 9111
5041 1557
1549 1283
5482 1002
5129 8043
1056 5705
2171 3398
5793 6878
4280 1790
5710 7320
7854 7863
5941 5117
3847 4649
6501 9794
6180 4965
2972 4822
7702 8253
4968 3061
5571 9460
3089 6649
2769 9662
5325 1431
9742 3563
9649 1269
4880 2245
2393 5096
8904 749
7653 7619
2551 3706
2670 7063
2394 4341
7049 7953
4880 2357
4933 9814
7109 94
6477 8405
1810 271
839 2703
3796 4791
8014 9926
5030 8256
9207 7925
7848 5783
5024 9946
2193 3152
1582 6729
4757 2839
1983 7088
2047 9464
7175 7520
4582 8242
4422 389
2836 1147
1160 5569
1833 5598
5861 1034
979 4743
3489 2682
6140 858
344 9952
7943 1351
6434 3296
4779 8079
202 839
1067 2790
2733 9264
3872 1427
4937 8325
1673 6107
9855 4717
3213 2698
3710 3524
8502 6579
5581 8211
6816 3074
1584 4150
2699 663
2352 5375
9184 9217
5512 2254
7361 6860
2426 4313
3777 6135
5145 7507
5375 89
841 3754
4270 7194
1241 1215
4899 5084
3914 2869
9742 4189
8995 2188
1767 7991
7255 4003
4259 4489
4625 9907
1769 8919
4629 6863
5728 4609
1455 4331
3401 8380
4138 6462
1922 9857
3907 1818
8616 3225
9735 6308
620 5765
1476 8656
3272 9381
7948 2148
7448 2013
5637 1267
7961 8726
4866 6777
88 53
7254 1895
2569 4824
172 4120
317 9745
3431 9443
7743 5556
3510 6173
9486 8790
1619 9983
179 1755
4258 5846
8773 1071
9895 4242
5838 7407
759 9311
4436 9877
3549 4761
6270 5362
9770 2883
4540 2335
6380 55
122 3029
8738 2011
5359 6118
9152 3035
2465 9583
2354 6324
6027 9700
5590 276
6086 1601
5025 7784
6546 7382
590 7137
7499 399
650 9471
4177 5531
5400 9439
4716 1812
4344 2140
1988 9396
2480 362
5504 4758
3279 9587
6191 6696
8359 3346
9824 2780
3676 8766
9406 5369
7337 9347
5441 5087
20 1200
3116 2184
4845 2071
6563 8665
3692 5643
6727 7880
891 7991
1542 3334
9546 3571
7132 6573
3470 3616
2128 9092
6115 9227
9 1599
6642 2786
1891 4092
7757 7324
928 2939
8451 3221
1653 9033
9528 6642
7265 1221
814 7575
5685 929
7613 6453
4084 1235
208 4970
2562 1684
2869 7681
1316 7137
997 4427
1468 1569
9124 1548
1963 9096
8198 9102
9637 719
2686 2692
5993 6345
4848 4416
9085 2688
6519 4375
9584 5321
6607 3077
7926 5247
7298 7980
3583 5038
1755 5288
3020 8539
185 7581
8651 641
2029 8710
6940 4573
5545 2354
2404 3248
8297 2508
812 3050
235 7582
1531 7256
2011 2236
649 5244
9123 832
5226 6648
5854 1035
3033 7453
2270 4544
2661 136
4649 1977
1255 9117
392 6345
5676 7506
3381 2715
1470 1991
6433 9081
9727 6604
7213 2268
5003 5472
31 3746
3505 6989
619 74
8211 4988
9543 3761
4445 9040
4017 6436
3235 4808
6045 8601
3584 2959
812 2743
1670 2555
3261 1749
6882 2499
4653 9152
2440 2748
221 6280
5588 7601
2790 2419
7328 9649
7271 4677
8256 4398
718 4493
8714 6787
9515 2786
2276 5636
2549 7467
9930 4040
1431 5531
6207 2763
378 3163
4454 1838
5874 2256
5407 1004
2930 6264
6514 6582
1747 9980
3265 302
1837 2126
7577 1642
4621 2836
5284 3303
7022 6149
213 3270
6557 3342
5285 3624
6456 611
73 7596
3942 1877
9520 7258
446 7828
6578 928
5156 7053
7804 892
4290 8634
4935 7178
6148 2535
1572 9164
5976 7121
7189 4234
4228 1161
8868 2566
4863 2878
324 1183
3230 572
7477 8567
9185 2081
4939 3044
1625 7794
9677 9163
4189 4491
8087 5014
8407 6838
4069 6985
4261 21
3811 8682
5465 6978
6161 3965
3654 6344
7046 2002
3801 8631
3194 3998
3256 2125
406 8403
8244 7770
5856 2104
1627 9649
2684 6097
7593 9391
6390 575
7804 6187
3122 9883
2072 1319
1157 3214
3674 5175
1703 6724
254 2125
6916 1164
2386 8706
7705 8186
2674 4869
5519 9500
2155 1068
3276 4540
4409 1605
7328 1326
4452 6388
7442 9807
1599 4049
8686 3978
4688 7694
7370 7095
2890 4244
3915 5135
4057 2083
384 4188
4455 1041
5119 1166
756 5584
4093 7686
5522 8558
4325 2099
324 2250
2556 2088
3560 2766
6905 465
8352 8058
2728 2034
2710 5257
8735 4939
5783 8609
3594 3169
381 7325
6429 7672
1474 946
336 5387
512 4372
2400 1019
5127 2252
1714 1004
6559 5835
1943 1413
3590 8614
8193 991
5150 2688
2022 7710
9291 4075
5291 7349
3213 3169
1433 1596
8937 6753
2603 5341
9133 1462
9449 3270
1306 8157
6695 449
7891 4045
5335 9240
938 3388
835 1075
9559 5683
5722 4272
2726 1490
5963 4167
9529 7658
8729 9240
6845 5756
629 7453
9026 1423
7145 9804
5462 9184
4767 2241
8457 515
9452 3989
4921 8727
2395 4869
1364 7871
1000 2192
1993 6596
5937 9595
2913 6588
6772 7387
5450 3740
2754 6877
6729 3748
4029 9435
2279 1189
561 2103
25 1741
1443 1186
7179 2886
8492 7748
1157 7552
8634 813
7383 7503
5910 2343
6356 8070
2779 3003
276 1049
77 6999
541 7041
350 9109
5763 9693
8494 4151
9673 7183
5890 4107
3867 2264
4666 1021
7307 5628
3974 54
8212 7475
5504 9301
1204 4137
9604 5209
9140 1785
7476 2649
5580 7327
8445 5378
5968 1228
9437 6349
5362 4596
879 5520
5677 9216
8019 3127
7346 5271
3583 9767
4506 2818
9019 1695
1916 4370
7593 2771
4844 8572
9034 5816
1467 7625
5596 9393
5076 1175
3679 1590
3213 1824
4166 3142
4045 3505
5333 8073
7114 5668
5365 1607
7714 3302
4322 4920
5102 400
6903 5127
3688 9813
4940 7268
6861 8588
1648 5710
9068 8137
6843 1607
1126 6825
5959 3870
695 481
4199 623
2638 5281
8357 5728
5586 4279
6712 89
9859 5595
7911 1937
4978 9121
7080 5140
4150 9813
5081 8205
3111 119
1785 1983
5199 5159
745 9155
5884 588
6968 7900
2675 6984
4492 3381
1838 3718
5411 8956
176 9521
6217 7907
1521 1168
6158 362
1307 2771
9184 1805
2495 7785
4280 2417
1404 4867
86 8556
2985 9627
5277 4116
794 2751
1401 1716
4346 7619
9935 7687
5347 1944
9775 5069
4430 8316
7070 5822
6204 6385
3105 4922
8930 2086
2625 8042
2925 5505
628 3887
2231 5947
3898 2801
38 2688
4152 706
6333 2919
8221 5988
1252 6156
2591 1362
3007 5318
3472 6017
6633 7640
4718 1556
4648 7725
7326 1795
8042 7500
2989 9759
3660 1798
822 3373
7445 7840
2229 2087
1029 4026
9776 4479
390 7682
7923 649
7078 7903
7717 3583
9126 2999
5079 9435
9473 9519
4817 9515
7988 9890
9129 4056
7585 5052
2690 9955
3674 4292
5643 8600
9581 302
4545 6282
1955 2781
5568 9703
2220 637
1695 8970
9829 5089
9521 71
5900 8348
3754 2863
9123 4349
2277 8248
414 8698
3710 27
2351 4094
8996 1812
8695 2132
7176 4633
9544 5610
1989 2798
8518 1740
1649 7904
3381 8507
1278 2242
8088 7122
8203 7288
6578 5860
6060 4014
8384 1865
7367 4465
9140 4520
2174 8677
4392 7197
1532 4670
9799 3203
1605 3309
3441 5831
2527 6568
6210 3194
8101 9055
12 3195
8543 232
484 6010
2911 6404
1839 4167
9849 785
9999 81
4796 6413
303 9536
4995 3933
4283 2242
4301 6197
1018 5543
5926 4655
5698 1578
6895 1356
9045 2689
1634 2623
2297 5625
3388 6683
2555 8009
680 2842
2985 8032
6399 1367
3077 4622
5604 6838
9050 1618
80 7154
8696 588
4329 7433
4706 5837
3995 7640
1916 6706
129 4749
5072 4350
4063 4737
8247 7264
1513 6174
8138 3940
2162 9939
7521 4569
5651 3558
3347 612
6746 4827
6021 9659
1792 6851
79 6049
5258 1459
510 7902
9506 9902
2943 7139
6792 9410
8957 575
3038 3589
6486 424
9932 1221
186 2432
8536 5839
9676 3142
7935 3305
3817 8291
1005 7820
3979 7572
2349 836
3794 8231
7790 1256
7459 9674
3230 564
9443 6735
1729 1199
960 1590
1534 7442
8128 9854
2820 7166
947 2462
2416 3839
9339 9854
3741 8203
8663 3745
5751 2612
6310 2992
3077 4391
8155 7343
5215 7964
2399 8734
5770 4044
182 2669
7506 4187
6797 9562
4607 2078
5963 9551
2886 4097
1585 4916
7114 5031
5010 2668
2949 3899
4068 2154
8619 7975
8050 1071
8408 6980
2309 774
4793 5305
2423 3762
2125 2586
5759 9445
2530 4313
188 7958
1261 7688
3130 4236
3436 1217
2612 6284
1290 1904
5053 8771
5943 3821
1544 466
236 4656
7045 9538
2268 3876
4260 8485
9441 9539
5004 7002
969 6606
4929 4307
268 2520
5132 9027
6098 9008
7860 6361
7539 5352
1034 4817
8361 7287
9352 5283
4433 525
2092 8665
871 3871
2064 8308
2447 2384
1647 2628
1695 4705
6308 4205
8015 3356
9370 4302
1988 301
4264 4909
3874 9356
3386 2913
8696 2019
4177 9688
4542 3614
8027 1215
8399 4740
6045 5544
7493 1454
8789 435
3994 7473
6364 7180
8933 144
8418 3519
5974 9733
3256 8314
2159 6172
8372 5147
3952 3141
4285 3383
9960 9625
7684 5049
3054 1172
8888 5010
9863 3011
2760 2611
8988 3308
8350 1175
7576 3686
7917 8767
5282 7297
6399 896
9024 513
7200 5131
5971 6545
1433 6955
2198 250
5333 2192
4505 2899
4319 2291
5759 8940
3906 8741
5494 8636
9455 2460
658 788
4941 8416
3936 2608
9783 7086
4528 7303
9656 9374
3561 5783
9509 2803
3603 4419
3638 2981
6792 8932
9178 3152
6402 6347
339 4788
430 5807
2193 5993
3095 693
5862 9048
4569 5118
7599 9259
5225 2394
5638 6094
221 208
5438 9636
3164 9693
1108 7689
6724 5541
750 9134
4256 9317
3468 1087
1018 7015
7384 3705
9713 1598
7916 5960
8218 9377
1347 1445
9199 516
4889 6535
3437 2472
3657 6823
2904 4865
4812 4122
719 6830
598 9725
9049 4501
219 5589
8888 2312
1766 4593
1415 9451
69 6730
7072 1324
1167 7053
1069 8713
5536 3707
5810 3359
8700 3182
9291 7258
8296 6127
9332 9665
7823 4141
1306 3787
8161 1085
3641 762
1476 6730
6325 8467
9385 6560
1355 1700
3001 772
8701 4595
7015 9577
1993 2845
6018 6594
4237 8394
2131 6235
7108 8956
4969 1785
9132 6959
8603 7456
5894 3238
7913 7674
4838 3663
7848 1325
8521 5583
2040 6100
6070 744
6851 8693
7669 3807
7085 725
5191 9790
6114 2253
3025 5413
61 8357
5342 1496
977 7528
6290 4986
1557 1426
8181 4495
8747 3768
393 7360
9614 6114
4468 9965
3970 7373
4419 5122
8019 5903
6196 7031
2843 9121
3900 5949
267 9919
4359 1211
8841 5159
2734 544
7012 9404
8811 8443
1705 4551
7436 7335
118 8071
5985 3089
9154 9453
3071 9090
3610 4679
1914 6549
4463 3951
5070 3753
888 9802
3133 2139
9631 6676
9412 3283
9726 3253
8427 1984
8093 5803
859 5688
8791 3848
5660 3882
7853 7107
5297 1368
6427 6776
3884 4465
6601 6883
5770 8337
6931 1386
3394 8081
3780 5369
6362 3307
9379 8801
1993 5303
766 5442
2233 7457
999 8627
3426 6517
9492 5970
1642 9896
3036 9313
690 2092
1998 5150
6069 9936
4418 4756
448 8426
1738 4262
2525 4148
8829 7733
1442 2027
8787 4078
3541 836
1557 8504
9236 4179
4280 4074
4750 6760
9852 2242
8754 6096
699 2412
5783 1294
5012 9132
3676 3125
5679 4724
1178 7127
7954 1632
2387 9721
6514 8157
383 4120
3966 622
6547 6350
14 4709
3416 8705
2030 5993
2085 4698
1206 6862
45 2400
1604 2026
3114 9569
9846 7095
6704 3065
5722 6795
6072 7314
8050 9520
4740 6686
4387 8601
1673 1891
1601 9395
3524 7808
3495 2468
2237 4359
5013 943
9790 533
5453 1885
4547 2254
6029 4853
6387 6045
1273 5644
6508 3756
3797 110
5002 863
7193 3233
5701 6056
3403 719
5546 5507
1350 5386
3446 981
7271 9507
6985 2760
5721 5449
2198 6234
9215 5139
4982 9813
6080 5215
