9471
62873477
1921 3238
6793 1528
3854 3445
3568 9695
1064 4931
8979 7546
1916 8487
1869 4894
8178 2397
5204 1260
4021 3137
85 1392
424 1447
1833 9721
941 2029
8474 2179
4008 629
403 265
2290 6241
9826 6682
3283 6934
785 3091
9061 6314
9568 9504
1013 982
6269 501
3680 9032
7705 7479
1014 5774
4887 4786
3564 6932
1422 8888
5703 3515
4390 5273
2379 6875
1502 6556
5056 2212
8417 6208
9168 2228
6793 5296
9826 2076
9638 2284
2889 5173
8898 5048
8187 5007
8473 7241
6738 5983
1932 3624
4026 7332
6746 9901
8601 6611
882 2260
5732 7869
6963 7825
8685 21
1983 1006
5617 7117
8360 1078
6770 5494
7298 5033
5431 9952
8584 7539
813 1062
8032 6788
92 7316
9016 7805
5070 8626
5221 8697
1385 9615
9253 9064
3179 808
9375 2984
5984 712
6605 9024
6120 2327
9881 9669
2194 1060
7283 3563
8210 9578
2157 5273
8446 9092
2744 2093
8590 8551
1882 5659
109 6945
2699 3371
5654 7253
1615 6978
8998 5480
9805 6681
5409 8596
5605 6913
9244 3764
8474 9250
4782 2454
3083 1555
2858 8182
2038 1499
4186 397
6442 6261
7838 7926
5964 304
6918 4306
3493 9829
4253 6920
1962 1701
2651 6903
6762 694
8322 9665
3433 389
5835 1369
5671 4569
8828 5064
8134 3526
280 5530
9853 5806
6890 8610
6727 501
6855 8894
5490 2205
9187 2484
4101 6947
2039 597
3184 6105
8340 1731
7625 2144
9270 8508
5006 8410
9252 1510
2579 1180
6284 7836
7894 3810
9942 4968
9284 542
2016 7284
9660 8284
6712 6204
7060 3638
8922 4093
630 8654
3485 1054
9906 4049
781 80
3637 7442
4152 9979
8974 956
7320 9763
6276 3758
9564 6268
5930 6167
8591 6757
8141 9507
4522 8036
8276 1345
4949 4603
2406 1355
5883 3088
3561 386
3098 8406
8890 5207
2631 2025
4688 7935
2428 3541
6115 924
6681 6060
559 9537
7561 4999
2354 1086
7359 7217
4199 3819
5492 4203
1936 5092
7585 1392
5525 8494
8662 2939
2473 3052
554 7112
5449 5655
2264 2287
2062 3733
105 297
3250 1948
4938 1943
2469 2209
8593 5683
9229 1897
8435 9143
8238 458
8488 9125
4870 4554
1148 1889
827 4223
9837 1477
7877 7871
2158 5893
5086 2853
6990 5044
8004 5120
8558 9226
1158 9185
57 7263
1630 4940
730 8473
6714 8699
1819 825
5821 3234
9946 2021
4733 7595
8408 7604
8110 965
552 1773
842 8679
9660 8046
9678 1430
6943 809
4491 2913
1678 7421
933 1283
8863 3746
4462 6665
495 7913
9630 7021
1635 7691
8165 9860
4 2709
4815 1863
2352 8962
3151 9051
7813 8107
6148 7578
6930 5822
2020 150
8830 1973
1348 7492
9531 9343
4863 3578
3866 8844
5799 9792
2592 687
2308 4670
8407 7069
6513 5631
1359 6101
5808 2975
5589 1778
9542 4451
7237 2178
5544 6924
8373 5156
9311 323
1677 3223
7334 7123
3007 5484
1410 8027
6101 2333
9139 4725
9474 1978
5709 8489
5425 7263
9528 1637
1215 7463
9070 1573
7497 2859
975 7469
9749 3277
8326 8261
1600 6081
3580 1075
9804 866
1365 8863
7436 5675
5035 5395
9369 713
5990 9447
7686 4840
7248 4166
859 4016
5831 3071
1368 7072
6740 4318
3518 2316
8852 7932
4161 8627
4736 4923
4062 1023
9738 9279
5313 1490
5068 3577
1297 7992
2854 4565
8049 1950
1849 876
6920 3089
1537 2121
721 1233
1093 914
3117 4080
2828 2871
8836 2762
332 1783
8528 2903
7289 6381
1624 9064
8415 3338
3255 9543
6109 7421
8085 632
2437 1823
6719 2406
1200 383
3176 9508
5387 911
496 7960
9423 3215
3378 1968
7219 3831
6655 2648
4713 9243
8529 908
3269 4087
3904 2039
1180 5308
3828 9086
4234 9845
9377 9072
2939 3336
2186 6376
2971 4133
3334 6329
9361 3994
641 9932
7931 6400
6884 384
4998 9513
2034 8923
7368 5581
9034 6761
5672 3310
2410 2562
7926 6964
8116 8227
9245 3801
5103 4424
1375 5994
7555 3602
8507 9685
1784 8612
6438 4631
7070 574
4622 7726
6159 6356
9974 9865
9118 9106
7444 9122
8449 5903
7757 3470
6129 3895
8533 885
8596 818
7104 5241
6509 3482
667 6342
5002 6306
6924 2329
9000 9722
8225 1616
9810 4066
1930 6143
519 6615
8206 8934
5189 6926
6686 5345
249 9388
437 4743
9626 7039
9647 1774
7071 5986
4632 2794
3681 5160
8204 5071
7252 6668
2726 7433
6317 2408
3328 514
2633 3584
9897 8651
6763 2146
2476 5652
7080 8407
7028 6176
9157 6238
40 385
1847 1943
4082 536
3984 1492
7787 839
3510 7532
7828 9304
6959 558
6474 6317
3520 3846
8227 7685
4215 385
7921 6219
6178 291
6555 2341
2020 7043
3858 3329
8487 6190
4025 714
653 3326
3067 8036
8110 6330
5266 7342
3378 8486
7619 5944
8919 6352
8843 3799
9309 1953
1066 1451
7654 6094
4890 8073
8698 3588
6719 5577
5338 8238
168 7822
8315 6157
1601 2751
6640 5455
8359 6621
7963 3376
9993 538
729 9426
776 8343
9187 238
6849 4093
2834 75
6865 2681
8120 9487
4257 4637
4943 6586
4243 5336
1775 9621
4841 6003
5366 7378
4587 2613
8741 2645
8166 8705
4206 2255
2801 4293
362 5719
2484 1143
5663 26
203 448
1904 4174
7598 3645
3262 8651
8710 2907
695 9746
7242 3761
1952 3827
9414 8649
691 1180
4149 807
472 9984
3711 4059
9698 5945
518 5972
719 3086
1369 4046
6798 8517
8418 1832
8302 7025
5140 7874
6926 1538
5387 3228
78 7995
2842 2016
5158 9917
5827 6829
4161 675
2882 1675
7596 9069
1099 9225
5742 228
1192 9900
4311 1716
1116 915
1809 1605
9197 9719
8431 3472
7086 4836
7748 1836
7234 7227
2091 1543
3834 4476
9517 371
2687 6324
5615 1042
7438 2181
6523 5905
2746 5850
8073 849
6705 5457
5379 2856
5416 650
5469 7409
8542 4498
9716 9971
7058 3849
3572 9047
5481 526
837 3728
5735 8366
3288 6699
2620 3613
3457 3823
4221 1934
491 5211
1454 8633
1033 5435
962 9926
3656 6358
1918 9419
9095 8750
7935 8471
8509 6075
7672 3586
8746 4652
532 6987
1689 6321
4525 173
2003 1012
3024 8243
5469 960
6534 261
1302 6507
7682 3089
3696 2772
7546 2257
2050 214
5668 4787
5312 4604
8615 2697
7744 8365
3724 7712
1349 4052
5757 4591
7969 2894
8023 7513
565 3650
3286 2699
8543 6443
5354 4438
681 1025
8789 649
5590 8098
9268 3001
9081 5112
7426 3007
179 4954
9411 7075
5369 7850
9254 3115
3430 3704
8972 2466
1042 6335
2132 7983
6060 9291
5250 6876
9153 6123
6417 9951
7205 5932
4331 5999
4755 914
3750 2697
657 1548
8781 6416
2246 6154
4613 5197
9308 1904
3021 2784
6660 3811
8848 8050
4211 7822
5929 5703
9863 8386
8073 1767
5289 7036
4447 1233
2061 8981
4408 3606
2801 873
7390 6498
4514 2889
9885 2326
5420 198
4682 6504
4846 6910
3324 7814
1096 1532
2994 9501
5423 7640
4974 4361
4462 5756
3387 939
2762 6106
745 4663
6777 2610
6091 6329
71 7617
3773 791
2471 5403
450 6202
5979 9865
8692 6808
2437 3426
9611 1397
3874 5561
713 5059
1312 6763
8222 5476
6786 3912
7751 3221
2992 6849
5720 9556
512 9094
784 3873
4746 3706
5059 9043
2052 9824
7870 8419
3127 4621
1170 4919
6242 9810
9809 8496
7529 6400
6067 7496
1995 518
1107 1031
1612 3210
7936 8598
1802 5102
7701 4754
2849 5988
6852 5273
5935 7188
1759 1941
4597 573
9020 6065
8057 7327
244 3883
1788 5626
3386 8639
2449 5912
5415 2053
8963 8660
6339 4608
8983 3233
6114 5414
1607 2701
5366 6420
8812 3499
2859 1886
7196 7019
3030 8444
6524 1058
7749 2451
4024 878
7544 2583
4961 7608
9608 1283
6903 2889
553 2121
4644 6947
2019 1785
174 1464
9976 8303
9405 2972
8745 810
1474 1641
6039 302
1608 1783
9897 7158
3560 3309
9495 6011
2141 6157
3432 6024
7316 7379
4245 9142
2582 2087
9830 3644
7709 915
5982 4990
7676 5199
1665 5021
6615 9092
5694 8411
9606 2825
3087 6573
6086 9947
1306 9324
1832 314
8107 3403
7566 5452
9977 3572
9429 7307
7043 8487
4945 7204
3980 5881
1151 6516
94 9384
151 896
2584 2268
3083 480
6230 8868
6961 2044
978 7418
4524 1213
283 1956
2866 9683
9216 1375
8676 8800
3155 1508
8114 2466
2314 8691
7196 4996
1798 8736
4307 4468
6666 9587
2398 4546
7246 8676
5592 2402
4499 8641
3846 1521
4761 8789
9966 8216
209 9794
8 16
7042 1909
5076 4755
3518 5634
4603 2731
895 3042
4091 2578
6233 6375
6963 414
2792 9026
8933 3371
7372 1306
2251 1054
8985 5043
6476 9574
3501 4771
2570 8922
2719 8994
7251 7303
9090 231
5496 5058
7777 6762
3830 3272
2529 7939
6525 6006
670 7088
2468 5961
7440 4148
9646 6499
3198 757
8460 6557
3825 3793
359 9937
3664 23
3732 6040
5902 7245
3039 8662
1415 19
7293 4943
2727 8867
337 9478
1359 3504
4855 1847
4007 3649
5558 9309
2002 4564
2003 5141
2978 7691
5493 9998
7463 5524
692 6714
3243 3642
9871 2777
7431 9521
2531 9017
9480 1118
7909 8241
8420 4816
2254 5589
9827 346
4192 480
9817 2676
5963 5004
7241 1850
6131 4092
6581 6709
1205 7203
428 3583
2967 2951
2408 3271
6821 1247
6669 7664
9504 1496
9711 1528
1106 7082
2655 3741
324 1838
6142 964
5002 5954
5846 5170
2966 9715
5256 1619
6828 1744
1030 2501
6333 3432
4390 3198
4784 8249
1895 3928
8191 7599
4236 3579
8348 9398
1934 8085
5959 9105
7896 9672
2195 6897
9653 2178
1472 1122
200 1040
8940 9500
7825 1427
6029 5827
121 5147
3324 5568
7873 8411
8222 3645
4725 1174
7233 5247
4666 3659
3725 9914
9387 9211
6110 2801
4354 3491
8034 1884
6159 6737
3364 3640
1867 464
9070 5757
9228 4523
267 4320
5120 4384
2537 9455
6738 8088
3538 1393
5374 3046
3182 7347
1831 1510
808 8831
7063 9303
6148 2920
3512 1567
4089 5452
5607 5245
7552 6482
4676 894
6823 4187
1180 4438
6204 3115
5819 4453
2308 4667
7721 4590
7072 6899
9513 3912
8952 8066
6444 5956
2029 4261
239 5502
2839 7608
3682 3069
6197 2622
7427 7037
7713 1910
8620 1059
3476 5394
3092 5769
1060 1985
2853 6822
2322 9648
7312 4750
852 8303
3342 7396
3009 5261
4937 4594
5673 5374
829 627
7101 1231
3866 7453
8866 9554
5708 3036
5170 3960
6974 3029
2537 6956
4112 9966
5322 5024
9875 8770
5449 1018
4151 8435
1910 3924
3678 126
2613 815
2700 5322
4147 6361
7347 7832
4625 8933
6173 7148
524 1806
4933 6044
7755 570
2845 5969
845 762
3979 6250
8226 4279
7588 4207
7838 6530
6867 1396
3451 750
697 9993
6064 3458
6952 4140
4700 5707
2449 9112
8773 9920
5366 3922
9561 9880
8067 6068
3195 8137
5069 5292
8769 795
2937 197
9935 4954
7671 6544
2756 7696
7655 910
4046 3012
3524 4681
7763 4143
9181 7623
1870 4063
2612 912
6213 309
5253 3058
398 1480
5654 9988
496 8717
9407 4855
9318 656
7166 9326
7612 1934
2807 7223
9017 7875
7254 4689
6231 3007
5864 9349
8461 4519
3345 3484
7916 4655
6611 8576
4114 6837
8938 6738
9721 2689
7751 9950
6430 1131
126 2695
2012 4567
2383 4927
8376 3083
5283 9932
6078 9702
5735 2929
4 5648
4045 2485
7752 7266
660 5522
7923 2797
8386 770
6704 1625
7587 5299
4707 8714
8833 9736
9415 7330
5573 9892
8627 1439
1143 210
5273 5067
3103 6360
2598 1046
4111 1760
7555 5692
5670 6362
136 5120
3217 7771
7772 7855
840 3232
2788 3058
3431 5363
680 2408
2618 5014
7447 6608
2797 8414
1596 7218
1345 3884
5625 9853
354 5509
9337 2066
2310 8006
2678 6945
8652 5681
5005 8222
3174 2723
4245 3546
9330 791
5559 726
4624 719
9149 1394
9860 3281
2273 2165
4123 6492
5856 4605
7160 5175
4176 2793
4937 755
2152 471
4631 7750
7282 8387
4517 1837
8051 6678
8880 7102
3390 6059
9615 6319
3950 9896
8860 1756
3625 113
5212 5984
9018 6006
2907 347
1717 7679
27 3138
6832 2052
5702 4125
8243 4490
4818 96
281 1390
7515 1566
6269 4644
188 4495
2680 5546
9504 1844
5479 6334
9711 776
6585 2209
2437 5780
1567 6679
1525 2935
9346 4512
5774 578
8586 798
2151 652
6705 2306
30 3144
1797 3935
5738 7490
1927 8535
942 6746
1250 3981
6036 4905
1549 3931
7381 1525
5087 9147
8076 5491
7711 9622
2513 1202
3008 774
3952 1902
1066 4481
3517 2166
8417 339
9000 888
770 9874
3259 4419
8037 479
2943 909
8963 8711
2500 8694
1983 1882
7799 5647
9936 2201
6949 2756
2333 3716
2519 2771
9556 484
10 8374
5586 1948
8454 4962
3877 9803
2790 8653
6794 7809
9341 9224
2988 9011
9337 9158
5148 4382
6443 7503
1407 1145
9099 7154
5215 6337
2531 8419
7344 3310
6675 3860
2171 2389
9039 9333
215 9061
589 7115
9565 9526
7661 5644
3909 1230
1223 7775
8424 7464
2625 6002
7691 3714
4643 1544
7751 5631
3507 2296
9805 6144
4751 326
4282 3755
8073 6692
7060 6553
9057 8442
6891 1810
1376 2007
4002 7278
6073 5933
5689 3114
4017 3672
4035 6981
7603 8709
2367 346
9341 6776
4109 378
8633 7031
3040 1884
7844 285
1636 1686
5395 5736
1815 9027
4105 4856
6239 1859
3196 6196
7476 7542
3525 1539
9443 5593
8472 815
5607 1489
6503 4532
5816 3077
7188 9160
811 1194
5410 133
9588 9184
9466 3459
4828 5503
1186 2458
7516 9725
5539 3103
8844 5734
4241 94
2092 4032
919 5044
1653 8722
9709 9808
134 1609
9703 2735
9941 6255
7313 822
2857 5932
2265 4420
7545 4363
3087 6071
7966 1142
2041 6928
3707 7583
3780 3041
6203 7714
1043 7966
1377 3225
5091 3176
5475 8832
862 8582
1979 3319
9314 9422
9584 9930
6487 5803
9184 1439
2008 8016
4651 9315
5077 1428
8260 9798
6450 2585
2955 9466
8407 1372
6908 8826
6545 6983
7225 1044
9226 2998
2199 1099
7713 8492
1227 1782
5353 684
7512 8814
5852 3061
1659 9448
5820 8660
6041 7840
2212 4712
8447 6284
3268 6343
7112 1238
9893 8067
5807 551
9535 7664
4929 1460
519 3813
1601 9564
2403 3446
1127 8637
9984 1868
4810 7427
5015 6879
2307 8214
9068 4289
1651 3387
8001 6037
684 9571
6992 1308
6685 904
2354 5731
7959 2556
6450 3753
8650 1843
4117 6961
213 1471
4610 2974
6353 1208
8733 7394
5000 7064
3484 9665
9740 4297
716 8278
8941 1382
7624 7036
2648 5502
9668 1574
3860 6757
9957 764
18 7929
5810 7511
7220 2878
1345 5672
4767 4805
4131 4533
7348 4286
202 9061
7309 303
3415 8673
6141 951
9604 7027
3243 2425
9307 3406
1032 3322
4680 6053
3553 4027
2054 1569
7441 3793
2870 4583
7947 7143
3292 3484
6261 8436
4891 5759
7033 3588
7899 8075
1570 9588
8682 2061
1440 4595
8260 1629
5051 7556
2618 6146
9028 5079
93 7801
2623 9304
7455 3266
4558 6908
8624 1570
5877 9446
5665 6919
3128 8052
4120 476
9662 4141
5092 5966
6475 1079
6562 3182
8408 5084
5758 9810
4486 9653
2951 2047
3188 7712
5307 9594
6779 8198
7701 9272
3726 4512
2634 7168
4122 6887
6987 8925
6134 26
1484 3897
6715 3295
9362 7815
7897 4080
6433 6038
2243 2350
4290 297
9133 9953
9050 2242
8943 8276
5950 5897
1662 59
434 3021
5992 6269
8455 4930
461 3325
5995 7998
5599 2348
5338 5294
8247 9216
590 8128
592 1301
1391 1562
5577 9497
1260 140
6415 9390
3501 3411
9702 6483
4960 9949
5363 4660
519 1382
762 27
3502 1356
5253 4868
4511 6137
9460 5226
5853 1403
5354 1143
428 9650
2591 5151
2846 8747
9115 555
3316 9703
1737 8208
4529 7214
9232 9088
475 7363
5318 3588
2400 6342
7339 669
4654 4918
3901 4178
4234 7462
8158 4525
3743 7601
5838 2796
7695 478
7336 7435
6320 9281
1991 5271
1923 5010
3011 7314
1245 9277
3004 4641
6395 7119
9643 3071
4468 9801
9362 7926
4388 9797
5679 9003
8817 4268
2250 6332
577 2375
5288 2602
3004 5228
756 4791
8456 291
7013 8326
8656 1254
5325 550
245 1355
2176 6856
6690 8851
2842 1123
1020 3165
8849 8379
8946 493
2708 4275
5115 5021
7566 659
7937 2746
9594 8634
9397 3059
8090 1138
6351 8831
3447 8667
4320 3770
1420 9875
7120 5278
2164 323
1156 7160
9865 2612
8978 8964
9879 8206
7222 2006
8729 7925
2433 6928
9652 5596
1903 1920
730 4363
3532 12
878 9592
6402 1939
5530 4400
5923 114
8849 6397
7113 2500
9535 8006
7706 8605
1862 1653
9527 6675
808 4797
5136 605
4058 3459
7208 4579
7878 1317
726 5985
6223 8558
6677 1358
7036 1522
9462 9629
670 3615
123 6491
9890 446
9417 97
8603 3992
4464 6680
2422 7014
3307 7149
2079 5219
2905 9158
5903 8328
5390 9936
8433 660
8297 1692
5570 5462
4163 5970
1794 214
6221 5559
4152 2787
6539 2001
4387 4280
7787 4762
1304 3667
9652 8887
9567 6752
9536 9424
6077 2375
501 2883
4471 2529
7648 3120
3438 2665
949 3335
3063 8835
1125 4133
9654 8984
1303 574
5204 6585
8027 5929
9272 2041
9624 5844
7148 9375
9224 9654
6632 7362
4242 84
3298 5647
7489 5032
9442 790
7783 7515
8617 527
1376 3929
331 8746
673 186
4408 6702
8305 592
8322 594
419 694
5661 3476
1994 8769
7419 48
4826 6113
9977 1097
9276 7685
8315 590
9073 1962
1461 8398
2677 8612
2255 2604
3430 6070
3609 3158
1379 6417
418 2891
3821 7172
85 4537
3679 721
2235 1986
823 9789
266 6933
2787 5043
7151 4534
5277 6720
3575 8592
3160 799
8401 6979
7481 8544
5324 5354
282 4813
2389 2997
3762 2100
5781 1519
2767 3416
8061 1692
4157 8302
7231 9794
222 2272
3853 9318
4981 3238
2175 6911
3309 8464
6226 5565
3839 9931
1643 7597
8007 6568
7790 4603
2545 3719
4486 1915
1159 7673
5488 4633
8062 1362
9905 7824
9849 4291
2073 2014
5353 4354
1628 3043
5107 9135
557 4807
6722 5748
664 5867
5217 3212
460 8371
560 2785
3100 3730
2966 3757
812 5927
4574 84
3277 1611
9994 7312
4014 9734
2438 368
4045 5639
9614 4177
2279 9996
1193 1376
6068 1279
9079 2489
6470 4012
7185 2939
3424 8254
8172 8581
9246 1248
9021 2878
9516 5759
3479 3624
1808 5109
340 2711
8900 452
1868 3849
4969 894
3000 2938
517 7470
1746 1703
4680 2014
5446 1864
6382 5368
1028 4438
7876 7130
8471 8415
7310 7359
6517 7111
5574 3998
4227 9226
486 6262
541 5892
4668 604
4026 518
7143 6097
3847 2246
7243 9326
3223 2186
5398 6608
3624 2650
9108 5791
5275 640
1640 2466
5716 3383
2296 1808
466 8316
3250 1916
3905 2952
4506 1063
2658 4634
8012 736
9597 4598
368 2226
9202 7350
5658 4122
4517 4652
7546 2881
588 3858
8893 6581
5953 6323
3313 884
437 3300
3115 3680
1701 1040
7282 3966
6743 4754
7778 5609
6379 4513
8388 4226
5443 3031
6839 2413
573 5864
7152 4725
7895 3041
1026 4625
6504 5423
5928 2842
1598 3131
5145 7459
2671 9923
6677 1350
8524 8097
7879 4315
8749 3515
722 1195
631 9377
6193 3084
7930 200
9828 7294
4318 6979
145 5593
1637 5559
8527 795
3712 1780
7268 4737
9152 5005
2721 7068
3590 5130
1199 5799
9906 9088
4000 8052
2418 5325
6334 848
218 5673
326 7298
5517 7458
2628 9532
736 5637
7423 4345
1751 3180
5144 202
5880 6853
2987 4952
7857 1224
6545 689
3796 449
3239 3023
2257 1908
2309 2089
4765 1281
8751 2969
8760 5830
519 2401
7650 790
9833 3864
9851 1296
2278 6891
2082 3207
1517 6550
5168 9250
84 9621
516 3118
9889 3643
5762 286
2917 3144
8946 8363
3967 4274
3084 1076
1262 4583
2034 5029
3113 5145
8244 9639
2817 2449
858 5726
3039 3066
8697 5556
4845 9200
3753 2436
6558 7349
8782 1378
668 1270
9614 3817
7913 1093
3465 1283
473 6476
5845 2984
6761 1106
7393 1430
9311 6790
7939 912
8044 1028
4781 5080
7221 8436
2068 5562
2058 1660
1760 4892
4883 3404
7317 3419
6136 7802
1919 5082
7305 9022
3777 6980
2624 1691
955 7922
9014 2380
7515 6076
6444 1507
7994 3192
2917 4966
2426 8389
7918 7636
2587 8845
5689 7033
8328 6436
7718 9761
2977 3149
4825 5235
9819 9082
9180 4299
4566 659
8707 7296
9056 1711
6899 2263
9757 2240
9606 8421
6034 5203
4469 7967
3384 6999
3104 3416
281 7473
108 7973
9424 1544
4070 8281
5357 7306
1231 8760
1785 483
7092 9878
1135 9896
5838 4231
205 6105
2372 5173
4111 6818
7157 871
8380 1111
2457 4484
6981 1051
5516 4918
2953 5371
1540 3821
4390 9631
6405 3525
3338 4929
1612 1323
8176 9156
3998 3818
2167 8710
1633 5524
22 8412
9007 7063
6451 6940
7764 5272
3868 9523
9539 2640
7345 9842
1598 4628
8254 7077
3441 831
8087 4282
451 8919
8239 5562
7599 8383
8142 9461
1905 8077
4708 9458
6429 7118
8445 6665
4782 3102
9216 733
6304 8352
6682 524
3362 1784
9852 2534
4417 9671
8692 4132
2004 2719
8556 4937
705 9938
2506 967
8069 1198
5410 2219
1980 8824
8830 8337
6926 1625
1338 7050
6406 3219
7351 464
1317 24
8880 6514
7107 7179
4038 6795
668 5085
3573 7410
4431 5421
3980 9634
4864 1578
9069 8966
3801 7973
3369 6668
1487 6397
9184 6358
9870 5318
5253 5048
5541 2860
4571 716
2387 9924
2353 617
9966 6797
9106 3697
3280 178
3483 7440
1875 3890
9759 2355
8700 9163
8063 9233
2831 2125
3141 5641
7682 7005
1332 4230
3945 3935
6420 38
3576 3014
4975 719
5336 1579
2535 4480
3876 502
4505 4915
6573 9697
7894 4751
3189 4493
5355 5609
2043 487
1899 2385
4009 3479
5910 2559
2328 1284
2032 3677
3700 13
8240 9330
1884 2817
9607 8149
3824 9044
797 2316
2599 2091
3402 4002
5544 4459
745 4373
7543 6660
1151 3456
181 9085
2313 2107
4090 3337
4081 5727
857 1140
8990 621
8978 9187
3497 2975
5641 7405
4402 4708
814 1447
5998 6639
145 50
6418 9446
2752 5450
1982 5167
2289 4490
1215 1219
45 8666
1547 1967
8991 646
3300 8177
2327 2110
1283 2765
7622 7787
6194 6970
9673 8951
787 4171
1420 6418
132 5382
8094 1193
9586 1387
4920 9448
4042 1729
7262 7194
1265 9834
3224 2478
1874 4603
4409 1286
8679 6049
862 4379
6360 4629
572 590
7843 473
4364 8199
5385 9942
286 6925
1426 9490
8642 1532
7614 7684
4460 9397
6673 7330
5665 726
3025 756
8768 3707
4019 4327
700 6238
1350 4947
125 2117
2433 127
7028 7672
2357 2524
8996 6451
9985 8829
8737 1655
7590 6355
9813 1394
2491 4530
7362 1738
7848 6533
4006 4332
4524 2311
2107 4544
5457 1089
9236 7477
8350 7592
7314 1526
5813 8957
5922 870
1636 8024
4502 7795
2179 5509
6306 9001
4713 7230
1094 7387
114 9347
4152 2354
3883 5452
5037 3355
9986 8560
7761 6051
4594 3888
1678 4863
3304 9844
4204 8173
1234 6645
8799 1979
1244 4673
1467 5906
406 8892
9252 1895
2602 8204
2846 8517
7986 4748
8076 250
5306 322
2436 9358
5611 710
1560 2447
4968 5211
1798 5979
3841 7464
4599 5753
7807 9869
5423 3274
6118 6956
618 5411
9461 529
9900 9148
4565 9366
6363 2893
1486 8887
2605 9186
309 7128
2365 3417
7639 9285
864 876
2430 3102
7543 705
4226 214
3891 7285
7704 9961
5189 2807
9342 2249
4933 365
1452 8521
4101 1430
6945 880
9532 9465
5026 9760
2982 1390
3168 4871
2333 4704
2034 3078
3901 1906
229 3983
848 6230
688 6610
9296 3883
7419 9654
6403 2154
2324 2806
7478 7792
2793 7453
5451 7081
5791 1006
4264 1766
1210 565
8956 1595
7538 1108
9614 3308
8296 2826
6795 6977
6892 7137
3625 6835
814 1204
4970 3603
4981 5935
9172 109
7268 6071
4497 828
9363 249
5844 114
2614 8265
2116 1570
2087 7635
34 5090
6100 7993
1383 9175
2166 5031
2725 1374
4952 9051
3206 7636
7598 6558
2698 8644
8797 8635
3313 3249
4036 2785
89 5543
9194 276
1597 7922
9777 5524
579 2390
1543 1532
8255 9045
3356 9782
7891 1885
6367 5881
4066 3329
6389 3799
4406 9262
2094 5781
8543 7789
8478 6790
2220 3085
1510 2707
7016 1058
1713 9640
8921 803
9210 4083
2196 2453
9542 6246
80 4702
5707 6866
2220 9192
8096 4036
4599 4950
8112 8932
4333 9391
2099 4302
4880 1965
9643 3189
1774 7279
1549 7709
4475 7232
673 8801
373 3056
9707 2562
6701 972
7616 3598
6562 3458
203 7796
145 7599
8004 3825
1629 7789
211 4872
2648 8169
6024 2685
4827 9024
1490 3093
2810 5347
3791 1549
8028 7554
7313 4580
7974 8572
3779 2547
6885 3925
3882 8657
1540 6319
4908 4549
9337 4048
9915 6890
5536 4624
1684 686
2917 2083
4666 9393
8684 6382
9264 657
7059 9151
1233 2121
8614 7896
2042 8895
774 1865
3792 5655
2019 7638
8286 3054
3743 8117
3641 2743
1864 5846
844 1794
6464 4561
870 3921
9954 2353
1236 9367
7580 3798
8618 5813
4166 7675
3300 6814
995 3475
4167 1694
6020 5933
9063 9852
5629 7673
5930 5168
3137 9486
996 5522
7420 7634
6615 722
1105 4673
9463 7415
5052 6892
8647 7775
6389 3260
9820 6393
9634 6914
3265 8091
9635 6843
1797 9419
9021 9953
8045 6501
7594 6898
4220 9660
1560 9709
6271 7713
4574 1273
7029 3952
1107 9880
1240 5576
642 5197
2901 6230
9963 2067
4907 4990
8020 5898
2806 5951
1027 513
4146 3784
6885 3104
1452 8773
5474 7464
9576 4824
3908 3141
8733 7677
4897 125
8999 5638
7762 8262
7868 1527
8804 1244
6296 6595
4240 7070
4082 5755
3264 6929
7551 2149
7820 7029
6847 6260
8527 3477
2066 8857
9837 4800
5078 3845
5489 7917
6847 447
1737 8624
7254 8724
942 5715
8149 332
6314 5763
3294 1502
407 9672
1303 2824
1772 2625
1830 8345
2463 5017
3385 9941
4583 326
6316 5887
5833 1378
77 4330
7 6143
9047 9025
3949 4297
2800 2428
7942 9399
5988 1831
7216 8949
4360 8756
2083 8559
1326 3926
6136 8027
6294 3424
6063 5780
792 6144
2841 8818
7123 8124
2406 5911
6421 9536
562 9337
5451 7053
8373 9029
6744 6806
7660 6462
4740 572
1800 3130
920 3854
2231 2582
4570 2588
7807 4781
1629 8797
86 1303
3925 9217
6754 2755
4952 5663
8369 2553
5902 724
6822 4658
4036 1007
4840 3318
166 9418
3226 7994
2285 7047
8724 9436
7322 607
403 5265
5044 8757
6061 2166
1542 5515
7145 9231
8292 6514
2756 8635
5036 3500
4317 4994
7870 6372
1218 9840
1657 7466
1927 9512
4863 9493
3060 8097
5753 4528
6001 7854
5017 5647
1257 6924
965 8122
537 4397
9695 984
2279 3309
9720 8516
9780 65
3887 1463
9068 5297
4561 5777
5628 5476
2047 3451
8930 7721
6464 5518
882 6730
5123 5465
1672 494
9553 6886
7812 9830
8149 8410
5310 7065
5481 3441
6320 6234
5266 7264
2317 9777
4468 1418
1237 7499
250 7490
9445 7376
1753 5893
169 5229
4090 4815
3596 2854
8491 969
9234 7479
9798 6597
3290 7154
4984 5096
5669 2103
9650 2848
2408 5042
6496 3357
7536 3336
9938 1977
4081 8436
5374 367
8644 702
5420 2392
7094 7117
3107 980
6656 3103
6652 4024
9968 5812
8696 2389
3570 4055
7054 5153
8282 9411
2935 1131
7120 4637
2037 3186
7665 6226
7365 9006
6244 6462
149 8161
8899 426
5190 6038
3695 3158
5460 191
6214 7386
7965 5773
1619 2323
8640 2188
781 9039
3921 8641
5703 266
8936 8516
6877 5594
3706 2086
4981 2335
3569 9061
8028 7027
5525 4951
1821 587
2643 5332
4072 2696
5849 1695
8505 1157
7931 8285
5531 3243
2099 5562
1446 6510
2455 1402
794 9659
9352 2848
1547 406
2568 1801
8500 4814
3928 6783
6738 5241
6425 4408
6652 4562
7267 7718
9190 7922
1568 315
5782 854
516 9259
1289 8545
6335 2710
3201 8088
1480 987
5210 3491
1468 9289
2787 4227
8901 7873
5772 9512
3728 7397
5215 3909
5527 8533
9930 1432
4910 4204
9063 2393
7486 9054
158 3129
4499 1703
9357 7717
5404 8569
1878 7276
3862 1991
80 8767
11 6608
7045 7596
4456 1109
6686 7390
7877 3477
7910 5613
5706 6219
5050 8491
432 9476
3429 9963
444 9296
1137 9383
3215 562
650 8812
8718 291
2916 2629
9186 6900
1965 602
2246 2519
954 9262
8180 285
5227 6833
6359 9746
7289 7751
2408 6873
1908 600
5051 1553
2932 7661
8905 8028
6978 2362
7830 3662
1098 9262
8222 7336
5038 7078
6635 1128
4109 694
5216 9800
2208 9851
2947 60
4059 1055
200 3664
31 346
4647 9936
370 4291
911 5820
9135 1056
5205 2291
7547 2934
5495 4502
742 2003
6884 2393
8743 4317
3941 8491
5307 4591
1718 9954
2919 8479
2079 7882
2883 1898
5765 5877
7388 2353
7424 8392
6466 2672
3330 5724
2153 6737
855 487
3126 4495
4021 13
8733 7825
246 5265
9939 5632
7897 6810
1204 9394
9208 604
1919 7671
1027 6620
2636 6881
4799 8184
3048 6778
4399 7603
8254 9781
8492 6815
7838 1973
6102 6077
9887 9929
5598 2692
1233 2635
1382 8102
1198 4143
3347 5593
3608 6756
6761 9898
2922 2681
7325 2630
3332 3183
1408 8719
1740 3835
2586 40
5316 6296
9802 1130
9024 1363
3834 863
937 5658
6038 8355
8694 783
6199 1373
3427 7560
4425 6583
9528 2231
9582 268
4409 1884
2543 4445
6993 7344
5404 2990
1463 4177
7457 2308
4171 3042
1377 7323
4810 2222
5331 5641
8260 2341
4508 1430
6625 4552
236 2190
5398 6771
2518 8281
5258 1495
5434 8947
7615 8138
3601 6627
8251 9875
7113 8827
5341 1739
3602 7221
4266 3454
4505 2721
2554 7377
627 3580
4165 9309
1364 6385
6341 4605
5074 7929
2016 5446
3110 7064
4445 1234
900 9520
9004 7946
5526 829
6627 4036
3717 7614
4302 8765
9543 1607
9068 7993
3279 3611
1547 4809
8808 5325
4711 5482
8769 7307
5012 9407
8172 5323
5592 2292
9482 3118
2122 8271
3881 5988
5281 3871
390 9080
4836 414
5635 6705
2456 9005
2908 8733
9853 6755
903 2754
6690 5555
8037 3235
3293 5895
7895 2698
4345 87
4099 8483
9663 4082
9089 9741
9757 3393
6572 1802
1288 3191
1101 5408
924 9745
9891 7763
7341 1321
9436 977
3202 351
5284 1944
6349 8429
6974 8252
5349 1925
5883 1500
3261 9822
4603 7189
2033 9967
5897 849
7485 3039
786 7264
7127 2080
9941 8345
7595 3246
2729 9217
3455 3413
3717 447
2912 486
7297 3553
6461 3132
7288 3161
5004 1994
8817 8048
5310 5647
7414 7577
1380 2878
236 8108
9686 2100
1915 359
5577 7431
2707 2611
1778 763
7799 8148
1260 5389
8922 224
2134 2942
3926 8872
5777 7397
7885 3216
181 6973
4914 790
702 7792
1435 3454
278 2127
1472 3141
9292 3619
2071 34
2114 7691
9417 8448
2497 7397
3223 3072
5676 4777
9646 3640
1486 4572
1251 6533
9100 9615
7665 9276
8606 1287
7520 8440
9746 6504
2446 8455
3791 6267
4180 5822
6827 9515
8499 4395
9771 5822
9250 4264
557 9286
6200 2338
438 7507
2435 224
3670 3241
358 3372
4662 5690
2059 6545
3306 5769
6261 7935
6317 1252
8619 1398
2005 7676
3186 5015
4969 8083
6238 1207
3818 3540
7954 6114
8237 2983
2094 2196
75 1649
1005 6699
9269 1071
2794 6255
8177 7048
5760 8465
7862 1180
7890 3196
2469 7770
9122 2009
8952 6750
3947 8389
6250 3197
4472 8127
6655 322
4748 8056
2140 4348
1733 407
9071 8988
628 7927
6076 3961
9135 1063
84 6881
2480 3008
6713 1447
6324 214
4169 3439
2612 7662
2724 9484
7013 8034
1369 9250
2354 8668
5065 420
3497 8029
2916 6481
1514 6403
5772 5539
4665 1587
8777 4944
210 7448
327 7574
6495 7086
4366 5548
8434 8154
5683 3568
7596 3519
7135 5677
3592 4893
6452 4917
6996 7299
3481 2216
1938 5172
2741 7352
8790 9562
4446 9629
9846 6998
2669 8490
5239 7499
7201 8300
6745 3697
6840 752
4421 8047
6558 6461
1091 6722
2636 6265
2926 2699
3819 4581
9300 8701
9880 5571
6741 3905
2617 8682
4204 597
598 7804
3603 5111
1261 9733
7162 4556
1039 6716
479 144
9021 82
1692 2584
8817 8578
3257 480
2172 9223
7565 536
7528 8603
3390 2510
7349 705
6901 6662
8854 9578
9695 1453
4004 4867
6016 7622
370 1874
8717 1314
2920 1265
1275 6906
5985 5552
7854 6731
2644 718
5111 9880
8222 6894
4419 8463
3516 2795
8846 189
2487 5351
331 5217
3505 9302
3996 9715
4443 6676
499 2063
9853 5474
4798 4420
2763 317
8455 7649
6849 68
995 8053
8894 6161
8919 7392
3263 6083
9132 1397
867 8082
6709 8036
1624 4138
387 7749
4714 5791
9907 3107
9297 6632
3049 7782
6690 6344
8611 3097
4340 1505
4764 2800
6425 119
161 5519
8873 8050
6765 9257
3483 5813
9169 8971
2280 2740
8982 1387
6763 1364
2675 3180
652 3485
6170 1932
9090 5850
5432 7813
173 335
7569 9071
4211 2286
3504 7177
7758 5123
437 8634
6980 1664
1206 2976
476 69
3030 5463
7187 9265
1218 1124
4945 8827
4658 1149
4533 2786
956 1200
7400 7510
1159 8608
894 8587
6657 2339
1211 4085
2226 4517
9719 5261
4664 3969
4981 6665
7879 2567
9415 7135
6577 2211
1871 6478
7373 4859
7303 6049
1913 940
7127 7398
3220 8452
5140 2341
1900 6468
458 811
8168 9788
3012 4907
3788 9470
6698 502
4223 4824
9664 2506
6537 5892
6540 525
4194 562
5659 287
111 1930
1675 8965
7237 1532
3989 5585
6481 915
9358 2454
1680 6455
2496 4019
1516 1566
5313 215
4627 9443
3045 8417
8722 2350
6243 7206
6025 2997
8181 3885
1813 9344
8451 8085
3179 8100
6011 2591
2355 1977
4764 1049
3366 9808
2765 1183
4987 1497
1697 3780
6946 3803
1228 6518
8430 4812
4246 1902
4179 4201
702 2694
9968 7130
8521 2778
6837 5424
4208 4782
6680 5380
7126 6164
2021 6274
6771 3762
6304 8264
5718 3013
4277 7950
2747 9983
5857 8011
2456 3472
8142 1420
6093 6818
9033 376
4458 5739
7908 9106
2534 1081
4207 5039
6551 2883
9153 7967
7360 7354
3195 2183
8864 1872
8809 1917
5805 313
7573 8439
8161 3016
7064 6224
4653 2951
5946 995
3155 4165
4627 1365
2713 9878
1888 459
6944 1745
1379 8079
3524 1409
7058 314
6671 9972
6087 2241
5867 6577
7565 9519
2458 1416
5198 3775
1606 2059
9666 3579
3299 4778
6687 9682
7342 1552
9996 8639
6962 3994
3044 987
1538 947
8062 3355
9538 9748
6339 7409
4065 2784
3899 3042
5174 1088
6485 8653
6161 170
5171 2793
8559 727
3338 1335
2196 3301
304 9161
1432 6974
5796 8234
5324 1986
7406 7597
1132 2701
578 7269
3186 2666
9764 3148
1382 6065
1645 1982
4608 8472
6768 4397
2551 7980
2621 5581
6484 1831
9745 1729
7197 5598
3696 7779
4597 9233
8537 4111
9812 9160
1775 8035
6877 5481
8402 5335
5191 2192
8823 2399
653 9669
8029 7188
6764 2246
6577 5802
9545 9136
1287 9249
5016 2218
8217 9893
3362 7518
9942 5673
242 7060
1598 9017
5652 1841
2765 407
8230 9572
6538 1606
9557 6692
3548 7183
1279 7318
9817 4970
2441 3999
2611 9513
4293 8539
6247 806
7220 9284
372 2670
5200 7798
8579 9881
1443 1973
4724 4196
4115 1848
9112 5613
635 8785
1708 5145
1566 6578
8118 1896
3401 2203
8362 7517
5790 9886
1323 9908
9215 762
6965 8944
7013 4725
9181 719
5412 6772
1299 3693
7487 257
1946 9197
1154 7374
7454 5482
5914 4915
7276 8267
6596 3185
6211 5686
6947 4457
1508 8331
3096 8363
5810 9961
1976 588
2912 1626
1820 1429
4032 27
9700 4071
5374 7270
398 276
4825 9001
5791 1702
7507 4265
2386 2049
676 1473
5639 6327
8468 489
7823 7088
902 1566
5155 2542
6568 1098
9796 1488
6333 2457
5805 2118
8513 2553
3674 5410
5954 6598
6189 5094
4775 1227
4224 8514
6320 418
9805 9275
8990 9977
3276 1775
1122 6820
1374 7730
1053 8120
6143 1090
386 3220
2297 8337
2530 4624
7385 9194
5704 6881
9439 4084
9062 2339
9533 2455
411 4819
3287 544
5897 508
9738 8208
2399 3490
6204 73
1448 632
9065 6930
6849 7500
2801 1538
6376 1954
5575 6335
2209 9432
3594 7269
7225 268
4390 9621
2336 6525
4005 897
1524 5422
745 5858
6246 7059
5921 5475
3502 4852
833 5712
1253 3166
7457 6043
7320 7212
5922 9140
8941 576
7230 1583
3270 3942
7553 8938
5347 6334
5298 5209
2829 1312
6169 3879
6007 8667
3372 6829
5052 236
9560 5263
1446 4116
8539 9403
7692 3417
9439 3140
6834 4832
2044 1610
336 7177
9860 3751
5898 4047
3892 4941
3757 1559
2930 3925
1113 8205
4130 8907
7658 6308
3496 2431
5609 9071
6813 2145
3535 1886
1213 8122
5921 6221
4023 4384
8481 1570
3441 4453
1561 7467
2551 1405
3202 2299
3971 9187
8831 6551
2474 5298
6208 7934
9191 4611
7440 2093
2445 1501
8213 2831
5850 4367
3302 5065
5279 1463
1491 6455
2572 8303
5287 4592
6906 3360
1168 5636
4648 3308
5294 6932
9503 5384
60 1721
7347 8453
3516 3717
2697 548
2262 7028
8531 2912
3623 3561
5669 3496
1933 3587
2005 3077
1166 6909
695 563
6230 8986
2149 354
4601 9046
9711 9247
7786 2253
9944 9315
9240 7125
1093 9347
7544 1432
2224 7990
3675 7865
4992 1330
3775 1324
9640 9188
1801 8336
5977 7249
1940 6063
1923 4649
1357 7822
6983 5500
9989 6809
9009 5604
8728 3744
3900 6075
190 7869
7612 6557
5691 1964
8053 7839
2497 9459
1263 2472
5380 7858
8972 8562
8917 8232
1910 7022
4251 364
4656 7492
7971 173
7848 3818
2133 9212
3870 540
8580 5136
1290 8242
418 8572
5473 9724
7511 7778
4572 9045
942 7053
8893 9146
4650 5660
7194 3359
2170 920
1727 3113
3680 2669
2867 6595
1477 2550
8695 7346
7894 3970
4208 6297
7369 564
1170 6602
8952 2407
536 4512
848 2718
8211 4545
8450 1727
7467 3651
3984 6883
1278 9957
8744 5153
5483 7860
9915 3322
406 2213
3714 3527
2610 8058
3637 3536
8244 7050
9277 907
2546 461
3859 848
2813 216
8194 5894
4619 3402
1167 7453
5907 7557
919 7884
8504 1916
5345 1400
177 7165
1667 2414
6673 3779
278 2120
7253 4522
2536 9226
6944 5655
2997 1357
9249 5573
3179 6479
7874 1230
5960 4875
1864 8843
2152 1167
3659 4262
1216 9664
9843 1207
8556 5144
5999 1211
8312 4835
371 3457
2908 5644
4575 1141
7538 7963
2 9014
2958 1626
5621 6735
8950 961
9249 1957
2556 4179
4833 4632
282 4772
8774 1492
7050 9832
3902 8704
4414 5079
2376 7198
3193 9417
8708 6519
7408 7181
9511 1313
4599 4694
2029 8085
3349 3648
9542 8643
2957 9193
4427 1035
348 4142
6559 4869
7325 1618
1962 8964
3130 8080
2131 8770
5505 1143
7918 6281
3184 8610
9701 230
6760 2821
3703 1799
2808 8989
3020 1305
2019 8311
2261 452
2208 3495
3562 6466
3310 356
7551 4356
4585 1394
446 7212
1121 9940
995 1148
8636 1546
9318 4757
301 8004
3697 941
3910 276
2149 589
9020 4403
2400 4202
9686 7201
111 3676
8534 5111
1709 5968
2446 7183
8733 7252
4156 5874
125 4454
8442 8659
686 8234
713 7444
4311 5272
5216 3327
8063 9255
2445 8130
1296 6582
9974 8373
3444 5734
5151 9211
4243 8608
867 2242
9529 1732
7842 3089
9259 3472
4937 2566
115 1796
4043 3903
4209 3303
8634 1653
691 2660
1223 3102
5113 8398
4496 4613
5607 9288
333 1209
3308 728
9346 4695
7993 3043
1537 1706
9203 1735
3533 5498
682 7799
5702 6023
4192 2840
679 6977
3018 967
4340 413
8052 9446
791 334
4235 9355
3159 8209
2148 9546
9762 7494
3029 6605
9876 3319
4432 5583
3556 9448
6591 7612
788 7209
2052 9833
5486 5661
320 5784
4365 4059
4464 7257
9069 6749
4750 2575
8414 2892
1205 9925
1658 8036
8275 4563
9624 1273
4951 4273
9704 1104
7039 7498
3447 2268
176 7281
7255 6708
6748 4439
4122 1720
2215 221
9807 8086
6764 9652
2701 6514
1431 1435
5369 6591
4423 1327
9114 5434
3717 793
8858 5637
5656 894
2207 1527
1637 4786
1394 5048
3664 6165
4518 8350
1693 8878
7010 6569
301 6711
4851 9059
5727 9970
7834 2832
499 1556
6370 2800
2176 2283
9264 8912
4070 6362
3717 19
5605 3771
7361 9130
5460 6425
9063 7803
5378 9555
3990 3441
3749 1640
229 1778
4859 126
3857 5383
4029 7135
375 177
8575 5590
2661 1413
3677 5966
5739 8212
7944 2554
9239 261
6221 3259
2651 9630
5675 84
4782 918
1880 5861
8440 8142
3832 2649
1898 8225
5742 6823
3910 9122
4255 7204
6711 6829
2211 7212
4470 8755
1899 913
6631 2084
5919 9212
7069 1777
9603 9284
6330 5367
6289 3361
876 4190
6355 9493
7037 1986
2467 2739
6245 5099
6953 5453
9359 1936
894 7951
6430 4284
1096 217
7437 2816
7174 27
2228 8272
5354 1313
2950 1945
2765 7719
4282 503
3011 8320
9108 3077
619 7189
4629 6882
2308 2340
3852 5526
4250 6684
2571 2283
5812 1129
5206 2579
6103 1309
7478 4102
5062 9165
2175 2362
1838 8804
9207 3715
2254 3101
4421 1689
2951 9209
7905 921
4784 4010
9528 7600
3169 6671
6630 6776
1969 317
3423 3551
4827 9839
4755 973
3515 4160
8571 6472
3473 4453
9260 7736
7743 3852
6013 8833
1400 3110
7372 9670
4412 2667
715 9534
5567 8303
8684 1580
7397 5339
4351 6141
7252 994
1338 8419
1315 9731
7858 6800
5742 9705
2128 7834
6459 3989
7390 9024
3496 1099
7338 7599
3416 835
2645 4123
2063 5638
5658 7815
3439 9550
6064 2470
8196 7162
5031 1257
9266 1934
6900 5835
3598 6594
2779 9872
9194 6251
2360 8203
1947 3892
2555 4573
4666 1179
5974 2636
4727 9463
8831 6469
6722 4796
4201 7329
9518 9884
793 1664
3619 9293
4630 1648
9224 171
3144 2039
3030 7052
5939 4581
9560 8442
1334 9876
676 2606
4881 1594
5956 8847
7729 4337
2812 3908
9028 2603
4441 3209
119 4635
9715 1970
8938 8961
6592 953
9734 1407
9642 1074
6145 3143
2314 9699
3028 1441
3458 4966
9639 7815
6425 6422
5089 9478
5889 2422
3418 5219
6337 7970
5991 51
7712 5226
9134 5760
9166 2925
4781 172
7496 5113
7373 4310
8881 81
9965 2280
3157 9106
5665 1067
4747 6112
8254 281
1042 7279
2748 4593
1949 3855
5240 4111
6137 8744
5573 416
3757 7260
9828 7854
1900 2596
8822 1683
8189 8364
6405 7802
6926 8866
5280 6460
8772 833
5186 6149
5381 8339
1509 9348
4322 5760
4426 4030
4341 8655
7257 2219
8186 4024
4249 8232
621 3091
1435 1724
551 5229
743 5352
3950 2216
7781 861
3825 5941
3642 3579
8144 1358
4712 6098
3445 5251
688 8936
1247 7646
6166 9549
2627 4188
1314 3317
610 9233
6214 3716
483 1494
2576 4840
4278 4361
6711 2023
9375 7288
4579 736
2709 5009
1360 6841
662 5718
1244 3993
5310 7482
6232 9669
3582 1793
6528 485
5907 376
6278 8851
3760 3683
1150 3796
1598 5166
8340 4950
6464 6403
1146 5505
1846 8061
818 494
1692 9069
2863 3216
4245 6401
383 31
474 2807
8196 3986
4421 3006
1700 4783
7889 9870
5056 6951
6978 1197
3876 1684
2019 8559
7569 6736
5216 6435
8998 5849
9164 3429
3198 9160
3671 5914
6714 5355
717 2272
5073 4912
4521 6567
6901 967
3814 8963
6328 5150
496 527
5367 2813
1866 4122
9981 5923
1356 9208
8423 2520
3555 5467
8548 4466
1991 2048
9132 759
3717 7104
7940 4859
2469 7489
5938 9321
5358 10
7095 1532
1157 6727
9128 732
3085 9113
6144 809
252 3624
7190 9350
8962 6430
1161 6660
7076 113
8603 9848
3764 7661
911 9610
3631 6100
2494 9577
8130 6138
9570 939
5606 7578
241 9575
1109 4200
4541 7145
8280 2027
5486 4888
8472 7972
1122 8921
3383 6600
2925 952
5036 5245
3708 8044
5709 7406
2999 8333
9684 5065
7278 3534
8886 1881
2211 4517
9492 2463
3808 9862
1643 9323
5519 228
865 4092
6366 5744
5335 4936
3063 6952
2396 9252
2120 1002
6584 4407
3669 8273
3340 1309
678 8948
5268 6058
7847 7475
2214 2030
2310 9716
1896 7069
1242 1275
2828 9385
207 4062
1609 1531
6998 1989
4039 5528
890 2916
9651 5731
4507 5048
9427 6388
2727 8137
7739 3018
3957 5674
3721 7534
938 3032
8813 1274
654 3405
8764 3675
2547 4331
2271 2246
1813 7945
4102 2388
813 2371
5014 4255
4054 3769
6004 8527
9635 4372
5091 5317
9495 5391
8746 2700
1400 2872
5183 567
2359 9969
8643 8451
2048 3927
9250 966
7794 2951
6554 1232
379 7090
2650 1535
8740 6708
9950 6148
6491 1682
1242 8781
5406 4475
9068 1037
2826 9965
3110 6719
3939 3764
5134 1160
1221 2419
4284 7312
2862 3059
3495 8649
4632 4219
2617 9889
9907 4188
5522 2449
7179 5508
1155 4759
2239 6741
7355 9029
785 541
2169 3212
2873 9374
4445 9849
6178 70
1167 3115
9760 1836
9417 5771
2217 2687
8058 9176
2097 3811
4344 396
7423 5202
2784 8443
2464 761
8141 3352
7296 7534
8187 7061
5410 2282
3624 6031
9034 7443
4226 3559
5488 4214
3770 7808
3131 9889
9465 3970
6325 7958
994 773
2963 7076
5305 9934
9503 1712
9542 7673
2018 9397
8289 3638
9438 8330
732 6500
6327 9103
7531 1282
5594 2108
5958 3717
1197 2930
4562 6126
6281 4833
4006 4034
3081 6406
4767 2812
3567 3969
5543 9100
3434 8082
545 2514
7805 940
7285 4438
3019 6263
3088 6083
4160 7811
4990 1623
7846 5120
7250 9755
4568 5738
4260 9735
1348 3196
848 3368
4928 1715
4191 862
7876 9222
6427 3820
4503 3585
2771 9419
3105 9161
4735 6292
6293 1250
7439 4697
7386 8600
8282 2898
8396 4374
6409 8223
990 1092
1577 8763
7305 1544
8094 7534
487 9431
4892 2755
9748 8548
4708 2584
7581 1004
8075 5025
5601 9426
7744 876
1970 5903
7036 1731
8294 7881
4073 1883
4166 2431
1163 3663
2060 7404
4797 2625
4647 3616
8957 2055
442 2268
4739 417
244 4034
9694 9848
8334 8711
2669 4110
8803 6479
509 9365
9454 9475
4852 294
6500 1555
9690 1396
4687 9170
9042 1383
9801 8944
6565 4580
7105 3336
5672 1623
6945 8027
7493 9683
5593 6104
3737 5604
9990 1105
9562 9431
3211 2405
186 3873
1443 5727
226 2982
3097 8431
1416 6478
7004 9263
3480 2102
7105 2172
6564 4030
6974 5806
9822 458
752 3380
9534 5999
5476 1820
4910 2551
7628 4317
4692 1169
9407 4665
6996 2278
6102 2666
9427 2561
5809 156
8859 6837
9818 4700
7723 2351
357 1260
5198 8057
285 8446
3995 4433
1764 7208
153 5378
4573 3358
9904 7413
9478 9421
7070 9398
1713 3523
3603 89
8080 9981
5454 5879
1472 2328
9496 7168
8346 7934
8935 5404
79 652
3680 8125
6801 895
719 1901
317 6928
2902 6968
3065 1450
9519 2905
3069 2370
5421 4197
675 8500
6102 2868
5709 119
5749 1304
491 458
3449 1885
9075 1241
1930 4800
3940 3496
7230 6021
7723 751
2194 6344
8840 6528
8178 4644
2736 1425
949 489
6058 6787
2591 6038
6191 4011
3556 290
1866 2066
8423 4914
5140 2951
4685 5613
9506 8112
9536 1212
4258 5813
2617 9573
8094 7254
1947 5261
4116 7855
5568 9058
6110 7057
1431 7962
8512 413
6318 2757
8069 7534
923 9803
4305 7968
5589 2959
4206 9073
8805 5119
7999 6228
9172 2189
8645 3560
6232 5022
7328 9548
310 7339
8057 8527
5782 4042
2737 2290
2985 6200
2583 352
889 4432
6087 6880
2515 7245
4080 1917
8529 1574
6325 5578
5018 3219
8370 1432
520 5219
1307 683
887 5500
9010 5583
3876 4489
1066 6258
9603 2370
19 146
1639 6497
4521 2183
5931 4236
8017 3924
2248 276
1631 9906
5260 7771
6096 8752
4036 6752
2417 8797
6252 8962
913 3407
8374 9424
3455 980
9357 6426
4288 5210
6896 3518
5099 4083
8345 1288
5455 4522
6243 5398
6831 3222
8814 2866
3389 7561
4624 7770
9012 2760
3317 9773
1099 8826
9066 6233
5098 1903
1032 5056
8557 9395
504 8576
3908 7182
7278 7754
5528 5258
9344 304
2363 9163
9083 7641
6305 7649
301 7909
5688 6914
8800 1667
427 4155
2057 1009
9384 1327
8107 1484
5742 1492
6610 2412
3059 7825
467 6361
3677 6111
4237 1112
114 5365
6751 1866
2428 6047
4711 2727
7998 5754
3556 9421
2335 2339
8994 7290
3171 4712
2217 371
2138 1882
5799 7743
8662 3918
8658 8382
1851 9403
9502 6056
9528 7107
6934 8286
814 6983
5066 3015
3478 8255
6612 3750
5706 9298
8627 9690
8180 5320
5228 3620
2878 9345
7638 7190
780 5063
8455 2135
4551 2672
8925 7906
7126 3732
5379 4377
6707 6720
7325 3628
9253 3433
1630 971
3592 951
1854 6778
4207 3397
6465 8810
6705 5577
593 5786
7881 6181
9888 9399
5427 3846
9908 1793
9100 4109
3350 2439
5952 7565
3192 5488
9028 161
1577 8545
6405 2532
6835 7688
4565 4150
2346 7119
6134 9436
5856 5615
5385 3024
1233 9300
9373 9668
196 9053
2781 3270
6025 817
5073 6311
8613 6410
5590 5232
240 5007
837 5710
1634 4956
688 3320
3626 2187
2889 2739
7971 6432
7051 2119
9741 599
9093 5698
9551 906
650 9982
9697 8069
2431 7702
2444 7428
6020 5891
5191 7071
7831 9607
191 3664
6490 5508
890 3036
1755 3735
7439 7250
3155 4866
2678 4800
8878 3069
5134 6876
4292 5083
4974 5401
9392 5876
240 6763
2018 3734
1316 6106
3373 1923
1592 6626
3695 957
8823 2613
4829 9240
6825 8887
966 2886
3512 9686
1744 6565
4116 5721
434 729
2204 6624
6011 7657
1964 7072
2369 8511
2896 8641
7472 8690
4895 5527
805 204
5531 6978
559 1111
7781 4675
5515 8238
8555 2782
5141 124
515 3512
9263 78
9346 9290
6753 5047
6080 2497
1375 7100
9029 886
1084 6585
9463 6749
3282 6190
6260 3644
3342 8385
11 7604
9972 121
3595 4512
9851 2840
2294 7501
7 2954
844 2508
9922 9318
1614 7238
607 4674
953 34
5350 4987
9829 7789
2480 3415
5226 2143
7281 7396
6276 1149
911 3250
8023 6770
9597 7754
7316 6351
5080 3171
9573 4364
2384 4508
630 4582
109 1845
1217 8547
3996 6279
4678 9779
4324 7461
7966 9420
4382 2436
9137 3324
3198 9669
9985 795
6815 344
5601 8854
5670 6690
9586 96
9793 3293
6755 864
7770 9161
6843 7496
5528 9950
4961 5051
3269 1186
8240 9446
8924 2729
781 654
5877 521
2316 558
7485 9147
6567 7335
5729 1254
1743 3956
845 9299
3540 6297
9255 320
1570 8223
2939 1549
4697 5311
2883 2212
1105 912
8607 9039
5349 7377
7031 9389
5905 6339
530 1827
5067 569
8701 6276
7332 7203
5371 6419
7932 4348
4130 7554
681 2486
6880 7217
8752 3840
2755 5890
9814 6434
8560 8088
2328 2122
8294 8366
3423 7031
6693 8415
1912 1067
8516 1600
9832 3554
3038 3865
4434 8248
1634 4255
1873 2049
5657 9775
1379 190
5071 3904
6068 4980
3684 8323
9396 1288
1332 3669
6037 392
2204 5170
1156 3460
377 7251
8225 5746
9667 3229
2826 6395
886 1690
2653 6946
8852 8819
6357 2679
6605 2523
6418 5002
2943 3994
8235 8746
4381 4266
8993 8881
2004 3803
3733 9958
1471 5916
7045 1679
2656 8941
6940 7312
1970 7069
8594 9203
3008 310
1587 9954
7820 5324
2523 9391
2535 6367
1602 6736
7644 3380
9780 210
2408 5159
1412 8325
6112 6864
1898 9099
7556 8513
1825 375
444 3984
2880 7385
7129 7033
5832 5758
9691 1437
5473 7395
3020 8788
5166 9160
2504 3565
3815 2188
9444 3239
3311 9989
8257 6189
4289 631
5059 9368
6776 4676
466 5462
3107 878
8764 1397
3480 5609
9987 8258
1054 9014
390 4359
1111 4413
7647 6751
4802 2710
1107 9209
5350 8071
4737 7736
4884 1209
5566 5016
3330 500
633 9135
7691 3392
1167 1818
8191 8372
3471 5177
1773 8065
9481 4050
3131 1344
6407 502
3271 8862
344 78
4956 8210
5077 5358
4617 3594
2573 1918
1910 5205
2597 9849
2303 7387
7699 3410
9142 4097
9441 1866
3344 953
8036 6210
4141 8071
4710 2129
2230 5536
3971 6678
9011 454
4477 47
2694 6901
1374 9891
569 4081
8582 6116
9332 8540
3648 7143
8326 2249
1450 8333
7755 3430
2651 7723
4299 2638
8498 5966
4283 3103
8545 8239
7265 9133
6809 3036
6104 5342
8117 9083
4860 4784
7118 717
1080 8903
9036 3128
262 9563
5854 720
8319 9169
5618 1971
205 3821
9701 2967
6396 2853
7962 5664
8634 471
6021 4782
8576 6255
9508 538
4327 8317
8226 9935
1168 5516
420 7060
6072 6846
9272 3489
6876 2676
4088 6042
381 1088
2625 549
8665 2094
1228 4956
8075 44
1151 7540
8573 2275
4611 5601
4556 4537
9789 6692
9473 5085
6583 2225
1015 1517
9638 4417
1329 4963
4264 9431
2882 2697
8020 6053
5415 7066
8066 3914
8428 5875
8103 2575
5202 2195
3715 2877
5980 2607
3197 7004
2932 8568
1350 9539
755 5236
1438 4456
1593 9316
7127 2057
3987 746
5979 3144
9609 5011
4121 6747
2272 4523
7948 880
6560 6007
5 5014
9752 7107
8792 9708
3007 9393
1087 7315
2396 1408
7793 193
3042 2840
8641 8283
6434 7414
583 9159
8476 8708
1579 6193
3086 2656
8289 123
2103 1117
748 1893
2446 934
6157 5321
2717 8299
8195 3036
9225 9818
2636 2768
6644 5450
2424 3833
9280 7046
2637 4155
7008 1241
738 3505
2776 5675
9426 9521
1474 4303
1793 3526
2485 5232
2583 3991
9958 2336
2813 9290
3712 5729
6232 7335
2778 8057
5358 2422
7772 5378
1462 4269
1511 6725
4548 919
5621 88
4557 3582
9568 1999
6410 2867
370 993
6148 6113
839 3504
3734 5006
8377 2314
9865 8622
9189 4972
4628 2466
9147 1575
867 7559
8631 7251
5438 9336
646 6422
2513 5335
7282 1883
3507 8406
5261 6545
4621 121
2592 831
7386 3942
4899 6224
6455 3659
8974 9064
5360 3122
9621 4485
1441 8304
4253 4784
9611 9043
9555 4482
7809 3422
5242 6491
817 7820
9367 6033
7969 1875
5826 4212
7516 8977
3928 5004
2521 4423
4610 5515
6025 9997
569 85
5728 8471
2210 5033
5287 6323
147 9961
2977 1040
9939 9370
3915 8262
7617 9999
8370 1083
7340 8467
9687 8068
7031 6840
4403 3410
7074 1446
9661 6699
335 1174
8480 2521
8979 9340
9521 9596
9932 9431
9020 5808
813 5935
5852 8784
314 2387
9456 8084
499 511
7635 6250
5078 8622
2385 4324
8904 5642
5176 2478
3226 6736
366 8718
632 2457
3788 3715
8066 9270
4499 3059
4043 2021
8401 9552
5998 7890
7689 3336
4259 7175
9198 8099
9701 8896
6685 2132
6138 8777
2229 8818
4155 4003
7969 8852
7748 9500
1465 490
6108 9934
8855 8067
9415 3016
8531 5083
7315 3446
6675 698
1043 516
5909 2161
2557 1010
2125 4540
6913 9740
7883 8191
8668 6843
9015 6697
2813 539
9377 3753
4727 3121
9470 7304
8163 9552
106 9332
6561 6798
6225 2832
6246 3784
7470 9844
5870 4259
1148 2781
7136 3086
722 7515
6920 5668
5547 9155
9005 6233
9311 1423
7218 8083
3875 6532
616 6622
3401 5853
2467 3980
9667 8585
5264 6657
593 3506
4918 7502
2733 6824
3296 6058
8084 8160
2423 799
8501 5969
3923 5430
2405 4636
8985 3541
6497 6535
5108 6341
7774 33
9089 207
2032 3141
9671 3738
7238 4227
4464 1514
9113 8362
8614 3438
2992 6029
6685 1400
3671 9875
2888 7015
6705 118
1268 1957
7777 7367
7247 5947
1215 1913
1366 5292
5972 9229
9682 2600
649 4796
5722 3090
5160 8225
5377 7965
3110 364
6489 9614
582 6414
8870 5989
1021 5185
493 4293
3112 4563
7323 5806
1050 7963
7481 1389
9700 473
3985 3177
1157 7817
8525 6581
4172 978
3016 9486
8043 762
4438 5920
1786 6902
3238 5136
8940 3008
619 678
4847 1884
8029 9042
6857 779
6318 5723
7451 2036
1517 2795
6 857
9348 3071
8601 9583
8488 9927
4578 585
3744 7535
9075 8117
4554 7378
7000 2523
7599 369
982 4567
9702 6447
4406 9121
8044 2093
2621 8494
3223 7200
5093 3664
3245 4708
5840 7604
8254 8305
405 5332
1738 4549
6062 4986
7121 5190
6052 9156
3777 4643
2578 5944
1525 1713
8162 8105
2798 53
9468 8814
908 608
3244 6079
2763 4919
3315 8081
7581 6221
1180 6204
8768 2057
676 7427
9085 2709
5952 1829
9756 7044
474 6893
77 1159
2462 8778
7898 2895
772 164
2363 9117
5223 3324
4697 6088
9672 6373
5502 7361
9023 7630
5581 3712
9088 1368
7979 3159
3092 5532
8422 3814
474 5547
6050 8301
8008 1409
1466 8209
5152 448
8459 249
4458 1328
3870 6254
3593 1835
7554 120
9562 6148
363 7801
6497 6514
6440 209
691 1008
6485 9408
3277 5360
3150 3074
2430 204
1315 3537
1155 1461
7586 7444
9317 6741
9369 6083
1765 1513
6753 2080
7244 7878
4737 244
1079 2746
1052 7646
3274 7484
6419 2429
8252 2016
453 6177
5093 5255
1366 1657
7176 8099
6402 403
5725 7669
1379 2084
2744 8793
3930 5784
533 3227
2247 6429
2032 7082
9713 567
6505 5967
8089 2682
8327 7739
1299 215
3693 500
7269 6055
2494 1191
5693 8551
4447 6003
6667 8380
768 7798
3651 4289
79 5632
3367 2971
9892 7771
7026 8314
7260 9584
3874 9409
6512 2993
9369 9488
3701 7620
6818 8447
6865 1314
2347 2738
1393 4803
4411 7965
7593 4053
3929 5636
5067 5663
7903 2275
5929 238
6752 7359
6904 1233
4968 4352
1647 3556
5883 3895
1747 9295
8526 2025
3391 746
5113 3064
9772 1032
4834 3702
7573 3364
369 3597
1736 9639
3101 6686
6057 5274
4456 9556
2063 8957
6502 8430
1812 5124
4227 2565
9473 4370
1550 1653
9657 9630
1443 8789
6844 3515
9478 7732
8334 284
8923 1339
3764 2225
729 879
935 9763
5068 4193
3711 4336
8373 8695
1398 9028
548 1455
4279 459
8269 856
6238 6543
2060 8177
9909 7114
3878 616
295 6402
5173 1000
8164 3106
9467 8103
6661 6280
6101 8543
3723 9720
3283 9002
1192 4569
5542 2937
9502 4826
3968 2796
2770 5120
1500 2800
5602 4815
1757 3124
9048 5761
8213 8410
4687 1579
3223 9300
3520 6006
3159 2521
7828 6618
5237 530
3397 6503
7923 2160
4085 5820
6074 6295
827 7276
1097 9081
3297 2698
5423 9099
2606 4717
2663 2297
4250 9864
1967 4917
5948 7599
9045 6854
4731 5788
1330 4104
5854 6880
1686 6153
4803 5393
4926 8079
3067 2882
6154 1300
5202 842
2408 6646
3107 4534
3482 3096
3210 7655
1293 4290
9631 3854
1272 1118
6088 3450
2275 7563
2581 3479
189 9921
3753 409
4703 8460
9288 7683
4853 933
8846 1051
6344 1260
9002 2696
9235 7933
1863 7709
9015 4499
7074 767
1953 4547
3888 4047
4037 7325
8462 1926
3888 1954
850 6086
718 4285
5706 2169
2602 1034
7250 793
311 1598
2522 1821
359 7841
7136 1229
3017 5829
8496 3684
5220 4060
1472 6436
3436 7436
5668 563
4762 8287
8628 9556
814 3432
4221 7144
5750 271
9963 5513
4608 3568
241 6640
976 1622
395 7841
4417 4049
1760 5230
2352 7262
5567 4669
2507 5703
7335 9337
6707 9503
1649 3687
4153 8650
4054 7621
2483 2645
5929 1587
5204 6019
4642 3534
1347 4028
7826 326
9611 4154
4922 3751
809 3646
976 2180
8463 4575
1924 3078
9059 5015
7001 2732
9027 9279
5179 291
5332 9672
7093 6301
1439 6079
8468 7173
2061 9342
2813 3455
2858 2151
345 4949
6663 5728
5171 8791
2867 1286
5882 3832
9272 6455
8907 2596
1505 235
9725 6881
5659 8691
7200 4198
7835 2142
7329 9275
3508 584
4972 2445
4278 7823
5779 7368
7426 7493
6118 4241
2396 1762
8011 8998
6339 3062
5100 7294
9210 671
9448 1753
4154 4713
9393 363
1162 7486
8389 1823
7064 2407
2648 6886
8799 483
6730 3404
2375 4494
7165 4028
404 6911
20 979
2262 7377
1850 6435
7342 4026
3626 5195
6274 6402
148 5922
1049 2256
6285 399
2065 9957
6681 2039
1968 1018
3899 2060
3148 2558
2914 9868
8845 7627
8515 2760
8041 8529
4169 4442
8513 4403
5166 7264
6813 364
9604 477
7460 2510
2827 5244
9443 1545
7698 6029
1806 18
6788 8908
6103 8366
7291 7
4053 6931
643 8522
273 5153
6568 9475
9367 1740
731 5521
8788 8768
9803 3565
6344 7052
9274 6386
8304 6980
4128 1799
1909 6876
6121 6742
440 794
6452 729
8177 9903
3000 310
1442 2687
6331 6763
767 4407
5353 5956
7425 6662
2792 4459
4806 1393
3990 2478
9361 5175
8263 8980
4250 7880
7196 5697
2613 2107
4811 2127
5112 1350
2082 5484
4531 96
2006 9272
8174 2670
9243 7975
720 1470
5184 8324
4673 6258
2819 9132
587 5719
5272 4578
5195 1415
8203 1286
7299 9765
4784 4563
1985 3748
425 7568
9934 4587
9490 3124
8146 4559
2375 8391
5126 2373
8686 1909
8617 8829
3548 6752
3384 705
3590 4509
303 2821
8685 9200
5035 130
1167 303
7855 224
7755 1230
6403 2672
4496 9753
4912 9661
8635 4815
7754 7403
9879 1323
1145 1661
2142 5642
8348 7690
3932 5090
834 5304
8003 4178
8370 2505
9645 846
4805 254
2723 9302
493 4325
1173 4486
9214 7241
4854 7586
5753 8315
9906 7243
6611 2154
9790 9522
1630 2346
1159 2537
8027 2923
4613 4954
9411 4745
7107 1910
6698 1739
4886 7226
3253 8879
7757 9245
1858 4496
2081 822
7706 9372
8575 952
8138 7375
4823 8943
1088 3799
5613 3198
8317 1802
6655 4047
2766 4959
6670 8614
2209 1438
7709 6268
8807 7535
1746 5236
7907 9612
6488 9741
3791 5824
1532 3672
9365 4404
3357 9490
5275 5238
4018 6934
6127 9015
9552 650
9219 762
2438 9624
435 5555
5673 1863
1103 1874
5699 2748
3811 2177
4286 8856
1186 3205
1623 4540
3436 7426
5376 2792
2169 3108
4763 3929
4405 7365
8531 4930
1208 3803
6 1937
6294 4228
3636 6525
4971 985
167 9764
3701 4398
5042 1194
6284 6817
5551 8728
4648 91
9764 8258
8026 9487
418 2690
2500 281
1758 1554
8615 7469
4230 3257
8026 5984
1084 535
6441 3448
5849 2450
8921 4085
4804 6914
4563 5912
5512 281
2627 744
9546 1520
3241 4031
8454 3163
3487 2162
2675 6326
5519 8013
6497 6676
7673 3283
3077 2398
8556 2454
914 5702
5737 8864
6820 9898
7466 5343
5948 2352
4589 5891
1957 8281
4020 7298
1407 6488
194 4373
4558 3322
5816 4233
4823 4109
7249 2420
4720 4455
4764 3887
465 7214
9701 1832
9293 4122
5934 2659
4193 7038
7607 348
6221 5269
8377 1886
6907 1468
1774 5923
5491 5476
6411 4685
5157 9759
8658 1734
497 1651
1111 8009
7819 4781
3394 9299
2492 7279
3171 1645
3317 8933
2739 6116
3296 7982
387 1866
493 5047
5962 6510
3262 4355
2046 1079
3890 3389
1869 6730
5994 5718
8180 1116
2995 3932
5408 1950
57 412
4630 9584
8019 6937
5279 1905
7997 9420
9888 5123
1684 3694
5368 82
8346 7932
9513 2101
6552 7450
7451 4566
3603 1452
2327 4781
3580 7269
7653 8397
7181 534
2139 3605
22 2202
5750 5862
2454 2363
4636 271
5044 3490
8345 5988
7666 4476
6117 7664
342 5655
4425 2328
229 2290
3051 5185
7943 4909
3494 8333
895 5330
7451 888
1364 6534
6898 3010
4495 5747
7255 21
4695 2775
5636 9496
8111 1446
9390 4691
4580 9931
4915 1600
5314 9298
9536 5124
9682 5759
8741 9072
4159 2417
7879 6949
6798 490
7415 4175
3440 8553
954 4392
361 1971
321 7083
5368 4455
9565 6957
2340 3122
5946 6421
6295 2741
1027 2275
2232 944
2286 3724
995 4752
2378 4063
975 178
8703 4783
4202 71
9499 7407
1767 1846
1007 8575
6379 8427
608 830
8451 3277
413 8050
6112 5363
838 7675
2983 3106
4383 857
9112 5751
4295 4703
6944 7592
7655 9259
4154 5672
1712 5301
7482 2014
1600 5776
9638 3744
4535 8362
3857 2812
3263 300
1591 120
220 9615
8492 2556
6882 1526
8887 4782
613 6502
6567 5249
9717 2036
5566 5355
8706 181
5642 4838
1572 9033
9190 6755
6221 775
9872 6723
7067 4928
801 4284
1640 6925
3974 520
6315 9886
9861 5319
1341 7904
1503 919
4593 9617
536 5168
370 9673
9344 2260
42 5826
2546 7573
5564 2
1715 8532
6472 8127
8372 730
9585 7311
1655 1938
5973 3295
3771 8853
6462 5234
3756 8606
1229 3613
8784 4411
1103 5332
5469 7572
634 6407
2168 3755
6553 4456
2670 4658
8947 6944
4748 6942
7124 6979
2424 8041
136 6891
9609 3285
7523 9503
1019 5249
1818 8978
5983 3350
8059 2312
2657 4759
1677 2092
3823 2453
9491 8085
4865 6925
509 6057
5291 1809
6069 1577
76 508
8539 6285
137 7610
3860 7276
4657 4288
7728 2221
596 5081
5497 5853
7989 7144
3016 5464
2014 8062
9049 3498
2257 9991
2399 9275
220 1807
6253 3864
2828 9786
3257 8450
4060 9966
7245 9810
4791 7475
5049 3307
3424 1703
766 5733
3470 8830
3615 2893
8634 2299
8788 4038
3872 4133
4820 3619
6696 9808
1366 246
1346 3936
702 8803
871 5239
7582 43
8533 1035
4799 8236
8019 5698
300 4055
1276 2176
5278 7230
3680 7806
2174 6855
7688 8532
1586 8379
7398 1903
7138 7017
2308 6868
6637 1696
7780 5185
9049 2477
1911 7067
5578 4894
3893 7323
6862 6699
5799 9678
7391 3127
8815 7413
4874 5066
6400 3679
1592 7847
3746 1823
1752 8904
4361 7809
7439 8693
8438 8267
1937 1631
4459 7350
9639 5828
560 6969
6890 934
945 6265
2292 3920
4184 9974
3242 2317
5342 3012
437 5542
7287 1462
3062 4603
9513 1378
6727 5823
8458 6964
6125 7760
6741 6791
3446 1574
3856 4998
9190 4272
8963 3944
2655 4097
2260 1946
8370 2229
2109 2569
1080 4339
9792 3702
8578 3124
1417 671
5808 4122
8597 7293
3355 6989
1973 6865
9942 9170
3744 982
4661 6831
1981 1924
6032 1982
2306 4321
7515 6457
7832 5749
1856 7931
9779 7620
5222 9818
4592 708
6571 7881
3495 10
1253 9034
197 2665
6487 5061
1676 2070
619 1476
3032 6880
950 3602
200 6185
2097 3951
179 711
2469 7679
9802 2698
4037 6312
3824 1759
3995 8623
910 3224
9915 2082
254 292
2992 8292
3491 1277
4685 7179
9774 4781
5358 6439
3855 7597
7899 2587
4362 2881
6061 7327
4661 7298
9254 1123
1127 7079
6604 7022
4408 9781
7145 4468
4067 1223
7590 8499
6903 6235
9442 8525
6685 9607
1696 2954
2961 9187
9415 7963
3948 4334
8515 8425
7174 3364
8560 4975
3640 3845
2839 7459
3612 3450
8007 3525
7808 2871
9688 6538
9089 1045
6366 4951
5409 2480
4821 8669
6501 2886
2489 5509
5254 6717
1952 8028
1524 9881
3735 7909
4449 9522
8406 4931
3693 4133
3716 3402
8814 9756
6780 4553
9888 5712
8774 992
3341 8239
6159 8370
3057 4863
8755 2099
2569 5635
494 9074
6283 6578
2873 2830
470 4267
5070 1675
2936 2075
6506 6225
3881 3330
1543 2334
4986 1034
5138 1507
4411 5514
9075 5616
6285 2579
7378 3145
6262 6447
4456 8486
7274 4891
3651 2612
4360 5713
1451 1206
2967 873
8359 8749
3266 5356
5993 2157
9979 8088
8487 9068
8409 6049
5785 4997
9440 3011
4861 525
4529 1933
3823 9279
3926 8743
5651 635
1185 7302
466 6274
3643 8174
7549 1018
2119 2052
6314 3736
4986 5749
3980 7977
2548 5092
7203 5317
4267 9342
1976 4373
3995 8138
1216 8421
7215 9246
4062 6989
8399 8828
1145 8093
2000 2969
3907 7927
104 544
161 987
9328 481
4306 8364
3613 1525
4938 228
4571 709
2770 6809
7320 7599
5480 8560
4586 9685
5031 8637
2109 9217
1051 8207
5317 3645
5934 9123
2625 7596
6029 4630
4895 2544
9599 8974
3077 1758
8663 3459
3480 1573
6230 9941
5814 294
8100 2924
1754 5050
8665 5368
4161 6546
690 53
8091 6405
5575 3202
2242 7051
9863 6687
7717 5855
8385 5715
963 6045
4131 4207
6493 1436
4456 3911
4205 5305
2821 9205
3543 3017
3102 7307
8774 7192
290 4181
6763 5340
7845 1030
2864 7845
4563 9410
4106 1963
4698 3320
5623 5413
2799 5069
1806 1606
310 4707
7898 1665
5952 2175
3314 9924
5818 4153
5222 3468
5888 4177
7645 3031
6903 9971
4702 9345
1474 6910
8168 2336
832 3405
2337 4307
3367 7805
8779 1415
1887 9553
6909 4883
7376 6729
5144 6963
8078 29
4616 9823
2109 886
7953 5633
5995 4117
5123 5519
7629 3553
2030 7032
5090 8775
5499 2713
9448 5217
8987 590
4763 3828
2224 9408
1266 7226
2741 2600
4246 2544
2949 3184
2543 1329
7924 1242
3492 9733
4746 7413
5450 1568
4299 3537
3586 5790
3824 8981
1692 6936
2685 2612
1307 5800
3943 374
3491 5104
8557 4239
9944 7449
1753 2511
4120 1464
166 4519
1070 6949
9076 405
9892 9462
206 3322
5947 5248
2192 4641
6939 8063
2497 7167
8070 7951
7445 8200
4088 3376
3988 3970
2980 3093
4408 7935
749 8747
3541 1616
8734 7909
1417 5124
3345 875
5309 1012
2762 4748
9285 930
3127 6238
8596 4406
8610 9855
8652 4858
6859 473
7603 2297
9809 4811
7968 5950
6616 7100
9148 139
1576 5389
4944 5453
7387 6850
6129 6360
4461 3694
7018 1158
5458 439
8303 4502
7858 1630
8075 8443
397 7198
6102 1942
7428 5100
9953 6045
5018 7324
2729 2763
2432 9025
6941 5233
9004 4939
4406 7862
8335 9956
9901 4162
6686 9798
1761 6348
2493 2098
8281 4696
9821 5060
8416 7699
2011 9352
7809 5043
91 5436
5282 7493
9666 3872
3478 2758
3456 2257
3359 4187
4516 1375
3337 6512
8783 3690
9819 5210
7967 5717
8022 5880
455 82
3766 8213
8462 2505
2609 2496
4856 3954
5666 7185
2975 66
943 3693
2567 7780
5868 9550
8547 1749
630 1521
8619 9689
4926 6118
7577 2526
1459 7786
7037 6720
1609 6854
6977 4460
3247 8871
32 3115
2289 555
9754 5942
9062 6716
5171 9827
7212 2772
2335 2192
5306 3088
5318 2931
4088 2829
1840 3591
4269 7897
9298 3162
974 3137
7287 75
8282 8030
995 6789
4663 4931
278 7877
6361 9696
1460 3556
7536 4947
8361 1781
2132 9029
6545 6867
1014 8440
9025 3884
4500 9993
3684 1233
4640 9848
8284 3980
3551 2100
8800 276
7014 806
4001 4690
7283 3987
9287 5721
7067 805
7076 7450
3118 2836
1394 7621
3253 1328
8580 6717
1548 1583
3327 5937
2844 6685
120 3377
3696 7653
4922 3000
2385 3973
9319 5993
4869 573
9285 615
4822 805
4854 3106
76 8852
4846 3123
2340 8985
9843 393
8392 3827
1544 5396
8360 4066
6937 7635
6938 5768
4850 2221
6899 3450
4125 5770
334 4891
9391 3971
9843 3136
8981 7385
1863 2638
7184 7781
5404 1897
6233 3810
7797 1499
7715 4812
2468 5513
3594 4035
8819 1878
1886 7466
2451 6164
5239 3233
3522 1349
6570 4402
1651 9711
4352 9825
9574 4250
1895 9108
9938 6772
1301 2114
8442 2400
9366 7023
703 8005
1846 1083
8003 4087
1804 4851
3647 1098
2926 185
696 8538
3385 4191
3857 9790
5021 9192
6886 8557
1626 5487
5090 7645
8995 187
6707 2258
2618 4280
9764 3811
8460 5100
9794 851
9060 1712
4551 1923
5527 1680
2775 4581
1311 7103
3033 8191
5902 2561
9959 4191
290 6131
2494 4586
4143 2503
8866 5845
8584 1675
7739 4664
974 2317
5506 2338
5513 2742
3075 8109
671 4660
5130 5502
6475 9158
5919 3565
1498 2826
702 3181
3195 3599
9294 3544
9506 5471
4461 3429
4008 4383
6774 8257
2110 4975
1499 3573
3146 3426
471 482
1893 9171
1962 19
8430 3359
52 1252
2615 6305
5506 4530
5623 308
7713 6853
3477 3587
3755 3663
8751 8673
7618 8461
4321 2283
5091 1241
799 5157
707 3589
7276 2997
8406 3473
9713 90
2876 5975
4011 640
2424 2926
8348 5391
7337 2300
6117 8859
2529 595
1526 8179
2039 8597
532 3414
168 3381
2769 2944
142 8045
1402 3024
6872 3192
1023 6307
8588 60
7374 7901
9462 493
5370 613
3728 8117
3476 2906
2725 3307
1454 1027
9127 1831
2536 2822
2545 5953
1338 7727
2812 8824
1828 6650
1231 5214
4151 6121
2004 6464
9166 4495
5685 6733
4882 3094
6424 1777
8101 4697
6291 357
1022 7949
5347 2475
7636 6230
6664 1156
9211 9287
440 8049
4748 8338
6819 6606
9113 38
9934 9481
9327 4586
9293 8744
7332 2320
6570 7971
7069 4678
7809 3298
4450 7174
2206 6644
4356 4895
1450 299
9752 2168
4826 84
1992 178
1059 7631
741 2547
4600 4598
7884 4345
7067 9082
159 6319
1147 949
956 4258
3461 2991
6826 4399
1791 8564
5897 2454
8650 3993
4308 5679
7867 465
6343 1672
3418 2449
2007 5935
1526 2527
7544 8686
6577 9444
3028 9195
4829 5408
4017 9747
4636 6406
1095 4499
9299 6595
9601 7555
2190 1833
2923 2376
5153 3133
2109 4260
9614 4930
6540 3290
7020 101
7886 9575
9949 5563
2182 2142
9567 3459
953 3353
7874 7464
6135 9377
4712 6919
9618 5110
4388 7124
8870 108
1862 8704
837 6227
8643 595
3267 5524
4845 2583
6324 4193
5282 8955
3794 609
1983 6103
5483 9515
9186 33
4514 7894
7326 1140
63 2
6952 9772
5446 5958
4200 401
4779 6412
6465 5324
6210 2509
3274 4438
5457 4245
6178 1699
2148 2155
1808 6395
3999 957
2969 7417
613 4472
8544 7355
7481 8876
8352 153
2921 2897
352 9118
3768 6080
9174 7187
7730 7575
5023 6082
616 563
8300 4474
5364 220
2619 9341
6296 6274
7483 7602
2355 2237
857 1957
2847 892
1677 332
6072 88
2702 9669
6883 3
5815 2277
5157 3298
9185 1962
3621 6088
9409 7776
830 5148
7660 6424
7385 1913
8584 6010
5797 1748
7374 9326
4784 2664
4313 8097
3854 6227
8137 4412
9036 6143
8726 4477
6206 3298
3524 3591
1461 679
5056 919
4319 718
1506 3933
8638 1335
8978 7261
9317 6098
4174 9754
2195 8148
4584 75
6749 5561
3620 3096
3763 1392
9762 8543
3649 3321
6468 4009
8382 8496
4171 4345
9483 1670
7839 2309
9709 6652
8084 5710
785 476
7855 8705
8700 1169
5003 2929
6788 8116
1322 1719
9168 6901
8151 8854
3625 8281
9534 1391
6262 8008
5305 9802
7768 1018
7982 2673
9271 806
7088 9012
3920 8550
8800 1858
2289 7900
5908 6360
2065 5849
4013 3947
6697 124
8623 5668
1783 4645
3217 2204
1962 6156
9405 2821
3237 6451
447 3391
5962 6913
6124 4922
6493 7609
2298 138
6064 9289
1491 8603
2282 2338
5390 6588
6950 8852
1713 253
4731 438
8771 4652
3794 5251
8535 4718
6121 9781
9658 8311
3124 3157
3374 2074
2190 2407
5884 6697
6550 3096
8330 2535
5976 7340
5257 7222
1379 7146
6366 3245
1552 4400
7582 5190
5843 6128
4283 7442
7847 9594
4436 3217
395 8442
7956 616
3368 3772
1480 8479
6605 5555
3341 4099
8603 8353
7630 7523
5465 3756
5955 2173
4874 7296
5992 5255
15 9510
882 8624
5417 3235
1307 3355
5244 6655
4103 1674
7133 6374
1877 860
7608 2727
5969 3575
4641 4006
3616 8379
4645 3184
853 5693
1004 3460
681 4081
3033 5802
3921 5794
2106 1285
1432 8206
8202 5537
4194 9712
4756 1872
1358 74
5776 5456
6164 5716
2951 1917
8262 1426
4693 3717
612 956
1365 7981
1394 5715
2129 9449
9661 6512
1720 6978
8753 5754
9605 4679
7256 6526
9302 6922
6657 7106
5089 9309
643 3316
9786 9282
737 1741
9628 2548
4183 8063
722 4522
5512 7210
2604 1473
3592 1992
2430 3930
2620 4958
2490 4363
5966 191
9389 3468
5417 5974
3951 4414
2299 4221
2560 7977
5154 4097
2665 6299
2886 6681
4649 6749
9714 9363
534 3037
3542 1652
638 5398
7643 4623
3719 2710
1746 8258
2516 6107
4103 6902
5498 5443
3621 8291
3523 3329
3206 1252
3867 1128
4345 9078
2590 7291
6324 9266
2542 4138
2204 6837
8780 6152
4699 1536
3347 9158
847 5559
9580 84
7283 9036
1592 4467
5039 4547
6386 1792
9647 1841
3957 2851
9744 7364
6610 6660
8474 4121
8001 6761
3250 9920
8994 5241
1727 518
4945 160
2008 5498
6625 1308
1018 3607
6462 9333
5509 392
9691 5886
1609 2672
6669 4841
5485 5444
4332 2776
8352 2523
6238 8170
1562 7898
2882 8549
1232 9875
9786 1243
6164 14
3166 7508
6946 798
2926 1713
2580 332
5806 318
5918 5491
6679 3926
8314 2790
9507 8421
3709 3154
7396 9647
828 771
8516 8592
787 2822
903 6386
8901 5439
3290 409
3255 1172
2003 3356
4310 7540
2563 7024
3550 4981
7259 7185
6935 3552
2553 4708
9239 3059
5158 6552
3914 1190
4076 9501
8516 6703
9870 5508
4029 1934
2221 2966
439 4799
3315 3183
54 7211
6340 6249
5327 2163
9934 3388
6175 5379
8349 6285
8839 8236
8133 8408
6019 8312
4449 9583
1248 2824
5771 6434
679 2364
4336 8261
9025 2640
7304 7362
9023 4706
8633 455
1 5055
9719 6428
7380 3372
2388 6721
5189 7582
4999 7242
708 9501
2630 5026
6539 9907
8580 8534
509 8344
2769 8572
8919 8571
3830 6055
1321 8005
7512 1075
6916 5875
573 7962
1633 3405
8862 3652
4466 696
232 9490
1179 225
5065 1465
3631 9475
6044 3519
8799 9603
6033 6708
5440 7411
5588 1168
2099 8761
6553 7752
7571 1748
2345 3534
4033 4448
230 7029
2356 4387
4805 4366
6399 6602
2855 5038
1805 6302
5013 2598
912 3181
6688 2706
7409 7611
20 198
254 3218
9965 918
5944 6641
5179 155
4575 2507
3843 6610
1608 2020
7853 86
7418 8005
7194 8534
6217 6372
5050 322
6226 4531
2240 8845
341 6699
644 5600
1651 3041
4570 3382
3992 1868
6138 9418
7161 6186
9484 6268
105 7708
3263 8518
650 8517
4674 9987
1830 4568
5944 8290
6928 5424
6800 8800
7015 4747
1153 5946
5143 8724
3933 2031
9757 1102
439 3843
4459 1920
6441 620
4600 9611
883 731
7660 3238
2930 6233
8894 1503
5623 9088
1618 6267
5702 267
6649 3745
4074 6099
4621 1597
5378 7897
3069 7418
215 9127
1908 7176
2015 5722
7492 4818
8454 5788
7811 8259
1798 840
9018 6356
4040 265
3805 6010
1406 203
4290 37
2159 4761
8233 6412
6313 5755
5122 4824
4825 4727
9197 6182
3578 9021
7594 6284
8080 560
1211 9692
4816 903
6635 2244
3048 7609
1710 3386
1884 7075
5989 4281
7988 8552
9508 8983
9886 667
835 9920
7516 4247
6795 3471
970 2184
8619 4643
3909 493
8858 7612
104 5152
4399 507
8086 3259
3860 997
5739 2956
2577 2526
2722 648
1673 3003
8550 1515
5120 104
9750 5635
430 9511
2037 951
588 7894
340 7441
324 4993
2002 5168
320 9589
1062 3896
2244 3704
2076 4403
3705 9761
7561 6936
4412 6020
2593 9823
162 3519
9231 3050
7820 3406
7963 3902
2399 9710
792 9788
8928 6727
1171 794
9050 5549
7628 8090
8034 2818
9400 3955
5076 6097
9736 5366
8710 4328
942 2918
920 2559
3015 7890
571 22
1973 6251
9035 4616
3498 3293
2271 6325
4628 22
6693 8070
878 8532
6963 968
3455 9000
7419 162
3680 5264
1882 7605
9065 4350
5276 5513
2531 8753
7294 1912
3919 8675
1521 693
2102 836
5122 6660
3506 7273
1440 3350
1088 8496
8198 7732
1012 7415
9688 3136
8903 7156
1339 9259
6688 7351
8853 2416
3186 912
1207 4412
7902 3058
3970 4584
544 9319
1109 7145
9157 1980
9934 4443
9905 4264
515 4190
4787 1617
9733 7711
8300 3566
144 3719
1211 2525
7525 8034
5207 4169
1151 4866
5668 8395
6995 3993
6350 8980
3524 7645
9903 1006
4735 936
7172 5610
4689 1272
2365 5121
7529 3026
9497 9144
489 9595
8676 4282
603 9890
500 1581
1172 8516
3739 252
227 7898
4953 4884
8267 2133
6899 3863
357 2050
2563 9594
9517 8667
7059 99
3545 5282
6229 3384
8654 9363
3382 417
7922 4859
3855 3118
7806 3734
9788 8506
6065 1370
9828 5159
2659 5523
6079 9670
668 8452
107 4543
518 324
826 3729
1842 8612
2989 3227
2059 9000
2811 4711
3729 4421
7503 9183
4153 6228
4910 2019
2746 7530
2887 9625
9821 3237
4030 7388
9023 7871
536 379
104 2811
6446 8493
5278 9169
3971 3741
3591 4039
3607 9421
1436 9587
5491 9028
4401 6011
580 2668
7597 3098
5438 1177
7716 5100
938 8113
6996 7140
1783 2811
8918 5131
8594 3327
867 5786
5466 3212
9732 3418
1319 7324
2792 7551
2278 2922
5074 5331
3558 7049
531 9342
1032 6676
7062 9628
1544 903
2735 9375
6588 854
4202 8881
5103 3452
5652 7211
7006 4688
1749 4662
1272 478
2920 6007
2683 8880
8725 2021
97 2032
2119 135
8522 9595
6880 5182
3656 6622
9763 6033
914 1827
9444 4379
7696 4815
1065 9470
1124 620
9766 1113
7989 8712
9458 9342
434 9052
7869 9488
3805 3046
5227 2531
436 5528
1952 2502
2029 3395
7604 4463
1480 576
5053 5539
2400 200
1818 2999
1434 9856
7413 9998
9804 2257
4392 3647
5623 175
8687 1363
9927 2450
5859 6151
7717 6290
498 6906
2917 7953
41 6372
1986 1489
795 4715
6937 1431
1177 1097
3469 1797
9234 3338
4356 3727
7514 157
1865 5141
6282 6587
3871 9963
2710 924
2233 741
7156 437
5869 3398
9104 5843
9340 4208
1181 8751
1484 4184
7073 2269
4999 9964
6276 8262
2520 6511
471 2776
8589 3476
1154 217
1791 8584
609 2943
1708 6572
783 857
4334 5014
1746 3486
5352 6878
7785 6560
882 4276
4792 3059
9576 2041
5100 8018
580 540
8790 6066
8372 5236
7879 6749
8200 5399
6265 4464
8149 69
917 3520
8180 5632
3096 1966
2201 3805
4475 2403
2244 495
1554 2981
7208 5957
8381 4594
4787 847
8229 3231
4042 2037
7311 3663
4164 8869
6271 7341
5162 9790
6335 8551
7128 829
113 930
3380 3095
2628 9138
1589 4163
1808 3602
5508 729
7500 8342
9485 6652
9049 2399
5304 6400
9811 3211
1867 8956
8101 8181
346 5747
639 5645
4162 3567
5556 2673
6471 615
3543 7357
4995 6619
2063 7380
8721 5296
3264 4485
2041 338
321 8727
6772 2443
2383 9402
8047 1104
9320 3003
435 2119
9984 5577
8604 3199
9206 3166
2376 172
8301 5965
5535 5776
1515 7444
9241 6741
9070 8501
819 1108
7455 7440
2789 1539
847 1774
8469 7045
1477 8496
8834 1113
8248 2787
7744 9438
1845 6476
9522 8255
5107 4419
8457 8814
8592 3253
2754 1744
4053 4878
2094 9398
3012 7254
9133 4741
3487 9599
4185 4751
4584 8397
6066 2301
6256 8857
1003 3425
4896 3655
5836 1347
3473 323
1710 8785
3228 9535
107 52
8180 4375
6675 2729
6572 7760
178 3172
4073 5967
6214 8207
818 287
3469 5782
1326 6052
1353 9691
2424 4301
8486 1672
4454 8975
8592 3017
9174 6121
8481 2140
9952 4000
5420 3687
651 4352
3240 9628
1559 3642
3256 4242
1652 7519
5996 2966
748 349
731 2516
4224 9725
4465 9416
2721 9896
6197 4405
3691 783
9663 5678
2387 9083
3429 6473
7304 1329
5759 6476
231 8395
2825 2465
1022 6449
5004 4214
9161 2057
4834 1707
6682 8034
463 5745
3909 6114
9812 1476
3526 7649
9192 1597
852 9760
8465 4180
327 654
2004 1295
7688 1745
6318 5093
7577 849
4028 7883
5382 6211
217 9071
107 2777
1022 9947
4293 1290
6246 4793
8643 5681
5702 1671
8745 2235
8841 5764
6388 9349
9567 5986
2013 4937
4215 668
3068 6775
9640 8451
13 8185
5795 2960
7342 2698
2193 3249
5413 4033
6935 8560
7965 7704
6569 2826
4661 4422
6715 5376
5772 1513
9564 8881
1693 9072
1828 2211
6374 3487
5645 2724
2989 4277
8673 6402
1454 6813
3489 9051
1831 7269
192 2295
4177 451
8688 6633
5789 2439
1381 6702
6796 5574
3864 9980
3281 1273
5830 8027
4216 8884
4210 8800
3162 9008
3593 677
5806 2406
2119 7118
2723 3905
2479 1991
3511 996
9869 8019
8787 4470
464 7927
7581 807
2584 1983
3338 7328
4078 3008
5728 3692
6279 3222
5002 6815
5213 8599
1754 7891
6422 6344
345 4111
2927 3878
1581 145
333 8553
8217 7922
5113 9443
656 7882
8710 3480
926 3953
3725 5626
9250 5226
4648 4530
7631 1146
6433 8116
960 2894
9095 9437
637 8820
6409 2580
8971 2687
7249 3311
8713 3977
9336 9105
8614 1465
7245 4647
5722 7186
7967 6497
9935 8345
9040 8809
9947 9175
7773 8167
8089 2645
1435 9829
174 316
1862 8119
9076 5741
5505 6573
694 291
608 9712
3022 4712
3272 2126
2068 7748
9040 7221
2584 1410
8549 4292
3851 6364
595 7743
5855 9479
13 3861
3215 7389
8392 6518
98 9360
5664 5973
3182 1283
7063 3751
2943 7047
2255 273
626 9458
4461 604
9360 2696
7526 9584
6778 9286
2760 3480
4416 6144
6308 8285
8676 7421
5858 6430
7131 8498
3569 6188
6434 6236
6292 3897
363 7199
4719 5335
6804 187
5871 6614
9035 2282
2657 1092
5146 8749
175 2434
1453 1671
9704 3873
4979 9538
2865 9107
4279 7374
4817 7751
4965 1163
3027 8233
6375 4571
1676 2686
2551 4354
7436 8257
7178 846
9316 6405
8008 4755
3308 8561
13 589
377 5469
9229 4796
4421 8040
6622 5559
3715 4159
7688 475
3935 1254
4483 8059
7837 6745
8608 604
8518 4607
3870 4996
160 7448
1273 5246
2995 9591
4873 815
3932 2312
4397 4325
1687 6659
3500 9874
2061 3280
3978 7297
5859 7073
4137 208
452 236
4099 3868
9767 1449
3329 5168
1822 9237
5228 9084
2638 1349
4150 7762
5457 6383
5000 5150
4006 264
7533 7187
3256 3226
4692 338
2054 6678
3289 8662
5220 503
6982 119
7318 4043
5016 6487
1744 9652
9503 6988
9353 9430
5283 28
6770 7293
8285 9658
2261 1056
8315 5943
8804 5670
1066 8811
4124 5016
6009 5317
4242 8982
5033 1005
7905 3411
3185 9779
781 765
5512 8452
625 230
8413 3147
4248 9275
436 8211
5080 8067
9098 7385
164 832
6618 7560
6269 4206
2223 827
570 1253
7704 3017
3646 8248
2572 7058
8348 6870
2119 1668
3416 8174
8173 4748
4740 9527
3368 2101
7208 9495
4502 8845
4438 9203
3730 7277
6704 2489
3324 5109
7396 9859
9855 1533
1992 2296
1604 1202
201 4186
9919 5437
8182 572
2555 6129
9542 8269
196 54
1064 2154
1629 3994
6402 7767
2807 9414
1892 8765
8322 3830
5008 4953
3304 7552
6950 105
1631 483
8990 5376
3796 1681
3051 3670
2231 2997
5613 5994
4351 8287
6803 4494
1283 79
2242 5769
863 1379
8481 5604
1547 6596
6700 7773
7396 3181
2365 1708
7375 8691
8288 7555
505 7219
946 1568
828 4395
2552 1522
2169 474
3645 9052
72 847
7507 8212
8326 7255
9356 5366
2543 3012
1446 5178
3369 1252
8204 9905
5130 848
703 2582
8955 8061
7109 595
131 5422
6925 5682
9355 4042
2879 1117
469 9976
2567 5404
9426 671
1672 8038
3570 7828
2563 4563
1260 1574
7974 7958
1101 2526
9644 5302
9115 2121
6465 8269
8233 2339
7903 7756
7100 7679
974 315
6495 3986
6126 9019
402 6281
9022 7578
5830 4083
8003 106
2413 2809
107 4127
3903 4647
1972 4019
7382 2982
7515 8172
7068 7509
2735 946
9681 7509
8983 5916
7995 8079
1796 616
1354 997
1637 6307
278 7210
4163 2512
5661 7990
1177 4854
2113 3918
7739 2132
4465 1305
3699 300
3542 5000
8566 4934
5059 5496
7724 185
5287 3031
4217 1451
7482 4759
5731 6193
8943 922
5147 2985
9889 9606
9441 2388
6683 1421
6956 7517
8659 8066
1672 9493
8461 2370
9160 5348
6453 7995
2621 9854
5444 2997
7555 4671
1443 3149
2777 2566
8743 5459
2003 1689
1774 8928
8434 7138
4675 5705
3096 673
6413 880
6982 8002
6985 2586
5490 6230
1087 6625
7860 5593
5448 6476
5291 8280
3219 7920
8380 7992
5312 6881
5383 9103
3587 8155
516 3727
9444 1761
889 537
1092 5281
8406 1974
7622 3477
8467 6443
2262 6564
1016 3113
2230 6990
8240 9688
9371 6047
6992 2415
8316 2323
6689 7903
4623 2696
3745 1019
470 1874
2470 9333
9411 8957
2410 9911
1938 657
7097 5296
2275 8445
1490 8436
3567 9107
4453 6909
7991 287
4921 8168
7523 284
6530 4395
2767 1160
3812 2192
7502 6476
2699 997
2525 6254
1672 6675
4149 8079
2354 3225
9499 6596
8509 2110
9640 9861
6113 2619
3754 3673
718 8260
655 3184
2533 4007
9132 6720
4508 7379
5893 449
7494 6118
9032 839
1455 2176
7527 1157
7143 1007
5385 7917
388 4433
3793 8103
8449 5008
460 9909
5163 9372
3858 521
5078 2492
5466 2074
2756 8419
5548 4118
8485 4090
1631 9600
5404 5967
5768 2814
8661 2388
3689 6919
2808 3627
7213 3874
3743 8272
2029 2905
6439 2717
2644 7915
114 4665
6348 7688
7970 6637
7476 6366
7739 9085
9934 6691
795 732
9995 5239
350 3702
4206 2641
9904 254
3814 312
7700 804
9536 558
4033 507
4184 7181
2945 3656
6587 1015
8053 7108
3031 3586
8695 4819
7619 8993
9063 8109
1416 6634
9536 6963
2563 4741
5991 5532
7177 5420
6373 2044
5864 6909
3058 6533
9064 2415
9930 1419
9127 5087
2829 4323
3825 1421
7301 6225
7187 1216
7729 5309
229 2034
8237 7778
2630 7571
6313 9186
8369 3403
6589 2418
7717 2284
2740 6399
6689 7707
3668 1583
2394 4427
6791 6382
9718 8271
1761 4617
2270 6785
9954 1821
6736 7952
5804 2204
6705 9038
4257 9481
8909 7986
2918 4875
3959 311
5924 1753
7983 4398
4810 8957
9626 3277
324 755
5345 7045
2598 4078
7990 3518
456 3173
8395 216
4787 482
1339 7961
5102 1189
8137 613
6335 5463
754 219
4317 8724
6966 6073
2225 431
6962 4186
7079 2147
9002 8839
8320 2146
1236 1714
6450 9529
7643 4078
3994 100
7157 6940
3555 1395
7285 8623
1765 8686
3328 6654
5656 6986
8171 7907
1051 9519
5603 841
2130 5667
2550 3316
7395 5732
8641 1784
3518 3034
7503 2561
1269 4394
4967 7142
3473 7402
7554 8320
5065 5028
726 3755
9237 2998
5529 1649
7217 1652
899 9958
3133 4470
1400 7190
8717 2038
7977 8854
7320 874
9785 1985
4697 564
9190 8237
8811 8691
7327 3945
8233 5441
2306 3483
7073 8781
9037 5698
1343 3894
2016 1872
3185 6632
7048 5178
422 5669
6499 6502
6649 8817
8745 7791
6818 166
5902 7204
7616 9125
3333 2196
777 5588
6331 229
8906 8324
9703 7223
7755 5222
9717 5443
7897 2549
6361 2400
7832 2270
9894 2614
8723 9927
5241 5049
6490 9418
219 6064
8903 9806
6051 2983
9865 934
9392 46
5761 4361
8003 7071
6409 3657
5205 694
3918 3630
5819 7515
655 9599
2426 5720
3707 7009
5714 2762
3110 9698
6794 3230
4622 9473
6569 3973
728 3113
4732 9570
3672 7514
2732 1226
4345 5630
3359 6891
1695 3938
9760 8188
5120 3719
674 5430
4192 7936
6434 4727
4106 2332
6589 9919
7860 6419
8070 7711
9599 5108
8440 7664
761 7013
9902 6857
5764 1607
5057 345
5104 2967
2641 9708
555 3861
9714 8089
3780 1554
2397 159
9024 3168
6259 3047
1806 2878
1191 7762
4786 7474
9889 5524
2895 4674
6865 1141
9099 3797
3165 8853
6767 1746
9457 3191
4466 8752
6240 2287
2566 4586
3551 1391
705 7782
2062 1341
866 2645
2975 3024
6481 5141
2372 9762
1617 6887
6996 8326
9462 8866
9840 1962
933 6657
7234 2203
3888 8872
6649 2308
2097 7775
6503 4514
1738 4763
2306 375
5592 7339
8809 2866
6220 4936
1910 1794
309 384
6435 6306
1947 8041
2955 4212
2715 2982
4813 6548
8814 2256
9579 6150
4257 9905
8816 2242
6496 2956
9400 676
4080 1236
3217 6443
7668 2982
1791 5089
8192 4867
1075 1027
8729 3654
5243 1782
3511 773
4609 5502
4076 7594
3380 3496
7029 2803
236 3058
7330 2200
6960 7687
5782 4070
2311 3330
8903 8309
2335 9277
9723 8656
4460 3380
6999 1713
7409 7886
4970 4884
3086 1916
2700 1799
6153 9521
6444 9171
2907 8733
7792 1971
7947 7677
4600 3786
9468 9298
1925 3239
298 1074
3568 4452
3052 3484
7724 6463
6848 3861
6167 6374
6936 3764
4622 5231
4338 7548
5941 7404
6342 9184
162 2383
6623 696
8136 2234
9823 1932
1999 1090
541 7937
168 777
2168 4626
93 2762
6136 7533
1489 6325
1611 6961
4859 721
816 8818
5040 2125
2585 833
5003 8773
2826 552
3497 4505
6026 7886
7988 6365
4998 6214
3284 53
9497 9981
96 1215
7897 4169
2520 2255
3062 9106
4561 1841
5183 2287
2819 9634
7951 4555
501 1212
9054 7352
1544 36
2341 8864
3356 5453
4594 7320
8970 7105
5235 1319
988 5302
7016 6810
5191 9359
7928 3177
1057 6478
2152 775
8677 184
3623 5985
3201 3428
2765 398
6053 8099
7141 3809
934 1763
1727 7759
3413 5271
3983 2284
3447 2196
2348 4584
1873 9378
1735 4383
6832 1860
784 3716
2603 5057
791 4331
2641 172
3337 6803
2244 5271
4187 1256
3196 557
1712 5194
2535 8761
7752 8578
6436 791
1457 9995
2602 2851
8957 8317
2025 5297
9271 7980
8121 2147
4837 73
9558 319
264 3942
50 8790
415 2420
8725 8720
1614 9042
1302 1143
1679 6480
1995 6932
4774 622
504 8881
7301 8597
6882 8788
9280 5856
8333 8819
2049 9304
1008 9080
3082 6424
4380 61
2140 3987
3045 8299
8960 4943
2941 2632
4671 6564
6497 8770
618 4244
4974 3590
7436 2565
9593 2735
8919 6831
1557 302
4108 4529
5133 3724
1040 1883
4388 9857
4171 4402
7268 7696
9180 8286
3860 2219
8144 8862
8946 9544
8487 918
7573 7030
9731 3006
6735 589
685 7777
8192 3096
6211 4803
792 8966
537 5647
687 1351
6645 2686
7558 1430
4143 5216
8724 4892
7698 7749
428 9208
3604 1984
4873 6131
6297 1095
5172 8323
9896 7219
2001 1160
3189 5133
6954 2406
4307 8168
1537 1515
8695 9403
1598 4527
4487 6488
4961 7784
6375 1830
4997 8508
8910 1857
8641 4838
8697 6704
123 3950
7071 5286
11 8135
6870 7217
4562 409
7513 5262
8842 7797
985 8852
152 4252
7334 5146
4476 8283
9032 3233
5291 8230
5463 2472
7597 8632
987 9363
3618 3493
4541 3413
7660 1859
2331 9868
4737 9688
8975 1319
5077 816
8526 1660
7223 5525
6109 2192
6772 3548
6314 612
7212 2858
649 8243
7062 8789
611 9704
7116 7041
7674 1786
662 52
3878 5396
3889 2341
9804 6908
8978 1937
4672 6436
9588 2806
4358 162
6425 7967
2157 4657
3290 2939
2314 5086
1079 8687
4183 6847
8247 7191
170 4685
305 5142
5788 8574
6574 584
1627 4343
2853 9064
454 384
8071 6282
6717 1510
720 5320
214 6314
2961 6447
1106 6426
9683 1088
4542 9176
1387 1391
8628 2075
9952 2090
4215 1272
8154 9076
6138 1673
3142 268
1335 6111
9235 5459
1657 8511
8621 6967
5109 1622
5164 9725
4152 6534
2511 1264
9862 700
9650 7790
2927 3580
2313 7406
6504 2727
8863 667
1781 7534
6015 2451
8043 3700
6977 3085
1556 4875
8543 3475
4056 3336
8577 5249
2605 9443
3071 267
5023 9904
5322 7458
8572 8211
4522 8066
2829 1050
5678 8159
3957 4136
6200 6154
2181 655
9592 2362
8389 3467
3563 9014
5948 5016
427 8369
6497 8810
5726 6347
8529 4568
5202 1428
8864 8206
3227 9324
2746 458
4952 9160
8290 8888
557 2420
9309 4005
1487 2771
3128 95
94 3423
2386 5673
2781 9542
1556 6815
3226 2480
8530 4796
1328 6658
1038 2949
8487 4509
5236 3836
9803 521
4437 145
6774 5844
7543 168
4340 6949
9217 4612
5121 3473
1637 4375
5716 3093
3657 2246
1827 150
2081 9885
2809 7245
5803 1677
4472 7536
4835 8254
551 6901
5939 7619
7148 1576
6752 8603
7111 9750
3926 5077
5858 6401
712 238
8212 1784
266 6292
9248 9834
8740 1032
9697 3180
8802 7186
3238 3406
4342 336
2659 3816
7184 2423
7919 329
7486 7383
5297 3380
5258 3165
3094 2189
4386 4375
5929 1812
4920 7135
9866 6810
7317 6350
6498 4668
4850 7467
3335 8850
993 9384
5363 6996
2125 1534
7145 9608
2969 5296
8764 9526
6194 8915
2525 5911
6575 4371
6225 9978
4764 1001
5572 7650
8040 8375
5088 857
7297 4445
5519 5393
7323 2659
4619 4533
8893 6617
8105 9287
3603 4222
5896 3465
2736 3685
3775 5317
7701 3776
3242 9770
2242 9728
740 6185
224 9088
4331 8127
4717 1710
3302 659
5755 7070
8025 4710
1664 9151
1887 4348
1218 6782
7818 5060
8510 6640
3800 1949
6146 7394
5485 866
506 3011
7899 1912
4726 7789
6864 6781
1189 4922
4976 6977
4745 8671
2130 2921
2196 2029
6585 2116
6752 9038
3111 3420
9461 7545
2706 5376
6470 1099
8204 5134
2986 9284
5652 6320
6692 3464
6591 1077
7651 9301
3160 4098
8635 3477
762 9116
8719 208
3166 8766
9061 7502
3912 4802
2886 6985
1042 4797
7183 2264
6164 3198
7637 3765
3945 6414
3790 4528
2102 7351
1234 5103
9960 7745
2382 6790
9320 9779
6801 2252
1112 4264
2888 8864
9838 631
7093 5341
3226 6214
6780 9996
8819 7583
9954 691
8518 8252
9315 7811
7400 9718
1255 2058
8060 864
363 4852
7259 5241
5124 8685
2678 7383
4033 7459
6292 3947
6615 7358
2305 946
783 9501
2527 6933
1153 9759
3139 1195
1539 9932
1841 2799
3344 8371
7604 47
8038 8862
128 4188
1396 6136
6559 9542
6058 447
3862 7623
1653 4798
3673 3026
4957 3769
7761 4057
9569 5774
4083 2622
5491 6525
3278 5293
542 8089
3873 7329
8109 5542
330 1739
7518 7021
9870 6217
2186 2060
9656 3609
554 1972
4134 1024
1976 8011
1983 2739
5759 3180
1419 9857
5542 1533
486 2936
4059 7488
6727 3028
1092 2424
4292 3181
5545 5485
9793 2311
3665 3513
9658 6798
8365 7463
4849 3750
3554 213
7986 4818
2767 803
1378 2511
2951 3840
5254 7389
2897 567
8280 6678
1682 7781
5137 7950
354 3138
986 1644
2523 9747
9262 1715
6645 4276
3865 7271
4276 7877
376 3973
5443 8493
5415 4061
3394 4597
7107 1427
4063 9552
9513 2249
913 6276
7823 5168
410 5143
909 6510
2985 6018
7469 6665
7662 7116
9619 4092
6425 9453
651 5089
9872 9161
1820 6965
9305 7346
3308 3776
432 8530
4016 6317
9374 9970
9704 7683
1022 3791
1983 5705
3596 7805
5776 6475
9204 1396
4189 1831
6436 7907
8140 1185
86 4135
8926 7315
9955 2173
5441 3965
3074 4257
9509 8751
2466 712
9838 7847
4168 3612
2924 8334
4674 1886
1513 4020
4295 9461
8796 2838
4042 32
8454 2024
8580 8723
2401 1649
2620 9503
9685 4906
8257 2289
7673 9492
867 1125
8767 4787
6095 2381
4219 7984
7378 1807
1036 4307
3954 7216
2943 1127
3162 7361
2824 4290
9626 544
4525 454
4514 6050
4689 8141
4175 3536
4184 2055
4472 9629
1651 4628
4123 5486
2819 3288
1680 7280
2653 6989
5273 4689
332 9744
8694 1091
2650 3522
8094 3007
1183 4502
4725 1942
7009 3636
4569 8485
1037 5014
2221 8185
1204 8752
7886 135
2090 5863
8113 380
1456 3921
8093 8757
8054 2030
269 7299
8188 7221
6361 7395
824 8361
7491 8571
7698 3067
1260 2969
4698 1736
5464 9481
6284 9982
327 3760
1487 3153
6000 3425
7298 1313
125 743
2354 2154
9795 1199
2451 4525
9680 5833
3049 746
1386 4138
444 2995
8555 8085
7533 5116
4944 5400
9475 9048
9499 8067
5745 9117
7848 9018
1040 5154
7135 9546
6229 1078
9372 595
1056 2473
8353 2733
5394 4572
780 1569
5125 4905
8037 4286
768 4921
5310 4276
8327 1126
3425 2172
369 6083
9388 9176
6227 80
4390 5878
8452 6961
2627 9944
7297 9490
5344 3215
1950 9122
9612 9741
3866 7471
2640 230
1717 2288
9395 5334
5949 9796
2310 7776
7470 3140
2543 237
361 1994
1840 3609
353 1831
1027 5900
396 2329
3594 8464
9881 6191
8529 172
8577 6198
5395 729
9818 9568
3933 9781
6645 802
6407 9199
3331 9286
2210 8932
4683 2127
7460 3824
6636 9242
1121 612
4750 6129
8033 5386
9155 7410
9360 393
5095 3304
9456 3765
4865 1599
4825 5756
3849 4085
3754 3258
6110 8635
1366 883
2292 1794
4175 529
9752 2283
1818 7517
1586 1096
3336 3563
5429 5182
4468 5471
8131 4616
7501 8860
6585 9771
5379 5149
7189 264
7459 5058
8784 1175
8280 3637
1728 3986
6898 5821
3987 3154
8203 1626
4487 4448
8453 5781
4524 3849
4460 7064
1375 1717
9780 5584
1719 370
229 133
9882 5638
6745 2349
8403 5896
2041 5074
9622 9664
8724 5176
2963 9127
6361 5593
5425 9104
4604 6820
3265 3091
2926 3102
961 1776
298 9114
795 3060
1735 9503
5225 9080
7261 2940
6873 1918
6079 5731
7063 5607
890 1145
3397 2204
9654 3103
552 7631
3334 1845
4851 8007
9440 8016
8742 1040
4263 4106
5068 6615
3096 9757
9083 5138
4141 3821
2611 4270
7331 9450
1217 4323
482 8300
6833 1502
5189 965
7198 994
1812 7752
7286 1737
2715 2949
2773 6921
2916 3976
7486 3711
3354 3671
2551 4307
5127 4233
130 7553
182 4156
4374 8339
4882 2009
5980 3663
2536 8378
2542 7327
2597 4287
6938 70
7232 5249
265 71
2364 2765
9320 622
4492 769
9573 7321
9262 4763
5583 8931
9289 8662
1376 8762
430 2253
1607 4040
6314 1567
3420 9071
9483 9320
7241 562
2576 8839
4895 8963
2872 4013
8635 5210
7836 9803
825 4695
845 7233
7557 618
3409 3168
6735 5642
798 4417
2861 3279
4609 9485
1974 7919
5807 5705
6333 7062
406 2254
9904 5627
130 672
7211 296
4702 6723
2620 6894
2563 3605
9753 5783
2448 5535
1071 154
4975 2861
8617 483
1360 3847
9628 4808
717 3420
8606 6614
4161 3645
9390 3643
8562 2063
4884 9300
6585 867
8371 3035
6964 1121
4107 9655
9934 6002
5545 8482
8624 5003
1664 7789
3195 1276
8538 4241
6952 7995
4332 4351
7607 2181
901 1065
6256 4457
7243 8228
5100 4096
4315 4440
1271 702
3055 6537
7276 3937
5496 7763
4639 5352
6618 3673
1581 6085
4701 7360
4287 8140
2390 8316
3898 1550
1455 8314
3289 5434
6066 4028
940 6823
1076 8872
6352 2804
5614 3401
4274 121
8789 4394
118 3383
4907 657
8312 1190
169 7807
4572 8942
3204 5014
5226 7859
3668 4124
8633 5312
2345 9323
4243 7487
6802 1828
7772 9898
8365 7923
742 4486
3922 2434
733 5064
7588 831
2923 6912
482 72
2802 4354
7070 1146
9034 2397
3586 2836
6177 6263
2491 9182
9060 9277
1372 5104
8721 418
2224 8619
8667 5186
2439 2304
9730 4190
4991 7224
1638 3101
5562 9136
3034 7315
9982 9977
7361 4812
5058 5244
7482 6871
9038 3766
4318 4097
5527 6745
6080 4819
4638 9237
980 2640
7181 7895
4434 9114
9107 9257
4941 7751
1784 2718
7814 3964
6780 6915
9772 9045
1341 5370
5653 4622
4435 6411
7459 7297
3732 4495
3990 7566
7588 7716
1650 4044
7799 5712
9527 2537
3383 9410
3824 8101
2113 6508
8784 5980
882 5690
8985 3278
4293 9329
4122 8029
1503 556
9947 9611
3493 3031
6327 4383
5422 1451
3009 7650
5123 9700
4851 862
8717 4208
6932 8877
2871 1807
793 3801
2467 4392
6051 291
2551 4184
7991 9245
6223 149
3691 5404
3496 7136
1688 6106
6523 5126
7653 6714
7588 1872
9991 4596
5665 4783
3316 608
214 6951
4837 8095
4450 7189
8495 7277
9114 2947
810 9596
5341 2082
4492 8888
4294 8291
4052 838
551 2616
4392 3058
2845 3775
9031 9636
7489 6027
5864 3020
6405 5547
2325 5986
6541 593
1284 2820
4210 8733
6041 7692
4334 1159
6346 3566
7185 8205
712 2270
6468 8989
4859 8573
1774 2496
9563 6932
1578 3389
2388 6691
9083 6492
9665 6860
7236 3313
6046 1591
824 9777
2236 5186
9423 6140
2205 2449
5749 2173
6851 9005
9853 6362
2964 2818
8925 2849
5049 1971
1681 223
1394 2293
6426 7157
3710 2279
5451 7932
7648 7906
1562 8294
9965 2548
2071 8262
1655 3971
6811 9579
3482 1170
1989 9276
7819 3556
5307 3460
2463 1827
8769 4711
2661 6671
7700 6991
2007 350
638 8464
1694 8930
6190 9333
9657 3312
3267 8489
2669 5875
7286 172
8299 9801
1444 2713
6716 137
3318 8534
658 9193
6092 8122
34 6819
4172 3998
3717 6403
784 7008
715 1221
7033 4358
9964 3319
2112 934
9088 3400
5194 5363
460 2249
8171 6228
2799 893
9391 4726
612 7368
1089 7218
5649 5579
3193 9817
7595 8010
8194 9498
9194 6803
9784 4480
8088 4503
5728 3262
5913 3741
7299 516
9916 8549
4521 3920
4316 2530
6148 8736
4614 6823
5161 1561
2150 1552
6071 1538
9832 9623
8939 7430
8126 9890
9278 9901
8417 8162
7233 1652
481 7515
1408 2526
7702 8105
3963 2154
3026 8960
9040 1983
7294 7035
3265 3825
5630 518
4591 3743
3429 4537
2298 3152
625 2116
1593 8305
8924 935
5769 9237
7882 6603
976 2831
5481 3904
3893 6245
498 1702
991 6325
2119 846
301 3893
3454 6955
5342 5596
1902 5318
7611 5313
5622 4994
6919 4430
9871 1252
5031 101
7150 9644
574 6785
5925 9324
8894 8179
1614 7751
9004 4956
927 6111
2666 7232
6545 6096
9134 5230
1002 1935
6060 1750
2496 3874
7072 5446
2555 2352
2220 6430
1476 854
8475 8987
1555 9081
4339 2952
7677 9015
6822 5371
7186 8891
9318 8513
7881 3109
4095 6216
1605 4871
1744 1159
520 8668
4724 2633
3496 8546
8956 5902
4144 4028
340 9502
4889 9246
5464 3851
6395 5897
2647 8185
2289 5361
4623 4041
4832 8460
9180 2884
8138 2530
3705 373
3843 9952
6355 338
471 4424
185 1494
5773 5593
6553 240
5715 3544
8719 4242
8721 5298
1406 5533
1653 2035
1415 8033
7508 9510
8367 3877
4184 1094
859 6791
6780 4370
7780 5902
3371 817
3661 9703
486 7202
2119 8812
3611 5689
3711 9623
249 4446
4835 2719
3836 7253
5018 4440
8598 3310
1436 6264
2206 2203
2997 2363
3334 8670
9176 1138
8947 7583
8033 8547
734 874
65 436
3173 4677
9504 4948
8790 8189
6030 9869
7049 6920
8444 2272
3623 2209
9805 5971
3957 3719
2236 7216
6215 1911
1791 6366
6972 1601
1243 6083
6084 8582
9368 1352
5833 6611
5316 927
8414 2637
6671 3126
1910 3197
3337 2577
888 8613
2808 6461
838 8176
2601 9958
6012 1357
7120 8831
9571 1229
1048 6578
4111 7563
778 2310
6525 1219
3898 7601
4224 231
648 394
8728 3824
9757 1664
9666 1905
6875 57
6399 2080
9617 2187
9781 1677
9826 9307
529 1250
152 1786
7503 1480
3881 4790
7397 1849
195 8158
2135 2303
2339 5523
7249 2828
2544 4140
5976 7086
9015 1423
2202 7372
6642 2134
8291 8225
8558 6204
2488 5671
7911 3484
247 9351
4476 5533
9212 4849
1147 9623
7643 4930
8752 7014
8893 920
2695 9596
743 4720
5672 2779
7982 8180
2330 4441
5005 3297
2650 3950
2600 2962
4529 1031
6692 6303
1544 2543
9967 1487
2570 1561
6470 4926
2369 1303
8157 5323
8838 6349
991 3721
3654 5924
5017 4675
3938 4907
6836 2837
9994 4501
1907 3257
4669 7326
3747 4550
4162 3077
933 3813
6340 9563
1958 8423
2797 678
2419 7583
8121 8146
8898 7283
64 3455
8305 8925
2881 3627
4555 2551
8045 1767
3779 2936
7450 6116
1148 8987
5673 8816
9240 1689
8667 9577
2278 9532
9192 7850
8158 1895
5989 1649
5625 8179
2110 1587
8464 6656
2444 2878
5123 8148
9872 7732
3793 6756
5284 7404
8562 3197
5944 1123
5701 3287
5787 772
8836 2054
9798 109
1671 1423
97 330
1172 8536
7613 5962
7933 9224
631 4950
551 865
7207 93
650 7328
3836 833
3020 8195
446 7100
933 6282
5122 9704
3792 1123
6894 6457
4921 9204
8617 9968
3997 7735
549 7718
8781 5510
1813 7862
2884 7094
9054 475
4302 4513
2896 6113
1372 453
1200 4975
9732 6019
2453 1544
5980 5674
2176 7307
4996 8741
3827 8384
5959 6232
9656 1992
344 2861
2698 7538
7421 9021
3372 3896
1534 9601
6005 1943
3391 7300
481 2253
7476 2743
3318 1348
1446 1068
5765 1301
8028 6268
8075 177
7239 4666
8221 2114
5343 9391
91 9854
9287 1323
3176 6347
3504 2606
6428 9479
4348 9986
4647 8113
3618 7272
463 1071
8988 5994
9960 520
1946 543
1118 3430
4890 3439
5959 2526
200 5448
4854 3315
9750 763
1393 5052
9157 8709
2611 3842
3635 1654
4738 9210
8297 1442
2586 1283
586 4872
7977 9313
4117 2154
5743 6699
6169 3175
98 8045
5261 4910
1711 849
970 4380
4703 1568
5059 2439
7290 3038
8772 7040
8946 1849
5266 3795
3747 6576
2409 6985
2123 1665
9466 9536
2469 8853
5906 7737
976 2812
6798 2302
5047 285
2271 5814
9281 8125
6652 4347
