5718
94587530
2128 4581
7985 9171
3224 6630
3873 6550
3012 2577
5819 7126
9989 6853
7465 5991
2157 5620
4847 7312
4565 1627
167 3568
842 4303
3338 7501
4965 418
7590 8211
7087 5412
5031 5640
9078 9053
6419 6827
4512 3218
7968 3417
7521 1483
5351 9594
1706 185
4068 9940
9561 4234
5572 6339
6507 5699
9281 2945
7025 6666
2837 846
8875 8533
9983 2145
8270 1283
8662 7686
2071 1720
9443 2354
7674 5262
3630 3023
4034 5209
741 8814
6913 778
2876 1219
8842 4810
4779 5608
8012 8734
4693 7285
2934 4232
9294 7358
6547 2278
3723 7977
2147 4374
2908 2118
1622 7166
6942 409
7226 4906
1139 6800
6557 3786
3699 5221
9817 4545
9554 9205
8085 9386
9235 1386
9771 4229
4337 7642
6719 8061
5930 1132
8885 2224
3733 1153
7943 7778
5735 111
7263 7766
8054 2560
2048 4392
2942 9715
4414 2179
9764 3268
4551 1908
7250 7903
3046 2245
7696 3968
8882 4033
4218 2126
7361 5199
4208 5127
6775 5504
6733 1336
9943 8700
5909 4124
27 8294
1855 4311
2052 8926
4481 5801
8011 2905
2856 8618
3853 7575
3791 7032
5271 4327
9358 2410
9256 1533
8676 6575
5629 528
4067 7955
9682 9424
4813 7783
6916 525
3993 650
7054 4048
8885 4896
7594 6219
6953 7468
3283 5439
1805 4748
3315 8726
5714 3386
426 645
7979 1146
8064 9919
1069 7663
5027 7377
803 9387
6823 7670
2466 4849
5742 4842
7930 8361
7350 6317
372 6706
7176 4393
1626 2594
4061 5416
2772 8652
5594 1242
9152 6931
3798 495
4396 4475
2527 8031
6358 2061
8258 1556
5021 6742
2201 9965
8656 3930
5583 2378
2808 8939
8498 4141
1389 4920
5095 5684
2376 9380
1883 7934
6016 9034
2838 2528
1546 5154
5294 3310
2681 5661
7668 5303
7322 9707
2754 4726
5880 2830
7227 9775
8222 6454
1331 3456
3454 7960
8458 5251
3023 8581
9048 128
7645 7889
7249 9796
7102 6046
5840 7792
5012 1720
8769 946
4464 3603
1424 3004
7003 5700
9075 3978
6924 7063
4028 7843
6558 7735
5863 4048
863 6076
1858 4670
5342 8348
7585 9406
6854 424
4569 5906
9474 6810
5750 2204
9171 2411
7576 982
1437 5718
5468 9362
6294 7649
8763 1365
9907 6419
7555 1803
8901 3985
7845 5479
3840 7824
8246 7598
6581 3451
7308 7809
7461 5734
9475 4149
1902 6938
3705 8288
8542 4121
9918 9741
6464 103
5834 5471
4183 3855
7729 2077
1781 5015
5947 7264
5508 2350
230 7771
6600 9650
1240 7272
1110 1170
3898 969
9577 8424
4648 7662
1651 5284
4885 343
2489 3312
5341 5485
6552 9646
8337 7996
3912 8200
5313 8232
1029 7952
8797 5475
1871 83
2814 285
7346 5670
9805 2433
7864 4457
5600 8427
2375 3748
3202 2140
5887 5982
4911 9871
6804 6355
3443 6294
9525 9766
1410 1395
4116 1418
4732 4323
2163 3003
8704 3424
1793 8110
4776 5041
7606 5732
7057 7560
1152 2795
3474 8536
6912 6364
2866 3425
4988 7346
5297 7002
5842 3595
1053 7513
5117 4157
1636 7272
1322 5375
221 9562
7701 8208
3221 9252
4800 2912
9234 79
7720 8785
2030 8540
2593 7436
106 4377
6757 9985
6346 1858
7175 7911
846 9829
4058 966
4430 7189
7228 5156
2538 8386
6275 3514
9651 7856
9085 1914
2432 3142
4050 8266
1997 5387
7394 5606
8549 6345
7303 5112
7042 4786
1267 9818
1440 7986
5477 5486
6067 3178
2397 4662
62 3964
2502 570
5737 406
4958 7446
4493 3554
6496 9605
6237 2871
3838 4522
5031 5443
9291 2221
6454 1596
1119 1249
2175 9484
1448 3078
3698 3339
4617 2988
189 6798
9664 6353
7068 7076
7592 3754
817 8920
8781 2486
2467 2363
659 2781
6316 5718
9080 3635
4170 288
511 7337
4872 8149
8811 1003
8873 2314
8538 5608
5459 1255
3956 1561
7608 8563
3650 3275
9384 2414
3688 8520
7060 7079
9678 6998
2466 2641
4494 4209
6948 2913
8409 1352
6866 6518
1058 6139
1733 6966
8794 9089
2077 7631
2331 9241
5641 8706
3863 5094
8031 347
9005 8427
2019 8684
3699 4508
7047 2287
8195 7973
6944 8907
1108 7635
3843 2858
1904 5684
2508 3441
7875 563
1415 5732
5813 9411
3244 1049
1957 1227
4256 7292
1036 8945
627 5224
4437 8708
6755 5387
373 3660
190 5399
3241 2203
8583 3192
523 6838
6336 8748
7801 7834
8593 8150
8416 1096
559 3363
1119 5468
3201 1633
3971 7933
8998 5540
8249 8835
892 5286
7900 4093
2541 4235
5379 637
5331 7642
5160 7058
2608 9359
7034 4295
1098 5396
6885 9066
5599 7714
1546 9537
7006 6370
3153 7574
6617 3892
9217 7083
8566 1033
2946 6012
9981 3969
5616 2475
3670 8418
7338 1661
7433 1204
3081 8507
1597 6667
8994 4034
7663 6522
5209 8551
982 4209
5568 3080
2292 261
5802 8311
2461 7441
3044 6155
5638 9926
4567 9884
2466 7212
4989 3210
5312 1717
7215 8393
4815 2210
2951 6797
4770 2898
4155 8936
6496 5149
4849 7724
4519 6961
6582 4311
5811 5380
6693 6624
7603 1295
8277 8253
5058 699
4054 3728
2880 2556
2477 3203
7791 9758
1991 7788
829 608
8292 6161
6722 9871
1777 3850
1227 9118
5648 8535
8415 5784
3688 8797
5976 5393
955 3648
6929 520
8830 2922
1683 325
6228 5165
3894 493
8202 9218
401 7213
8049 9169
1657 90
389 2039
367 3809
6085 9245
7799 7660
1665 9544
7200 3799
1034 1945
2229 6546
101 5436
4281 170
1743 4272
4435 6638
6904 7844
2700 1527
5084 5029
2012 9676
577 157
4903 1044
6361 5981
9139 5513
162 4415
1120 6869
1844 5621
9692 7415
1291 8679
5495 1851
1397 2568
5543 644
5298 4583
1733 6608
3988 7813
4862 226
9230 2012
1318 2672
574 5606
2359 9756
7577 4982
9578 9553
8434 3529
4831 4691
3374 3713
796 9689
6072 3303
9666 3144
2997 9637
399 5087
2254 1850
9894 6966
2838 1186
3550 9031
9891 9837
9287 4902
8414 5920
3438 8616
6194 2190
3454 6023
15 4093
6940 4685
1834 4955
3558 5266
4767 5155
2424 7224
764 2586
320 2897
8185 4628
5371 9201
7812 6743
7673 5411
1784 3274
2126 5916
5969 2422
4541 9691
7614 1150
9802 8109
234 180
860 9350
5941 5006
6318 7872
5728 5406
8271 6589
3266 309
5761 9960
8334 4062
1301 9347
8282 3
4503 9850
2729 6833
3217 4721
3270 1209
449 944
3577 8559
9725 249
4157 7882
4115 863
4490 1968
4281 5692
5848 6028
1224 5911
9227 1356
3747 6469
529 1860
7692 1911
5374 3354
6114 3461
9273 642
3004 1250
8775 1059
5369 7986
6940 6429
718 3373
5435 174
2111 2434
3587 6396
5197 8211
6174 3561
817 5803
4062 5131
383 6307
4549 5821
1146 3184
8363 7266
2305 5092
3035 9852
4078 4653
3255 603
6089 8930
9895 2352
1041 9016
7827 3664
1686 448
4804 6609
4789 4679
3239 1357
8450 3194
5867 3559
4412 2616
6476 7016
8944 8257
8976 5649
5204 3913
5200 7293
9045 6953
4248 5741
385 1254
297 2976
5109 2513
6141 6246
6288 5336
8955 9891
1680 1266
4768 4758
7564 4021
3228 9204
9281 9922
2295 817
5280 6119
3491 29
1862 3015
1336 1115
4427 6989
9553 1539
1560 8076
3868 3201
5338 3799
54 8229
4219 5186
6353 2966
1060 9429
1277 6658
1097 1404
6804 3274
9768 3837
3260 2400
9337 9754
8613 1375
1510 823
7824 3473
393 4936
2832 6301
8127 890
1738 8445
9896 2414
6516 7411
1634 9272
6114 1960
697 9031
7074 917
5213 4073
6442 6007
9674 240
4285 3766
2513 3602
8671 8031
6320 3628
1504 1985
1859 6017
5388 2965
3440 6645
2820 3692
2943 4010
4517 2696
2801 6979
2259 1250
8811 8529
5090 5364
3673 5118
7581 9530
196 5957
1716 7499
4184 2619
2614 3634
8075 1537
752 6327
5436 7657
3620 5282
7273 6874
9536 5029
6893 5162
8442 2576
487 9145
3856 1466
265 1228
9080 5776
9613 546
610 7295
518 9308
277 7513
342 1281
8661 2370
4697 1235
8005 3755
1234 6190
6333 1679
6097 76
2302 4573
1899 4660
5093 4715
3902 5100
3201 2542
154 610
9637 7279
1495 4644
6484 4018
8673 5059
4680 2654
2516 6826
4730 1360
5428 9843
7810 4862
6439 81
4896 3097
2262 5865
2185 3584
9068 6508
6464 8587
1062 5304
5100 3199
1571 9572
3675 6643
2372 7988
5475 9430
6307 5354
7021 6520
8401 5131
5992 1233
3211 8034
2844 9060
9666 4444
4311 9364
1353 6096
7304 6222
2925 7467
9933 853
8845 6666
8952 9568
5419 2367
5063 8754
1830 7418
6184 2582
5826 3336
1538 8764
2336 9610
7787 8355
3523 736
7967 7911
8167 602
3933 2744
4088 7500
4842 1692
2310 1667
830 3696
5142 8455
5790 2875
382 5435
823 5381
8211 4555
5878 9364
1607 7218
2626 9395
4090 9956
794 1417
1652 2863
2582 5520
7982 9966
3043 7743
6787 4218
5388 4995
8449 793
8258 1315
8371 185
6782 1047
7661 6510
5714 5244
9193 732
7595 793
2569 437
3397 3681
8718 6183
2559 9311
6077 8552
4316 5756
9 4110
5958 2761
9289 9863
7515 4307
1605 257
9689 3199
4583 115
885 9616
4406 6200
7980 3533
9840 1960
4721 520
8442 6259
2352 3571
5978 1584
9816 9536
3673 577
3380 4603
3888 7616
7581 587
5348 2805
7869 9940
8584 5087
2627 4261
773 5391
9856 4018
3238 8158
2605 8002
5290 9472
2192 9200
4595 9103
3437 5822
2863 2024
8298 7382
2466 6120
9373 6234
2695 7986
3057 6937
2066 8113
1038 6397
5347 2658
9832 3582
3343 5389
2732 4368
1600 9114
8180 9221
8463 7948
9275 2049
8736 7890
3999 3419
8700 4313
6646 7023
657 9275
8424 985
9321 4230
4725 1413
2423 3585
5296 7748
6360 1531
4449 1197
6152 3335
3590 1539
6794 6099
2578 2221
6892 7379
3225 8102
8380 9000
8068 6201
4980 1152
8635 6067
7771 7038
4914 6524
5179 3977
1671 141
2980 266
4579 9685
7271 8095
6552 1118
2280 8817
2240 927
8037 3016
142 2054
7696 564
3348 8978
3155 1803
3160 4174
2746 2240
679 8771
422 7563
3513 1498
7107 5310
9391 5599
4724 9296
2461 645
4540 4680
9961 7741
1388 6172
2163 5530
1591 1651
5676 9110
7134 3149
1370 7136
7237 8946
6128 110
4862 6915
5616 4898
4919 8878
2719 6263
7160 6963
3122 2882
1699 8491
6146 6222
1980 6523
7779 8532
5147 4742
2623 1955
7580 2733
7224 8396
9525 5725
865 5814
2333 1949
4693 2454
9125 524
5439 4993
8576 7053
6872 8126
8560 1313
3783 4223
3697 9267
5066 1591
7852 1878
6749 1975
6265 7555
6663 9257
4530 433
3645 9624
2112 7048
5003 3009
139 7698
993 4375
5869 1725
2092 9159
4936 1769
13 9303
5582 956
9326 1719
2717 8120
8083 39
1141 4381
1600 8924
9661 1452
7314 4033
6960 8871
2556 7873
8920 73
3089 7743
717 4694
4849 9660
1245 8323
8104 9936
2112 3737
7794 3146
2698 9995
499 5084
6682 9245
7890 2842
5924 8302
7758 8815
4390 8167
7085 3019
8908 1948
4110 101
4106 1344
4466 8124
6671 5455
9530 3413
5105 2706
8702 968
8545 7726
5936 6235
8383 5084
9232 8153
7456 7694
4527 9166
4239 5002
1571 6542
1188 309
5177 2765
5606 5449
5028 1049
5953 5484
1080 1604
454 3500
3170 2348
8172 294
8359 9791
5838 6827
1153 1049
3826 3777
9261 7752
6070 325
4184 3177
2984 6176
8477 3971
2440 2442
9729 4160
7154 3973
6059 5524
880 1201
3106 76
4936 4796
7675 1969
564 9396
5155 5541
1201 2641
139 7632
5946 5478
6454 8807
2487 4048
250 5533
129 8627
9028 2339
8266 9738
4759 3198
710 3748
8480 379
5834 4760
9412 3044
1947 3639
3455 6537
6357 8462
3095 8246
8334 2714
6089 2352
4119 1287
8829 5895
7029 5127
9362 4918
5818 2780
8934 7083
4640 9493
709 1729
6624 185
4721 6337
1888 315
5919 9903
9512 3167
984 524
688 1879
5762 9691
3173 9456
8197 8327
4074 9294
9093 8984
6072 3459
1527 9775
117 510
8586 9771
6984 2531
6895 9577
1603 6955
4596 9702
8788 8965
3154 3271
3577 4202
1949 1496
4501 20
9833 878
7930 3355
7731 4514
5361 8160
6811 7552
2891 6900
1076 2227
5328 2116
1015 6418
1359 5713
294 4662
9616 2483
9547 4045
302 9623
9649 9850
1534 2376
8574 9714
9358 2982
840 4182
4632 1543
7962 8641
5549 1393
5171 6649
3349 3475
6083 95
6377 1770
4983 451
6579 6965
2528 9933
6680 8197
2938 3567
2072 8260
2350 7439
5908 6820
9042 2458
2189 3282
8509 6625
7064 7037
8 8137
3008 5501
9223 591
6241 1805
7062 8953
2419 6035
3686 6560
9463 2397
9993 182
5188 4339
3695 7359
5140 150
6965 2214
2911 4735
7010 2634
3381 345
9266 9065
631 5260
7081 404
2622 6446
9087 8098
2109 1131
6748 4691
7498 4660
9391 4519
5683 6468
1444 5697
590 4043
3318 2046
1995 7740
3826 2809
258 1736
68 5043
5758 9020
3510 7073
7216 3135
6341 7374
5237 8250
1335 2696
3095 9401
3639 4917
4153 5146
8903 2710
6931 9202
8749 3937
5476 5268
2119 5958
2237 8583
3746 8499
387 6691
7048 7737
4806 2733
9827 4130
6943 7740
2518 4551
6361 1508
5820 4316
3818 9690
7372 2364
2444 2117
2796 9796
5918 7317
1817 1485
5511 4063
7035 1582
4264 3586
2160 8828
3582 1060
5569 8330
4935 9951
375 7789
6208 2250
1560 4380
8869 4694
2521 8720
9531 1975
3199 9844
7983 5217
7450 9463
4532 7504
2350 5164
1059 4816
8580 6367
5232 2291
4321 1031
4969 1271
6942 9647
6383 9656
7688 8088
1121 2809
2239 7243
6981 9673
4328 1105
6504 1771
7023 6287
8222 3807
6875 3882
5679 7979
3107 2518
8363 2739
7754 5951
513 327
8397 2071
8509 3963
9174 7534
2010 1590
1407 7036
3892 5515
2098 555
5655 6307
7161 8242
3914 6457
420 421
3174 168
2370 4050
5097 3045
4180 3374
5761 6404
1620 5876
9842 3818
8838 5920
8345 431
8324 6014
2999 3680
7868 4734
6309 5573
4986 7296
1760 9957
1055 2695
4968 7093
3319 2534
993 1157
8524 9142
6686 3086
693 3487
2680 7891
8307 1896
4722 9544
6885 2229
1694 9799
3184 5471
6003 5643
156 2621
8932 6564
2515 1607
1730 9576
9063 1781
5961 4955
6387 6044
2716 9629
8334 724
5760 8768
5082 5381
3267 9762
4770 3425
2047 8267
8204 7760
6203 8140
3280 6538
9892 3343
3776 5967
6951 2037
5424 8075
2226 4721
5279 7077
4303 6008
8825 7036
2344 3927
4447 6143
1800 1648
588 5296
3640 8895
8308 6926
145 5948
5944 2250
9906 4284
9744 9237
7861 968
2360 4526
4949 7825
6244 8934
6891 9939
4599 4345
7607 5868
5136 5386
3940 7656
338 2358
2289 4935
9333 6298
7385 3570
7272 419
7207 1373
5744 6691
9775 138
2904 9115
4072 1703
9781 6908
385 6310
9047 352
898 181
2116 1866
1099 1308
498 1054
9139 9367
9990 8665
6602 4101
6903 5970
2130 4606
4395 8956
3656 7000
8992 7800
7102 2953
3778 4860
6097 3593
7687 1032
8770 2208
1625 5896
6922 6244
4334 4398
5445 2916
9133 9635
812 5694
4006 6547
2866 6118
5421 4638
9408 3485
9829 7728
628 1524
1263 400
9113 9083
57 5596
5932 2279
2213 6608
6980 1921
2329 9794
9451 6210
225 1396
3559 3587
5238 2713
1136 2363
2772 5782
8562 2084
2989 3158
3642 522
9841 7471
2224 957
8478 7974
2177 4398
937 4674
1657 1209
5987 327
9357 357
166 7423
8859 900
8002 9950
6724 1991
2342 4176
3269 8103
6921 6378
6631 8100
665 9871
3848 5547
7345 2213
7509 4241
3081 7541
5652 2438
5527 4590
3422 9102
9096 886
8104 5993
5305 3583
2266 789
1014 326
6251 4892
1841 6817
8018 5914
9979 8760
1065 2020
9725 4311
4660 1530
474 5739
6310 2392
6028 120
1805 2342
8539 4815
5213 3933
4040 2841
3027 9182
2661 4931
1735 8691
5161 8515
4360 1457
7052 4489
8762 4236
6609 6145
4750 1551
352 6380
5971 1226
5131 832
1191 4830
1218 5699
7199 9321
5531 410
9263 2966
483 5218
2716 7687
8069 7677
9158 6737
4999 4304
3964 3040
1340 9236
6793 9553
2098 7977
8826 1189
5652 1485
1969 3236
3170 4281
9549 3538
4360 504
3302 5050
8643 1337
8454 3193
1335 3716
4139 4205
9757 7033
3300 7552
226 5073
31 4574
3965 321
1870 434
5863 215
4100 3703
7621 8342
9980 1741
7450 1979
7520 4435
8654 5057
2715 7222
9915 1879
697 4747
6155 1094
1088 9029
4455 560
8597 8708
6119 6414
1323 2928
2779 2246
91 2917
1362 3214
6199 6949
2747 7288
3217 2809
3056 6613
7035 8297
9611 8315
4277 4030
2650 1813
9739 1935
9742 8745
227 4819
6003 7096
1727 1646
1263 7003
3364 9349
6152 9828
9622 2973
7884 5083
7134 6069
203 8346
9704 6641
4911 5691
9139 2102
5484 4436
2647 7948
8719 2969
246 3611
3814 1612
9706 4005
8358 6369
2961 1018
8245 7598
3381 2323
456 9684
773 7275
702 3299
2346 7523
4050 8630
8914 2720
8100 1354
4621 6110
8045 1084
2973 7538
5325 9553
8733 7462
6473 5779
6648 8974
5777 886
7451 2530
5855 6610
5329 5246
534 9011
2964 1669
3537 3049
1969 9273
772 6876
8801 8196
205 8462
3901 3754
9030 4336
2434 9577
789 6524
5148 7547
1736 9634
8810 7872
7908 2900
5001 6271
9414 6292
98 136
1260 1397
5273 5423
9708 9590
2902 2752
5 3448
7435 289
7618 2265
3002 407
7890 8788
5202 5270
1994 6379
3780 1203
4203 772
9241 8843
9923 9855
5239 7586
8284 3558
5004 1120
5613 99
7648 6911
4851 3655
6456 7554
7982 6669
3402 3170
1219 4275
4393 64
7346 2405
2348 7137
9024 8263
2864 7988
8943 1391
1065 5311
4397 4188
4227 9833
9687 298
5340 2569
8038 7847
4271 9655
8542 2111
8736 6177
8625 8882
7672 8133
8159 1619
667 8871
2396 5791
5833 8874
3503 5423
8956 9579
9577 8416
2935 4683
9455 4467
4322 4140
2198 5345
9224 9922
9812 7062
1700 5350
9623 761
6871 3446
1944 2534
7210 3549
5214 5848
4855 3521
5840 5374
2623 9117
1476 4978
9446 7195
8558 1182
4612 7805
5846 6476
6056 6458
8389 1190
8898 112
3064 4876
8343 1429
4693 8631
67 8970
7605 476
4995 4698
7853 7750
3829 5644
5406 737
7223 2073
2593 3369
9862 4431
2773 1578
9104 3470
2254 2217
7569 2912
4037 1338
7858 2194
1647 3629
5223 6728
7341 8067
8835 3141
425 2648
5775 6434
5960 4618
2490 2852
5049 9959
6901 7700
967 6871
6526 4098
2156 8726
6746 6262
6038 2635
9046 3363
8686 3587
8088 699
2294 8226
5662 5305
7339 1255
3092 6033
6808 1597
2614 2598
7456 8604
6001 8086
8627 3077
1924 3629
2952 2434
6577 2047
3896 5974
3872 8591
3055 852
9484 8700
3553 6989
8684 1853
1541 7434
3550 9422
6797 6623
624 935
1821 3036
8922 3458
3354 6063
1894 2082
9123 4424
6143 8997
4434 6943
8538 8684
3331 3047
2170 192
1406 4315
1085 3368
4841 4671
8698 2288
1538 7061
7565 4362
4109 6025
3191 1066
3811 5221
2068 4311
6807 1859
9573 9205
3423 378
3609 3232
651 8025
8611 4656
1826 6674
6700 7998
3951 7335
5454 7167
437 58
6425 5979
6182 5085
5700 3278
278 6511
3757 8938
5957 7177
145 4052
5644 6722
134 1217
2365 451
5437 7956
582 119
3690 2301
7216 984
7359 66
2927 9003
1191 6101
3136 3767
6759 6774
584 9277
8922 5252
234 5800
385 2083
1216 584
8052 5486
219 4657
2147 8076
9345 6689
2867 8266
8097 9041
8382 9954
6624 2368
752 9594
5218 7855
4853 4900
3101 5730
255 760
2139 4016
4229 2941
3528 53
5194 8765
8328 137
162 1733
3622 3734
1506 915
6682 1060
5925 1653
2930 3469
5973 7724
8219 6025
4758 7524
3737 1759
4826 4365
812 5703
3463 7418
1487 8603
6894 9232
823 9071
6874 9494
9642 9610
2350 6804
7825 6684
5570 7681
6961 7983
848 5441
6598 1861
6976 1796
9300 6734
7723 535
3713 1312
8015 6513
2792 2261
8933 2805
3382 1752
8927 781
2010 7568
3836 6680
2955 3805
4203 673
3405 8261
6907 965
446 6946
8805 7976
2624 1417
2377 9985
5373 3639
3890 8462
2093 1556
1237 2923
555 7013
9354 3245
3334 2794
4872 6302
7343 6034
4149 223
6943 5226
5463 9870
6324 2043
8443 6471
1836 629
6699 7918
2473 6369
1983 6717
4473 7255
7442 1272
7911 6368
5397 4705
9286 4750
4684 3165
5850 6752
2028 1875
2769 7811
2402 7091
35 7978
8682 6687
2789 5017
5461 4147
4070 1513
8803 30
8183 5448
2462 627
8949 1002
3754 8761
2680 4157
9124 8672
4475 6065
2354 2483
7309 6875
728 9557
1563 186
9226 2287
9129 2291
6895 8020
5865 4164
4585 4015
6725 4146
8198 3287
5825 3068
3473 6578
7275 4831
320 2887
2200 1950
9189 2808
1583 6285
370 8728
4219 310
4305 5404
2981 4559
7399 5839
930 5600
8676 1201
299 4173
8260 6121
8269 118
5083 781
4323 8020
9397 3839
1687 6693
9251 8058
1943 4363
2525 9152
7097 2075
4788 8695
6234 6284
1339 1857
5579 5541
7347 3813
9706 8474
161 4873
7660 2432
927 8143
8237 7859
1891 7465
8112 2593
8827 9391
4621 6950
5449 4034
7166 7815
5718 7568
6554 226
9778 1165
568 6333
9220 3092
4329 4223
6203 1062
2348 3133
6631 4290
6596 8130
4321 3227
7875 4185
8305 8226
6158 5996
4215 3707
5416 2590
1250 2048
3161 5585
9504 1704
5365 3694
572 641
7884 2495
634 3910
5389 9097
3879 3595
5160 7102
2665 6048
788 3957
3074 5654
9483 9050
2074 4355
3971 7935
5510 5698
9633 9858
5549 3971
3753 7561
3305 2006
5826 6127
8595 5381
3739 6367
8628 5557
5119 7563
9315 8330
9190 6400
8425 7195
2461 6614
3275 4757
8752 8250
4837 9516
4553 1974
2351 4767
7897 6903
3278 3581
1242 4274
3660 2840
8493 3111
8642 3635
4893 1214
7265 9729
8642 9115
9307 881
7497 2862
9571 2302
85 7404
2530 7341
3307 7353
779 8372
8243 2827
1297 5676
9898 8591
4910 9090
7067 8464
8171 5654
7284 7558
9509 8588
8541 5429
4419 2681
8138 6783
519 8514
9799 3878
1887 5583
167 6292
1583 4041
8999 8923
5139 4392
7500 8097
7696 1519
8276 9551
7355 9611
976 5040
4477 4514
4631 3408
2829 153
7242 1804
614 147
836 6094
3984 1322
7053 5269
4227 1187
1468 563
4707 2390
5099 4282
5408 8392
2660 609
6877 8260
5903 5722
4685 7801
5358 3465
4699 1827
2380 4327
819 3653
6133 676
270 7856
6861 5076
9841 3583
9196 4491
320 450
1311 917
4913 746
6708 9574
5712 4671
8917 994
9113 3021
17 5446
1302 9328
4737 5701
8382 254
2969 1670
7836 9639
1010 5361
5481 6082
6235 6586
9889 7476
1166 6452
9364 4464
5821 588
3011 9202
1662 1459
6754 3841
5351 8273
8871 9806
3229 2144
5231 8433
4022 3033
2986 140
8933 7782
8978 8607
8800 4793
3394 415
7802 8571
8253 2470
4368 6820
2697 2354
3241 5257
4665 1703
3965 3252
6423 3495
7132 9804
1868 506
7070 7594
8836 9934
1257 2210
2687 4215
6096 9405
9206 4959
2487 226
2943 9718
9491 1227
4626 3530
4369 3763
7338 8195
997 4909
9627 9458
5278 4543
470 2389
7239 279
3036 2718
9981 8627
6418 369
8366 3593
8533 3642
5989 548
186 5979
3278 6531
7851 1753
3485 3890
5687 580
7596 2777
9231 8558
2874 4107
9808 7367
6619 4268
7149 8917
1876 8134
9762 2938
9488 6606
589 6874
5364 3120
1645 957
1301 4168
7520 2602
1454 8039
144 2333
4343 2166
6433 6570
1790 1008
5123 4509
8759 9569
31 9900
285 5991
948 912
8281 4534
8614 2976
5854 4258
6037 1962
2556 3353
9013 5268
3976 7574
1971 630
9940 2983
2075 5964
7929 9655
8906 6769
1242 3904
831 653
2123 541
3897 8778
5255 6379
1619 3233
349 4010
8592 6417
3271 3474
8609 1096
944 5193
9613 3489
850 1882
3753 426
5105 5843
86 2727
1170 1623
1158 8278
5503 3774
3845 3458
583 7918
3093 489
8432 9196
8145 8613
3318 528
9453 4607
4132 3978
2496 9960
3657 2118
2762 1284
5922 3559
8612 9603
9997 8278
8183 3454
8539 269
8083 1798
9562 4552
612 7759
4263 6524
6467 5652
4599 3981
8863 3366
4724 3011
3533 8482
5597 1068
2655 9902
9845 5876
1464 1187
4744 2629
7920 6563
7915 1937
8818 6101
5326 9074
6334 9709
6431 3564
2507 8331
3477 4277
1535 145
9763 6660
8209 1002
4951 3431
4607 4629
8356 6942
9753 5572
1592 178
8537 24
4401 8747
346 6649
8415 2271
3543 2719
4787 739
3265 9059
1164 4146
4300 2849
7554 3947
5951 4706
1570 2346
5136 5432
3069 8051
583 2560
8326 6541
3042 6247
9478 7573
4736 614
5379 8937
8627 2286
8394 571
2148 4453
698 1466
3075 8743
4386 3695
6789 8399
2238 4701
8293 5343
8298 4357
3918 8771
9848 2366
265 6247
9786 1636
538 646
260 111
6032 8179
1458 3539
6017 9752
3237 6684
6788 320
5312 4349
9260 2383
6747 8860
7246 1042
2495 4785
3753 1688
7598 9994
1457 7527
9641 8976
8153 1639
5458 9910
585 3917
1193 380
5429 7465
6830 665
5183 9376
175 4482
6993 9876
1354 2067
8796 5343
7447 9799
8059 2019
2729 6994
9130 2145
3531 2130
9047 4723
2727 6156
1776 9543
7807 7322
7179 9401
3154 9208
3603 7234
4248 5982
7920 9719
8855 9872
5020 4509
8015 8830
1535 8042
9663 1829
2146 2091
5483 527
545 6968
3141 2900
6394 4089
5511 8510
7978 9038
2033 6318
7962 9509
8909 7642
7230 158
9633 4755
2515 4572
6790 8873
5470 4050
7427 4955
1423 5342
4219 9150
4510 6250
8909 2029
1086 4987
3722 313
5367 7996
810 3276
472 1567
3919 109
9111 8665
3564 9268
1001 5276
9473 2584
8420 7025
7584 9223
8350 7274
6863 9071
5317 6871
2547 951
1765 661
7670 9579
8074 4886
2920 8958
4495 4729
8655 1906
529 513
3555 559
6491 3017
9285 4860
9834 8833
9634 8437
5578 3470
4761 4905
2937 8839
1670 8522
7552 7806
6169 2307
1588 9203
945 106
7571 3441
8501 8478
7233 2398
1417 1386
9546 2452
1816 3123
2772 5254
7253 4904
5787 8461
2091 8008
306 3310
8735 1608
462 7622
8182 9817
783 5914
829 1645
9982 2186
2717 5634
9607 5813
9298 2829
1208 5810
3776 7185
1466 7332
3663 6286
5014 9074
7632 3034
1440 4460
4463 7105
7712 5088
4070 3490
3484 2566
9668 1610
3494 7912
7774 918
3342 4839
2415 3763
8976 2614
7680 5415
7237 1017
1540 540
8740 8281
4724 7523
7110 5982
855 2057
6940 6517
7966 806
1193 901
7226 9485
6093 2264
6933 8672
5434 4926
8803 9104
7207 4426
1058 8721
7440 164
5483 9967
7422 4632
1460 8400
1933 343
4665 3494
3774 5962
8316 4637
149 913
1949 159
7181 4754
1270 6098
2715 2179
2744 4670
8239 9010
8585 6539
1892 9876
7875 4823
7761 8460
3744 2137
7857 8921
9253 8999
1118 3699
4345 9166
6877 1003
8275 5394
4753 3806
2821 6737
6336 7416
3028 6796
4493 1336
1744 4319
1641 9472
9186 5039
7011 5102
5349 9185
5301 6343
6325 7567
3120 4487
5654 7015
4753 8108
5557 7976
4756 503
4845 3779
587 7008
5284 3359
2582 6720
1726 7669
1573 3501
7619 7297
4491 2590
7310 9202
6733 8707
6624 1315
7415 256
4146 2970
4497 8443
1040 590
1189 2106
6976 9490
6406 6676
5305 6694
9825 2068
324 1912
4513 9337
1603 9338
860 7506
8612 9701
4254 3215
9002 7788
8412 5679
7703 2069
601 1733
9899 2437
6964 3118
7935 3417
9416 9655
3104 4546
6184 9711
3099 6172
5915 4780
1603 3419
5269 8497
5401 6542
2379 825
529 9938
4928 4028
2823 8203
7004 5963
7898 2427
2589 4565
2810 4481
5551 1203
577 7170
9924 3284
2372 4254
8719 9415
9108 212
5122 1558
1961 8546
8106 5341
5029 9831
9350 2696
6902 5127
1201 8656
8904 6056
9751 8625
9902 6821
1654 2881
9752 4163
1450 3695
3719 6227
3157 3346
9080 8474
6568 4217
9278 9386
6287 7083
2011 9774
6648 724
5689 5536
1401 2223
9974 7082
1476 5608
2492 1273
2191 438
2956 9762
2126 8310
9361 6603
2947 4256
8712 5624
4946 6551
8066 7285
7145 8551
537 4349
2912 6377
5273 8154
5222 5573
172 503
8045 6608
2689 9492
4079 212
9131 9869
1301 9501
7543 2480
4671 1566
8338 9581
4194 9438
3699 3096
5237 5648
3564 6036
1762 5105
5769 5469
5764 766
9394 8371
5578 720
9822 5459
6786 8454
2904 5718
6553 2124
5376 3884
8341 6258
3679 2720
7447 4284
6533 3095
6178 7381
9002 9752
6354 7650
3298 3946
9031 1518
9473 879
1736 6257
5406 9730
5535 160
323 980
1239 4779
3558 9827
2850 997
5201 4085
6405 3280
7382 3494
7031 6068
4349 8313
96 6008
4280 3240
9620 2143
4601 5962
2759 9919
8134 4824
8467 2215
7034 6386
3560 8182
9734 6047
1084 6
9029 2733
856 1411
3477 7566
2331 2297
6927 2942
6487 8932
6168 8117
4403 7772
8638 2193
7223 6432
6728 7549
7410 5523
9959 1405
6777 553
3206 5464
9255 7748
1225 9799
1688 7035
2383 9810
6208 5118
6175 9466
687 3855
5098 3412
2930 2923
7851 895
401 4225
1825 7592
527 4265
3803 558
4475 3200
9700 4261
4786 3473
4936 9500
9344 6998
1557 1024
5317 3640
7293 7482
1250 1069
3831 7242
5564 1428
7522 8334
399 1275
4346 7489
3989 7250
966 1322
6916 4975
2835 7797
3851 5342
5625 1381
5443 7591
3965 9302
3318 2982
2771 3793
2489 4313
8856 4764
3013 6835
1106 3652
7450 3024
9987 4222
2566 7986
4707 7137
3718 1686
9101 548
276 8348
2783 4657
4070 8430
779 4299
7385 4426
2052 2652
3724 7102
9139 4455
3716 337
2188 768
7885 3793
9293 3736
4837 527
3892 4016
3587 4922
8437 2990
6776 5691
2246 7945
520 7446
5517 5941
5360 7015
7956 6967
7716 2331
1056 7017
862 5069
8606 4242
560 3996
1382 580
2359 4021
8241 4730
7275 9267
7019 1683
5925 3183
1495 699
5233 3429
1116 2788
3319 2666
6682 5776
747 3772
3611 2536
2451 6112
7760 5363
5357 3885
2257 3884
5428 101
4829 6919
7126 6698
7905 9116
3261 1823
940 8266
6174 417
7795 6424
5618 4140
4469 3304
4243 3448
8264 4355
5834 9644
6138 966
8531 2491
1632 5479
4193 6326
6574 1816
8566 4380
8297 7828
2476 2328
5323 6687
6143 9720
3122 5411
597 4983
4424 2309
8627 3604
4471 8800
5761 242
9540 4259
7051 4911
9823 949
6628 2254
2009 6676
5379 5612
1262 5846
8158 4325
3712 322
9554 9037
6234 1664
1042 2758
1696 6268
4143 9266
6635 8189
8951 7036
9808 7513
8469 5645
8633 5494
6935 5630
3895 9817
2667 4829
627 8265
5822 7839
4620 9311
9909 6978
480 1068
5109 9653
3484 9908
7975 791
6268 4214
6645 1335
2847 1712
8530 7609
1932 2809
1173 8856
5288 8161
5332 1928
8690 4032
6531 8963
9604 5529
4207 8617
7637 9533
5096 9778
6480 7382
7841 3653
1448 1880
4209 6367
2579 6608
6318 2821
5105 823
4875 2132
7287 1470
935 4031
6796 3164
1214 928
8384 4043
7939 2024
6497 9873
9839 1571
4582 6987
1799 4893
9648 1802
9023 8268
1326 4012
5010 5996
2015 2640
2513 3778
4955 8877
8812 8965
426 4978
1272 3826
4176 9513
3569 5080
985 7886
8262 3475
5045 4574
7664 8771
5433 7292
4689 1787
7410 1322
3237 7045
4784 7794
6784 8455
4707 450
5693 2763
1404 7798
776 5154
6300 6617
9789 3814
9136 4858
6363 8451
9715 8023
1974 848
5577 9427
2183 6657
8285 2692
2729 1374
3881 621
2982 2841
5895 98
3676 9637
5896 1934
1776 5541
7966 1149
7662 7615
3826 1538
9514 5381
446 9123
8836 1616
6146 9275
4867 9602
4768 4856
1489 5311
6193 8690
2858 2464
9723 1603
4983 4662
8221 7167
9944 1513
4281 2526
3968 8616
4689 3682
9138 8960
1017 7549
7462 2550
7730 2196
9094 4431
8176 60
3019 3786
8848 5121
2028 9210
5098 9094
2942 8212
1731 8661
1047 8652
4973 4122
2782 3359
6652 2637
7544 4338
6969 3384
3448 8919
987 7354
9160 9293
6830 2287
7838 8873
765 6287
4957 4198
4273 2265
2611 5603
4454 4647
4682 4441
4641 3902
3957 215
9716 7218
2737 8274
5441 2560
7865 681
5819 6427
9564 7225
6410 6960
7170 8644
5238 6254
5250 2685
2629 5854
8791 3137
4937 7718
4913 6421
3948 3397
7049 5757
8574 6874
2062 7783
9435 3038
7158 3645
7439 4426
6790 1945
6530 660
134 2273
8928 9416
3758 1827
5657 7025
3255 1301
6498 2035
1957 8178
503 778
9828 7899
2435 1216
6475 7376
5731 6586
5471 9711
8901 153
963 56
9738 170
9730 455
7378 9194
9814 3711
5229 3270
5987 8109
293 494
8712 491
543 6503
8268 1883
4058 2077
8301 4318
3541 4117
7243 1273
3775 7110
2311 1251
3277 8132
5472 6960
7170 4699
3409 6981
1801 6621
5936 5905
351 6818
6863 4032
3795 6994
8048 1468
4306 3204
5230 7442
5462 8005
4119 5291
8467 6703
3004 2234
1869 7670
8726 3182
383 1751
1110 9301
9134 4990
9605 34
6875 1510
1666 5650
9059 1975
9446 882
8102 3177
3331 9572
472 7486
5382 6151
4202 2840
8272 2775
6013 1269
5565 2771
9690 1412
3846 3276
4772 2580
519 1895
4287 2755
622 4493
3991 9367
8188 2207
5512 3720
7356 6680
3823 8311
5485 6644
3664 2410
5906 1592
1102 7997
1556 6291
1150 3385
7134 2019
7854 6389
8147 1373
7929 8204
3371 2489
7068 512
5984 8153
3278 8617
3591 6820
8067 2847
3426 459
6936 1688
9660 9735
1366 8930
2420 29
4767 4371
862 8212
3443 6658
8426 5316
5392 1600
7661 6641
8042 745
1182 695
7529 6615
5097 343
3228 2405
1428 7279
4928 9514
5477 1946
1906 9123
898 597
19 8045
5293 4600
4450 3558
2929 8556
6911 9454
3009 4898
610 9187
700 4049
8670 2864
8532 8701
2018 7782
4297 1355
1453 1854
5518 4757
8055 7459
7557 9476
8017 8746
6506 7570
3756 338
1958 8464
5668 7741
5566 7910
3389 7892
2814 4957
3964 3063
8934 2134
2940 1459
3910 3996
2697 6500
6841 8005
2686 7443
4103 5037
2087 4194
6146 1610
8730 4070
1110 8391
7180 6514
6966 7588
483 8325
5578 6439
1233 4844
1840 864
2865 7771
5955 9022
10000 4028
3564 4393
2606 2189
8669 9188
6777 7984
3642 5016
5119 4710
357 8742
527 6871
4922 7530
5214 6222
7163 7447
9348 2994
2103 3425
6271 4458
3910 2095
9228 2318
9861 6531
8206 8145
4988 6246
9810 6402
6791 4434
1445 1979
5104 6470
3260 320
4671 6526
7357 9608
8270 2773
4390 5300
8005 4762
319 5956
4634 9406
8610 6232
1309 9777
3452 1064
3546 9270
1864 3525
7740 5474
9859 5955
7937 5056
1763 4876
6917 7611
5806 3567
6025 1039
7779 3773
8761 4493
8517 840
9931 4518
2633 84
4758 2409
5136 7024
8797 3269
4853 2596
9573 1527
8563 125
8120 8803
8065 3114
6718 2443
9532 9041
8413 5093
4818 5581
6693 4959
8903 6912
4926 2303
5618 8767
4009 1849
6738 5354
6335 7239
1149 1646
1974 4390
5837 2491
5345 2743
4342 9064
6027 7451
8593 8025
7075 1392
3434 5454
1662 6557
8792 7821
9641 8762
2531 9376
9397 8845
5007 244
3828 7406
6154 1677
9138 3925
6453 1535
6237 7678
7536 7433
772 8393
3455 8414
5811 4308
5000 5908
983 58
9569 6601
4074 6689
5342 6145
4719 6787
4238 3482
1963 1754
5811 8850
9087 7718
9443 6632
6275 669
4334 7720
287 1501
6274 7370
4224 7952
7108 2723
9786 762
468 421
1259 2982
3292 7346
2541 5449
8470 6289
8171 6392
1857 8058
8588 5974
799 6716
5554 7936
4888 7480
9587 4297
914 5281
3 297
1507 6945
9923 5660
245 5428
9473 3777
5824 5955
1627 216
7269 6958
2356 2170
4418 5247
5284 4133
9954 9790
3987 864
6017 4264
4736 6589
7960 7330
9418 5497
959 8381
8637 6829
821 9843
6908 1207
6359 741
8352 9368
4050 624
6596 4934
5756 4948
7365 5577
4589 2042
9574 1007
8583 1944
9078 7315
6936 359
9806 2752
3012 4061
5056 1213
4034 2356
353 4441
5758 5455
9795 8708
34 4750
4573 6006
8283 5367
9710 2532
8286 3470
1924 5978
4778 3645
9515 7252
6772 4456
615 7972
9000 3085
1770 3681
526 5387
6673 5821
7480 838
3727 4727
8185 9555
2504 3773
8425 8537
4213 6372
343 5815
3841 4330
935 2359
7244 7708
9729 1049
6170 1988
2810 3576
8142 2942
7544 7700
9247 8494
6401 1145
596 2917
8231 830
4956 5381
5611 3983
2259 289
333 5576
6023 2383
4218 244
892 1765
3911 2075
5904 2432
3231 3066
8023 4012
18 2908
2068 4519
779 8825
8186 339
4647 9127
7115 6467
614 8161
957 3722
6371 7795
6515 6364
478 811
4433 2208
7530 4669
654 1001
8605 4881
1589 9286
6453 8330
2146 796
4098 8273
4934 2373
5737 7791
5247 7021
8262 7231
4884 5173
6715 8412
5430 777
7492 4545
2343 5837
7991 1408
724 4257
7046 4865
1826 3988
5860 3207
5479 2559
8325 6327
8112 3297
5227 4985
870 3635
9275 7698
276 4895
3617 4514
7653 5405
2536 3626
3032 9597
4040 3399
51 2637
153 5962
7047 5530
3492 9574
2151 6550
5490 153
8579 3666
9351 6154
1035 6457
2782 3061
2024 1374
8079 2547
2749 6364
1252 7984
5823 8040
4182 244
5795 8537
5209 2613
201 9450
9819 2808
7856 46
1237 6993
9914 6262
504 9028
2922 3657
5927 7417
1197 9354
7296 5004
6076 5021
8477 2130
3661 4516
2736 7558
290 943
9236 628
2840 9062
5904 2461
3126 9733
7554 482
7265 1291
5192 42
2140 8317
1100 5267
8145 404
9563 6801
7516 3715
6941 9998
4210 7461
3607 2498
8342 1441
578 5278
2372 2816
4000 5387
8342 1245
2219 8467
7587 3090
6642 2808
368 424
3050 5279
226 5117
9506 647
7095 427
7768 2410
9287 2198
20 3994
9520 9605
9820 5917
2565 1279
6256 783
3118 3981
8673 8141
8977 6900
8577 4823
4582 6052
4851 2584
514 9630
6568 1169
3080 6914
4709 6766
4003 1003
9366 4361
2429 5559
8885 6833
3119 9062
748 2045
8329 9099
9488 4326
1589 9924
1535 371
1108 4073
2587 8303
1683 3516
889 7491
1055 7595
4992 8668
314 4797
5933 7343
1104 8268
2028 1366
4603 2854
8304 3278
4488 2316
1614 5855
3710 8879
5383 6826
6172 2450
924 1462
2710 4882
1547 5637
2900 9647
7326 8305
1681 7599
9812 6353
2365 2133
9650 2037
2015 7771
5723 534
2093 9207
6766 997
1336 2168
8571 5355
4970 3198
5286 4565
7920 7379
7931 5990
2655 6848
3327 4832
5011 6394
9015 3156
1265 6544
9255 1672
574 7509
8792 132
755 1201
9074 2538
7106 555
8744 5174
9775 1359
9912 5997
6261 457
1410 284
3387 1696
8131 4215
9682 9800
5170 5373
5795 3967
186 6627
6753 8274
1621 9814
7038 4172
5936 1682
3546 9810
3336 6859
7157 2634
2290 993
3606 5801
5757 8362
9304 1020
5528 8656
9152 1208
5026 1594
725 7024
1655 4256
4426 6829
1020 4752
9768 582
3970 5709
9525 4733
4313 6580
5555 2111
6737 1140
4967 919
645 8402
6037 291
9493 1157
2548 1467
583 8783
1725 6854
531 1597
5425 9139
5927 8830
2551 7730
9219 1367
2187 2204
861 7919
1349 1517
4375 6588
9319 7900
6270 6240
8959 2415
817 8133
9042 5369
8825 912
3851 3757
7429 7880
5967 2058
9605 8933
6038 6048
2342 6031
8858 5588
226 449
5782 4560
9730 6608
8204 2265
8914 7083
9647 3869
4390 4723
5467 3757
8078 3531
8662 1922
190 7243
4160 8107
4412 9267
7707 5861
9467 1571
2485 9147
1379 2456
6902 3970
4348 989
3035 8213
6550 6953
3884 9581
347 5252
2862 3638
1388 4599
6273 6045
7307 4497
7756 8696
8912 7811
9978 2132
379 5671
8911 1320
2362 1090
7707 8285
5395 7965
5087 9590
5389 4754
6997 4266
9726 7566
5251 8694
9282 2488
7540 395
2445 593
47 9048
2347 8594
5241 9239
9802 8305
3838 1815
401 1783
3453 4554
5379 4625
21 3040
5276 4070
6214 3519
1216 1702
4883 931
4830 7933
7302 8471
9544 3286
4951 8739
2886 394
5406 7921
2309 5865
4272 3782
47 4938
5090 4671
6824 5948
2069 5519
8195 796
5359 2096
8084 6084
2537 7405
4309 1776
9122 1067
1799 4734
6073 9412
1285 2119
7682 9054
5125 6661
1837 5153
7818 6055
962 8116
1375 2444
379 6766
5630 2425
8669 3509
5941 1226
3614 4049
8660 75
4246 79
7704 9487
6577 5021
6669 6875
570 566
9027 4168
739 2198
5072 877
2400 5984
5574 6665
1616 8073
4191 5251
7022 3168
9311 8233
7000 8721
9519 8005
6866 6195
7299 8281
7878 9109
7987 825
9808 9766
2361 2438
9893 3705
8541 157
1988 1081
5193 8347
4158 3806
9113 5669
5824 8194
1763 3477
6643 218
2852 1071
7174 2588
725 7363
308 7089
4765 2842
8798 7655
7800 7134
3975 2200
5079 3012
5023 7981
1462 5826
9159 827
1983 4366
4913 2775
7577 5225
5430 3960
7501 2159
625 4444
7273 6199
1965 5844
1103 7828
7780 4945
3929 6252
3314 2691
5918 5008
5926 3512
7740 8747
8720 235
2475 2982
6221 8937
4018 686
6072 4708
1761 1786
6197 9698
1131 8968
1376 4659
8920 2138
6290 7587
8747 1262
2438 5284
716 4776
3046 3940
1059 7434
5241 5564
6399 9421
2464 683
9837 8605
9490 4058
2835 630
9582 8336
1723 3764
2498 7671
8091 6702
5296 6324
4718 4207
7780 9907
7281 1576
9794 5955
3213 9127
9704 1563
8376 818
2109 3025
1186 4485
8913 2001
230 6494
3285 4921
1303 7958
5412 7065
2661 4282
9836 4411
2522 5068
5294 2600
5356 9949
436 9637
1066 8667
9316 3413
7789 6490
4950 8624
8822 1318
9876 9688
2031 3858
6976 8512
1351 8189
346 1426
4336 6049
8632 1161
3992 287
9980 8827
4001 5192
9734 4492
1334 1271
693 5371
941 3259
9365 8158
7794 2281
6405 590
756 7631
8372 568
2721 3897
9390 1990
8801 1910
9116 5888
801 4868
144 8774
4462 2773
6842 4512
4147 4255
6932 8440
8987 4148
3652 5211
6567 2717
2738 230
8696 7652
2442 8333
7416 3996
9579 7527
5658 2787
6522 2692
2819 3635
916 7719
2055 8544
15 7703
5425 4222
6165 8190
1766 6247
625 3592
7987 2930
8717 3298
2522 8269
7186 5650
6830 2095
9731 1421
9802 9046
3317 252
1444 65
3360 1433
8836 33
5161 5606
2796 4871
641 2734
5229 7960
9703 4470
448 1473
9339 2708
9406 5079
2237 9033
499 8191
60 2278
2470 1369
9931 8370
5300 7297
119 1480
247 4756
9134 8986
5732 4066
5553 145
7972 9990
2976 6991
3249 8865
6014 8999
9519 2181
426 5381
8202 4860
7636 7927
4236 2060
1565 6677
3933 9429
7742 1693
6249 3886
5943 3607
7406 4805
8940 9767
9287 5926
902 2708
3587 7563
7744 5594
7739 3610
9877 8309
9854 5982
7446 1736
3313 9113
4091 8927
1521 3993
5813 8948
7217 9977
4850 1946
649 6920
5691 9942
1071 2591
6673 212
2318 3023
7750 8088
8252 2681
9322 2947
9236 6232
290 2869
2472 7291
2524 7149
1183 6740
4517 7115
9368 7209
20 8996
5498 3622
1247 2507
7745 6903
578 8559
1393 7280
7263 4613
2037 7118
6253 527
9772 9291
6769 7119
8261 7800
9278 7909
943 6944
3369 2729
5473 8416
5024 4443
9764 2208
9887 6988
929 799
6012 4510
6808 7946
5933 8263
9239 8042
5703 9446
93 8346
4256 268
2951 5978
131 9089
9711 9739
2217 3011
5959 9805
8592 8401
4033 2852
483 3012
9457 5766
5509 9841
9474 3913
459 7118
7191 4194
2508 3081
2506 307
1356 1275
7809 7785
7649 3250
9295 3125
3823 9830
6948 2902
9595 6455
7966 6197
9378 610
7513 4140
5466 2181
2074 8077
5774 276
9054 8821
9868 9223
4587 3755
2674 5661
5820 7549
2003 3610
3332 6952
1643 2531
8702 7424
5146 9800
4488 3950
6141 1367
1709 6135
5381 7012
4512 6993
5279 2381
1533 7621
2829 6262
9443 8700
8952 8245
3520 4364
6957 9276
7282 4067
3378 2518
6121 9575
3043 4412
9445 6539
3291 1282
9155 9806
8348 8497
3643 8752
1612 2272
9487 5466
48 4088
4800 5799
6762 4418
8468 5298
298 91
9260 749
5670 2910
8364 6342
7658 190
6032 4506
6852 3597
3956 3930
4401 648
9568 2044
7456 1768
9849 8186
2170 7159
217 1429
1941 657
1528 8304
1221 1533
9707 4975
1471 1137
8697 4504
7098 3803
8355 85
4428 8207
6172 1643
2435 2274
4509 5656
4240 9714
6144 232
5711 5555
7658 4904
4943 7279
5061 8257
4084 8970
544 4902
2761 4306
8868 6956
1886 3672
4443 1045
2387 9601
1530 3722
1237 4532
4744 4383
3377 8255
7691 5577
8271 2058
7389 9474
6091 6752
5941 9322
460 9942
2926 876
4689 5407
6349 2403
3576 7400
2690 228
1898 4016
2536 6435
583 7474
6318 3785
7459 1488
4081 3117
62 7029
3330 9258
2958 2300
4736 9486
5955 9006
5074 5189
9360 1856
1982 3024
6168 9491
2525 8805
5834 1863
8567 1186
3028 5269
2270 828
1683 8650
185 1713
4212 7795
6744 7367
2140 1540
1440 1180
3134 4379
5239 4398
6492 3343
6330 8333
1868 6202
5577 4277
1087 9558
3989 6018
1515 8112
3489 8365
1605 7737
664 395
1770 9655
1104 5675
382 5207
364 5360
3760 9052
6820 9180
8070 913
1873 2911
9139 5262
1402 1941
2230 9837
3103 994
7887 2794
3814 7218
8778 9587
474 1605
4390 1008
943 3702
4327 2128
8628 745
1904 3775
8156 1860
5085 7342
7028 3537
7667 9944
2245 5871
4028 4617
9620 226
6062 3714
7528 3401
2158 2981
734 5607
8882 2903
182 4595
6344 2473
6215 84
5982 2448
1504 6979
8522 7465
6829 8331
9969 8793
4905 1867
3366 1251
7288 5479
8749 6620
433 9484
1134 7313
2304 1396
2496 3061
9451 4117
1956 960
9801 5521
6608 1821
2910 5428
7693 7565
1363 9471
4548 6872
2460 6430
9137 9139
3400 9389
898 920
1002 4711
6496 2533
3094 9563
2444 6755
3405 3399
2516 3601
5083 4400
6402 9106
438 1349
7462 8262
9712 5339
9792 9154
3647 8924
8251 8956
5182 710
3033 9295
4149 6658
138 4210
4849 7993
6663 3028
950 5412
9736 3252
1445 4715
5917 7018
6034 5465
9305 5719
979 5083
9967 1603
1656 7338
6625 7349
6100 8498
573 8623
6453 6208
9802 7927
3637 8369
9597 4845
3536 3117
6843 8630
3142 9855
3012 9570
7543 4275
9979 4633
6936 7946
9443 1212
9767 5094
2711 2227
72 1369
6829 9416
8648 6683
5232 5521
2533 6073
6821 6794
6913 5780
2399 5227
8165 5887
9132 4096
7848 1784
656 8202
6947 8749
9859 104
1640 9771
8693 5436
1950 5131
3545 6914
4090 9758
7658 6556
7508 2781
4951 7740
6324 2325
4074 3887
2859 2467
6271 7156
5533 2098
20 2501
8717 2837
2320 5785
4315 345
780 7570
4036 2337
5178 6306
4590 1724
3096 3965
3448 8124
5499 1923
9516 4230
2819 1346
7245 1763
2583 6537
5532 6515
7434 6916
1108 424
7386 1714
8137 5377
5578 6731
2648 4326
9776 9791
3415 4166
822 6408
9564 4276
366 8993
7245 6667
5365 3288
2265 39
6032 1146
8214 5560
7170 1799
2166 7752
8887 5804
47 9826
4311 3894
895 1415
4881 422
3859 9307
9636 2494
9211 6560
589 741
3892 4795
4312 1630
565 866
3362 1332
1159 9519
7688 2252
1721 6311
4175 418
9348 6616
7898 9052
1769 8251
4473 2680
9812 3935
5661 3440
5333 5278
8704 214
3995 3548
3030 671
8503 5336
3683 3501
2460 7771
9068 2901
3803 3590
3240 6704
9703 5965
181 5801
1648 4901
3776 7525
7036 9809
5309 792
2804 597
8500 3897
6138 2967
2206 9686
9454 3938
8573 48
3819 3410
72 5134
4360 8661
2248 2491
527 9277
6377 6385
7528 7868
5454 8329
4512 1087
5386 7002
3111 6947
4504 8450
4015 8411
7667 9671
1845 1860
1749 5400
7639 4590
7391 6148
7676 1879
3389 8418
1122 4883
6375 8886
5125 6641
4801 1892
1451 2398
8508 4288
962 853
5383 6383
9513 3674
1044 5987
250 9859
2027 4619
5807 6754
5733 9494
1925 4831
4040 8704
6591 8016
3238 7571
6692 4613
2729 5107
7800 2262
5828 4828
458 7909
6612 3901
4122 250
6642 6489
9197 6679
6341 3622
3167 8935
428 1976
104 6436
8039 2122
8264 400
894 5144
4513 533
4093 3652
1971 9118
8470 6042
2545 2797
9444 8087
6930 5380
5923 6666
9867 9259
6226 9533
2138 6566
1760 2546
9354 8169
8472 3020
2055 2764
9937 8761
3532 1032
1741 9988
906 799
8583 349
2069 3151
69 3308
5503 7731
9345 2853
6944 21
800 8660
638 7206
7367 6363
3321 9215
5161 6040
3237 8517
5228 7784
3105 7729
2237 5856
9054 1404
625 5094
9570 8576
7770 2211
4946 2304
4965 1520
2166 6985
1910 1761
6644 333
9146 9505
1785 7996
9933 5543
9670 6845
1224 2561
7185 465
8486 3786
5408 7104
9344 2443
602 3184
9195 1402
2742 3030
743 2054
7853 6819
3145 8767
1391 2778
9796 9613
8560 9793
2256 8824
9468 3346
4362 7240
5793 4659
2090 5673
9695 5607
6176 2263
9471 914
7321 8569
4479 8506
9679 3878
1374 1046
52 1272
7728 7301
6433 178
7651 7202
2189 6826
2336 2089
5015 3739
9977 6421
3956 7510
7451 6674
8180 8908
1540 2056
1379 7701
6634 7362
4000 6090
6318 277
9831 1738
1370 9259
664 7279
7426 1214
4159 815
6591 7774
7522 6865
4775 1385
760 6664
5530 2483
2105 8790
66 3488
630 4346
5833 2656
4453 5571
1902 4742
784 9600
8545 933
4368 962
1448 2272
5316 569
3519 1783
9237 3594
773 5699
5276 1355
5949 9498
8511 929
6562 9377
3106 4362
4228 7872
4214 6300
7966 263
3478 2489
8020 4164
7136 6256
7810 1736
4538 4484
2460 6619
8809 2037
4745 3338
4035 5043
3999 4787
5754 98
9817 5181
7836 9296
87 8446
5135 3447
5918 7877
1118 3489
7673 1263
3462 2754
3449 1473
8383 7315
4672 9795
839 7561
3254 1954
3943 1907
3516 9503
2387 9160
735 8529
4247 5506
7549 8770
3962 8246
5816 8162
8654 1900
5498 6624
7269 9192
5520 6005
6282 565
8345 8796
6175 2050
803 1545
3227 7002
6765 8780
3748 4958
9690 6782
3041 6323
3701 1213
9631 7015
7943 3670
8746 2264
9150 8890
4557 9725
1861 1012
6218 9953
219 2083
9425 7778
5495 8009
924 9615
6896 7698
6074 7727
9195 3531
2103 6528
2374 4504
7819 2609
4707 1587
4041 7141
7017 3363
1780 8328
5530 8171
1349 8377
1216 2397
3980 9315
7817 7117
984 7718
8751 5472
405 8669
6094 1382
2432 9679
6466 2256
8451 2112
8403 6249
4562 9090
6666 2506
3308 5893
4061 7939
9713 1343
7602 9826
4811 6026
505 9623
3550 5449
5997 8307
5701 6834
7657 7687
6390 3195
3395 66
3230 872
1568 5407
3751 5373
4005 2765
3153 4436
1621 6861
3098 1355
8328 2550
3831 6982
5634 4515
9856 224
9054 9624
3581 5207
4351 1860
2222 2781
4000 2917
9618 8342
6338 6608
4846 7529
6920 5736
1911 1472
611 3076
5081 4872
3454 2473
6450 505
4134 5871
5321 456
7789 3396
3405 3763
3660 911
318 323
7096 626
7075 8252
851 1554
488 885
74 1793
6056 2398
6354 8308
8416 5079
9002 6430
4480 3891
5074 9647
5904 8950
6132 5412
6950 6922
2840 7003
3252 8727
325 309
6297 9234
1691 5258
8296 1940
8957 8340
350 2111
3908 1894
9215 297
3672 9172
2028 9069
8402 3954
8944 6077
5713 1988
6881 5687
8875 9725
2410 6853
9669 8596
697 866
6645 9468
4875 8978
1909 3192
9407 2061
2778 640
1473 9
9440 6055
5714 6522
4271 2078
1974 9042
4763 5655
2639 3840
1780 2804
2111 3472
3068 7100
9816 7758
4782 3138
2166 1996
9829 5394
4057 9741
6638 8637
4021 1849
4532 7304
2935 9839
1218 5990
7772 1735
6015 2569
9892 3696
2635 1055
3290 2233
4751 1216
9170 6889
416 5203
6761 1495
9830 1439
3743 6963
2568 1977
4269 8079
7992 620
3064 9342
7380 3025
4814 6113
1183 1829
1127 1639
1555 6041
1395 4174
189 9528
6629 3906
2397 92
8730 1667
9414 181
1863 9904
6 8282
7206 8226
3073 7840
3479 7606
3318 9620
2342 5803
9575 5700
5225 7488
766 4255
2414 8765
5389 6474
9660 204
437 1661
1696 3184
7821 9318
8908 5363
3660 7573
4160 7480
2402 3319
3425 6604
7963 9655
4809 5935
772 8145
9760 7348
2990 2979
537 2205
5789 5961
7004 8293
8656 9270
6609 7495
6415 7904
8134 6731
8287 3935
6931 1691
1005 5097
5302 7278
7715 1349
4227 1573
6724 6092
922 9398
2828 675
6901 918
7916 574
2213 3807
4611 2661
7505 2228
2350 7531
2989 1665
2402 3290
1654 3697
9817 5482
8045 2588
7508 6294
4179 9370
7984 9243
7713 2758
2652 5258
8188 4123
1738 9998
2076 909
174 6336
1171 9660
5810 7291
6365 7070
4758 215
5554 7930
3002 9979
3914 4061
4776 1652
7352 9908
3069 6794
3141 3013
2686 8569
9118 1703
6247 2343
7437 6232
294 7469
2764 3167
3738 9132
327 4012
1665 7049
970 4931
9461 57
9443 8538
6661 4923
9935 3521
4315 7045
4026 2947
2576 8163
3517 8170
839 5902
8613 223
1551 7338
2871 1794
6080 7750
6602 4526
9688 9036
2030 4873
9030 4475
5756 5832
1702 320
1888 9457
6055 1952
7684 1991
2343 9127
1026 7079
8643 7135
9699 9874
5926 6280
7813 8345
2568 1228
2577 5873
5278 4258
6510 6564
7781 7254
1255 6763
9228 3075
59 9483
5604 1717
2399 1907
9592 6608
3390 2872
5434 5643
1000 742
8948 5672
9091 8581
1327 87
8012 45
8851 5352
2645 5857
2712 180
3557 3809
3776 2601
3423 7526
3582 160
8748 6567
3544 4910
828 7449
9146 3338
3790 463
7394 1521
546 2320
6147 8855
1461 5792
3161 7483
6316 9333
4910 1624
4939 2774
2514 5654
9724 5544
5394 6469
3925 5691
3255 1081
7469 8404
5842 4212
637 4877
3280 8234
4067 4229
5689 1037
3188 3178
660 4164
6269 4505
3077 6314
5593 3106
4282 5642
7791 9204
152 3956
2829 5166
5065 530
2193 3987
9713 7872
7936 2854
1131 2058
7180 6194
6477 3268
8628 4642
4007 1551
3438 3002
7871 9629
9938 7902
6054 2614
1262 2771
7151 543
1337 209
5818 1407
3199 3731
208 1832
1937 9660
3590 3117
9929 287
2010 2105
6783 348
1439 5563
2972 5333
5204 9299
3582 8096
9504 1811
4742 5672
9058 9929
8696 1312
5069 6007
526 2776
6370 1586
6882 5949
2201 1246
7622 5752
1105 5806
3616 9883
1941 141
8589 7122
5490 8702
5287 5291
5630 4643
8566 3514
3971 2318
73 6847
9884 2496
3487 7469
7718 1292
4984 2934
5673 6567
7409 8281
7615 4598
9011 2995
6490 704
1991 257
575 3909
6380 7443
2439 7307
789 3650
2977 3304
7538 3143
2491 9530
3734 9147
3832 5371
4279 6957
1238 9061
4510 5433
6937 3214
4652 2876
8162 8923
4908 3091
3680 5440
5665 1312
3429 3781
1785 654
45 3826
3189 2088
6181 4755
6465 2283
7213 40
9042 7120
2797 1829
4453 9465
7713 7159
408 6562
8832 9500
7812 3313
6314 9581
9687 1751
7537 4759
8310 2695
2214 1846
6400 6109
8058 6628
1749 2506
8060 4391
8006 1048
3957 5689
6552 8737
252 8453
2087 8526
4011 8847
929 9030
4535 5774
3784 4525
3610 8448
6128 6731
1579 1624
5703 5815
2353 7406
2852 5137
6748 827
5330 2699
8250 7299
7824 9441
8309 8465
5098 1789
1190 7339
3044 8584
3876 3530
360 6384
3205 1414
2937 6407
1331 6665
9660 9521
2885 550
8292 9345
7206 3180
4756 4136
4807 7827
6042 4028
1633 7735
6124 540
802 1183
1169 4554
2887 2021
7927 2696
4348 5208
4031 6206
9936 7341
5578 8111
3788 3735
3188 2313
2096 186
7694 2987
2969 365
51 7476
625 9491
1097 6447
5530 8772
9395 9831
1932 1163
7443 8616
1665 682
2492 8336
1454 7803
6288 7959
933 7990
1955 5048
1491 8390
8094 6027
6112 4383
4619 5832
8694 2297
2107 2463
417 1123
925 9270
9960 7784
5211 8973
4791 9772
1856 1412
5638 2280
7621 9923
3725 4578
5166 3718
1745 4061
6845 9691
8947 7201
3223 6400
3515 7435
8279 5830
460 3780
1269 7730
4880 3346
1990 7269
8718 241
9990 581
8551 4212
7896 2589
1924 8878
1093 5805
3317 2729
9754 9137
7651 2544
1009 8382
6358 464
9264 4045
1531 8939
3736 4566
3546 6012
6059 9937
76 3125
8926 5275
6363 969
6797 5171
5015 6698
4424 9891
6148 4935
338 6855
6821 6344
2401 9866
1264 7023
8728 9102
7744 1494
9150 7486
2090 3262
1128 7653
941 4907
2265 418
2381 5069
6788 2951
8813 9330
4652 3372
2448 7531
3122 4092
8565 8203
3797 4488
9781 6160
8569 3418
5608 7431
363 8179
5545 8500
1609 6998
3151 1113
176 5562
9211 9079
762 9494
6994 9435
8052 7936
8908 9858
8736 4034
2785 2477
5391 4003
1996 806
6517 5504
4115 9846
2670 453
236 4092
9264 7640
4403 4963
9950 1135
1095 5746
5909 8623
1625 7364
3600 3732
5245 9723
9720 7929
4695 7328
4133 6397
837 767
9891 7850
2177 9330
8274 4766
6169 9421
463 8042
5553 5167
778 6515
9536 7183
5188 8260
4726 2362
2199 7958
9956 8279
1487 1560
2886 8136
3461 7637
1406 8100
6438 6061
3048 2844
1140 9399
1185 4292
9422 5770
5305 2401
3946 8334
2452 1592
8712 3286
2315 8372
6564 9136
6984 9485
3540 1144
1431 9174
8584 1289
7047 1276
1525 8753
6110 4182
3829 216
6154 8232
2432 2355
5903 1118
9303 2916
2212 7556
5665 3907
4547 4890
8535 1826
5758 1600
6237 6203
7546 6374
464 6071
484 6232
2778 6692
3622 3119
470 1976
8479 3579
1924 7529
2899 6826
1050 4721
7405 3954
7416 355
2744 7086
7659 3877
2387 1174
3790 4683
6421 1007
6106 2816
7032 1564
4811 6857
7708 6994
8584 663
678 1211
4293 316
8189 1518
1947 5704
4626 5170
4096 4640
5852 2421
2418 7281
7542 5622
7317 6573
8705 4658
1635 495
9825 1341
9571 345
4630 7270
9302 5765
4725 2325
2957 550
1871 1364
4973 7378
776 6729
9219 2601
7272 5555
4593 6915
195 9561
6578 7711
7160 804
7210 3210
3105 9072
8896 6089
2347 3162
5595 8635
8538 8431
3616 2840
8471 6106
7192 5896
4105 7633
1140 3823
766 5365
8379 6690
6542 1380
263 4169
4296 6797
6169 3016
2858 8353
9691 4080
3629 7460
1895 7100
2592 8038
6231 1993
5239 2109
6076 2224
2338 6405
8309 1466
7550 1415
9452 5198
6450 2756
6156 2776
7090 9716
6674 8557
3712 732
7269 727
8559 1469
3046 8891
8504 6167
4482 7839
9750 8883
6442 2030
8348 8254
1851 9463
9922 3728
6792 6928
8071 5703
1683 2675
7075 3084
9837 3227
8827 7870
6178 3031
2937 6811
3144 8449
7763 1594
9397 5277
3949 7775
6955 5924
8978 2679
6551 7355
4366 7918
8182 4227
4738 1331
7670 9853
6492 4693
7492 8424
2611 4290
7203 6953
1221 8565
9910 5400
2947 2448
5667 7831
7522 4218
5781 5139
3041 3293
2931 2234
4512 7605
3333 134
6147 5815
532 4362
1918 4775
1833 5803
1278 531
8554 9866
8885 7029
8540 1433
4685 9402
387 3698
7400 1583
9430 1651
1313 3138
261 2014
3747 4696
5354 1080
8163 4932
2711 8582
4771 4661
3258 2737
8313 5075
5510 4905
1516 5635
8036 6838
4196 9735
2482 665
2856 2606
6133 2952
3749 4575
7755 7613
8555 6538
263 2487
9859 2072
4540 4577
5680 911
4747 7782
9321 4646
2668 853
6331 8213
9805 9242
611 8561
6618 195
5116 7729
7195 4135
5064 2668
1185 1230
8395 2242
2423 3703
2829 5888
6049 6408
1098 7286
8709 8882
1148 8449
1864 3805
175 5135
9033 7723
9176 339
5229 8547
4905 9750
4362 3623
5086 858
8604 8511
3107 5429
6186 9089
3307 4569
9889 6316
2939 100
6272 7220
5332 5143
5320 2144
4941 1733
9513 8111
6663 7565
7840 1955
3225 2878
7321 1221
6867 521
6230 2383
5636 2979
3556 753
732 3003
5195 1691
8469 9146
2536 2145
5674 6087
2137 4090
960 1183
9399 2874
5695 3745
2659 6173
3386 653
6852 2907
287 554
3090 9418
4810 3482
1501 4640
6662 1430
4316 4034
8132 1699
1255 4771
2929 8598
2531 4146
5439 3361
1413 1681
848 4472
9750 532
600 6557
4682 9379
5826 269
2743 5586
4957 2860
9510 6668
1429 5741
8741 1886
9606 5725
5769 74
9130 2654
8871 3866
4883 5181
4016 709
7664 1233
6668 5771
1428 4801
8228 287
3224 9146
3438 3156
2301 1978
1264 2189
121 7334
964 8941
597 9994
4068 1569
2048 6686
4610 3336
5106 1521
1503 2196
4384 6462
2763 9046
3045 6136
2074 8861
5881 4855
8181 8368
7240 2908
9455 2364
5272 4493
1899 1505
6448 268
827 1784
4833 7725
4192 970
9208 7046
4804 7991
6413 6214
2007 3291
9168 5287
2801 5449
497 1728
1786 4931
5788 1341
6900 3243
378 8214
9297 3032
9969 8160
501 9035
232 2710
6913 7532
9900 9665
1444 7807
8084 1103
9144 6467
8738 952
7083 434
300 9521
3096 3158
2278 3222
8572 9334
7850 4172
692 4863
3902 805
732 4724
9475 6483
9050 5138
2989 2211
9106 1397
9430 7822
5205 8292
7300 9146
3617 6968
6665 733
9909 760
1725 9782
1826 1302
3777 1989
5460 8057
8753 3092
472 4451
323 1255
3443 1299
5830 1057
7163 1843
2352 9465
8735 6446
2740 9563
7473 5258
7081 4429
6710 1271
5125 3613
3790 2692
6597 4536
7506 7795
1315 6599
1914 5451
1143 5023
2538 5348
6249 6710
4282 3387
2046 5635
3924 2761
7988 2115
510 3373
7939 2599
2022 5847
7857 2110
8319 6682
1026 4881
1453 9571
1702 9512
2479 8210
5089 4579
9873 8223
2167 8891
8378 7689
1453 5848
4834 9457
5169 9959
6530 6475
5771 6484
8294 911
7334 6095
5617 341
9649 1579
2942 805
1120 6751
8799 5710
3942 1565
5999 3156
6501 2341
8665 7308
2135 8497
3870 4269
2064 9031
3123 9815
6798 577
708 2905
9079 4801
7682 436
918 7123
5496 1690
553 3329
2669 7112
2059 3476
5195 315
6370 562
3110 4652
4327 8315
5348 9349
4401 7888
5004 6866
6983 110
837 8815
9582 2970
5309 9226
1366 6960
3274 4657
5154 3773
4264 2563
7 1756
3142 7022
86 6455
8480 1076
1808 9015
8916 9440
402 2157
2207 6222
7300 8373
7539 1253
520 2014
3777 2188
2345 2861
2661 6904
8535 9937
9885 6598
1260 6214
9015 8945
2471 4856
1255 3129
1570 3149
1467 4553
9198 1807
6874 1850
8567 2439
9362 4425
5537 6494
8265 5250
1232 4272
9832 3275
8571 8310
5479 4507
4042 8674
1521 4716
4664 7943
3610 7138
7473 7311
7756 8812
7093 430
7716 5653
5528 7163
3557 5360
2414 5483
8240 9506
3717 2971
5862 2690
1442 8383
3166 5620
4509 306
1859 9103
8244 2378
4548 1210
9588 4179
8785 6815
877 1224
3417 8822
1790 5464
793 6318
9382 9742
8738 8107
2656 95
3594 397
4934 9029
3314 4411
8291 4563
9330 3056
6821 6470
2373 6860
1794 3634
6518 1763
4506 8241
2499 3439
920 1107
5694 9528
3314 1895
3309 4147
512 400
7826 3350
9446 9114
5107 3862
8707 8697
940 9007
7847 9795
8041 7811
28 5565
4020 7941
7551 5408
2136 7361
7524 2610
3298 2266
4331 912
3906 8573
8195 7510
8621 7426
1609 2230
768 8645
8735 2219
3468 170
8543 1755
6965 2026
9732 3843
6156 9838
5737 9283
2515 6669
9572 9788
3550 9107
5781 7731
6589 5210
7816 8606
8865 2037
6454 114
5199 1512
2779 7506
6730 4158
346 3087
6800 2021
2945 264
5001 8828
31 7192
1159 2405
9743 6022
1063 7442
3522 6296
3708 7620
7787 9301
2769 7520
9412 1190
3516 6836
1636 4896
6651 5798
9062 5435
7215 2984
7468 6356
5409 3111
7703 7919
3750 2283
4509 2705
7882 7824
6509 4726
8096 1455
4532 9838
9015 9364
39 8357
9836 1491
1472 8367
3254 1348
8707 3809
1508 6149
5099 5227
981 6515
407 9064
6857 2664
2442 6282
6828 2538
8316 1975
607 2240
1860 5117
6850 9811
9536 1458
3902 9921
7079 9041
6806 3479
8399 7583
8290 5921
678 596
366 8800
6706 7982
557 3992
9596 1488
216 1809
7415 3962
9863 3083
6285 5855
1151 8933
8663 6812
7079 5073
5869 9359
2704 4481
5928 9755
6152 6478
1305 7073
9698 1928
5306 6848
7169 1118
9351 9346
48 9244
5500 5255
9716 9262
479 3142
4216 4099
5111 1521
8497 924
8371 3776
5278 3136
490 3609
8830 3686
490 4715
4792 8054
6196 460
5657 1387
8021 8357
4173 260
5398 5654
3915 6665
9462 8980
1265 2165
5166 6534
3493 6397
64 2074
3467 6047
6773 878
1893 3522
8796 1463
8943 1808
9685 3198
2356 5947
5867 9149
7417 4162
7468 5914
1883 1672
2061 1558
8897 1086
2726 8841
2775 413
4541 7281
343 5605
3181 4989
9051 7318
4751 8694
6102 1701
4552 2250
6482 6654
9622 4460
579 2765
8598 2604
9698 5890
4790 8337
5664 4547
6993 8452
1386 2917
9877 1849
5922 4687
8303 6866
5530 6437
6609 8718
7300 8876
6001 2362
9117 7345
2016 3922
6836 6883
2954 505
4123 6621
7898 3671
8226 6540
6050 3608
855 4929
2704 8000
870 9693
6944 6804
3323 5352
167 4244
3410 7496
7830 2174
2266 773
7265 7718
6097 3076
1423 3300
7809 9923
339 4585
2798 5012
3767 4822
9522 9155
5251 4855
1353 1269
3499 5564
9346 7165
6543 7894
1880 3705
6193 8227
4951 2193
845 7001
2673 8191
7774 8024
1315 4920
522 55
5057 5877
5048 9557
942 4688
6293 2159
5407 6381
5520 5157
7028 880
359 3656
4068 1127
4487 1064
1790 7562
3514 8309
5099 5038
5265 8666
4013 1207
3325 8801
5051 1680
