1805
16922489
5977 5629
2298 7069
8193 7815
8225 6082
841 555
6288 6725
8956 4779
6434 4471
7242 7833
2436 6790
8286 4968
1329 3555
9503 8820
9242 1486
7283 6288
145 6902
1638 1801
586 6734
8464 1505
3668 9226
985 1582
1339 3352
9671 8848
3619 9212
921 5133
5615 721
5630 661
6647 7121
9113 3653
5366 1559
5076 3786
7077 2267
2889 2350
7728 5161
6256 5878
9127 9457
7611 2791
2973 7784
9585 9177
4287 6667
4580 32
4026 5669
8380 1860
8369 4430
4388 2073
6613 4230
8413 8816
8707 1121
9717 219
2909 617
9622 4452
7584 1408
1920 825
2048 2186
8272 6437
2923 929
7075 9732
3736 2997
3702 1366
393 6427
1223 2167
3409 1184
5871 3730
418 636
2488 6689
7191 1480
2939 7462
4063 3250
9415 6401
1980 8738
1528 7026
7250 6089
8123 9791
6022 7847
8058 7731
4437 8018
8907 85
6137 990
4857 3798
2378 7802
1167 9470
1466 7916
6863 2052
5185 2703
7095 8409
424 9826
9085 8422
6177 1405
4826 9191
2263 2993
5377 3172
7130 4364
3253 8255
8162 9512
5020 5125
6588 7477
6847 4239
4822 5974
4621 9933
7667 4927
2423 2944
1364 8727
2360 7196
1637 7509
4562 9711
8111 8625
7534 5265
3938 5102
6823 7479
9590 6634
2886 9961
1783 7553
5546 5714
1526 8804
1698 1365
94 6473
1499 2746
4497 2003
626 4030
9600 6442
4397 5981
569 743
4088 2096
1416 2463
2232 3132
5392 7597
4129 57
4057 9305
9526 4876
894 5486
4178 6926
8878 5427
3881 6977
8527 6142
7982 3063
5076 5387
1701 8561
5444 2635
6359 1631
1429 9905
7406 3807
4441 8783
6598 6805
754 8733
6647 7688
5153 5358
3973 4771
8785 3664
4637 7903
464 3811
5008 3059
320 1009
2579 3512
5313 7760
2627 8262
639 3302
8528 889
4472 350
9074 790
3274 5212
1395 512
5036 2746
2231 6695
6117 3647
2871 7220
5260 5974
5164 2490
7121 7690
9286 2279
9711 2564
4537 9269
7562 8931
1135 1939
5506 347
6798 2978
4857 6740
1817 8416
3132 6853
9387 8258
678 3200
6943 4740
8914 3537
3336 77
1559 4919
9186 5895
3324 8887
1528 5093
3514 194
7008 5719
7233 7082
7511 2296
9470 5202
613 2602
9341 6688
1132 2413
3022 9931
1827 8204
5961 3990
9249 2501
8286 8422
5310 2389
4218 1948
198 2240
923 301
645 2601
8832 810
221 4319
9748 2593
3992 6028
9894 2175
4103 2682
4611 2846
9159 6403
2939 6360
1843 8177
6457 2199
1667 9416
3994 1806
5950 6295
8266 3253
143 4349
8236 7721
8025 4597
5441 8714
3994 4609
3944 8691
4817 2144
6256 8756
42 6406
1833 9085
6974 4260
2371 4892
3263 7564
1652 5135
2687 1720
6529 9347
1630 3834
1366 595
2039 7957
4677 3973
3107 1570
3745 5070
6504 3952
8445 809
8534 314
1670 1700
3301 6083
4956 7251
1460 605
8806 1514
6371 8540
6970 3362
4331 8323
9288 8126
2088 7245
6045 9925
7355 3483
6881 8559
9085 3137
6815 9385
5960 6346
5124 5889
6761 4711
2782 3607
8551 3776
2005 6892
9796 2854
4193 820
779 6942
7733 6347
9062 6319
550 7617
7629 3234
8874 1997
28 6993
9274 4594
7774 8837
7110 2681
1886 1719
9360 8769
9140 2147
9095 1793
1822 6498
9652 3089
1116 1331
263 2315
8481 2631
3154 1484
5756 9130
6358 4151
7479 7119
8637 1207
5944 6446
8678 2582
1181 246
1269 9896
3316 4494
9863 2168
2846 218
1959 7064
1221 5995
4635 1677
940 7101
3100 5304
4327 6789
280 601
4411 4031
2032 1316
4769 4328
8477 3853
848 148
2198 7415
6654 6686
4945 3251
7693 9688
4466 5253
7597 6558
5962 817
6563 9873
6487 5392
1986 7134
1800 2517
2411 1185
7971 765
2465 6512
971 5833
9775 5357
5003 7535
3831 6750
9208 9955
3651 9140
3321 529
3631 6197
5747 8901
6774 9806
6376 4109
9110 6522
3241 9714
60 8407
574 7992
5886 4256
3945 6861
8875 9135
7102 5435
5307 3885
8296 3796
2081 4279
6251 4188
9912 8969
9892 2414
8507 3866
2102 3391
3065 1818
3004 2228
3444 1212
7563 2501
2395 5834
9353 4588
8218 5802
9065 3182
5102 8388
5845 3935
8359 540
2011 5970
4844 5530
262 8168
4942 7981
4579 6198
552 8219
7670 9825
2917 6302
4354 6564
3036 6854
7095 9977
7278 1868
5842 2767
1316 4214
5104 4596
4976 7150
9206 4606
5625 2526
6640 1178
3888 4286
7801 2017
9126 4015
760 4231
8895 4237
4286 4009
2385 529
9432 5449
2966 109
3454 607
6382 7213
6870 5106
6831 7032
5055 8376
9329 9265
7758 4588
2863 1576
2895 6895
9748 2995
8231 8587
9235 782
2526 7850
2392 1003
2621 9062
8006 5394
8019 9663
5589 7709
6148 4351
5252 4529
9708 9190
71 3160
8385 3376
1630 3020
7296 2985
5925 4585
2730 6836
3531 1751
3058 7557
900 741
3149 200
9631 2953
2351 9509
4111 6099
6085 8218
3994 6577
1248 7226
323 4888
1803 4947
1094 8309
9405 6325
5844 9463
3894 7720
7130 435
770 2819
1450 1839
4289 2701
6156 4352
357 1922
9856 8755
6256 677
9548 3642
8960 8868
3519 6883
6627 584
8916 5325
4401 9906
2563 130
3110 46
4119 5277
174 8049
6182 7196
9971 4055
8214 8251
578 7375
6641 7419
1059 2026
4438 5821
4955 4415
5767 9815
8645 6535
2144 9206
2801 3614
6338 9887
9743 8425
2212 6784
1833 9803
2991 6600
4118 9724
8448 1586
6846 7882
518 1319
7217 1384
3962 795
5129 9319
4622 4443
2202 569
1296 1352
1775 1852
1533 8487
6316 7070
4869 12
3412 5262
230 4963
4002 2181
4479 9063
3265 252
652 5218
4953 7621
5844 8367
4540 8945
1181 8145
5468 4844
4416 2566
8315 499
8341 5657
8597 5919
2552 2069
3497 3801
6881 694
9436 6306
6156 3083
2697 1873
6095 8431
1892 6621
6456 4477
9133 2133
7645 4487
619 946
3739 4385
9133 5271
3709 8109
9130 9353
1771 4160
1289 5992
4787 6816
1720 2870
9552 3665
314 3772
9449 4443
5199 6429
8177 5833
5748 7073
1155 7842
5565 9257
1426 4173
8467 608
4018 1599
1469 6956
3033 6181
5075 9094
1725 7265
878 3296
3621 385
4565 5019
5415 6125
6773 7696
3612 3454
761 3417
2212 3430
1215 8613
1900 9735
1632 3346
2378 5655
6366 8322
1451 7956
2709 2262
9517 627
2834 4236
4236 7925
7856 255
1846 7073
4720 2294
8718 3982
4270 9286
5102 6201
4974 2244
7253 1898
3523 2033
49 2885
4495 3112
7252 6737
4145 5166
6784 6709
3946 7158
4903 3290
7986 8190
8664 2291
5287 4792
2551 4736
2992 587
6579 6265
651 9820
3456 6843
3673 5551
477 9709
1934 9974
2489 9082
3110 8450
8370 1506
1371 7164
9569 8292
9311 369
4066 5897
8705 5561
4026 8461
4883 62
4175 1194
489 2046
7713 3506
8981 2724
6310 1606
7868 9008
6004 8555
1848 3424
5004 9525
6038 5187
7723 3031
2287 6185
5972 4043
1583 3725
1994 9693
1682 7767
1808 7744
6186 9646
1837 9788
1352 7672
4860 4667
9100 9766
5456 558
2891 4447
5887 2244
2645 9824
4205 2089
904 1699
7224 923
7749 2575
9520 3798
3596 2044
611 1009
357 1902
8050 963
2080 6253
8418 475
7473 9455
8227 5662
439 9033
6686 1787
4582 2720
9978 5996
8213 3261
2326 5528
4700 9319
7622 3657
3759 6696
158 3222
9212 3255
1850 9609
6640 47
9038 3352
8144 142
9647 1105
984 5907
4722 4986
1540 7920
6881 3263
4519 9488
317 5116
4503 4396
8100 2162
1083 5696
7819 6681
7286 5089
4678 3181
728 8835
1298 8588
1161 1474
1154 7314
8737 4248
3439 1857
2509 7095
1966 1614
2388 2447
9435 419
9764 1096
3321 4212
4381 3545
9469 9180
8273 3737
9496 8322
3851 231
3669 5047
5092 8155
5129 8839
6298 337
3972 6294
8813 5620
6192 7993
7004 1738
6674 7182
6479 4521
5547 1582
4854 2938
6671 2353
9618 1844
1004 7456
561 4944
4384 3569
4072 8270
3432 2174
3670 5108
2609 1407
4995 3469
4049 4429
3595 6828
3990 5779
8120 5951
6047 3880
3732 9774
2918 2446
5237 5839
7947 3981
1210 2157
4387 5459
9379 6949
3552 7253
2416 1943
2417 3512
1985 8062
9471 6136
1874 2507
8372 6685
1736 7851
2481 1230
3757 7851
2680 3480
2281 8609
6936 2308
1326 3275
7742 9669
5003 6092
7455 3659
2912 4167
4770 7602
4705 8793
1549 6841
1172 1317
2058 7783
3019 5215
2807 5787
3877 1906
2119 3022
9315 4237
8973 9061
5764 7985
4704 7959
2481 8273
6153 936
3065 7834
3640 7511
3714 4076
3671 3147
1178 7406
2688 6436
8192 119
8133 1701
4876 2663
5214 3028
2785 180
8291 5534
291 9789
7234 7802
11 5882
1731 5992
4456 6227
7985 3703
4317 3724
575 9838
2292 220
5189 2584
1523 407
4012 4523
9920 9887
4667 3701
8733 1138
9441 1669
8895 1244
6631 4761
9097 8257
2 3111
5729 4818
9365 579
7457 6270
1062 7089
6949 3263
422 4123
3906 6245
1924 7385
1010 3163
8227 5991
2493 1460
1746 7922
9167 567
3708 792
365 1445
2677 305
2182 8973
4647 8816
1744 1741
5194 2585
3319 3641
2607 231
3097 8737
6810 9094
9582 7339
7088 1411
7848 857
9397 3409
6951 6536
1234 2486
528 1096
2312 8158
117 7615
401 3121
9750 2667
1461 1655
5517 609
9334 7870
3449 1510
4147 5433
622 9199
572 563
6747 7566
3368 5064
2819 3278
8040 3509
9392 4222
8382 1065
5276 6060
771 268
4641 7708
8794 9275
1374 5552
2558 7015
7486 7646
4260 5518
5492 8905
973 4656
5835 4489
2109 5052
2461 3878
9449 4108
7089 2730
1930 9395
9489 9284
4802 900
5682 5747
5741 3137
3350 7426
7955 4048
7792 8748
3275 8147
7503 4751
8617 3970
6641 3114
8459 7834
2913 3587
1202 8233
8698 6157
7779 6057
9389 9382
6241 7505
8449 3020
2957 8384
2793 3390
4464 8293
7187 3348
6706 7278
969 2455
9254 7950
5544 20
8869 1215
6564 1919
52 8256
5076 5376
5911 3776
727 3155
6086 7402
2416 5035
4515 2304
8641 6121
8230 6571
5617 7446
7451 3037
7310 8124
8939 6211
4209 4735
280 6847
2019 5841
9339 6153
3568 5121
9853 5919
7865 6979
8486 9761
2919 9009
8337 9008
7711 7661
6289 3733
7291 136
4558 2331
679 4991
8420 6944
3875 7215
1967 1259
3665 6683
5659 5018
6718 5262
9011 5498
2811 6958
3334 6735
1565 7080
5601 4917
4250 3495
3767 5528
7707 2120
2696 2487
420 1160
1995 6749
475 9065
4042 152
8091 657
1513 2362
9947 2359
4575 6969
1041 4780
9137 2619
9407 2854
1188 5392
6686 7643
5399 6802
6602 2420
3483 1086
7440 9933
6404 1752
2250 9170
8415 2555
4926 3225
9916 8209
3297 9575
4527 8976
8024 5831
3387 7351
6349 454
4299 189
4470 4521
1147 7561
922 2961
7512 4461
9621 5796
6998 4964
2612 2125
464 7705
9995 9019
4344 5897
4416 9795
9170 913
1844 2463
9741 5196
5173 6369
7913 3519
6762 7116
4864 1516
1353 4949
3821 1180
302 7223
8475 8913
445 8722
5555 713
50 8051
5236 3194
1460 4716
3869 3768
3284 8251
8814 1373
2699 5314
2381 5440
5272 2605
8721 5309
9631 2253
251 7327
4433 6469
2512 6612
1399 7812
7469 4549
4654 5408
8283 7640
167 7307
6842 652
8554 4217
1161 6770
2734 8508
8721 3513
8280 4162
9231 9000
7852 2866
6416 759
5527 3203
3810 6490
3154 89
6458 6691
6708 2038
857 7063
8863 5208
1897 7818
7319 7697
5948 8282
6382 1146
1427 105
1378 4221
5691 6523
2969 6037
3216 5022
3070 5283
6189 4224
4001 849
6324 2331
9190 1876
7909 5576
4022 4336
297 1345
1857 7949
8859 5497
7995 1775
8073 3214
8293 4678
461 2239
9467 681
4023 728
4045 8697
577 7970
4239 9836
865 5686
4390 3130
420 1559
7891 4104
9136 2536
5140 5094
1334 4020
6597 8174
3060 1150
7187 2772
6516 625
1981 5618
1734 3782
2085 5919
9142 5618
6775 8817
1456 5208
2314 5419
4432 9784
7910 876
3971 4125
5681 5433
3943 5419
8054 5545
3378 7233
4091 2628
6832 1464
6634 8675
5267 8028
7428 9863
2533 4949
7893 8492
2808 5658
3032 7306
2306 1488
7191 6843
5332 2441
8298 2912
6116 6251
604 8115
3254 2457
2558 3818
6388 3490
2129 4956
7854 274
7299 1252
6667 7708
8590 4729
290 3531
9936 7292
1091 966
1098 3711
8909 755
9229 6405
2646 7601
7291 2650
6805 7150
2779 2023
3045 2708
4371 6608
5234 6539
7786 1949
3866 7364
2804 4150
9997 2008
4976 1382
7149 2388
547 2209
2344 8991
8442 3338
8475 4512
3116 7545
8049 2750
3592 1774
4371 828
4687 8642
4408 3520
9971 9847
9908 8202
8168 8735
8749 7933
3090 9113
390 1729
1689 2138
1191 8415
9686 864
3120 9146
2225 5891
329 2079
7916 6413
3093 240
7478 1659
6041 7623
8998 5823
3452 9341
5171 5268
2514 2629
9461 2724
518 6101
3843 1237
1442 2250
8996 5186
3510 6173
8316 340
4290 910
6828 7191
3055 8954
7557 7426
4190 4938
8466 6476
4911 6365
6417 431
4437 8095
505 5547
2816 7204
9834 1281
407 4263
9600 935
7458 3474
9222 615
9471 6540
2292 9376
1172 9715
4126 4537
4868 4667
6523 1177
8837 252
6622 9098
1111 7198
1792 9971
2098 2528
3261 635
8969 3964
5210 2484
4306 797
2381 4835
316 8247
5262 2473
6213 5045
8010 8093
1629 405
5728 1760
5330 2857
8711 9334
5240 9860
6622 969
6768 8306
4560 4412
4064 255
2477 5857
6985 8481
3984 8609
3427 9271
3190 4944
8692 6158
1474 2120
5288 9140
7532 5718
3424 8041
2523 9670
7371 4955
5768 4344
4817 8892
1396 1795
9361 549
8683 9423
5195 2004
7209 6976
1724 7534
4645 3371
8791 7806
1818 7340
7871 2262
6861 6913
8060 6172
5005 7931
9426 8171
5445 1014
7088 715
2213 2105
8918 6964
6916 6562
6683 4396
8565 3483
1641 8047
771 7585
5213 4407
5622 879
1366 1906
7325 9321
6718 1880
725 6171
3383 5853
4837 924
4534 4324
8950 2653
1179 1823
650 1963
5409 8535
352 6122
3893 4511
2298 547
8715 4692
5476 3722
7497 455
5677 3995
6369 3909
6938 8342
560 6808
3757 8126
4128 1282
831 2335
3624 9236
3278 5772
2351 2473
7604 9100
1912 3393
7798 5807
6574 6875
8628 2751
9396 6688
3042 361
7501 8213
1321 9708
7601 8165
1747 5164
6361 233
4398 9645
5583 5389
8443 6911
1234 7385
3949 4041
9433 5232
4931 3548
2962 776
4264 5257
3402 8558
8009 147
9588 2456
190 3331
2127 9271
1433 790
4084 3903
3160 1031
2918 2670
9049 4653
5555 8576
4632 8766
7942 6222
1514 2017
6435 4798
7525 7948
2863 7375
7233 3128
2308 3810
1048 90
4738 7361
8093 1201
8687 5815
2355 8515
6437 2424
1303 1885
1445 2241
1963 7095
6933 1825
9754 1174
8315 9602
3708 6452
2490 5196
846 6122
94 9611
9486 3757
1417 3886
7001 6217
3079 4610
8025 1069
59 7243
3882 6467
6843 4436
7659 1978
1371 6454
3408 1886
6306 7125
5668 6745
6900 801
4546 9111
3951 2240
7064 572
5348 794
5346 5133
6775 3867
8030 1813
6860 197
1746 4477
8399 2500
249 6742
765 8050
8855 8919
206 815
6652 6433
9890 8635
7294 1883
6396 9399
9386 5955
8697 3515
976 5292
5726 6116
2071 3170
1910 4811
7807 3093
9147 3077
6187 5001
2176 7767
9329 7870
7242 4152
2145 3459
8767 2896
1001 2022
2262 4947
2025 5281
6343 6372
2881 6057
2 2730
9892 5131
5785 9495
5402 319
8318 9143
4896 9464
5990 2527
4554 9963
4568 601
4701 7620
43 4135
753 4966
5771 8517
5657 9796
3843 9233
3001 826
448 1308
4014 7323
2180 5198
363 2384
9261 68
1574 1513
9945 318
2977 2384
3534 4178
2119 9080
2663 9378
8453 420
7636 468
5475 4167
9531 1929
1682 3718
6239 6343
6462 6351
6294 1190
7833 4905
1753 9525
7553 7234
1083 7626
2941 5782
6825 4797
9753 6539
3173 635
7879 4115
2493 5769
886 9947
9452 9089
6157 9404
8467 996
4083 8113
5223 7365
7162 4826
2979 3484
4283 2552
8664 6488
1557 4067
3083 7728
2487 313
9753 4646
1305 67
1366 4378
9618 5679
4224 5802
1191 2488
2941 3918
3576 7220
928 3736
7217 2055
4975 64
5242 5125
6870 2361
8507 8689
5383 7696
131 6526
6319 1617
615 9508
8070 4449
3818 3507
2986 6543
8603 3825
7003 2431
346 5088
2673 2052
9765 2249
3763 883
5585 109
2916 2290
6083 439
2442 3770
5198 3878
377 2117
1796 354
4314 2293
2276 5350
5886 5192
5473 5200
4421 1484
4271 537
8262 7429
2949 3872
8616 2130
7549 4537
5090 3374
3053 9007
9639 4012
448 2002
6308 2236
3164 671
62 2983
5744 9442
4570 3023
4018 8543
2981 1675
3875 6878
2696 8310
4376 1765
301 5443
2938 5777
6390 3279
394 2525
6521 187
7010 554
2971 138
4703 2703
1295 3100
1192 9523
890 4647
699 7
6441 4938
6562 1148
6699 942
2424 9822
6911 6256
8815 5368
5776 3084
4192 3111
2042 1656
6198 2579
4777 4373
4681 7201
1610 5171
9093 5952
4265 7634
2947 4745
251 9352
7644 3027
9652 913
7289 7443
4459 1495
9385 1976
6462 8257
2942 7358
1542 8713
8526 9824
3731 2913
6018 5247
2378 9762
8119 7020
2345 8071
7549 314
7716 2201
9266 1237
7772 6824
8322 1902
1608 4543
306 9764
1725 9905
9893 9556
6871 3315
1821 4194
1399 8870
2020 5486
1399 4261
2757 404
4611 4541
9490 7375
3454 9643
7743 7620
4142 7543
3446 8999
5290 2135
9655 9398
9547 4967
4828 5178
1121 7815
2160 1039
8483 6182
9858 9170
4916 8366
7204 6837
2242 3307
1147 2747
9335 1623
3444 2073
481 8613
2200 146
8682 4666
4154 1469
1242 9641
6274 584
1397 427
7564 4966
5856 2830
7705 4105
3250 7968
6584 3863
9805 5725
7724 931
18 6619
9766 3941
2933 3539
4278 9576
5690 8100
3501 5651
6907 1896
4250 4988
7709 4625
1754 6413
141 5089
7434 8726
4595 8414
4685 7256
1729 3711
5080 3684
1355 8787
7329 516
8691 1234
8557 837
3192 4231
1474 3331
9283 406
1450 5947
1182 8181
5584 6679
7665 873
9699 8018
4703 8258
6583 4973
1561 802
2666 7843
8815 5674
7972 7049
5771 4619
2254 9791
1085 8465
4288 5239
9761 2183
3532 9369
5977 4703
9517 6424
949 4308
6884 3694
7627 4109
6161 2643
7371 3173
279 3328
6103 3611
8465 213
8491 5171
5910 4720
6794 2684
6959 7182
8631 2236
6194 4457
6862 1695
4829 2818
7290 5467
5811 6180
5330 8790
8682 3246
3844 8638
5735 8882
386 2337
1288 3224
4132 9811
3864 7725
907 5630
8225 5618
3811 7022
7774 8716
5775 8818
5606 3749
2188 8551
9444 119
3760 8421
2089 5109
3752 7828
1642 1546
2385 6087
1369 9603
8865 2265
5318 1799
7297 2313
7452 9845
7632 9359
3801 1653
111 1631
5796 5727
3364 6945
5295 312
9559 5084
2762 1783
6524 8545
2782 5877
9332 4636
3999 9974
177 8271
4063 7834
6762 6843
5888 6940
838 2735
1338 6708
8562 563
7825 5689
295 7151
4214 3105
7270 220
3998 5208
5870 2733
3959 4872
7460 8821
405 9372
1613 2136
3785 828
2723 2452
2177 4030
7723 918
2511 5544
8362 2268
8512 3760
5605 2144
5837 8097
1584 7291
1579 4323
3303 8833
8366 6787
2867 5215
5558 5213
9790 8480
5638 7593
8735 8189
7264 4021
5027 57
8461 6436
8461 7606
29 4222
5178 6894
4573 9552
650 8623
7690 9447
7588 8915
9663 4769
2483 5535
2348 1955
4492 4462
7059 4303
4809 1566
922 7575
3390 9786
8738 952
7180 6079
5272 3333
2239 9823
958 1075
686 5718
2047 3224
1132 3535
5687 4632
4637 8806
561 8615
653 7673
2477 1904
893 339
8539 6503
1733 9235
2869 7238
1004 5353
8729 29
5306 7612
1220 1462
3321 2301
6580 5276
2172 8874
3984 3695
3365 3832
2173 6200
1952 9688
7967 4241
9518 1526
1873 5541
1318 8841
9811 9020
5305 4355
3680 519
5143 4989
6046 9626
3629 411
6472 5764
4900 9678
9854 3812
8674 3811
8646 3670
3908 6860
3891 3690
4211 895
1751 4240
2273 8012
1128 3046
115 8394
182 8518
1893 9173
6606 747
545 6342
4002 3118
149 6519
5216 361
7603 6491
2941 1475
2848 3619
199 4923
9228 677
9146 35
225 2008
2615 218
9792 8872
5568 3925
953 4633
898 4972
6521 8202
3565 732
6905 9231
962 493
5174 5536
8849 298
6060 1246
4903 8090
7773 6446
9802 3683
8933 8803
2279 8650
9478 2605
4043 8886
8634 8746
6134 9254
2060 9635
229 3742
4677 7601
1301 6679
8968 202
72 9323
9868 2720
1021 690
8611 2385
1179 9566
2359 7414
5785 8931
3552 9141
3553 6491
6283 9659
8466 556
818 5970
12 2917
