4260
83959413
9214 6150
8149 8252
2449 6756
5448 1565
4582 4240
2219 5591
6266 2211
9539 1080
3791 1709
6409 4845
6297 768
6334 9762
2134 2866
2402 9795
4563 7572
2860 2328
3864 9082
9358 4137
2253 4845
3115 9291
7985 2658
5267 1231
7607 7998
8283 9469
3027 7884
2357 8800
2418 4420
7383 845
2699 8185
1946 3984
7768 3510
1430 3412
5485 9889
1060 8922
9497 7739
3490 3750
8960 8024
5999 8936
2209 1263
5465 9344
2307 8359
954 5591
4577 4669
5903 5983
3904 3957
5902 2758
5649 6068
1217 4686
5506 4118
1333 7709
9317 3697
1692 4799
8637 8522
2072 7054
6593 7871
1 4227
9098 803
5071 7916
4778 453
1225 7866
7759 433
9932 8098
8881 7846
6649 4649
7829 754
1816 398
6966 8637
8592 1794
8308 8518
2100 5836
5683 1733
1851 719
4274 1842
9790 7024
7162 2920
3117 421
9358 7826
4747 4025
4768 7136
5942 9162
1298 530
6861 408
8364 7560
8756 3580
6282 1195
4694 2952
4645 1103
1215 642
911 43
972 201
7865 6132
2659 5532
9949 5489
9014 1182
1938 9307
3209 8087
824 6554
3265 5449
8934 5796
9124 3200
9307 1925
1976 8146
2475 2289
5686 3952
4402 680
7802 3207
9562 2255
8558 5839
6992 2958
5837 6332
7774 879
3859 4573
10000 9944
3331 3058
3899 3213
1373 3377
8376 8617
8360 7202
7530 4205
8076 522
7345 9855
6884 5909
5043 1820
2930 3330
4669 7031
8718 9077
5377 8340
4053 7590
3409 8372
9089 7430
9007 7866
4919 6993
6539 5446
1072 8087
9793 3579
8025 5093
9315 4520
6893 697
8093 691
6621 7932
6484 1944
9083 5821
9890 8480
9388 7514
9599 1574
7998 2939
8722 5029
381 8727
6394 3270
7084 6756
8662 7447
3642 5786
2843 4795
3863 6282
4816 7703
2975 2161
2243 5372
66 3226
1451 6562
1209 584
6714 2284
9698 9609
9779 7657
5892 1964
7602 4639
3098 3362
7496 8341
945 2386
9020 6405
4239 3624
2758 666
2505 5353
6882 4276
3411 5130
2873 8393
2908 8473
8563 7033
4554 2224
4377 5832
2160 7626
5202 564
2634 6669
6956 519
6045 4706
7763 6777
3939 2574
7039 6094
7317 5274
1588 2316
9741 3107
9720 7870
5995 2425
8103 8190
6997 6011
6827 1004
1539 59
5592 4827
2887 6555
9380 3996
9048 8965
1223 8618
295 9076
3999 2307
9122 3135
4483 9660
922 5600
7022 8138
1991 7781
3545 6220
3437 77
619 7932
7584 4814
8148 6933
3055 8747
8242 1355
47 8370
6814 1911
8321 19
149 8416
8955 8461
3018 9257
7462 3228
2733 8825
2600 1962
5770 3491
755 1055
1515 8339
7849 8497
4196 684
8576 2399
8487 3825
4959 4529
1517 4402
7569 3681
2356 2617
6483 4923
5322 2436
3496 7172
5072 6656
141 6638
8830 7283
7339 859
5587 2889
3218 80
2610 5226
5252 3375
653 3973
8333 6330
9494 5155
5085 3122
7367 1998
6322 4157
1821 1094
8415 5648
9271 1649
9737 853
4578 379
3928 5168
129 3208
6032 3978
1426 1172
9984 7274
6757 6534
4609 1426
4790 3616
7827 7270
2021 7446
2242 2973
5268 1857
7183 5173
1618 1708
4128 7782
3382 2942
632 1123
2471 6499
7493 3872
188 3471
4937 1464
4338 2696
437 2471
552 2353
9567 8062
3062 9384
935 2884
1740 9313
6190 9398
4169 4331
106 2186
3603 9096
2541 8049
5557 102
2400 5806
6324 9060
1165 1348
1568 2837
9344 1523
1362 1870
5680 9846
8278 8030
7113 7840
1865 4867
2618 9941
7684 6285
2092 3758
6284 5812
2061 2080
242 9896
5500 1772
258 4156
3176 7793
9656 9613
611 3446
2138 116
4467 8821
9152 4575
3497 7379
6676 7214
6884 4344
7789 5468
504 8157
8727 3014
3684 8157
8503 3657
7685 5508
7359 8405
3814 3158
8524 8361
7523 9413
1609 4736
1171 3281
8794 3552
8982 3603
874 9498
3960 9364
3992 7701
5075 6765
3904 4404
5386 4089
2298 3490
4652 9018
6632 4915
934 2654
2080 8883
8064 465
5495 8851
4599 6116
5711 7462
7587 9557
3563 8628
4256 470
3222 7485
970 8755
8185 2589
1451 5219
9497 7534
1439 9277
7009 6444
4496 3676
6895 3744
8874 9202
1988 8479
3477 8957
1055 5268
7569 7684
7611 6755
4463 5646
8961 4333
1011 1238
522 2636
6592 9593
5523 7356
4588 7345
6287 8337
5948 5168
2932 7098
6627 4517
244 347
9519 5180
8329 412
4420 9100
3403 7314
5175 6098
8214 6148
6275 7640
9261 38
3079 1212
2134 662
5806 5361
3020 3134
2953 9989
6501 664
5568 3992
1593 8926
9760 3665
4006 4033
4248 6675
5984 2330
6249 4888
2652 8810
9855 7845
7147 7267
2441 2192
8744 9430
8170 719
5772 5570
5675 1218
8769 2868
270 8937
2324 1406
8095 4572
5989 9577
8552 7576
5760 1944
329 7854
2368 596
4186 4075
5717 9592
686 947
5018 5607
1382 5033
5590 9697
9584 2842
8119 5697
5922 9812
5328 9068
3383 964
4598 1616
6596 5758
9164 9160
9535 9833
3420 6616
3792 2225
2931 2332
6186 2004
8517 8654
2647 9712
4313 5844
2192 7819
2589 2609
8212 159
8950 3495
1385 7675
2865 1285
2550 1390
2484 1549
197 8576
622 8517
5579 5570
5246 9537
6085 6713
504 8317
6957 3832
9941 516
1404 2249
1098 2703
7840 6650
7126 9798
5206 3334
6973 4381
3038 5930
3079 2039
3629 8806
5155 9403
4792 7949
2109 6984
8913 9991
5907 1935
3332 7542
940 7281
8134 9500
6877 9433
5888 9535
4000 1135
2726 8138
3329 5756
1474 1140
1896 8729
3661 1090
3728 1593
5888 901
3432 6391
8861 611
9883 4895
2866 9625
4579 9283
4216 5430
1111 5535
7729 9191
5263 1699
7906 8058
7499 4263
2555 5583
8018 9092
1442 4850
6846 1992
2619 3046
1829 1004
4677 786
5359 6713
4261 2193
3260 4203
6258 4090
2844 1950
3352 4573
7763 1948
1839 4988
3646 3994
7544 2279
9211 9898
1249 7095
6267 7992
7292 8705
2302 9122
7934 4352
1921 9243
2847 3284
9328 6189
4550 8223
8005 2440
9356 9016
9634 7026
971 5103
183 6276
9483 9995
8849 1639
8431 9849
4676 9933
6082 1032
3378 9293
4752 4223
4242 2645
9791 3091
5984 599
5058 6593
2949 5740
7080 3067
7314 6164
7947 5438
7511 4723
9850 8554
2903 2705
1942 2914
3112 3924
7473 545
1245 6842
2267 9314
6603 8085
2825 2719
6834 5902
7909 5728
4280 5817
9078 1980
6948 441
9694 2657
4424 6273
9846 2494
6257 3150
9002 6116
8214 1615
2099 9181
8049 62
5968 8144
1011 3179
5532 3662
8165 3136
9508 4478
515 6585
766 1468
7437 9846
385 8842
1252 963
190 5670
8539 9248
2374 8538
7323 7045
729 3042
2541 4469
8042 6636
6962 7854
442 10000
9717 8913
8817 7307
3432 3432
8779 3437
9509 7200
6312 678
5699 295
4686 240
8206 8995
2126 2704
9549 3341
8583 9360
7836 5773
5719 6389
5122 8619
4693 7697
9611 3989
9400 7880
1697 3123
9569 7347
2542 9194
2842 4393
432 1604
8289 4113
7507 3491
3701 309
3203 9106
2837 8554
224 1028
7470 3595
7095 493
2385 9395
7877 6762
1882 7993
2602 3945
1827 2338
1918 9017
6238 4796
4990 9822
2077 1915
8681 9841
581 836
4834 1803
4253 8896
9214 2301
2297 7935
3414 8700
7393 869
224 5626
1068 5277
8954 6556
5809 8952
1352 6262
51 5808
4848 753
7597 6863
8107 5545
523 5966
9170 4587
764 8125
8725 1297
9124 4514
9476 3531
8231 5389
8171 5593
2175 4957
3493 3684
2481 5275
6353 4612
8828 1258
1598 4656
4158 7225
7072 8341
4539 4190
2726 7280
4757 7277
8145 7120
1176 2838
1566 6253
6265 9331
5593 4428
8478 1270
3899 9639
3232 5741
2140 1105
1199 1350
5638 9324
1717 8425
8500 5261
3717 7290
3357 3032
6914 6735
5351 4336
9637 8946
7793 1236
2567 6243
2138 6199
9583 5567
7325 8083
4556 3605
2805 4816
7914 9841
1121 101
8646 5853
5335 7023
4428 9984
2321 8459
9334 9124
7462 5132
5380 291
2207 1480
8317 9600
4668 5348
4331 5591
8395 6367
9678 8424
2686 5058
8141 8444
9191 3109
9808 4769
6768 2193
6565 769
3817 8203
3536 3716
4145 4809
1101 1927
3588 8215
1912 611
2655 137
702 8825
2573 4606
9266 4695
8256 8704
2618 3357
7339 6561
2469 752
5786 8939
6143 7887
8399 8228
8397 8775
4476 6341
1476 4290
4059 8650
6656 2420
2802 5116
868 5817
7193 4309
6897 6381
1340 6755
2311 9558
2680 2219
5284 2489
910 4422
9433 1622
2372 6359
2404 3228
2348 8987
4217 972
5771 8162
2615 6849
8785 5563
6438 6441
2127 864
7644 9692
4906 1798
1036 1278
188 3261
129 9577
5306 4345
8730 1211
2039 6077
3069 3674
6873 9519
7784 6437
214 1984
5721 2526
7292 842
280 7437
8979 7620
4699 6709
2015 9593
5613 4844
72 2997
7643 2393
3383 159
6862 3485
9576 8545
1649 366
3180 8636
8280 1114
1336 2
1510 6145
7825 9483
6160 6162
6882 246
4762 3285
1551 5600
4095 2513
3549 4221
2096 9860
2237 2035
6239 919
2653 1973
7493 7602
8971 8031
9258 348
8155 9075
4812 9605
3694 45
3854 8331
2461 7011
2570 5819
8940 820
7586 1014
2063 3323
6239 6642
8959 3861
2373 6993
3029 248
7108 4757
9540 313
6543 8442
3040 2697
6625 2891
1165 1423
8257 3339
4750 1029
5739 8356
3740 128
1138 3837
2257 2325
7058 7287
1406 5646
8673 7260
3893 6341
5992 7506
6286 1575
3838 4172
8404 3669
2524 5782
4687 6860
9949 3972
3363 8977
8590 6197
5148 7395
9544 3518
4898 1009
8054 1170
1991 2049
2630 3066
1118 2647
6237 4032
8959 289
3762 3452
2139 525
638 4495
784 7502
5883 7163
6530 5768
5718 9596
4097 3030
6233 338
6337 400
4052 5141
6452 8839
4389 8381
8731 7672
1804 4263
3023 2433
6454 4579
4217 8549
244 2008
260 4367
2839 5011
3597 1702
4543 9929
575 6922
7819 5035
8220 6830
4627 9699
3250 9466
4426 2239
6576 815
2155 7564
7405 8524
5047 5
4759 8374
2636 332
6020 2843
9066 523
3330 6918
7581 7801
7980 6566
1280 38
879 1814
4942 8339
4438 1426
9507 211
2285 5735
5316 124
2291 585
1357 380
308 8282
6352 8247
6474 3051
9278 5580
7066 3225
6375 9252
6536 4317
6446 617
2506 2513
1979 1665
8479 1601
4941 9494
9587 6467
5927 2945
6391 217
6642 4955
387 991
589 9013
6845 7221
6710 9463
4021 8638
524 2836
5790 9954
1109 463
4852 324
4905 9976
5712 8707
1024 5489
844 5713
8012 3055
5479 5356
3436 8550
1925 4676
3135 3575
7928 8024
594 6506
4758 2840
8187 4935
4374 525
7069 626
9324 66
6672 4138
8937 1890
9168 3582
5230 3216
9724 9286
8882 5263
254 5120
6998 2581
1825 8701
7582 7665
428 4603
7325 2241
6940 5648
836 5533
8981 1490
3808 4384
1154 46
6546 6995
9499 8489
6437 3292
6215 8412
520 9215
2681 7067
5941 4123
5331 4536
9148 4282
1463 2619
6556 443
3351 5846
5381 9298
7692 5001
7966 7291
468 1793
5876 9960
7790 6234
8164 6781
7838 6272
8396 8967
7348 7029
9760 1357
3193 587
9763 8508
8032 8156
1339 9055
4141 6968
2930 2756
8179 7497
3310 5390
9261 1737
9072 597
1636 7248
3546 3230
3963 7218
1521 5862
5775 8108
5296 5001
4699 1384
179 7331
8279 3968
4644 3541
5261 8721
7700 6834
4579 4023
3786 3942
4399 7877
3644 3793
926 5757
5024 7602
315 8047
3627 1557
8725 3957
7164 5914
1776 8103
2948 2000
7244 9642
6689 1125
2777 7402
8960 5870
311 8130
3155 9460
262 6303
4679 3473
5609 9257
9881 6923
3239 3863
5687 8365
8027 9646
316 5937
582 3858
1549 1130
9353 3830
4395 4811
575 5408
4598 3278
6589 4530
2792 7670
2427 2862
915 1815
2583 1330
2682 8080
5852 8511
2381 7702
7612 7996
7704 2524
7748 258
1238 606
5890 5576
7973 1820
9964 9304
1883 9597
2776 5449
1933 2924
6453 9144
430 8641
9312 1568
3056 4787
2567 2704
8009 1976
8876 1968
4577 7929
1446 5390
7300 7550
9657 8460
5862 1390
2082 979
9978 6308
9532 3317
5935 2413
7444 5530
3769 6087
2769 2245
3386 1446
3876 4072
4186 3385
5680 1364
9360 7017
1396 7612
2196 8578
9967 4513
1118 8780
7461 3711
7937 7488
3174 4391
4776 1595
6986 8444
5315 3771
1088 9048
759 5810
5561 6356
6896 7866
8030 647
599 7889
7598 1306
9944 3703
3716 744
8040 6433
539 432
8977 2789
5289 4629
3807 353
1299 6316
3519 8512
8416 4725
4978 3500
7191 9422
2984 4494
8795 3939
7356 5028
2778 3593
4782 3853
5358 3525
500 2032
8861 8158
3283 2199
7876 4604
4391 4097
4218 8535
2784 8156
4572 7716
4934 7158
1572 827
1585 6179
3459 4414
4385 1164
2407 5229
9293 5612
9750 6594
4348 5387
4036 3239
1058 2000
6990 2077
2522 3121
4361 1517
2956 6082
8999 4333
6395 5303
1915 5946
8907 3166
1336 6005
9617 3127
3475 9349
3019 2164
4956 7292
2301 9884
1845 5196
8376 7197
6923 7455
2780 7761
5535 3243
5332 1442
4665 8384
9077 3019
8659 2325
3429 762
2110 2690
834 5740
9551 8276
1828 4319
5299 4538
445 5912
7024 6421
3256 279
5745 9049
9835 6159
5910 4111
817 145
1953 6378
2937 2296
8230 6223
1408 5340
3429 7384
110 6285
9365 8236
2265 6595
8539 5144
3969 5205
7219 2851
1921 7682
1644 7175
2888 2046
1131 2020
2616 1439
3784 6326
4921 2868
2530 2315
6026 3434
1942 7963
477 3590
58 2909
7439 9034
1432 6113
1076 7684
3542 7028
1186 7108
7957 4840
3052 7896
6369 5858
1766 3243
3660 2889
9461 3617
6301 6561
1343 7168
4925 3024
9228 1609
7423 2100
1414 8043
6223 2036
5261 4185
9520 4553
2903 9476
1409 9938
1938 8161
9565 7232
1796 2219
5396 5128
9625 8506
3265 2127
5290 6834
5437 7378
304 7008
1418 8097
951 6289
8681 5965
6268 5735
8125 2140
8308 3884
4238 9300
8970 1295
5992 451
5531 3484
4721 9559
2707 6507
1018 4078
2649 3369
1045 5762
312 7492
5941 2809
2676 4753
5063 4788
7200 5719
7863 3397
157 2603
9395 5230
9548 3095
5541 5204
3427 9474
651 5820
493 5943
201 9326
5219 5058
1921 6436
2551 5575
7493 555
3049 8677
5818 8810
8628 3060
3245 2353
8025 1863
6007 8837
5585 8905
8049 5223
7452 831
3864 111
8124 4635
9666 817
4716 6411
5057 5899
7529 9957
2863 6876
8282 3572
312 3009
5101 1054
2076 5344
5947 5754
9886 2897
1166 678
3656 4954
1167 455
5607 469
2594 4037
5628 3844
7301 9285
7652 1065
2267 5601
712 4769
9998 4526
5082 9677
6457 8259
7442 8354
1556 1707
7086 125
4527 2281
507 7463
8830 4399
220 217
1671 1962
8994 8009
217 1142
4389 2952
7391 3191
9684 3705
624 7154
9881 8484
3494 3426
9811 1498
6287 8325
7906 5326
4888 3891
1622 9480
4783 3535
2784 9485
2000 7752
45 2856
6086 2462
1779 6731
1755 1247
3279 7969
6868 2894
3284 2183
9765 6352
8886 9815
8215 5237
3481 4982
1263 5042
8814 9666
3878 6740
94 4046
8147 8085
9838 777
9394 1001
9791 7674
3721 6796
6667 957
7958 1451
6864 1733
2073 4310
7996 3993
3185 3199
6805 9359
8820 758
2634 3690
414 6625
4787 6574
3879 1272
8737 5257
4956 7354
9331 3680
2936 4878
6790 3240
8604 3134
6801 5445
6521 3029
2784 8716
5320 6263
1520 4091
7305 6685
878 121
3699 8251
7899 3664
6305 1424
6188 4033
6433 9631
1794 6143
824 1654
2942 7744
1675 2921
9413 4829
1063 937
2483 100
5937 4403
7796 6945
8890 7571
4177 9685
5706 7135
4333 6348
1284 1232
7132 4409
1619 1324
394 3537
1180 9468
8634 6457
8676 6609
190 1312
482 3904
5604 6302
7499 2075
1242 6027
7643 652
6533 3590
1494 6467
1953 8831
5106 1620
2647 7369
3385 2052
6649 9083
3762 2767
4484 7665
6740 6573
1740 7938
9034 2077
7166 4590
8077 4693
1485 7753
9226 9823
3399 5825
9662 969
3548 7533
2071 7412
7422 6223
5821 7085
1439 852
1375 9837
2268 1321
3193 4399
9578 5733
6889 1916
5917 315
5910 5641
4871 1554
9114 9083
2628 1360
2570 3553
4397 7138
7404 5218
6318 2860
189 8122
6788 5209
2143 5251
545 8159
6789 7197
695 8905
6820 2082
6266 9575
3749 3801
441 2770
3915 6444
8149 1273
1309 5821
7260 2939
5539 9445
9765 2693
5978 8460
1828 2122
3805 8288
4794 7360
1551 725
5928 5417
2687 7815
9019 2997
7442 5255
1160 5145
539 9850
5533 8216
3266 9061
6139 1905
7501 3731
2178 6856
8196 9028
3970 6827
8987 5406
8337 8141
1344 4161
2901 4455
8402 3197
3622 8584
4207 7535
3698 8150
8811 412
7554 5747
9244 6150
2657 5786
8042 958
810 112
1852 4105
1341 5726
592 9606
608 8995
7086 9318
7351 3542
6682 5689
5420 9658
4499 6466
7773 9570
9284 7150
8911 9950
1562 7596
7751 9155
6259 8724
2593 1290
6491 9803
7809 1420
4881 5410
3373 5329
8392 7210
3207 9043
114 5537
9357 701
7717 9612
2012 9221
7017 7238
4272 2375
1283 1933
7027 8149
4586 4837
8026 2056
8628 7151
2549 663
7431 861
9775 3658
4499 9554
4927 1624
7326 5675
5939 8586
2143 9297
7601 6599
4956 6835
8962 7196
3686 1184
2553 3610
2380 8387
8224 1644
6285 3057
8793 39
3282 6292
6486 7899
5980 7764
7678 9860
6623 8163
2462 4042
525 9369
9680 7398
4877 9296
5214 3142
2051 436
7710 8574
7281 3594
1670 5981
2680 5281
5363 8383
5283 2642
18 8277
3522 1955
6668 6750
7042 2331
1355 3237
3938 9816
9050 774
7124 1278
276 4431
6207 2955
586 2643
4028 2559
4910 9008
4223 2116
6624 1857
3604 9153
4070 3855
432 1402
256 7122
6770 5745
9562 8754
860 5508
8471 9841
4691 4069
3495 3617
4931 3274
8450 2641
1624 5110
1898 6933
54 3693
1252 2034
2272 5503
7408 4116
7628 8576
6196 7510
1489 6181
5735 9847
9239 7779
997 1985
2742 255
3578 5329
9581 283
3475 8768
8621 7637
2224 3786
2621 6239
5465 6196
5359 4437
1986 8288
3820 9278
5069 1897
3196 2087
8038 2780
9992 7233
5520 8467
7068 7173
1613 8627
9785 1203
9620 3614
6195 8690
8615 4071
4283 8547
9097 3959
9064 2467
2909 4905
9160 7248
5202 3112
2673 7185
97 8631
7246 1642
1784 1657
7157 6513
2853 2716
4970 331
1514 8477
8212 2788
5840 7113
7254 629
9286 7080
4779 5704
2244 4095
6164 3585
2807 1420
8811 2255
7706 4253
5687 2740
717 5207
2485 4323
4533 7761
9819 985
9076 8347
8926 5312
5829 8397
9563 8877
1285 65
3030 7583
4415 1942
9791 3157
7466 6955
4032 7212
6081 1882
328 3094
2424 2929
4651 1436
9149 1137
8878 6410
6615 6762
2675 2720
4449 1117
7603 6813
8731 5691
1369 9994
5486 6518
5145 6542
5384 2132
1719 2569
6335 4821
2963 1177
1176 2224
7386 3329
2076 2487
7036 1924
9128 11
9682 8066
1871 7670
844 8563
801 422
3071 4238
7347 6927
8910 120
3259 9590
6164 295
4523 3574
6210 3552
652 7324
1873 5831
6317 6298
8886 3010
6831 6559
2456 9662
3048 7653
2476 5958
9528 4921
2214 3603
8591 9996
9870 4099
9620 5825
9848 4924
7756 6251
733 999
6485 40
3669 9877
9775 2403
4711 3553
6041 7750
8025 978
1379 3807
2851 948
885 6500
2086 2593
1582 3965
9154 4395
7527 1616
9360 8943
7828 952
7161 2188
1457 9015
4749 9515
1384 1557
4747 7044
8539 9962
1228 6673
9841 6906
3706 1022
4202 2802
9503 2764
570 1804
1397 1014
8070 1037
7203 1868
6956 421
3249 1638
5589 71
7682 8562
1975 3778
8283 7115
9743 5460
3915 8107
4133 1838
4870 9981
679 8547
2010 1957
2267 7367
4315 6896
5484 6067
5099 5300
8238 5713
7521 4189
7004 5011
7188 4060
8815 7840
4801 7357
9573 5052
3466 7018
9010 1842
588 8602
8205 4450
3344 1206
2451 1453
6133 4217
2215 956
3675 9781
844 403
1629 8907
7647 1798
8211 7845
381 6208
241 3331
8310 5678
874 733
8370 2660
1369 9430
3080 2590
6581 5858
2531 2556
621 4152
6348 2490
6142 5971
8518 7003
8880 6362
1438 6180
5079 5322
8846 4996
7029 2801
6466 9230
5954 6151
5869 2754
8492 4872
6612 1640
1643 7898
6005 3958
8690 2893
8506 1582
102 3969
3662 5950
5785 7979
7495 5779
3376 8879
8003 4482
9563 694
5814 3598
7879 2640
931 181
2568 407
3715 5498
6440 9652
9362 9505
5638 6832
4612 5951
9119 8465
1519 3050
824 8816
8771 1701
677 3623
3381 9409
3121 8956
6098 7614
9163 6799
9296 2497
2984 4206
4613 645
5253 7716
9108 8394
2874 5258
6651 8509
1423 432
3318 2813
9006 482
1765 1310
9859 7911
8906 5710
8484 8369
8809 1627
3996 7976
6503 9015
915 1220
1210 6881
9967 7830
8188 5694
134 6804
9995 9609
3045 281
9421 3804
7454 7592
8741 274
8662 4648
1396 6971
1981 6867
2604 795
8969 3419
8514 8998
5459 8337
8737 1804
8291 1249
5085 8721
3891 6016
2142 8656
7747 4646
2756 5602
7064 8836
1698 6646
1883 7949
1855 2476
3392 8893
6623 2359
5980 9617
7247 1269
7308 2466
209 4716
6562 8762
5723 4809
681 200
1455 4071
5943 8540
8760 516
3108 424
1 5571
1777 8376
7682 7193
3439 5338
4062 8008
862 1025
1392 7533
2802 5674
8605 1391
3227 9603
743 3515
462 1328
7555 5768
6720 1864
8921 4446
75 1077
9358 9339
3244 7729
9910 9247
6043 3405
5945 4483
4808 9268
8921 1729
9462 3228
2089 5275
3387 6251
7101 3664
4306 9644
6184 3067
1157 5791
6201 4195
3026 3937
1214 3783
3460 216
552 4099
2297 9630
7563 2851
1138 9199
6428 2249
31 6756
8127 5705
480 7505
824 4048
4564 2253
6447 3452
3147 3857
4751 2029
4195 2417
350 5995
6811 9862
1098 6178
2505 4003
163 7959
8985 4955
6739 8669
7323 9722
6845 5358
9648 1462
3779 1095
287 1058
5429 993
3779 3986
7390 8916
4391 3058
5052 156
5106 4764
3066 8097
6923 3253
3237 3350
7226 1834
7128 2973
1642 1367
9788 3022
8175 7854
4697 6076
8304 8126
5327 4382
8978 1437
3352 7056
9291 8060
3869 8494
1054 1097
8765 1789
1324 2108
7575 5405
2483 986
2634 8954
4576 3075
788 7019
879 9722
1852 9789
2776 9512
2337 64
6632 8669
4576 4299
1605 5350
423 710
6622 7201
3814 7602
2144 8006
416 6770
2955 5545
5633 3981
9389 8615
2024 1185
8744 2612
6696 9952
9642 4058
3784 151
9189 567
1932 271
5790 8392
7249 9420
3035 9893
2283 4100
6628 8230
4854 472
5912 6405
9287 8449
5566 476
3893 455
3409 9173
5453 7619
1598 6581
7167 6787
8528 7022
1936 7896
5685 3907
7741 8328
2720 5817
1895 7933
3798 9364
3263 9383
2728 9646
1535 8591
550 7261
7402 5577
7455 7075
358 7829
4760 6116
9311 1552
3806 2810
1359 4780
2989 2691
5858 8092
7630 4854
2509 6082
1991 7110
9210 35
4707 2660
973 9088
2673 8344
3291 3085
4318 1613
5956 153
4485 125
8895 3193
304 4657
8109 41
3779 3632
3290 5712
7383 8124
7567 2856
3727 4550
1461 9650
8151 9287
8310 5126
5693 4295
9016 6210
3867 3063
1903 2154
9209 7705
9702 2060
2745 4120
2411 22
7 5437
2608 1641
164 2988
3817 6396
7153 2518
35 2331
5191 9761
4783 3775
3705 6164
950 6186
8727 7618
2134 4702
8878 2603
2472 1097
7173 4988
2205 9754
658 6338
6040 3241
69 4949
21 1933
5930 7770
5000 387
66 5455
306 5015
2102 9390
1118 1501
3402 1467
8555 3954
8406 7787
2341 8281
7971 8099
3891 6804
2105 3908
7914 845
6624 6234
7384 5408
8173 4285
4577 9957
7862 7654
6348 5141
4916 2848
8371 2279
2364 6991
5928 9638
9986 3181
3170 3128
1026 7320
5463 3423
4209 1889
5173 6930
7487 1062
7164 7660
4137 6907
1010 3025
1665 313
398 6012
4891 5456
8005 4687
6365 4758
1869 1821
9963 7396
6188 952
3907 5382
8677 2557
9497 9626
8851 7379
1588 5921
222 1297
2573 4012
6422 7964
7961 1810
1732 1612
9153 5409
1308 1841
5488 6904
5169 752
5252 3841
8602 2340
5152 6700
5653 2687
3740 9902
9338 6139
5325 8478
1371 1170
4002 8196
6257 6115
7684 7872
2995 5334
5210 3830
6764 9856
8582 4499
2547 4478
2169 4825
1166 2025
4878 5310
7792 6366
8590 2704
6265 5164
6630 2579
1500 3316
7916 6226
3672 740
1438 5940
1223 8394
5259 4365
4651 5816
9623 6766
5890 1250
2775 6897
4341 742
897 3774
5378 2612
5263 503
2268 7692
19 7397
5821 1527
1153 2800
5501 1350
6455 4581
4887 4546
9835 2773
7958 7771
8141 2319
8485 2998
4298 6743
8693 5019
9830 3824
9596 4321
9413 8844
4583 6950
5127 5776
3767 7385
8486 8707
7097 8130
6685 3444
9473 8124
8963 8747
8901 1361
8358 1082
8003 729
8051 8433
1598 5633
4550 2184
1154 394
6169 7808
5764 5670
7534 9674
8253 792
82 665
8514 8068
6117 3220
3253 1684
5578 3425
2937 2784
6709 3191
335 8386
1256 4879
9904 7643
7459 288
786 4596
8206 4238
280 9877
428 491
6612 1789
5931 5152
60 6644
5509 9255
6783 826
8203 7834
8894 5385
6240 9996
3767 3346
8272 8448
5750 7639
129 2899
1610 1752
3108 3123
3479 4998
6691 9368
1395 6292
2538 1139
2136 8470
3095 8502
599 5433
6095 6603
5175 4203
5787 3082
2486 2722
4575 4701
4492 7509
1292 6117
4121 4334
9534 2218
3082 7880
304 5161
206 2695
1669 7012
1420 7440
6895 8989
8084 7949
6969 5115
8331 1783
6773 855
4713 4639
66 405
6151 512
1578 2907
6397 9489
9361 5019
6467 2925
7419 4043
4513 1206
4915 5818
5711 3703
3676 8095
7250 3348
1747 2019
5697 3698
7070 9244
5926 5551
1943 5787
5073 8876
2354 7664
6285 7440
5162 7109
441 3231
1555 258
18 8459
6266 4767
4025 4789
2704 2949
3643 2208
519 1860
867 1769
8248 3153
6089 2338
8529 3999
7586 7193
3668 680
2975 1941
4992 3246
2605 5819
678 8633
4478 8054
4208 9938
3473 7367
9219 5022
7810 3493
8813 9452
3854 5079
2147 1731
9358 3980
2492 1
7969 639
1533 9890
5239 2047
8213 9835
1427 3090
8240 2304
5784 9415
2369 4193
658 1123
259 2501
7921 1140
91 8484
8115 1903
1084 3999
166 5037
5513 8089
2705 4010
2918 6445
559 3586
4137 6702
5518 5602
1724 2118
1179 3422
5275 6653
332 9298
7348 8465
1083 1433
9186 335
9135 2243
6828 5281
3094 8004
6155 3175
1755 9909
3402 2894
6791 6138
5381 8043
8653 7730
6535 5526
3234 2662
6628 923
7477 721
6309 1936
245 6810
2473 5074
5839 3802
1992 5895
50 6125
1568 9194
8101 1320
68 2571
4331 9792
6339 5474
3649 971
2980 6555
4817 9840
8108 6245
6469 7621
3376 7090
3692 4880
1419 7819
8227 2915
5515 9702
8260 2241
7365 3381
5813 3621
4941 4836
3579 3375
460 7795
5764 9204
8585 3666
2879 4010
8765 7412
1641 2954
4154 1187
3928 8251
860 6308
2729 5070
4155 2201
7088 2284
6562 7382
4778 8677
6631 3304
1120 3272
2846 6032
3693 6700
387 4991
7329 3605
4819 5425
9512 4916
5611 9559
6126 2614
8156 4591
304 5750
4034 4500
6683 6763
8066 2889
7292 3382
9352 5507
3820 3666
4107 8746
9619 9154
7855 6776
4853 8490
8442 2572
9179 9500
4487 3415
1766 6180
6959 4190
9271 7220
3218 7068
8202 7848
1069 9415
5249 8187
4732 602
5643 4662
1413 6988
7148 4359
2245 6941
8190 5613
6151 9811
7145 9138
9857 6517
5921 2663
374 3061
9729 6318
4256 3609
9370 3378
8495 1809
8786 752
1668 6675
7653 6782
9198 1704
4682 4473
4495 9590
9979 2871
353 5912
9032 7142
5901 9605
9018 232
7727 9556
4327 7030
9270 213
5420 3557
5381 5042
3178 4810
3390 1130
4499 9640
1909 6772
2044 8746
6105 9195
1258 7180
111 4203
1197 5520
9797 8291
9321 6944
5058 4265
3160 3556
5538 5381
7504 5323
2744 4462
1710 4290
3576 7576
501 2693
2488 3276
1742 369
2402 6570
18 1102
7537 8985
2451 8777
3286 8906
869 6788
3732 6817
4731 5786
5517 3797
8892 1383
1931 1929
5007 5043
4443 6601
5333 1219
190 9585
1798 8577
4369 7022
324 1273
8174 7959
6939 1977
2240 5822
84 9477
3172 9491
5735 694
5974 2545
127 4449
5798 6281
4494 3102
9189 8459
7662 8422
8603 8893
4188 9609
5634 5810
6091 1322
4787 645
1746 6667
8434 9582
8522 5642
5587 8144
7820 2950
9564 2804
4157 6850
2615 1039
5551 4632
8204 7625
401 8926
1113 4825
8167 4794
9830 3911
135 469
9055 7481
9522 7061
2639 3826
1589 8294
7412 5593
1587 4805
9966 3257
3020 6621
3252 7314
4535 4736
629 1511
5353 3669
27 6304
3086 2086
5317 2546
8467 5028
8169 2259
697 4208
2688 2781
8536 6218
3097 7162
133 5435
1562 6820
727 3990
4486 3570
9339 4001
588 2667
7734 5577
83 3834
907 8427
3824 1847
6580 9140
2912 444
6693 9103
6893 9540
5555 3180
5256 2807
9168 6175
5046 2907
4679 3634
574 6892
8392 4714
8264 5384
4839 5725
6574 3448
5399 16
3521 6879
9955 5318
7124 1562
2682 8554
2016 5114
853 5225
8998 8085
2159 5697
7284 4571
1828 3309
5752 6684
426 5414
9550 9143
4134 6500
1499 6547
5325 2852
3311 820
7365 1886
2696 2522
8203 7975
8627 7669
1403 6257
2813 2302
6984 3647
9919 197
6067 9497
8678 3861
8951 4012
6581 9089
321 9739
2588 7402
4333 4467
1920 9006
439 667
7801 473
6971 9778
2354 3113
438 7563
4384 9898
9153 2823
7369 3229
6565 1590
9203 2278
1686 5984
9003 4999
7352 6642
5941 2748
2412 8373
24 3199
3488 2375
1330 5584
3657 8510
8044 3923
3623 1097
6003 5966
4750 11
9723 8546
3469 3498
7660 6522
1247 6672
5614 9546
5665 9648
5586 4041
5094 5089
732 3475
1998 370
6536 357
1184 3717
1774 1679
5025 8395
7960 2768
5174 3189
8782 5249
5012 1867
8756 7138
321 4645
1823 3326
3455 9960
1815 4217
5476 4902
6137 8432
2880 4284
5476 4204
6357 4240
7862 3578
1 328
6180 5286
9527 7901
8424 1181
5337 8966
874 6727
2011 3498
5654 4865
6726 9302
9188 1576
6603 5996
7345 7231
2620 1556
3129 3284
593 7722
9693 8018
2643 1195
6131 8896
9292 6420
6860 2516
7749 795
140 7327
8899 2161
2545 5154
4623 8655
4524 741
5846 2272
4968 6072
1723 9769
7957 4698
6069 8036
2658 6943
2226 1099
9225 4481
6491 5412
5032 2337
4645 7524
6726 3270
1369 8198
345 1902
7775 2961
5206 699
9789 388
1074 5835
292 4361
9303 1412
4803 3092
635 2522
1538 8048
8387 5529
5272 3011
1891 2037
958 7617
3779 9529
2017 7140
6973 2469
2984 3403
5429 7187
4324 8701
5960 1612
7347 7571
8211 4236
6716 1314
1714 2121
1261 1147
9417 9216
8100 1575
1845 9922
8993 7556
8690 1856
1119 2500
837 1340
2578 1531
2319 3929
2942 9164
9834 1800
8409 6048
4143 5263
5158 1465
5838 9171
6111 4332
5351 1877
7497 7060
1697 9700
3091 224
349 9380
5578 7598
8756 6646
1443 5381
7490 264
4303 9592
5431 9962
4391 4179
7497 2960
5090 4556
5720 967
5799 7261
8784 6786
6040 5959
9123 8210
1766 9406
4347 3886
8066 8
6389 4077
3525 5724
2267 8527
9123 8110
4485 1056
928 9499
8437 8873
3171 7003
5839 2883
2129 4365
7729 6503
178 5716
4802 2895
8943 668
1790 5692
4123 5977
7360 5237
8960 7589
9503 5677
4249 9274
7949 7281
78 6407
6889 8081
928 8580
9094 8974
5221 5236
5607 733
5498 6738
8672 3438
4263 4512
9308 2863
1406 1516
9229 7351
3928 6393
6591 8674
9795 4463
3197 1477
2747 4230
5593 9692
6714 6694
8578 3168
238 8121
6477 907
2193 1537
2532 1782
1472 9622
5679 8367
7461 4051
1065 8092
261 936
2081 3454
7525 5493
3265 1443
9675 177
1594 526
6343 2248
3434 5198
3912 1203
8814 288
5302 266
2323 886
1417 2265
1726 383
9852 3789
3579 1019
8723 5978
8313 3685
7248 2056
3694 6282
8759 916
8730 9574
5462 8476
6705 2693
9897 3769
1304 8663
5039 3141
2602 7313
4447 3263
144 198
8063 4480
8423 4453
2157 4957
4953 7115
7409 4329
2961 21
2299 880
5549 5339
8661 6214
2354 7032
7249 6085
1077 4773
5862 8209
5134 1507
7011 4160
1340 4467
1280 1323
2733 3174
5038 8644
6229 3164
7193 8033
4405 8045
4831 3725
5699 2525
9552 664
5230 537
7520 5517
2115 5903
2732 5560
1206 5695
3518 5689
6651 2090
7545 4002
7619 5405
2458 4680
9307 3532
6258 8588
5257 7473
4714 8784
8996 6261
6420 6261
4335 1255
4955 2099
3638 1048
7162 4617
7795 6724
7873 588
7115 1846
5044 5806
4940 9647
5772 7349
9651 3016
6309 3883
9431 2844
6416 9732
9887 9643
5995 1747
5077 6254
5045 4483
8060 8490
7403 8686
4857 1052
1343 4946
6603 9336
4967 2967
2430 3626
8165 8997
9530 7308
2817 7354
9897 3822
547 7133
8728 8317
2564 7867
1952 2758
7127 6032
8652 3754
8683 820
9969 5224
4852 6752
3693 1151
7122 4626
3506 9389
3649 5719
7939 2870
3615 4846
9194 9489
400 3268
2734 7284
1930 9908
9092 4703
9877 8513
9398 5819
1490 9127
4273 2293
2424 9883
986 5165
1352 8251
25 4826
4185 3412
6064 8380
6535 9494
490 8851
8333 5571
7622 4736
9091 1334
7438 4940
1581 9349
7127 5037
5820 9406
1119 1890
4333 4574
1897 7764
9488 4573
3205 8072
6938 8837
1124 2470
4195 1885
3999 9017
3883 2651
269 2804
7555 4810
4413 6922
1741 4792
5030 911
4883 9174
4312 5201
9721 3031
8314 2729
4624 6514
7121 3960
5242 8630
9892 9321
9208 7924
6554 4895
4376 1244
2503 2566
1337 610
6167 1133
7153 432
9283 9525
8884 7610
6096 9673
5694 9820
3037 9380
7685 7123
1349 3317
4927 9352
3432 3872
8811 2111
9103 1098
964 2145
4645 9454
1574 1208
1438 9364
7342 7051
9290 9621
3 9184
3785 8886
4066 4587
5040 5061
6887 2764
1116 6518
5535 73
3257 7363
6459 7871
3822 585
3136 7940
3897 5302
5923 1740
7506 4874
7976 4978
470 3269
6677 2755
5739 8640
2588 9573
2044 8537
430 1237
6296 2692
7834 7955
9898 8773
2335 3912
5983 1347
451 947
1353 5890
3221 8871
2465 2847
8581 1228
2536 5413
7027 7100
6769 6646
7914 9621
3987 8958
4385 7472
7932 531
3364 5443
6596 4785
7264 9450
2668 1342
3473 5580
7418 1074
9746 1030
4909 1476
6175 9373
5832 2194
8099 458
7967 4550
9602 1652
4105 9555
3280 1390
729 3048
6813 2939
1881 4590
7789 6603
9838 2251
2197 4665
7020 5518
3451 4931
4258 5193
697 4654
9819 1690
9640 3514
3405 1839
887 7540
9339 2076
550 665
8934 1785
6719 1937
8692 7901
7467 773
9417 8262
299 5392
6411 5378
3207 818
8294 9558
9468 8547
5171 8325
2002 7226
5001 8709
2361 8995
3807 9514
7373 5359
1386 8412
9636 4780
5016 8636
8098 7986
6549 6361
3906 868
4524 4493
4873 670
9246 9208
3531 1930
4734 1922
2963 4437
9007 7188
2234 6806
4052 3181
2848 4555
387 8322
8403 4597
5605 6813
1844 3838
4267 4125
8221 6191
2427 7769
629 2961
2869 5812
5766 2447
4460 8093
2358 8455
6504 8099
3472 2697
1134 733
2881 4047
2497 5746
5789 3015
5854 5896
8710 5091
9114 524
5840 4469
2625 8379
8843 5496
1804 380
2285 6202
4607 3167
3534 9303
78 1920
942 5721
237 7410
960 7651
3593 6060
6994 4195
3927 979
5791 3393
4947 7661
1861 6916
8326 7001
3133 5390
4119 7129
186 5823
2212 5807
4945 453
2081 7445
4114 6021
9189 3847
4195 389
2232 2250
3377 9338
7136 9222
9228 8575
9970 7492
6249 5437
3880 2997
2332 1243
8410 686
408 2999
2495 9287
23 4071
893 1323
2032 2889
4446 5070
7465 4612
3100 8953
7330 7279
6724 9222
2430 6449
88 9114
9007 4556
6029 3484
2478 3774
5391 7105
2654 9686
619 668
289 2439
5182 5646
9610 2328
1288 7661
4929 5715
6128 5475
890 9683
4325 9243
1709 7478
8069 9541
8204 7890
284 1649
9723 7370
874 593
7658 7452
1534 3639
9341 1427
7679 4512
1659 4198
887 1782
2034 6879
6399 7309
6439 7844
3087 3549
2142 4706
9032 1849
2951 4771
4212 7321
4895 4703
5464 9157
3410 8302
6404 6456
3030 3693
1141 2924
4104 5120
2076 3010
5861 6283
747 3487
8635 7793
2386 7636
9494 5222
6414 1636
9371 9526
7608 1478
7746 5575
2272 7570
1054 8764
5009 6256
9479 7989
1568 6752
4641 5789
9989 2948
5394 4480
6364 6423
8953 7616
5643 9377
6617 8732
3948 8298
2093 5209
2576 6386
996 6176
640 5127
6649 4480
9604 4269
5058 9417
3157 7660
3001 4095
5521 7699
1209 73
9356 9715
8578 423
2409 852
1728 5035
345 495
4179 3509
5570 9492
4665 1426
7160 2248
3681 3823
693 3475
109 9536
9650 8373
9150 8896
5647 6001
7408 3028
5586 4740
3436 4002
9710 9743
144 6402
7624 9720
7901 1292
6162 3446
4739 548
6294 1467
748 2778
2044 2189
1567 7145
5466 150
6245 2984
5053 6802
4384 1094
6525 1297
8834 3678
1669 3058
5584 6220
1682 1659
3434 7506
4614 5087
5826 2722
3051 8339
8102 7086
2079 8985
3548 9796
9985 2273
5102 7049
93 1823
8350 6262
9638 8340
6193 3828
7847 654
2596 813
1845 7507
4492 2200
2648 2400
1464 3584
8513 9464
2429 4450
5224 3881
9690 1657
9070 4240
7328 9642
4844 1837
8980 5502
4297 774
6355 3274
2244 5967
8333 7338
6525 305
5330 2053
5958 9634
9668 4190
3546 1482
1821 784
2820 5421
4021 2676
8365 384
7580 8439
5015 9703
7880 1494
3468 1524
3982 1516
508 3072
3919 6052
3841 9828
4496 5077
9177 877
6525 6008
9635 5706
7639 3701
1562 9504
3504 9438
128 2012
7904 5253
2761 8591
4086 4311
6334 6447
451 7855
8024 1547
7314 3550
3753 9702
6361 9564
4863 9182
4888 5309
8342 1645
7147 6852
9000 3337
6864 9202
4547 1796
3692 4407
5745 3888
6605 8313
2603 8881
9606 4230
3517 6928
4846 8863
8053 1348
3133 7094
1071 6887
5972 9089
5740 2245
4461 6049
5303 2440
957 5976
1831 173
9501 3081
7782 1502
1842 7190
5019 5838
2772 2862
8587 5147
6344 9772
3785 1193
3839 603
2314 195
9220 3171
950 8130
3114 1287
9631 9489
3596 7384
6923 2573
9126 3770
7005 1549
2453 2182
4773 6503
8716 5399
866 695
2486 90
2764 960
8045 5038
9000 53
6856 6031
9359 8983
4439 1700
1258 2821
9433 138
1027 6104
7171 4330
4213 6902
502 3838
6319 6145
6915 9705
8207 370
7328 2386
7043 4327
2299 5518
7494 416
8485 8563
2649 7608
1553 9592
7830 4399
1489 3196
8661 5472
7248 337
5387 4731
1517 7242
2524 9551
4286 8683
3608 6154
3660 1606
9896 2822
438 7859
6079 3031
256 9668
5640 3765
8141 9808
3697 9763
4734 6070
6905 1094
5515 4222
5388 8703
4911 3103
9183 6423
3965 9801
6412 5000
3452 6278
3507 6079
6118 1644
5704 421
5354 2767
4023 2699
5559 99
1557 4936
8355 4723
7612 5601
3231 7706
2181 8926
4649 5159
6185 3271
5013 4315
4224 5439
602 7686
6606 847
1836 7222
4731 6760
1498 7845
1241 7058
104 7476
5399 6913
8116 8109
5937 9654
9744 8496
8080 8508
1761 8991
608 4079
531 6181
5360 3240
1690 342
4738 7806
8413 7390
2075 1343
3872 3837
4442 5591
5283 7226
1785 9542
5726 1836
8576 7483
4992 2130
2423 8045
5350 6360
4788 8137
2902 3477
349 4578
1017 7028
3091 8586
429 3718
1640 2644
5353 2155
8830 9479
7094 4336
9252 9340
8881 3273
5855 9228
5284 2974
5614 7775
8 8336
6006 9406
3955 3312
5168 116
6452 3660
3669 1664
9368 6458
5996 5609
2917 6078
4599 162
2111 1699
493 9798
228 888
9189 4337
3352 6407
9209 1573
3030 5465
9079 6166
6960 9317
4106 2026
5509 6601
3821 5357
4908 6362
503 4623
7195 5357
2708 5242
3149 8409
2226 2701
5605 7343
8493 9780
2370 8186
287 7105
9223 734
7884 2214
9720 1848
826 9227
8050 9445
7341 3541
7280 937
3671 1425
5581 8637
1174 7277
8586 7515
3545 1352
777 8237
7343 4978
6953 7145
2546 777
1443 1358
4711 4312
9292 8946
6260 4070
8604 7282
3475 1915
1329 6093
2636 5007
593 1715
5718 220
8955 724
4411 9499
5093 164
8036 7596
2782 4421
131 2508
131 9237
6794 4376
4751 204
4325 921
2282 7270
3495 4407
7791 3208
281 719
5696 9857
8427 8408
7248 7230
8096 9322
1952 7992
3150 9829
9073 2171
6288 5719
6431 2370
4845 5691
9470 1727
5585 2071
2044 3907
9163 3559
4594 7651
9295 6666
7515 3259
2885 5059
3209 7217
1294 4486
4496 6272
2300 4318
6184 2863
9957 7116
4483 9514
5350 3925
2022 9056
4485 135
8104 3032
4486 7918
7051 9484
1250 1934
9529 5265
570 1299
7591 4661
7073 7693
972 9423
3112 864
7259 3662
1117 7104
6074 1440
411 8385
1288 9687
1830 1561
3247 5569
5568 7394
1437 3594
9554 5837
170 1245
1607 4917
145 9472
2575 5666
9973 6351
6854 4721
7331 7948
530 6151
9207 5439
7755 8270
6182 8325
9233 5375
9954 727
2543 7385
7809 1370
871 6822
7312 1889
1491 487
9735 1937
5324 4470
7176 1953
3869 4255
2711 7050
6274 1208
6157 614
1163 5183
5378 2072
3729 4697
1768 1565
900 3089
3220 9056
7225 8620
8771 3954
6321 6178
2383 187
1360 5071
7337 7835
9937 5036
438 1281
2173 2746
9781 5264
6998 4105
4433 2617
581 346
3513 8473
9848 7769
971 9513
9722 5594
6466 3702
8958 8990
3397 8485
1588 18
4210 757
2434 9611
6187 6183
7604 8296
3910 8545
9016 5652
3941 8098
2417 4163
2604 2988
5769 6704
1599 3689
6574 7698
1711 8790
4457 2714
2532 4515
4283 3535
7003 8554
1423 5651
8519 6977
4361 5186
1051 4208
368 3208
2953 8157
4117 216
860 4376
1644 1088
9791 1098
6974 2455
5101 9167
4184 9537
7614 816
1412 8157
6068 6784
7433 5457
5053 196
7466 7547
9574 9547
8179 5540
1654 6453
233 9770
7040 2416
2625 6237
8015 2269
1059 6656
5915 1091
5899 3916
9166 1103
8505 5895
4877 6202
7859 8100
8169 9754
9250 2239
4683 3876
4429 2656
951 2225
5879 4678
6631 6660
5096 4817
1309 8253
6035 1500
5427 6533
4858 4772
8568 8316
2949 1445
9576 2932
6036 9668
4498 2171
7961 2721
5343 8535
3620 5295
9136 4115
1884 3039
5294 6769
143 7494
1899 1152
9059 6218
9546 439
5576 9802
200 8876
3064 6046
2489 3445
6212 7042
6 1987
8211 8785
8283 5532
22 351
5263 7663
6623 2678
5993 2056
5869 8832
8520 5826
580 6460
7436 1437
751 8542
4291 980
5001 949
8818 1290
2331 6661
1990 6081
1708 3881
4927 6991
4911 4077
1470 9574
4316 8254
9966 3617
1172 2312
606 941
4021 8064
4412 1705
6015 4586
3893 456
5129 9545
1768 3120
3632 2461
6088 3213
6377 1676
1357 3239
8697 934
3353 9144
2670 1555
7171 320
7560 2260
968 403
4671 8241
8513 9200
1177 3444
6903 3410
6821 5077
8206 7598
3187 955
3304 993
913 5207
4288 2265
3508 8687
9710 5222
1985 6315
2971 9397
2031 7799
4860 7710
5161 3876
1863 7957
9721 7523
6395 2939
4695 1706
3443 9407
3970 627
3849 7294
550 572
5169 1338
1272 4937
360 58
6671 2033
856 5030
6251 3342
5788 4268
6039 4219
1558 5488
2957 7430
5013 7428
9893 2618
8611 1083
4300 1860
2843 6687
3846 5698
70 3188
1475 7853
4168 343
3742 6009
9085 2121
2420 7103
2900 6981
2313 4790
9761 3
5849 2174
1145 3969
5632 282
7808 783
5645 6458
8535 8042
2107 3660
5845 8374
7304 3896
5540 8145
9205 174
6234 4753
3859 3165
4127 1890
8656 1027
6389 4489
582 6416
6939 7814
8486 8852
4023 8165
2587 7850
2143 7289
9215 9205
4492 3328
7195 3922
3911 4702
8071 5246
7181 1010
3832 324
9036 2164
8448 145
1466 715
3161 939
3001 5144
8340 3770
3869 9910
1044 5343
9538 4705
1216 416
3609 5340
4845 5556
1089 6960
2341 4652
100 6157
667 2902
8547 8997
3940 3021
3111 2328
7671 3569
8700 7162
8667 4822
3008 3732
6199 6271
1201 9652
4857 6243
6189 3299
7697 707
9282 1398
2098 5323
6994 3646
360 5539
4843 1798
8538 8056
8513 3479
1921 7488
2361 4069
243 9111
8268 3725
2352 2290
435 5885
1499 8405
2488 3899
3507 4429
6687 1409
4392 4118
597 1599
5294 1160
9916 9114
838 5583
4680 2313
928 3432
1751 7609
2938 6898
6498 7689
9677 4461
2878 5783
361 4349
1384 7794
4889 1720
3669 6670
5589 2693
3717 1300
4008 5205
7474 6719
3993 9680
6222 9770
6755 7704
5945 4054
1549 8040
2151 1247
7531 6001
7069 9100
4810 7001
4818 3777
8499 9304
2225 5075
5954 6917
4690 1494
8271 7246
1046 7346
4592 9725
6366 7689
3364 3412
6427 1601
6177 2216
2713 5196
9173 6161
9804 248
4595 9241
1500 5531
964 9789
8755 5255
8647 2880
8744 9440
17 934
9644 4359
9594 1576
5425 6854
7646 1334
5900 6925
7918 431
8695 3047
9840 677
7608 2067
6730 6315
778 7979
841 126
7992 817
5908 8502
7627 8775
5642 5278
9692 3506
7614 8108
4334 783
6451 2967
5710 5456
8951 7742
460 6582
784 279
256 8024
4683 6167
8477 8237
5154 6382
8553 9270
2961 8988
3414 918
3181 6935
3104 8778
3446 3705
7634 892
6474 4819
3718 4711
1876 6995
8173 108
8395 7216
3330 9408
2442 3378
2074 8197
4964 1389
7090 194
5506 6706
1164 218
4911 1781
9833 1928
2311 9913
9081 5576
2836 9979
8651 843
406 106
2455 615
8082 4905
9986 3809
9956 9686
7150 2612
2884 5669
5068 1356
4564 8259
9349 7057
4146 5148
8710 2014
430 2100
403 2152
9760 9246
9465 4081
7558 7838
2134 3994
3043 8362
1153 2714
9625 4774
7525 9978
6008 4162
3611 3091
3654 6026
6416 720
2021 9904
6569 4784
4803 660
5382 7805
5206 1177
2676 5705
5033 147
7041 1192
6107 9158
9972 8568
2029 5653
9884 9024
7493 4339
6363 7783
9366 4336
3843 7432
2672 5593
9356 9775
2828 7759
1929 9011
4377 8911
3566 8347
4962 5712
8572 6592
7279 1955
2208 1744
5443 6263
8581 1315
5785 3366
4679 9535
3283 7732
5422 5149
311 9491
5152 6291
5289 4892
6771 8191
9354 8696
7455 7949
8357 2936
168 7310
5548 492
5173 7905
2043 2298
3198 3777
1185 6718
3135 2659
239 471
6771 8914
7949 5063
8523 5488
3472 7061
6609 3772
1169 5446
232 4806
7943 4753
1612 7527
1670 3700
1132 8796
5823 7113
1438 6468
4851 9026
2012 1353
1689 2285
5833 2439
7227 222
211 6708
2110 2814
2370 4375
6300 9465
9660 453
1060 8132
8174 6626
1134 3753
4837 3301
2817 9497
1742 9631
8741 9132
1661 2919
3868 2325
3071 8203
316 8699
118 2271
5142 759
5286 5642
5220 8882
7415 7644
9410 4103
7709 4630
1511 9214
4735 527
127 7215
76 2574
3891 3148
6327 6304
9305 8262
3702 6342
1982 2064
9883 6795
648 9524
4946 1575
1726 3575
9711 1036
959 5868
8235 9740
5737 2629
3629 3470
6386 1737
5368 8642
9402 7352
3374 8009
5268 1993
9498 787
3284 1406
5028 4590
1215 5776
7452 9084
1094 4658
7640 3283
1930 4606
7962 8970
2964 531
4100 3018
341 6695
8199 283
7392 3853
5204 2935
4906 1490
2174 3013
8223 8670
5491 6388
6698 7208
8313 8257
6945 1603
9945 8038
1829 6326
3928 680
9224 567
1588 4279
3303 3800
1088 6370
665 4644
2874 2815
8290 3637
7970 277
264 3585
2141 5291
6322 4715
9231 9313
2536 6246
4351 9798
3212 2912
3397 4469
3515 4577
5312 1556
1803 3731
4576 6627
3101 4170
4283 2920
9204 4917
9256 2135
7923 749
5282 432
3804 9632
2286 9608
3372 9170
6458 1426
4583 5044
2209 4495
5489 3036
7638 379
8489 7757
9228 3230
2573 6035
9081 7495
1622 9342
7281 4572
7066 9132
2845 5759
905 5104
1342 2107
3425 6149
5465 4903
7418 6827
9959 1218
4575 3494
4052 6287
4167 8375
7132 9639
880 7881
3362 3710
6510 2153
9991 541
8303 9751
2366 3865
5066 8496
5423 1646
2302 6420
2845 1575
6921 9227
4833 3386
2490 8178
2318 6741
605 6813
1307 9910
6817 2137
5807 4060
372 3461
8544 6462
7040 105
7336 1099
6141 4804
9575 5214
9450 5564
8546 8738
5838 5785
2284 1306
3102 8293
264 8517
7894 7791
7841 1812
7660 27
9889 244
8711 8123
1687 5402
1034 1738
1222 5171
9665 9962
8439 7917
3217 7463
4879 7282
5968 2693
8498 4767
5196 2169
5943 839
1534 8127
5831 3718
5619 6699
8024 997
2621 4390
6147 4497
3760 4755
3957 5779
5855 1129
4445 8142
7401 7675
3805 1648
8770 9483
7469 9849
891 5482
4019 2500
1617 741
