2472
61595685
9832 5004
342 3402
764 4970
7068 646
8956 6264
3315 1492
7913 1139
8698 4178
1848 2208
9192 1673
6764 7876
6893 4308
2235 2371
4085 1763
6565 6683
8000 3802
2218 4593
3172 4085
3860 599
6123 4046
4858 4624
6075 6606
5934 8906
9251 4592
863 2247
8669 2353
5637 4483
8736 5909
813 8868
6887 7180
9036 6017
4703 2058
6334 985
6262 9006
303 4054
8965 6633
3105 5708
7546 9703
6491 2815
7306 4253
6897 9492
1646 7371
6473 1783
6522 7642
4166 940
3783 180
4880 8098
9476 3394
644 5051
5699 2307
8965 1570
5271 916
3670 9114
5666 3781
1253 6959
3930 1851
397 3335
5716 8418
2028 774
8305 9928
1838 1208
8381 9829
1656 9839
5791 6036
6454 2232
7677 9049
676 5293
5101 9553
7780 6614
8906 9440
3801 8174
997 507
7220 2137
1639 8901
6735 4116
6777 6214
9202 2339
5222 708
5341 1532
9220 9525
6660 9905
3465 3183
9989 5593
2395 4593
2655 8259
3851 2016
8090 7572
2608 4967
2860 226
736 4639
4498 7526
6253 4085
1030 2491
3302 7833
4319 7243
4688 9274
9980 1482
4974 2685
7686 7698
1464 8574
4615 9335
9920 7878
9427 1946
4902 714
6428 9547
4386 5026
8377 7286
4002 6374
3541 5214
1656 3090
8173 8959
6366 6938
3048 8839
6320 515
4895 6571
6382 942
852 1579
4608 6985
1527 7137
2178 3389
1831 1850
8758 6639
8066 6414
7645 8101
7152 9265
6320 8124
8938 4027
4186 9360
547 9975
4126 1416
3333 9834
7448 2883
3825 926
4877 5848
9179 2498
3464 9156
4934 2892
1208 8512
9018 4987
1230 8186
9154 7269
7044 1670
6370 6875
5247 5151
5206 4390
3513 9992
4771 440
2282 9936
6844 231
2883 9544
8122 9524
3121 5170
5777 1984
8872 8426
5453 6468
7777 7757
3646 6155
1233 2785
4054 2251
3897 6530
7930 4896
823 2716
4243 6562
6714 7442
3784 8098
6671 5722
9061 756
2945 2543
1305 7933
7832 7217
4442 3458
4818 1582
8392 9974
2486 1487
1822 3581
4799 585
3302 1436
3854 4024
9191 3666
1080 5470
2461 3251
6291 1702
2201 1964
3991 7371
6609 9177
1805 4371
8528 5263
9450 8218
3455 4588
7477 3887
5764 8766
5968 4532
5120 6635
1353 4178
2816 1213
7010 6673
7708 8979
3806 421
4727 2731
9487 5770
7 8247
9109 2177
2893 882
7495 4828
4887 3538
9610 8101
9947 1564
4118 9964
3926 2247
9618 2477
9293 7192
8247 3529
630 8296
7868 5666
1149 484
7314 8369
8035 9179
4121 8276
7487 1600
9395 1486
9341 686
2414 6352
7780 6255
6106 7948
9650 183
7923 1580
6138 7124
8071 7061
7269 2314
4681 7343
2764 9657
1488 9534
1602 2553
2353 3649
4902 242
4991 859
668 1407
4022 3251
7691 6661
4278 4426
3816 5436
2807 1383
8837 2778
9555 2469
4092 4068
7925 5399
8426 8199
7579 9640
3118 131
7746 1988
7709 9302
6893 8445
9908 4430
802 4858
5428 1578
1050 3966
690 8401
2421 7276
9489 4397
3252 3704
3530 7048
3483 858
9819 2942
6953 3895
5480 8898
9183 8368
5385 4623
8536 2180
6308 5778
7371 2527
1562 9268
1410 9167
5680 9972
2687 7430
746 934
3454 4086
5484 9498
4327 8211
1929 5704
6157 5037
3411 1699
4910 6776
9848 3713
261 2637
7938 7467
5044 313
4726 9322
2316 6371
2180 6084
596 3185
70 2353
4863 6113
9227 9951
6647 7569
7709 5449
1607 8601
5445 9478
9768 3408
1946 6026
7569 3508
4700 9547
8222 9580
8176 6198
274 3553
1081 633
2611 5385
4172 7500
5403 7846
1261 8276
5651 1536
8536 7818
9683 4261
3706 1772
5336 9405
2862 4469
5008 784
6348 3475
2032 8161
6829 8027
2180 3771
6165 884
6897 8276
1903 9529
4112 9589
2051 4395
7489 7945
1773 3638
109 8091
5331 485
4193 2604
1910 2426
9312 5059
8424 5931
4090 7009
4818 7360
7848 4264
7345 5203
8809 2531
6935 1197
4776 9333
3193 8019
1374 7764
6940 8265
1251 1156
8277 7673
2688 4130
9867 7981
5406 3874
598 3163
5758 7511
2253 3201
3083 5247
3990 9991
9098 9455
9614 962
947 7052
8243 1076
2734 7293
8393 172
1119 8439
7046 2851
1794 2818
7011 7572
8882 2877
9115 2552
5456 1514
3485 2704
3776 7629
7918 9318
4420 4802
4366 3899
5414 5648
7651 7162
7122 9871
5708 6145
6271 5996
800 3543
3496 7992
3121 649
330 6633
8883 84
532 8057
184 8374
280 5548
9481 9846
4464 3742
8977 9733
82 2107
1135 6094
6526 6980
4954 2618
9817 6647
385 2923
4221 7536
9162 7112
7773 2497
4167 3352
2250 2798
753 1594
2304 4282
2745 437
105 1115
5583 42
5399 5487
3165 5661
6808 6516
1520 810
2105 1411
2834 8717
4028 3815
3597 4158
8663 4051
6498 6410
8592 8951
1147 5020
2160 8330
5559 2940
9654 6373
9369 51
7282 1542
3112 7492
2945 7413
9038 3302
3954 6907
5778 3122
6087 3142
3262 775
1938 4556
1712 859
8474 2841
6470 7172
2027 7156
84 1787
48 4267
5233 326
3702 2975
6292 3265
3628 7001
3319 9536
6415 5299
7601 905
330 80
9275 126
3184 9254
2544 4654
534 45
7433 4185
9409 6074
6578 1709
5528 5760
5890 3626
7823 2554
5689 1748
9409 5002
9314 5741
2702 6206
9980 56
6296 4861
4528 9891
8008 5027
2828 505
8971 1412
8685 4399
2242 6598
2353 474
8368 7966
9080 2590
226 3140
4513 7063
3327 5940
1040 6918
1175 6088
2964 2604
4873 3915
8202 2237
3814 8251
672 7618
2636 9217
1225 2815
7189 8729
2894 867
6430 3482
5978 4807
8066 9355
9848 1122
9387 6370
4972 3385
1885 1104
8393 893
6505 9394
3354 4636
8948 3915
7091 4972
2217 135
9567 1986
3156 1905
5126 8756
8646 8370
8773 9904
3165 1021
5366 1234
7081 6480
9561 2821
269 2944
3701 9353
3674 3176
2898 5499
2408 9380
1313 1904
7298 9415
7701 9885
3479 1372
5254 7556
2781 5266
5428 7225
5249 6332
9529 6835
2930 1283
195 3132
1643 7274
4889 8166
6757 7664
4906 1144
8546 8324
3236 282
9554 3175
9396 1134
4494 8007
8998 3816
6983 7342
4515 3962
8215 8265
4235 4698
8765 8609
7746 5796
8154 5068
5675 3266
1756 8058
8220 9986
9826 9431
9497 2419
7796 5769
5686 8421
9861 9079
7728 5897
4610 6260
1486 4149
299 9753
1625 2945
8522 2737
2448 8095
5274 4449
4906 8197
2571 8224
9866 232
4403 6193
6712 8988
2332 1709
6817 7217
3787 3354
2481 253
7755 3637
7763 3522
5699 7641
1442 5786
9499 480
1874 9528
4398 6397
3029 3189
8857 9722
6553 6103
5415 8176
1882 1036
4418 8046
633 5627
555 842
438 7489
8984 2233
8918 1870
2027 8626
9375 4580
7980 4350
4303 2797
905 4113
930 8668
9054 189
8163 3148
1186 7682
726 4881
5780 9285
3064 8117
5121 5913
6369 8652
5987 9154
4482 2058
4704 9754
9389 8726
9557 665
6222 5722
110 2155
9328 5653
9763 608
9061 4897
4774 8776
4376 4799
5550 732
6530 9684
3326 2464
4807 7179
6103 4783
4345 7260
786 6776
6806 4326
2116 3472
5496 3625
5249 6864
8628 7669
8775 7585
3691 7920
6605 3734
7559 2296
7336 9458
7815 7145
5574 1638
145 127
4632 4069
8608 9739
3459 4291
4905 464
8328 9336
7326 7902
3591 3622
4567 8008
6356 8513
5777 4141
3806 2896
9687 5955
101 2693
8859 2537
9846 5271
2411 376
3034 2031
2454 243
5089 9619
6553 4004
9048 7211
8897 2655
9357 9117
2170 2797
9730 4368
8953 7092
2944 1056
9151 2983
387 5482
118 4304
9196 3388
9858 4159
8750 5410
9477 9773
3678 651
6287 5433
4055 913
7349 5781
2037 3322
6602 2730
2669 9943
2559 7102
2454 8964
9894 1706
1139 2458
1244 2391
3016 2223
3974 2198
3642 9141
3055 4231
9474 9601
5436 5772
7253 9970
5627 6296
2275 8923
7720 4478
5850 4976
3207 6452
1099 6590
4226 5702
5119 9066
8427 8302
5029 4409
228 3907
1881 3025
4177 8837
5778 1262
3161 8142
603 1411
8161 8668
5053 7363
8244 5947
8952 4156
5135 1727
6525 4853
5183 2417
6259 6545
1199 6638
2493 7166
465 1024
995 2582
8815 1890
1905 4964
1537 6704
8877 5142
4416 6862
1973 5816
2995 6924
5379 9572
3266 9541
504 8150
309 6345
9885 3989
8089 4341
2868 9221
1276 8337
9464 9882
6370 4020
776 7388
4967 9159
8643 6406
637 94
9704 3133
4144 4307
8971 2293
7434 2650
9740 1046
4789 895
1703 2121
1854 9725
2048 7057
4589 5037
8136 8073
2405 5814
9283 3587
2357 8621
1822 4124
4881 2227
7351 6273
4596 2622
1550 2561
2632 3660
1764 8040
6569 8122
3452 3564
5457 9435
4130 878
8354 3063
9195 1547
9554 7244
9397 5768
5457 8469
8108 1610
7083 2195
1928 2608
1417 1980
9563 7106
8833 8985
5567 9382
4115 2651
199 9919
9402 87
4232 7151
5466 3740
2441 306
4722 2584
8133 8683
5876 3286
8675 953
3911 5845
467 9498
1045 8660
4302 3333
5195 9864
8201 7947
1993 7608
6275 2555
1368 6241
7013 6180
7155 9198
1926 6573
5537 7340
5556 443
3012 2874
2448 9867
3852 2537
2403 3910
9818 989
4522 7117
5837 1921
7280 9706
6873 6088
8649 1234
4700 914
8475 4294
2111 1731
1686 1213
4629 3464
4980 8266
3575 3507
4792 517
4179 850
6544 3055
9945 9595
2875 6800
4433 128
1743 9162
9512 3543
2967 9763
4241 5584
8432 1168
9704 6360
9406 7883
2515 365
1747 3337
5316 2544
2401 4251
4270 3444
3596 2049
599 697
3933 7268
6328 2616
3409 7669
6886 923
7612 3345
6152 6501
7421 9091
1081 658
869 7282
5564 1653
9831 4712
5857 9569
7620 9300
9550 5493
6026 3250
3159 6883
620 4308
1437 3663
924 1524
5507 7066
3274 9427
6377 5043
2618 2484
7028 5663
1287 2637
4111 2915
1672 8261
8173 659
9937 7857
8145 4356
6075 7272
5744 2899
1363 5414
9075 67
7986 2487
4794 1186
1614 3850
5876 5912
9300 885
1273 3009
4609 7032
3479 1979
57 9180
7643 2736
5877 3473
2453 8468
163 2901
6092 8111
1429 1634
6386 2079
305 9579
2621 2453
4159 3166
9858 6701
7392 7471
8980 8964
8599 6049
8969 7605
2721 9759
8745 6515
8135 7861
9303 2396
3793 1018
5893 2557
7961 4353
6585 5375
1139 5156
6612 1964
7806 2488
6420 3216
6775 9279
8603 9436
618 4242
1700 6275
2355 6880
8919 4604
5040 9967
2844 7586
828 2950
7224 8798
4789 752
3360 7919
3013 8913
3549 5360
2841 2738
7711 7700
9515 6839
1532 5973
667 3386
1718 4505
2619 2232
5696 848
2356 6585
5996 3512
3430 1688
4626 940
2917 1334
8284 4456
1396 8741
7354 1570
6402 2450
3275 2325
7110 5968
3300 4630
4738 2355
7272 6890
1085 3786
5635 6141
4367 8057
1764 3279
8243 2978
7906 1615
6694 6187
6639 422
8829 117
6148 2913
192 5121
9489 7803
2944 5999
1255 9277
7366 2595
5552 3433
8866 7978
75 6137
621 1537
5934 1553
5601 1329
3583 4837
9034 3924
5420 5642
5002 2437
8714 2663
2287 3156
1730 9372
7781 8764
292 1660
3827 1324
2885 1491
3231 7139
4978 4568
3517 2510
2080 2713
656 907
5964 2494
3715 6278
5688 1003
9062 3299
7631 487
5315 2895
4548 8199
9925 5771
6224 8971
595 6202
5476 9748
6525 9508
3246 1960
7620 9259
1589 4246
2353 3303
42 9394
674 9914
9428 7288
4343 3830
998 4044
8701 3437
5536 9479
5029 444
1311 9264
5963 2676
544 8004
3667 5551
8348 614
7717 7103
8345 6780
7058 6383
6620 1887
6518 7449
9401 5455
5814 3858
7931 9440
7637 5532
9234 5101
8314 7041
1594 5738
1805 5297
6310 8677
8700 6411
4595 9921
9955 8835
7357 6446
4332 6032
1224 1816
4288 5641
5257 308
1630 46
5100 9711
1406 8417
1395 3829
8348 4284
7060 4205
5399 9275
3313 2404
3415 8719
7945 1603
6930 7876
8805 4285
58 4962
3971 5003
5109 211
89 3306
3930 3010
8649 8918
4966 2535
3917 2901
7364 3941
4469 8836
2036 7123
5660 1075
5298 3248
5929 9535
9598 331
9568 3955
7264 9874
3358 3357
9095 311
1431 8895
7488 1062
1910 9802
3343 334
994 7318
7891 9902
3869 4458
528 9011
1643 8223
7500 2760
6402 7153
1749 4708
1261 6415
8313 1877
2295 2653
5852 549
5119 5349
5173 2062
1841 3986
997 8059
6474 8250
6439 9436
5043 5150
6469 1818
4968 7547
5595 5457
4453 9902
9753 2694
4213 9040
5332 869
5074 1036
4739 7311
7680 7767
74 9540
6222 110
7831 2194
975 3306
8982 7163
3678 2508
456 8941
1429 7866
744 974
7893 2789
1193 8031
4002 4041
1636 7783
3245 8220
8570 541
8406 5021
336 4886
5914 7082
4505 3609
467 6203
9185 51
6795 4957
5834 2150
7549 4519
8799 3110
8383 5054
8737 2754
8167 8078
7852 1264
4758 3880
9168 2204
6689 9587
1573 4349
9902 5899
2969 3564
9997 2925
1012 5234
831 3625
4464 5721
5585 2447
7110 3007
8667 1557
8517 3511
1484 3011
1679 9355
1318 1821
2656 8551
9386 6427
7126 6718
364 8449
8932 3103
271 5092
1211 6492
612 7603
8815 9636
8429 282
190 7448
7703 7556
5782 67
7886 9526
1347 1175
9292 9297
3381 3924
1629 9751
9324 4755
3809 9048
9907 8376
7089 385
6992 854
3030 8018
1645 233
2437 7176
9369 1354
7368 8244
45 2969
7300 957
6585 8982
5043 8239
4509 174
9113 3358
3591 7079
982 7834
2396 9052
1336 6765
7750 1403
4127 6223
518 8184
351 3424
7859 8753
2581 2488
2157 4364
4430 500
8762 7303
2758 8128
9622 8806
1795 3578
1114 5757
4685 2029
8058 1275
8214 7032
9817 5106
530 3502
8607 2225
2554 3574
8647 8651
5282 1037
7215 9739
452 459
743 7647
8246 6337
8478 5590
8092 8494
767 9007
1262 1082
3187 2396
4918 1398
198 2598
1342 3866
8287 6726
5510 673
1146 4179
5597 6343
7097 9225
6612 6946
885 645
8461 3355
4530 2582
6608 4126
3592 5273
6932 633
5605 7881
1903 1487
24 8085
2533 1307
8566 2575
9417 8631
8005 3482
8800 3476
7379 3621
9857 5546
879 9242
6043 6370
530 9888
3152 5285
5664 5306
2359 845
6122 5277
9737 794
3173 2330
3845 4557
8548 2280
4143 712
7230 9931
93 9831
4070 329
1225 3992
3421 2843
5293 7238
2881 4939
4328 1982
596 8907
7407 5486
6693 2375
9285 7122
7702 150
2046 4763
8591 3024
8589 5651
6521 979
9739 8493
2725 754
3614 8005
8513 8594
3702 2067
5551 3730
7951 2307
9873 8703
6665 5766
6646 7271
6526 3649
5399 7996
2987 8870
7705 9236
819 1440
2906 8135
9294 3556
6439 4288
5936 4608
7752 864
8117 1147
2140 4644
622 108
5324 4518
1855 9632
577 4802
3673 3963
2629 9856
2706 2685
4548 7134
4937 8431
2846 7220
6544 5603
2600 2517
2002 1174
4534 2710
5703 7656
4960 4241
9518 6149
2053 6080
1106 9183
5422 9076
9571 2866
8483 4143
2247 4354
1193 7467
403 6747
1359 3550
5300 6228
6710 9865
2428 3291
8727 7167
7447 496
34 5416
9682 2592
8466 3613
5769 3714
6608 7980
5803 240
5397 4378
8370 8730
9167 7502
945 3737
2003 6154
5444 5449
7595 7855
2151 9876
4288 1495
7651 7586
3140 3848
4591 260
8392 9731
6135 1973
2595 7518
8688 3478
6221 5294
419 7042
5083 5414
9956 4735
4587 3471
3264 657
8177 642
3453 376
8459 9382
6602 8368
1715 9281
8196 2373
696 6080
7123 8057
5716 5777
8841 170
3556 6770
2197 3055
644 1295
1540 7723
7401 1390
7495 8823
1948 6107
3838 4779
631 4710
9489 4975
7936 794
9536 5101
8677 367
673 4364
2699 6302
886 2764
4537 9302
8011 6058
6819 3257
1133 3758
6044 626
4160 2061
2069 2705
738 2024
2208 3
7583 7139
5405 9440
391 2999
1771 6409
5463 3338
2980 3894
1174 7357
3925 8568
833 8414
7300 3841
7539 1161
8743 1846
3605 8470
7464 1017
958 3757
3564 5702
3586 7939
3904 9456
6287 1728
6759 1331
1466 6582
5854 6419
184 6880
9216 3592
8565 2233
616 3288
7242 2749
458 7750
6091 5202
7577 2541
5224 8666
8965 1404
1444 8020
4231 8215
4071 4603
855 6649
2941 9970
214 2121
29 9623
5045 5323
6935 620
6080 7489
1931 9139
747 4667
3989 1145
3443 4152
8460 9957
1221 5823
424 8164
3057 8783
4746 2884
8221 9367
9304 5652
2134 1411
1305 7222
9072 438
1298 4916
5081 3432
288 3631
7425 2509
122 6564
6668 9781
4979 2821
896 10
957 2624
6875 1754
5513 6681
8004 910
9100 6197
9280 8248
2463 3010
7463 863
7632 6790
7801 3368
4781 3003
1896 2418
6564 8685
4199 3077
9768 4502
4988 3851
3612 5077
6721 8657
3165 5420
7826 5153
7350 6049
7926 5212
4327 3708
2456 7435
3905 4619
7550 8231
2991 2141
5236 2387
2489 239
3222 8219
6965 2453
5822 6557
5458 6874
7304 7270
9206 7441
1735 7862
2466 9455
5887 973
6445 220
6422 1229
9503 4499
3481 3780
372 3797
754 6450
8297 2853
9673 4703
4793 8400
8250 5300
3035 3133
3291 5593
2622 6935
4882 1138
13 4732
6764 4532
3042 9950
5044 1115
1438 8833
736 185
4446 758
6929 2535
6232 2894
7835 8199
6474 5710
8654 5041
5794 5389
9940 3639
1342 104
7419 3391
2733 5886
3649 4033
9890 4684
5917 1239
8229 6814
565 5369
7133 4624
2473 6659
8928 1317
2441 3241
2220 1205
7087 5956
7579 6117
4708 6063
6870 6124
7530 4615
1449 9859
9339 9067
5700 1790
825 5696
2985 7281
5686 5624
2700 3155
4083 7850
3203 2047
2259 5508
2362 3453
9113 3033
7583 6852
7811 2170
2787 3066
2254 287
1393 7355
6742 3861
1473 9288
258 5204
774 7825
5036 5956
2048 8443
2240 3816
3684 2720
7146 1243
7529 2973
6205 3207
1227 2516
3863 8307
3488 8052
3275 9763
5090 5863
4606 9167
3584 7424
6639 8728
7441 7977
2498 6401
2954 4463
8505 8375
8088 747
8953 9562
7417 740
7048 3296
3299 9457
3376 9817
7002 6666
1303 752
5947 2264
5311 2264
4251 6169
2525 6403
3606 6254
8370 7874
9839 419
4346 7527
1439 1060
2969 8059
645 1292
7007 4814
6210 162
2196 842
9782 4046
3318 7851
394 8718
4621 6875
9213 4979
1311 8536
5103 5473
5536 4949
9399 8730
181 9214
9088 3943
5856 1569
2768 8706
8931 203
484 4475
1639 7720
9195 3068
9335 3717
4341 1812
6994 562
6417 570
6926 5244
659 6491
3143 6109
2830 9967
2140 1561
9301 5211
4487 2185
3031 2887
7321 8767
811 312
9389 1236
3379 1722
8195 9356
9477 8010
640 4515
9830 7428
3649 8046
6229 9530
7307 9957
3291 2603
4564 4353
8391 354
75 6181
6324 5459
3884 9125
442 5016
5005 4063
6031 7011
1566 5584
3750 1958
8270 8481
5484 9605
1328 1170
4788 6003
8982 2124
7628 4553
7619 3898
4139 7448
3754 3979
5710 7650
4319 6801
9060 7506
3055 9104
2925 2323
6580 2296
7495 7910
1103 9884
3722 2976
6091 590
7676 9803
7105 223
8546 4544
6569 1717
5222 3898
323 4184
641 9696
4769 1405
9106 6027
76 4932
9550 6719
8278 3983
7161 5829
9971 8498
1683 2528
8021 4920
1805 203
4617 8570
5712 2475
6563 3392
952 9122
8216 6592
4966 8978
297 5506
6752 6793
4232 7567
2416 7073
3209 4072
3245 6987
1418 6725
9857 6537
3526 4454
5185 4843
769 7250
7823 1829
8870 107
7045 8558
1348 1183
2147 2944
2035 2799
6157 8822
9165 3643
4580 4258
8411 2897
3992 8054
5072 5274
325 3055
1339 4273
2845 9036
9909 4502
7585 986
5647 364
1672 2224
9301 4033
1614 9849
248 3829
6539 5956
7178 3991
6222 6648
7865 9420
7335 6315
3344 8468
2217 6460
3947 2901
1597 6939
7886 5577
8084 3891
6486 6534
3324 5527
8657 8739
6458 2393
9775 8626
1065 1586
5205 1689
4734 2194
3572 6105
1539 2110
4466 1268
578 1466
4317 7980
5334 1257
6072 7459
776 3614
1614 8528
3271 4317
2047 3945
2858 6064
2641 9054
6661 9670
2009 4850
8705 2355
7514 3474
3853 819
2276 9511
7113 1171
5223 9366
8521 1328
8275 1824
1958 6840
1518 1406
5652 831
1996 2012
5247 4623
1618 8141
1692 1608
4730 5895
7422 6823
4945 2378
3326 2059
8106 7885
2429 999
5269 357
3225 3136
30 59
8630 585
123 4436
1761 3217
6140 4426
2374 3119
140 8852
3282 6762
2173 9195
2662 2044
5363 2636
8022 8865
6514 6727
6920 5649
5180 2518
5507 1608
2522 7918
5580 3260
304 1898
2224 4360
750 7153
6854 7756
1268 9345
2111 636
6157 288
836 4239
2929 3922
4390 4858
3075 235
1028 390
4635 6137
7095 8167
4382 4275
4003 6529
762 6249
2794 3340
5073 617
1089 8153
2242 7675
7101 2274
1087 5769
8087 696
5542 6379
5590 7516
3259 1596
2913 6869
5408 5033
2659 4674
2008 1620
8498 2041
7101 5800
8895 2519
1588 9034
7218 1000
8865 7192
5930 9276
4242 2848
433 1656
7079 2071
5102 5513
704 1288
593 5613
735 2502
900 8587
9242 2711
5131 2041
784 9334
7560 2509
9562 4362
3925 3006
3127 8635
4758 238
481 4333
9800 7002
4754 7474
9722 2968
6937 9528
6684 7926
2487 5551
8610 6917
9230 6278
1217 6507
9195 8113
5545 2413
7624 3226
6917 5573
7812 573
711 4388
7095 2553
9006 7008
7537 276
9470 9680
6425 5393
6949 5949
7008 6942
9472 1059
1495 832
6610 2665
4964 5688
8305 9675
3834 3898
6500 8102
3126 4798
5934 4623
171 6086
8015 1371
8786 9865
3320 7295
5294 8514
4473 2104
8676 6030
534 8234
2751 2454
4511 5662
3811 9301
5233 2199
1007 744
4088 9732
2967 4835
870 2901
563 2735
4655 6629
69 8430
5161 3626
3177 8447
8835 3789
6618 805
844 4881
7055 1821
3001 1166
5941 5241
5501 6575
5997 2307
7592 7153
1385 9177
9792 3848
9507 7113
8031 2349
3324 7131
4740 8568
7837 7041
2796 6401
1540 5753
7602 9957
1584 7474
479 8133
9306 5083
2869 4426
1268 5966
1653 4636
9985 9723
4254 6630
1195 5574
8284 4257
8010 3445
7026 8103
8950 8945
6541 7543
5478 8254
5626 1112
2532 1492
2362 2305
4815 2249
3872 5341
4848 950
4435 1486
7961 1359
9026 119
8056 9211
1619 9062
9831 2758
2861 9452
6962 864
7470 3552
3562 3394
9794 3441
428 196
2322 5182
6722 1119
19 728
8116 6264
5451 8022
6667 6372
9173 8772
8957 1659
9130 7468
5619 9701
2347 6579
2534 282
1035 5385
4255 2410
583 8858
4144 3909
667 346
5109 9997
6596 4972
1575 6066
1994 2265
1249 8007
3717 5808
1013 3881
3268 3904
6698 5474
4749 7677
8515 5212
2055 9848
2402 1084
9019 8144
2218 5982
4460 4527
6111 4066
8328 2573
4715 6219
6922 8609
8186 3330
534 1734
4206 1467
7231 4630
1626 7417
1567 674
3995 8833
8840 7903
6747 1932
2148 1301
4753 4046
8892 3496
9840 5997
2757 6587
3607 670
9888 9255
920 100
778 7614
1881 3117
3609 8156
8374 7128
8356 3222
5516 2637
8031 6067
6025 3099
3065 3023
1130 4851
8599 1592
7312 1961
8811 2199
7371 3799
2276 3416
6610 9968
1602 1838
762 8275
4416 729
7406 4239
2176 7655
1382 3409
9607 6263
3015 6132
5471 6716
5899 8722
1867 7159
7945 5440
7189 2033
3806 8652
3551 1736
9345 1233
9823 5712
8551 5294
5791 1414
9540 5941
7512 7061
1833 3547
5672 7551
4874 6170
4615 7801
9298 2208
2495 8477
1852 5069
813 5825
4421 3912
8738 7314
3846 4581
8300 8841
1817 3252
7903 5281
2101 7252
9210 9396
4464 4342
3784 4919
961 7677
8778 8900
2809 9526
1049 7442
4216 952
8332 4413
2987 5893
6690 9231
5920 8744
9589 9668
5574 182
8678 4098
6556 7165
5771 8481
9318 402
7080 4916
8482 5799
5789 403
1067 8641
2224 7610
466 6683
7222 7762
4910 9629
2233 6717
277 6940
1360 940
695 5579
9595 9581
1054 263
268 7146
6160 1861
9750 7543
9647 9333
3049 3890
9989 8983
5220 7383
381 6468
1412 2802
2015 6257
300 5139
6587 8357
7718 8799
2566 9238
7390 4154
1053 8524
4019 9444
4036 3844
6887 7004
1866 6563
8038 4272
8888 1846
1683 974
9891 2323
1113 1322
1132 1830
3355 2854
5024 7945
7633 1602
3427 683
2952 4500
7099 3274
6604 8711
9076 339
966 5885
7428 1862
2299 6570
691 6653
2476 1282
1876 3088
6027 9806
5049 4674
8016 6644
7449 2394
3698 9190
1211 4615
8235 8107
6173 8926
2053 6895
9323 1921
3571 742
6395 8994
1113 205
7228 2839
1186 3426
7983 6258
9317 6254
6097 270
9130 1919
9541 987
4162 1
644 9672
6314 6589
1792 3177
1009 2056
4153 8235
5780 9683
7792 8651
3245 6199
833 7016
5149 9413
7064 3042
4761 3341
8737 1985
6999 3745
4555 3218
8448 6598
2479 4850
9906 6132
9123 9264
4593 134
3413 9811
3085 6732
3814 2621
6472 9923
6496 9469
126 1521
2065 1100
4622 9681
494 4951
9497 9153
2596 4481
5212 7639
9799 443
9692 5909
2314 2160
5542 3748
2784 6192
6813 5436
29 7708
4288 9615
7269 2856
6922 7883
4073 8108
8922 8305
5279 3055
9263 4548
2355 4782
1018 9144
3605 574
8319 5311
3257 7057
4445 4739
9325 7427
6263 7955
2057 8925
7954 8662
6808 7009
7352 7618
9067 2992
4791 2726
922 2594
577 2171
5437 1802
6565 5081
6994 7430
2056 3352
8115 1438
7091 8231
8607 5847
1708 2827
3596 2190
6560 4497
7519 5399
3765 2313
7646 6363
2663 7684
5733 3541
140 4601
3707 6784
1133 2373
1787 8514
3033 2579
4670 5863
1497 2839
2046 8263
2881 3260
8799 4026
3824 4787
8578 1996
7787 4434
6238 3504
7520 3577
8309 58
6940 5489
9786 1472
5398 3671
7468 5959
7124 9687
2354 2374
677 9766
5850 637
4243 7887
507 8192
4125 62
4432 435
963 2797
3304 5383
1300 4694
1609 9084
194 904
736 9297
2062 740
9567 1718
9322 1664
4960 5088
920 7781
8523 6470
8183 8478
7542 9474
4707 9962
4100 2365
8477 6277
5818 2535
4854 871
1854 9806
6878 4073
351 9235
9701 2092
9523 313
4642 3880
2674 1529
3016 7640
653 2316
4187 9695
6201 5404
8473 3949
6777 2717
8257 214
7621 1280
178 7997
9339 6648
8267 8040
853 8502
531 4086
3833 2682
6772 1419
5142 7492
743 3964
7487 1996
4452 2747
9051 5837
8443 7852
6211 2928
1520 1766
5106 4471
1795 3783
5020 3100
8080 5392
6521 8327
7950 5250
164 4199
5443 532
9762 5465
7094 1177
8471 7139
9261 7299
7645 115
1068 8600
9537 7097
4711 5741
974 6174
6060 5358
9545 6320
1234 4626
8026 6958
4416 5540
7904 648
3030 6246
6671 3492
4213 6224
4001 1159
1677 7801
9144 4982
9500 2793
307 9012
6215 5005
7945 5386
3719 7793
3222 9478
2670 8001
3140 2027
7865 9574
2166 5972
1391 4450
7426 9045
837 1623
486 2272
5077 1971
7129 6323
738 8148
2295 360
12 3786
2687 4552
4020 6924
9277 2577
2284 2748
1682 1687
3154 9042
6600 2550
2243 4524
4177 1384
5539 8447
8379 1527
9407 1597
4580 6943
2394 6118
4527 2194
2740 8857
4713 2041
7431 2744
7081 7769
7935 2055
5919 4936
9848 4628
8727 7398
8893 953
4761 1299
7121 6518
3036 7848
4708 1755
3430 1089
3265 1715
4824 4411
6830 9778
565 6850
1224 857
878 8064
5494 451
2846 2166
9495 588
4598 1690
5862 5192
2019 7947
5011 791
8310 3547
6903 4923
1502 4869
5698 5398
7163 2458
7083 496
7781 6775
9601 8491
1059 2795
7310 8724
6174 582
4778 8254
3409 1446
9835 6752
1203 1565
2897 4825
4437 8988
3864 9811
1446 3179
6666 4552
3445 7290
5650 6410
3792 6500
9738 7098
6066 1946
155 9793
8005 3655
9896 7554
2540 5153
2395 8078
6776 459
9997 4471
7073 8712
8692 7136
723 4455
6871 8435
3173 7146
5844 5722
866 6693
3903 4660
4744 7971
8372 6580
200 8041
173 8101
7143 8862
4667 7529
4462 568
9699 5864
9112 154
2013 2588
4549 7346
4186 6113
5647 1655
7541 8133
1707 6295
7494 1872
2732 5886
8870 4569
6779 6543
1900 4974
5302 93
4339 9353
5179 2339
9175 2157
3293 9852
6320 3708
9581 9544
1919 3839
8702 5018
7732 3313
5933 9968
5070 2918
4230 4233
9087 1908
5860 7266
859 7792
284 9228
7096 5104
9022 1120
5209 9609
3508 5731
9133 6225
9554 1307
9976 9440
3164 1140
7297 7305
5393 3666
6225 1794
3222 4426
4450 9023
4964 3776
2000 1645
