2038
65191375
9337 9124
8090 931
7842 5291
1836 5454
516 5663
2946 2037
7085 816
3762 6871
3111 9067
5084 1376
2249 9640
4996 7922
7335 4048
5909 8136
1204 7726
7193 6824
7562 8102
5049 9108
45 6521
2221 2663
2882 5932
5922 4180
5908 3173
8113 9733
181 7562
9671 7646
7039 7730
7933 9269
3522 358
6466 7163
2782 4534
9550 9766
6652 1516
4641 526
5229 5573
7466 6721
1235 7560
6297 7455
298 6286
6011 9252
1919 5041
6508 7751
8979 8570
6293 1748
6147 6889
4989 6649
6221 5113
2651 6157
9147 865
9539 7089
1444 3108
6207 3844
400 9819
8351 6409
1655 3203
9102 5186
4147 9483
9503 2222
7567 6073
161 168
2459 5593
3380 8339
5617 7525
759 8617
2575 1022
4455 7815
5699 3953
8535 7315
7601 4711
6872 9058
9901 2073
1041 6606
8673 1905
7238 6705
9925 593
2699 222
5756 2485
6977 9987
6930 2324
9017 320
6573 1410
1278 5150
4343 713
4560 1022
9050 4406
6381 7750
7889 285
8715 1503
3907 9912
1756 9998
5989 9942
9305 8705
205 6766
5786 8366
2423 7388
1171 4187
9535 5686
2189 5513
9240 318
6234 6033
7446 8784
6267 5484
2438 7078
638 3914
5327 8495
1190 249
6634 9541
9572 3815
8360 82
9597 1114
1298 491
6360 8903
502 5302
7396 3076
2711 1191
1934 3466
8530 1088
7308 4345
8342 9784
4254 1324
7580 6144
592 5721
9210 3928
3208 8526
5409 9825
8065 9232
8420 2340
3431 6070
2330 6284
1350 7215
4404 209
5862 8931
8005 2582
1695 2509
1830 4102
7408 9811
564 8934
7716 9111
8780 793
9243 2623
4552 2776
5596 6951
30 9751
5377 7226
2911 4160
3309 4122
5974 5339
5869 1882
2057 9766
7937 2528
9066 2681
3081 3623
3669 1756
519 1120
3854 6127
7346 2618
7128 5331
7695 7976
9694 2195
2220 4397
9939 2723
5142 3114
1107 454
417 3694
2537 6942
1148 7016
9739 8432
6919 4060
8897 7887
5755 5
6379 263
9993 242
9445 4593
4097 4225
2560 8968
6924 7666
7295 7269
9849 4779
9575 9134
2016 5533
1473 3123
8480 1347
5861 2006
4657 4423
1192 2407
7919 1486
9918 3472
1578 2714
3090 1127
2084 5039
6789 5314
8083 6958
5136 2680
5933 7938
6542 2868
9065 5315
2465 1126
8286 4876
2926 4535
9455 3576
2732 5781
9529 8975
437 5885
1979 9098
921 1010
9495 178
5250 8737
605 6848
1890 6604
2284 3405
2879 8570
5035 504
9985 4548
5166 7601
6119 417
5826 8266
5132 2634
8723 8325
6510 5519
8943 1953
2772 5217
8079 1340
2783 8779
8165 6422
4083 2551
2410 3845
8163 2675
6912 1878
85 9898
3558 4166
240 567
182 6837
5340 2538
5400 7810
5897 8750
8786 2678
4339 4124
569 9215
900 6877
672 4135
562 5480
4377 2961
664 1135
7927 3742
5303 5355
210 4127
9996 8489
2379 8227
3665 1138
3537 4192
9009 9029
5453 4842
7822 767
7277 1297
1396 2181
984 8771
2624 1997
1447 7709
8905 3466
2443 2406
9873 9151
9083 5511
4779 7087
1709 3605
1556 3085
7795 4471
2045 5142
6764 5603
9147 2856
9078 3650
6921 1335
4678 6912
8064 1943
9149 2356
7783 435
8258 6508
3558 2654
1489 600
3874 9418
8661 417
7190 9309
6426 6091
9431 4240
2357 2601
9160 9946
700 4855
9334 4428
455 1523
683 4530
8766 2175
5899 5900
8925 5809
6348 734
4404 6161
3437 8725
8150 6970
5444 8388
3227 2752
4369 5912
1077 6197
5960 3695
6517 2816
4543 4293
9638 6664
2115 5191
1772 7509
2850 1844
1609 710
6259 13
6594 1934
9656 9568
2400 5962
5901 7830
2546 3938
5992 3148
3027 9189
2737 5297
1989 7481
5902 7987
3114 2485
6394 7209
2441 8235
9491 5135
2096 3355
3411 6925
2891 2450
572 5972
8659 2263
7443 9511
3611 4466
7842 5137
2649 465
8103 9708
3038 9527
255 7864
8422 1514
120 6752
6664 1774
4525 9899
3277 8902
3710 5223
1745 8110
9130 5111
2912 8156
5010 3340
7992 8290
5010 6771
8857 5365
772 8279
5132 5885
9782 6723
3897 8649
8566 1803
7508 7748
4196 5303
4126 6454
4293 1396
3221 3899
8259 3561
3951 1674
6656 9236
661 4715
3112 2640
7997 3119
6381 1416
5401 8697
2248 6784
680 1687
6688 2141
7268 7539
124 2798
4057 7728
1073 1222
6088 3471
7730 4200
5212 507
1710 8750
1741 7314
7241 9622
1485 1632
4195 2920
68 1349
2177 5632
1076 7927
5729 2969
6118 8848
3682 3927
6027 7490
5087 7182
9534 8
5226 2820
3326 3616
6239 6197
7736 5841
7476 9093
5026 6819
4715 652
3941 5021
1084 1283
4638 1005
1885 2416
4885 8281
2000 1044
3896 8746
9064 1955
8169 8600
2192 7019
7355 6418
5169 5601
5366 1250
2435 4327
408 4956
9332 1089
351 1869
6934 7507
4983 2234
8597 3525
4396 2131
7735 4126
9222 2223
1588 5981
5752 4885
1780 5937
6737 9679
6647 6849
3322 349
4554 2340
7984 9358
2433 5724
5911 7654
2118 8070
7369 2941
5232 6058
8241 3391
6631 8919
9179 4716
729 5383
1493 4754
91 3551
4372 2117
4485 4666
6548 7875
5030 6097
3011 4781
9275 6898
6273 9304
3669 2313
5453 4904
8551 3369
2562 5461
6541 5104
480 5700
6455 8765
6384 3675
1486 83
6499 4219
7339 4981
1260 6385
3944 449
3426 315
6248 4771
9066 8836
8707 3644
7160 4816
1593 5291
2688 2128
6508 4411
6464 3505
7815 5264
8477 6530
4563 1477
1585 1626
8137 5815
7480 1700
94 9027
6710 7771
7713 7535
7780 865
7922 7664
3790 4894
3508 7573
1267 7489
5644 5826
9125 3917
1545 7528
839 8936
5660 8772
1281 3464
6650 7035
6466 3244
7225 6466
3934 787
7269 2281
7496 9591
1865 2351
6661 358
8243 668
5693 9911
8903 4616
6649 1523
8283 8129
6324 3567
8249 5156
2921 2516
91 9529
3074 9048
4786 2841
2387 2369
4935 5284
3564 734
1456 1093
7232 5153
1084 4477
3672 139
7017 6667
664 8559
4909 5838
8492 720
377 2054
8879 965
6016 3307
940 2596
6624 9784
3389 4292
8664 1728
4731 3149
8393 6096
8706 2583
4795 1978
9512 7050
2342 7832
2640 8618
487 4087
5331 8695
2282 4770
5311 5466
9898 4629
438 948
8581 3821
2551 567
715 172
5604 7703
7345 7163
938 7181
9981 6899
5365 6793
9734 9422
4794 2260
7353 5278
5930 9846
7974 2890
8202 6895
6274 459
1006 3195
6434 211
8280 9930
3228 7197
8870 1041
5115 1807
9913 1266
5170 6495
5995 5596
108 7070
3356 3322
8415 1348
5743 4336
772 4082
7642 300
2263 456
5689 4155
1006 3129
9033 4505
1538 2616
469 6286
4556 288
7771 4622
4160 4257
8609 9103
9851 926
1478 6672
1161 9272
1256 510
8353 5355
5385 8666
2823 5793
458 1244
9556 7550
7025 1257
5175 8301
7537 1152
4004 5035
8284 3279
9193 1137
6577 8008
7371 4540
4526 8435
9396 5868
4995 853
1905 1907
6819 3409
3037 8639
7664 8543
6693 8801
1116 3729
6502 7786
3216 7780
3690 3843
5260 6758
9591 3319
4677 2747
8516 7918
6305 3127
8395 8310
2429 7886
1773 1233
1557 3129
574 7969
271 3828
3129 6801
9491 1950
9654 8832
6255 3201
6232 880
4810 7550
1509 1113
4468 6345
9762 5368
5180 7854
516 7393
4708 4641
6727 4669
4832 2081
1096 2348
9645 4586
9438 6681
5379 9290
822 4708
4076 6499
8774 1468
8215 5853
5125 872
2914 6473
5881 8874
1956 1130
3378 9210
5302 9258
7862 446
1686 3571
9423 4182
8384 6819
50 3063
5409 6779
2520 9751
1552 1868
6120 2869
2232 9946
4938 7593
2993 5371
8560 7265
9688 6522
6087 4689
7943 4157
7072 116
5757 4441
764 2842
8697 9756
1038 7002
67 2640
6386 8066
4848 8970
848 5338
5309 3802
2539 7622
2809 8712
260 578
8110 2610
5150 6990
1715 6371
2314 8511
5028 6999
3640 3856
5589 4496
9106 5612
3248 3819
5311 1172
3124 1676
7912 8844
7208 2244
1066 3294
6744 6799
9973 7470
2375 1202
2445 3536
9926 9677
2363 597
5769 4379
9772 3564
9242 4637
4695 2360
5410 1864
1065 1965
3230 8384
6989 6115
5246 8210
6984 1316
6221 7839
9427 5090
7037 4963
925 2618
570 6346
9693 8851
2646 6190
8293 4260
2091 720
1174 8444
578 2446
4662 7896
3076 2378
5413 8591
9903 5731
6309 5521
1667 9349
1579 4561
6374 3064
9410 277
1811 9723
4255 6222
7003 7499
1654 9711
5360 9188
2632 6937
2573 8980
9656 8915
4290 2337
6710 9201
7524 5823
7698 1091
600 8885
1714 373
7912 9314
4468 8686
5592 6777
9758 4610
8137 5775
3454 5153
7465 9423
4142 936
1188 5513
2917 1162
6664 4798
480 2694
8955 75
2773 4704
2984 2139
4002 4980
1335 3675
3196 2114
270 1208
8412 2007
6504 4121
5548 765
4014 2442
3390 8769
5059 3209
9527 4870
2189 5679
7740 8650
1183 8020
743 2712
106 8889
9131 2482
7637 7939
2665 4891
3294 5041
1481 6643
7726 8033
5447 8654
3 4870
2406 7502
5703 3879
68 1216
7283 8631
6564 5573
2317 3192
9115 4158
9361 3454
6266 6422
9951 7971
7456 9128
7905 452
9623 9502
2604 6074
2660 7491
7343 4763
2800 4752
9375 7994
4772 1074
1250 7635
6702 1082
8856 1753
8120 1527
6751 4539
9495 877
3921 4461
6782 7566
4678 1783
1180 2125
2232 2083
4687 5269
4413 9176
6779 9123
1011 1867
1390 8599
9104 2638
5616 5485
1368 2818
1813 8660
4265 1254
134 9830
1134 5398
9005 7888
8766 6678
3317 5716
8486 8560
994 2138
6177 3092
62 5668
7568 3524
1815 4419
5750 9487
6155 757
3350 484
1993 28
8334 9538
1973 6888
6721 6198
4281 4614
8956 1069
8188 2134
4403 2708
5593 7384
9240 13
7976 9950
6751 3814
2670 2928
5399 6788
2393 345
2297 3036
5046 6550
2921 9151
2946 4015
3894 4177
4591 59
88 4604
4529 9815
1435 236
8770 5999
8229 8269
7471 8961
2500 2956
5155 6242
4158 2378
2616 4716
1251 1142
1902 9048
5720 2702
1622 3957
7569 7559
2612 5604
3735 1010
5672 9264
6091 5526
9291 3547
5508 3665
3827 9656
1059 2101
6453 1175
7202 355
7314 2760
5383 7925
3282 3686
620 2210
8085 5072
1375 9931
7716 1314
3264 5219
5591 1222
1827 3925
2711 7334
3868 3639
9430 2429
3309 9025
9796 3715
5308 5026
7569 6996
3551 1531
4542 7614
7282 600
5153 5862
7529 5003
939 7688
5827 3233
8944 3876
6334 511
3396 9372
6846 665
9557 2980
8742 4253
3208 5428
7146 6601
7715 6069
3500 5422
1219 2818
322 5841
6826 3767
5684 1255
7061 8336
2808 1520
4447 9332
7391 4966
5652 6408
6609 9708
4619 714
6656 886
8945 2502
1075 2826
361 7409
3253 7730
3766 5522
3206 6632
8196 2514
5471 3523
7755 1660
7601 3010
9746 7512
3683 4001
9823 9043
4122 9096
1743 1239
7279 3341
4624 1088
8230 487
7632 8086
2429 4653
1837 233
1312 4605
2300 8720
9030 8399
878 7882
1318 6991
3389 4600
3183 7590
5870 48
1981 4401
3433 1201
4918 9586
5770 9862
3433 7039
373 1194
2643 2479
6433 6536
4227 1540
892 9210
3173 5935
171 8341
3108 8439
3271 8087
84 6517
5787 7533
2975 902
7317 8974
8631 9154
104 8853
5610 1344
8 9003
6827 4426
3587 6790
1257 6872
1097 7006
5 9726
1316 5734
5257 5335
8790 2408
7974 8685
7645 9958
9300 7661
629 5129
3157 1712
9149 3810
4029 6237
6542 2220
4729 705
1747 5976
4565 9632
2998 613
4979 3188
2663 9946
2174 5443
750 2657
3178 6276
3537 6597
3025 6714
5344 2646
8526 8089
7178 226
3429 3230
2012 9642
2336 6586
7661 3749
104 6920
1079 4301
4688 6334
7989 9614
402 4319
6082 4344
1090 108
1251 5968
3639 1951
1335 5865
7624 5491
6744 9376
1189 4036
8470 1883
5502 1952
7885 9446
2778 3532
7970 2001
5110 9864
7326 4037
7583 5175
2771 1715
418 257
8466 2014
3055 8327
8960 3367
7938 2449
907 7840
5743 607
2626 1078
108 3884
8958 5700
4310 6433
1446 5958
227 1683
5899 6800
5820 6799
1519 7553
1528 554
1628 4188
7181 2134
3419 8372
9864 6339
3166 7985
1470 7761
1327 5505
4793 2423
8223 2023
2453 4404
5893 7896
1748 6196
5068 2587
2987 666
7607 3381
6163 507
4785 8521
1279 2284
6498 1712
8465 4675
4196 18
5451 7926
5980 9725
3122 3919
7129 7100
2528 5124
4672 605
7634 5306
152 1872
5873 4377
4335 4119
2925 6123
9655 2201
1244 1952
1955 7120
773 9637
7312 9625
2940 9800
2594 6257
3661 9419
1246 922
8010 2079
4263 3672
6387 5600
903 2339
3146 539
7825 4432
3899 7842
1951 4480
3037 9949
7260 5820
826 3839
1890 675
5307 6079
2576 9866
601 9277
8904 7026
4087 1271
6845 3018
7180 3259
1502 1941
7639 6455
2098 5572
617 7053
2816 4272
6358 1605
5956 1574
1414 9622
923 6383
9519 4413
775 9039
8906 4998
7569 1671
1653 884
2314 5883
1142 8788
3610 2119
1307 5249
2607 9216
7452 8607
8416 1745
3933 3050
2619 4180
4832 1259
3462 2348
424 845
322 3361
7414 8840
3091 5357
4464 5573
1000 891
7704 6740
9140 8209
8596 4537
1076 1921
4714 7889
4830 3375
8584 567
2834 5523
159 8265
6109 6545
9412 19
5503 7529
7660 7027
3724 5810
3468 9325
6520 6501
7139 9262
7634 1538
689 7692
5741 5757
9784 6884
6246 9276
9392 2232
1435 5342
9588 9999
2720 1284
3055 1962
5104 9887
7586 2512
9546 7747
1396 8124
7221 2817
4272 9781
5979 5357
4082 3132
6431 3229
1849 9895
2966 8328
4009 5903
497 1841
4046 6272
1611 3308
4130 6527
217 9030
112 5783
3754 868
9540 5237
5723 4924
1183 2335
7554 8277
722 6085
150 9799
8459 4231
7884 7486
6789 5130
2646 7083
4227 8593
3905 439
7523 1077
1568 739
6354 5275
4253 6428
4157 2661
7112 2292
3967 8323
6554 9278
398 328
4622 6473
40 8223
9188 4858
6429 1026
7542 6005
9288 5594
2944 5026
378 1256
6228 5163
5457 5734
698 5230
9197 7270
5063 6537
2647 989
4359 5270
5011 2900
5363 5450
1449 2267
3111 6304
999 2487
9997 1950
1823 5420
3210 8728
6724 7176
3616 338
109 5932
3646 3846
9650 5384
356 5677
2922 1614
8177 2525
1121 298
8446 7190
154 1251
4565 1968
3490 3373
8233 4706
5122 6832
253 9213
6366 1278
447 1207
5169 5641
1665 6723
9689 9628
5678 9199
4637 5856
509 2757
2693 2166
5490 1971
6653 2265
4310 2500
2473 4059
7523 2085
3708 9158
3273 5055
6127 517
8688 1116
2818 8580
4751 201
1833 2090
1511 5349
292 9108
2328 865
8522 8341
500 2864
1693 1940
3458 358
3638 9484
3873 5822
6319 4886
3180 3465
3492 9111
4270 1922
9923 9619
2762 1502
6472 1053
6592 6254
293 6364
5907 7441
2797 3313
6958 9
2081 8739
1949 9
8100 7510
8783 1301
7843 8703
1716 2937
2505 6659
5238 8675
2463 6270
1235 3269
8095 218
44 3440
8726 4168
2455 9145
3722 5848
2482 1679
7436 5861
8302 4639
6966 4916
8584 6275
1063 8117
4598 4894
3912 2630
1518 2599
9664 1271
8799 7049
1232 3529
4593 5395
4596 4826
6606 310
3972 3930
6730 4418
3351 4033
8464 7924
3269 6676
4113 4142
872 1103
6753 1524
9750 5782
3134 7609
4857 1179
1757 5317
8389 5639
4927 893
7537 7368
4173 3659
1569 360
5953 8587
5283 7582
7584 8259
4279 2843
8863 4696
5524 7844
1864 2131
743 40
9093 4319
6261 5919
1227 9498
9325 5090
8480 611
7944 3249
1014 5828
5230 2648
1103 1308
8779 7814
7422 9604
5074 9778
3635 9691
6137 4887
1116 2408
4678 2109
6890 9064
285 2397
1890 9467
5119 8924
3140 9166
3331 5240
1528 9099
5981 9386
1633 1778
8831 3231
3320 2973
4456 9720
9747 6052
6578 4561
7380 7970
243 9287
6909 7124
2731 8980
9160 8621
6036 4245
9716 5769
2924 5529
808 3809
3072 1152
7815 7684
2383 8678
4242 2621
4117 5521
7578 1352
1128 7528
6120 3076
4375 8007
5255 4707
7665 3740
9894 9120
178 918
6761 662
4713 9293
4916 8515
6519 9846
7546 9438
4353 2623
1952 7077
9537 3603
5042 4657
1266 8280
9319 2211
2054 6288
6117 2222
1482 986
4869 4739
7937 731
3139 7961
7131 3863
4793 1732
8817 1038
3683 5440
1827 2115
4336 4805
1788 3670
5219 5752
7886 7177
7998 6245
4974 6186
2988 4443
4988 8650
2126 7895
397 7901
2836 7347
6437 6854
852 454
7539 6411
5105 2480
4892 7812
6682 3194
6844 1309
3749 3347
4346 9726
2599 8404
1532 1839
4297 7253
8606 9285
9109 9525
7488 3072
698 6640
1945 8836
8452 4428
5004 9388
403 9356
1424 75
2212 8407
6599 6106
3109 2880
3137 8186
4381 2639
4960 8734
6061 9791
3400 6310
3034 1986
6906 9495
1943 7391
2405 6612
5511 8083
7290 1088
73 1766
671 6672
2492 7020
3622 2210
7090 8868
9460 3998
9416 6339
6225 4826
44 8065
1592 4893
7539 6312
62 1099
6377 9789
231 5977
7413 350
3911 5909
7302 9877
6185 7115
5129 4484
7379 2
48 368
8114 6509
5223 2878
5553 8020
2899 7940
1821 3898
3470 6771
5442 7056
6766 9690
9030 9368
3282 6148
5705 1856
9317 4377
9540 3741
8104 6744
3051 1898
3981 6842
8468 8295
8998 6351
2870 1805
9500 6440
4227 3716
652 8116
2010 9606
7012 4942
3636 2965
6529 2572
2854 9970
607 963
4228 2290
4127 6515
3807 9775
9273 41
1248 2572
3784 8651
5923 6330
2968 2075
1992 9175
8930 8057
7682 4040
7639 5779
7245 7212
4987 6105
6447 3423
6410 2847
1599 4828
5188 7527
5857 7124
6946 2005
5012 5071
6270 798
1688 7205
2768 8779
4626 5365
3965 3927
5615 6505
5567 7469
2500 3399
4393 7727
964 7797
4916 1315
94 3949
3200 7088
1767 60
8040 1462
9543 3069
2942 8458
7968 5958
1931 3881
4759 9148
1804 4157
1828 309
6725 8006
9579 1245
3918 6400
9687 7387
1749 4789
3972 3185
9050 9277
2883 3191
5905 4330
6997 1609
2625 7714
1975 6005
7684 4630
6958 5481
1349 9303
4864 1474
2169 1981
6939 394
2646 9955
3676 3871
7872 6036
3716 283
2693 2513
6676 425
8921 973
4290 5735
2294 6052
9872 5071
3760 6783
2440 8750
6504 5218
6456 1348
5902 8969
8223 3272
9714 1118
7407 6588
9503 4034
2401 888
7566 7727
5065 2278
7770 9186
6491 5444
8232 2542
8368 4141
5097 5380
2701 3389
9028 6898
7996 5992
5047 4520
7094 4897
3358 4664
7790 8050
3094 5845
1621 7440
5928 7863
6017 3278
1439 817
5169 6127
419 2824
9070 9122
8243 6116
5980 4929
1068 6345
4747 6301
726 3170
2387 6354
595 9169
4569 9677
4794 7891
6284 6922
8377 3612
6169 2098
2404 9515
9982 3163
4830 9205
2219 1325
4847 5686
657 2605
581 6523
6895 9322
8406 8727
2004 4318
154 8295
1363 3104
7402 4669
5379 9874
3367 5060
4283 2645
9960 6652
8995 4497
5684 9713
8626 4869
3317 9864
2244 2556
4521 8154
3613 1945
7855 950
6434 9939
4627 5938
1172 3662
7424 2047
2508 1970
4819 1758
8317 6404
212 8888
9210 8818
6038 3676
3358 454
9180 1239
6588 1053
7974 856
8408 2650
9847 2128
3900 8149
388 9491
3542 6582
1848 8683
4992 2075
9921 1471
1818 9130
1430 4028
5298 207
8733 4416
6076 2656
7371 7022
9607 6294
4877 7851
3756 1248
4597 351
3327 9651
2384 9634
1335 7033
1871 565
9334 3217
2796 7652
25 6482
8696 2994
1631 8979
1481 9166
4764 881
4730 2220
7057 1673
9166 5649
2306 7309
8127 2167
2786 5809
2205 8544
4095 8268
9433 8366
9862 1532
3220 121
7499 5329
9412 698
2743 165
542 2294
2861 2992
6386 7983
7424 5619
7382 7399
2537 9016
3302 5542
1746 4342
2243 3982
5297 7708
1346 5959
4547 6726
5670 7380
2345 299
866 1329
9522 3931
4380 3172
7925 9724
294 818
6236 9337
1016 672
4960 5283
6061 8230
1166 3474
5090 9768
3784 7696
1863 5073
2398 1196
2330 8699
9136 5550
5145 2862
5081 621
8817 2580
3497 3612
6690 7382
8429 8754
8818 8272
584 4482
87 4333
5807 6967
3810 3910
7057 9293
3527 9179
186 6688
2482 5970
2353 3236
6119 8454
2830 8670
662 9510
3394 1555
8384 6019
6303 2044
6128 393
1996 9615
6983 5724
678 7213
8618 356
4630 4128
1517 4306
9216 8504
8544 5356
51 6426
7190 8650
6328 1813
980 6082
6079 1698
98 1663
6882 5751
1525 8920
2771 5116
128 8500
8045 3673
339 3083
6134 809
5547 7799
1147 8547
6446 3346
1723 7604
4238 2743
2170 1275
5279 7693
9376 9715
8984 7932
6351 6428
1075 831
469 6505
2159 4254
7453 9666
4382 6013
5 677
7485 1157
6801 3861
143 9016
1449 3995
584 8562
2594 7700
7615 7386
1482 6277
1018 8474
4752 4547
7864 6850
9692 4083
119 2526
8949 9797
6348 3198
9714 334
5615 2340
4245 5388
9760 8239
7361 7021
6664 1628
3443 5019
5424 5061
3958 2488
1949 2683
2596 4761
9953 829
7827 1060
8469 980
8652 808
7882 8218
6701 809
3109 2702
2118 9408
7988 9703
8388 1675
9035 5232
8606 8847
3781 57
9799 1672
2823 3039
4206 2974
6780 7206
7927 3752
540 4880
2768 1414
4045 2039
6833 1933
4991 3384
9055 8285
4598 7297
8716 3816
7574 5758
3464 2237
3609 3350
1570 6813
3112 8609
8993 8099
3073 1783
7971 5730
3058 9172
8376 3333
4942 4290
3294 2633
4883 9401
6576 7188
7411 7008
9975 3390
3077 1854
319 9097
3837 7940
1809 5253
6830 2078
6628 9891
2026 9874
8467 5644
709 1064
3121 1695
8112 8362
7300 1659
3042 5503
568 6171
874 7241
8163 3538
351 6643
1680 4836
9153 4472
2543 4828
7394 9023
9827 2722
3161 4959
3459 9169
8725 465
981 5192
403 5021
6133 7284
4426 5229
6130 4853
6806 1059
3893 7449
9882 2188
6547 8540
5925 498
2417 5436
8642 2005
367 2562
2988 2005
4692 3164
2683 9006
8911 8497
2345 8867
3885 5001
7660 3216
6948 1568
828 5322
336 9348
6837 7578
5884 1065
7664 5831
3183 1757
6951 6999
3986 7492
4054 4370
9427 57
3790 5020
4985 349
5938 171
5295 4489
3732 6780
9629 5368
1314 1479
8843 2651
5981 4575
4103 5074
8722 9194
9957 6005
5376 4229
6408 6976
3133 3922
8203 749
3124 4023
7862 7781
5698 148
2739 8652
3852 9480
8928 3125
2302 34
4614 6075
660 9259
2246 8141
1416 8000
1119 5710
6231 6343
8753 2442
9447 2512
5089 9389
3162 9556
9119 3820
479 1647
3568 6033
3769 307
5139 9087
8684 7553
6770 3727
70 9671
1939 4617
4293 7719
7291 649
502 2472
3577 6865
5189 928
354 2973
723 3693
4205 5827
9558 99
5881 2793
7966 2016
1508 801
1265 6912
9011 9859
3073 165
5764 191
5777 8722
4 7715
5819 2254
823 5115
287 5666
3105 2993
6501 7838
6779 4765
1235 5935
6696 5431
6844 4813
4401 9259
8237 3045
8155 1057
729 6168
3787 2498
4585 3360
7771 5491
3609 6323
6722 51
1479 4362
2627 251
6311 3051
3804 2591
4673 6136
7133 3845
3589 4627
1254 4609
6568 4903
810 7362
4582 4077
9560 3350
7336 4912
8744 4677
2050 4677
2627 9414
3178 9400
4293 3508
2588 8057
6785 8327
6192 8346
3913 8247
9140 8714
8255 1780
6496 7570
198 5527
168 4199
4776 3170
2279 5913
5258 1181
6003 6916
320 8468
9125 9902
5868 1603
9772 2189
3223 4918
8902 3970
8074 8965
4301 1418
