4865
84148538
7029 9687
3737 922
7770 8750
1466 8055
2971 1855
9585 6142
8791 1576
5723 5751
4695 5644
9829 6245
2008 1057
4809 8200
9880 4874
676 1438
8577 6815
2983 4106
2080 5993
994 9284
9151 4884
2530 9985
2430 2871
4195 5036
6377 2964
9395 6212
9418 2681
8216 1838
9578 4455
1929 3913
1537 5016
5887 3777
1364 9943
3303 8026
560 731
6611 258
1206 6781
7637 769
4376 4240
6966 4567
1853 7148
3282 3288
644 2019
9161 7019
7386 6195
6604 2037
8920 7446
6031 782
3291 1063
9986 1088
6410 9240
725 7834
2485 3005
8337 7426
2260 5561
4510 6747
6511 9566
1476 5322
9442 8646
1427 7230
3789 6890
3063 4407
7993 9507
3076 7980
6598 6512
9226 9127
1083 5217
5569 2352
5974 9534
5288 1793
9357 1236
129 9737
6958 8659
6133 3500
2090 8140
6696 8598
2551 9820
248 7245
6588 2516
9410 913
6054 5341
1665 6434
1296 4734
962 1151
8949 4040
8161 1350
9946 2252
6386 7308
1302 8727
5581 9767
6055 9344
183 1738
5655 4317
7369 5397
1319 4904
6843 4198
7802 8014
1904 5818
6213 337
3347 7299
658 7326
3905 1952
8606 1559
8044 318
9313 4767
5290 3827
9738 3077
6573 1234
1494 5736
2957 1602
6727 7669
6588 2865
8057 8721
6308 4907
9961 2307
4160 393
4698 4962
6775 2106
901 6671
5036 7568
2087 5085
8384 9896
310 851
3848 6832
7599 6418
4580 1751
406 4288
8772 6327
6611 8736
3199 1445
3862 3556
8311 1024
3785 9844
9066 9711
1218 4412
4948 8555
2896 7355
5020 2462
5741 9823
5057 583
2723 6949
8560 5109
2419 390
9013 9168
7133 3174
5153 3468
6803 9453
7104 1924
1183 1304
2740 1897
8385 9403
7178 8439
6270 2876
2397 9247
6664 5499
4436 1420
7647 2874
3690 4026
3143 9211
5638 2882
4944 4988
2353 4881
9678 2066
8121 5114
9259 1010
1924 6856
5588 2938
2950 8997
3833 2973
348 4377
3740 5277
9030 727
6427 1198
8236 7363
296 5511
2385 8791
4227 7261
7227 9151
1505 7122
3031 8206
4794 8734
8646 6749
7284 6760
4524 6836
5320 9708
956 77
6886 2973
191 1796
863 5763
8467 2278
1069 6055
5898 9922
9469 7680
7590 6080
8240 8916
2926 196
8373 7561
2255 5168
8466 4391
5036 8142
1429 8307
1193 5200
1514 9295
2970 8961
8444 7265
5975 1177
7299 1775
6462 7259
4229 6894
5533 3735
8707 424
7113 1595
3839 7879
1796 7656
2126 1247
7962 5314
5524 5862
2774 1352
8607 2209
8435 4904
3898 5213
3077 2271
1598 9426
7989 3246
172 8997
8591 1490
5702 9698
523 6271
312 7035
3607 3954
9948 4658
8495 5654
8621 5161
9045 7592
9160 6860
9920 1772
5126 1711
1655 9793
6271 9883
5148 6372
1354 2166
8559 6605
3833 9733
1855 1907
2549 4625
7169 3233
6330 2199
1100 702
8557 6911
1395 2966
3880 3717
9362 2605
8132 9208
5891 3346
1325 6309
9719 796
3414 8341
8553 7636
6956 4639
9195 1374
7746 8198
7853 9825
5110 5751
5472 8316
1415 178
4479 7332
4319 3149
4115 3798
9956 2884
5025 7629
8088 3899
9639 4950
3412 1161
4045 3721
3962 7666
9910 482
3271 9809
2873 4849
5816 5417
8605 5646
7834 7649
5504 2234
1228 900
1716 9831
8700 4201
3766 6542
8145 8577
2342 6737
1366 5000
6471 1802
1454 9367
8695 2785
5649 6004
2488 8591
6851 2122
5405 8138
4320 9191
7813 5628
1330 9251
221 5029
1270 3362
4345 4883
2711 4297
3811 1335
9556 2952
8507 9183
6061 3182
8876 3442
718 3553
7762 2956
3364 4141
1269 3169
1698 8911
1674 6713
8200 3146
4947 6504
612 6083
3991 9451
702 7461
4299 2300
2922 9912
6376 8896
8709 231
696 829
1395 989
6798 9743
7249 9489
4445 3423
7604 5066
8613 5551
8091 3882
5422 9146
2675 3827
7942 8411
8834 4722
6398 5308
6098 2344
2777 2000
4625 8887
5631 577
7804 8636
2491 7516
9913 6861
8134 557
5487 4179
9822 6717
5525 7908
1133 3997
7302 4076
5506 6255
8904 2794
893 6272
7119 8308
4757 7997
8833 7053
9805 4149
1928 6709
9098 3568
2414 8475
1154 2692
9085 9812
7998 1870
1157 864
5888 395
6323 3987
3726 3446
7732 358
5801 6692
9349 7807
7097 4434
9274 8415
3594 2432
292 2705
2540 4246
7425 1698
6916 1218
7530 6701
8964 6585
8428 432
2063 8931
2041 1820
278 5544
3083 4854
1444 1942
4024 4604
7072 5639
1035 6164
8892 2924
8201 3119
2287 8851
9610 3985
4969 6427
4095 8044
9230 3169
9315 3239
3568 3876
9098 6263
9440 2867
7351 5124
1181 4499
5031 1084
3355 8101
6181 256
9890 1266
2375 9874
493 3928
6155 2345
8702 4354
965 3099
2881 7661
2395 9304
7677 4794
6121 2805
9809 6810
9386 3850
3464 235
8606 9133
185 5750
9968 813
6347 5068
5870 2360
8136 6071
9353 9266
3777 3939
8003 7011
3554 9739
2249 6090
8828 7214
6710 5378
8614 3281
5441 1640
8871 1797
1349 9425
3360 9160
25 4028
7540 9021
3650 1820
2968 8618
8777 5755
8429 5227
6732 2975
7905 9933
3538 8180
9516 3745
9817 3283
1475 2640
2448 4729
7570 563
2470 248
3843 4286
4106 8965
2733 6608
6687 7244
7306 8689
1501 948
7907 7138
4514 8010
6861 2745
5703 6030
9106 1305
6607 5820
2207 9866
5239 846
6338 1283
6096 4769
9805 3079
1777 1729
4992 2268
6275 9695
4054 8960
711 4027
4637 8916
9816 4339
8535 1414
7816 3903
839 7303
4197 2087
7163 4714
7932 3731
1867 225
165 5797
1433 4105
9007 1605
1480 271
1677 5433
499 4788
2437 5205
4119 9844
5320 8108
5837 6909
556 3367
5196 1185
241 3593
1874 726
8638 3733
4371 2416
7408 7833
9856 4786
3387 4286
5665 2150
1537 5377
5625 226
9154 5727
5893 5284
589 1263
5551 7709
6338 7841
2824 1107
1740 8540
3433 9387
3751 7235
1357 6841
4427 2394
787 9562
4951 6643
9740 8616
7419 2249
7496 4349
4660 3883
6884 7107
1850 2901
1077 8752
3673 6215
6862 4410
1973 4454
6681 1367
862 9884
4164 6646
1928 8310
3307 5132
6544 7000
9435 1193
7225 33
4234 6863
7545 4418
9159 8557
1956 6394
3449 7426
811 1636
4670 9449
9205 9859
3740 8594
4439 3238
5786 8994
966 3975
7127 8214
504 5064
668 4511
5159 4545
6867 7044
3866 2202
655 2242
2141 2017
5173 7467
5168 3917
3287 3500
1230 3768
746 6689
5794 7696
5689 2412
260 3796
3926 263
7500 4727
6437 3946
2754 7539
4159 3894
1651 3042
3794 9884
1261 9991
645 1461
8723 9522
8862 4807
7978 6583
9436 8510
6891 9746
2295 3399
1978 6477
8816 3964
4410 3365
1676 734
2464 2973
6927 3161
9300 6000
4407 7640
4938 3987
4703 2083
8363 7867
3877 4253
6550 8979
189 8618
388 4644
4272 7827
6375 9488
5146 5463
6596 5651
7223 6890
8814 9236
85 8115
9599 6575
2330 9415
1136 5210
4254 127
9925 415
6715 1077
8495 1165
6081 5858
8016 8626
6418 5218
3902 8999
445 1196
295 9715
6245 9955
8505 5966
3352 9024
1774 5109
2444 6980
859 9144
3551 7504
2150 3019
6521 7618
8 9847
6193 5138
8192 7305
5864 5113
6253 1378
4965 4427
8500 812
3404 9980
8891 8500
1596 3667
2451 3782
5840 5094
6854 4410
4917 6595
9416 9323
6992 1812
4347 8974
3513 7903
8969 8287
5043 8747
1087 9125
5283 1206
9857 1931
8424 8994
4767 6413
687 9181
5284 867
9309 1730
403 7161
3331 8830
9949 4060
8039 5307
1081 5774
3633 7601
6409 7431
9581 721
5541 8821
8936 8802
6122 4764
2110 9939
9079 7630
6108 8
6240 8380
8422 2765
4960 7587
5910 3858
467 9274
9702 8248
2620 5147
8726 7705
7182 9028
2634 9716
6102 5819
4236 7288
8584 4548
1480 505
817 1161
8914 5413
7890 76
9634 5619
2558 1354
4230 3239
737 385
8940 6542
8146 8007
610 7870
1226 3214
9130 4744
6052 7096
4697 3135
3658 8219
1573 4195
136 3034
1183 9086
3709 8104
575 1648
1653 1538
6052 3135
9682 7664
6334 5109
7443 5156
8894 5123
7619 4652
5932 4073
122 5461
389 9412
3278 9939
6110 4644
1207 3173
782 3806
8385 6806
2663 8735
8444 8698
8580 4105
4026 1345
7512 8955
7620 6415
76 7186
2910 3965
1985 9966
2779 4402
4104 7003
3477 7628
4506 3985
9950 5596
559 1335
9022 4929
7986 9158
1594 6745
8387 8476
6004 8500
1473 1968
7925 3208
362 8814
5238 4010
7502 9587
7559 6167
8688 2854
8517 2812
4445 8052
7955 3653
6949 5419
4621 8148
912 6285
9137 9931
5988 56
1190 374
6111 5994
1916 3121
6638 123
995 5328
2592 3961
7289 2241
5855 5890
2672 8709
788 3039
1465 7734
1634 2980
69 9755
768 5067
870 2665
5620 9189
3119 1348
2672 1401
4571 8227
9922 6430
4400 2165
5432 7484
249 2207
656 4887
3538 9055
161 4497
5147 9602
2397 2138
5933 4905
7217 6724
5198 6073
229 8566
9962 1083
7078 7212
2650 8840
3283 3884
1718 7163
5936 8560
7270 9954
8260 5590
9470 8858
5031 9485
4457 3988
8534 6405
6646 5320
9441 396
9138 7063
996 4451
8928 5802
399 6436
2764 2554
875 7124
5287 4231
3834 5875
166 4477
6190 9884
5738 448
2459 3258
5225 6801
8067 4095
7036 8098
5233 8929
5908 2334
1817 2340
9122 8318
2591 941
7548 807
3056 6000
2679 4795
156 383
8784 7567
2244 9505
6333 3527
3689 9947
1948 5996
3869 1081
3906 5064
9397 9775
1683 9429
8585 144
4491 3954
2745 6900
9948 5350
280 3545
5903 7293
3319 5415
2775 227
6348 8629
7828 1600
459 6564
2315 6748
5585 5276
8783 9284
3289 3219
2224 8072
5973 1405
6410 6364
8047 9628
431 4753
9990 3350
3463 5479
5448 8558
9982 3862
1594 5448
8715 6022
8478 447
7239 7659
1158 1590
2363 2654
9298 3079
6240 1221
535 5730
7668 1698
8863 5590
4221 4904
7489 5034
3280 748
8214 8431
1226 6252
4392 2672
2870 1583
2617 4763
152 1872
6551 5657
554 1582
2214 3957
9690 2214
3603 3526
891 8268
3408 9428
3913 6143
390 3609
2701 2169
2375 2080
6609 7118
8653 2398
6987 8365
6845 7451
3489 914
130 1319
4636 5543
4958 649
4060 1048
3294 942
4004 4810
655 2765
1200 5378
8212 4202
7107 2187
1506 1893
3662 7565
4389 1552
1231 5518
6628 4475
1658 4569
2982 9695
2704 7925
7242 87
246 1590
1869 867
1504 197
5010 2055
6312 6008
6312 3425
6884 5673
8728 9354
3899 5793
6370 1149
332 2374
2698 7388
7129 9176
6615 3534
7692 5904
6774 317
4136 3958
1003 3055
9546 9711
8416 656
7608 7192
6417 1016
8296 8538
4074 5921
2432 810
371 9062
7233 5292
6472 4478
3742 3804
7132 8335
3880 8180
5070 4549
5270 2642
1116 8150
838 3357
713 4580
1003 5970
5418 9362
8163 1146
2063 3212
719 5333
2742 6125
949 6040
6122 1897
3635 3554
9915 5370
8562 964
9293 467
7847 1363
9716 4191
6567 6393
6201 4634
4840 4709
3457 3575
7038 7558
9500 261
1999 4343
669 7430
771 848
6621 313
1655 7919
9518 3982
4267 6860
435 1886
1094 1242
3104 3441
4220 6798
5637 6595
5157 2646
226 7703
575 6509
8888 5177
1072 8613
3385 9612
3446 2012
2217 3428
638 1698
8829 3287
6261 3381
5707 5124
8 4943
2360 1000
9107 9652
3388 5231
2897 6005
2116 554
2118 8493
3602 5027
5869 4863
706 4620
895 2352
8703 2398
4779 5372
1799 2941
4467 8602
2775 1561
9932 7988
9601 1521
6587 8983
509 9916
1973 5815
1975 9656
6681 2332
116 3214
8072 8981
3012 5672
7812 2603
2562 6642
8961 9973
2442 5919
5545 3452
7372 2028
670 9681
6530 4521
8320 4235
3785 5974
4280 8043
2915 7085
6301 9104
6534 3736
8959 1057
9289 1156
3254 8127
5539 5118
962 3872
8049 3605
8257 5096
5149 3741
2122 9525
5991 8367
7972 3984
8828 2409
7695 5824
2139 4216
131 5578
2444 1774
6026 4437
831 3828
7595 40
5293 9155
3345 4789
7900 4611
7769 240
4637 5040
1915 4781
1555 9922
4198 7752
2983 7705
5116 6129
7498 951
9732 5808
6554 7984
5885 4127
9535 3531
6008 1289
6914 45
2814 5637
3135 8283
1022 2108
6419 4258
3821 4502
4636 3140
8625 9565
8479 70
2990 4493
9067 12
6583 7656
7589 4607
892 6646
579 2145
7469 6106
4537 1554
6745 7392
8016 6828
3350 1516
4816 3527
9981 7280
534 9694
6506 4884
6977 1023
4770 5982
1218 167
4382 6471
643 1155
9035 7779
6358 3110
3229 8184
1656 7477
1257 2520
2211 4379
3015 9914
305 7970
9211 8711
2169 9100
1363 3579
7463 344
583 6453
1217 1588
3290 9000
1646 4244
9842 8461
1849 5737
8510 7521
2854 9962
1523 1500
9277 8279
3498 3539
9411 2121
4328 3519
3517 2792
8029 2385
1255 4174
2873 4914
9613 9114
7641 8144
2117 4026
3741 5406
8473 3737
4120 5994
7496 34
861 2321
7740 9755
2048 3085
1756 3557
9923 1866
9546 6714
2467 7769
2446 3975
9882 3899
4957 332
9167 1631
3241 7069
3884 9749
786 5706
896 3955
9138 5213
9058 2938
4676 426
3919 6575
4196 7606
1596 8241
5779 2719
5143 2044
4164 6351
5057 8270
1230 3597
8632 8463
4238 4244
9710 5386
8287 7570
5560 5936
4004 3732
734 4598
4209 7229
3130 4473
9336 1788
9315 2900
1044 1914
1964 6491
3126 953
2710 8787
3686 6981
1204 1844
4531 3151
9118 4390
9599 2398
3843 4353
7589 4665
3455 9776
374 8122
1680 3885
4460 7751
626 5998
1576 3247
1452 272
2024 9644
5454 3445
9442 5980
4759 1803
2532 9693
9865 1500
5550 6826
8546 3386
6029 1690
1001 6396
6705 8514
4625 5356
4125 4509
1786 5149
3659 3063
9441 4561
8402 8384
736 2310
5773 4564
6027 2394
5526 7871
383 7049
9666 7258
715 8704
6448 382
4392 6375
7567 3356
9344 2771
3662 2939
8465 9378
7716 1142
5161 6646
8590 2821
1707 7076
6675 2855
9252 2889
3027 2578
72 5341
5022 4610
6800 7410
527 680
8032 2514
2496 3314
5825 2047
1049 8166
9450 5883
3362 8072
9186 1702
474 7291
3928 1985
8278 1716
4126 9876
659 2695
1878 8776
4729 502
6743 9002
6278 109
6311 2486
4771 7312
2677 3628
609 7547
3746 9584
4777 4321
7309 6734
2035 4859
3402 9883
8389 8850
3087 8379
2881 7573
4135 3786
4112 88
8427 8161
3351 7251
8444 8370
5834 8260
1834 6629
2374 524
9934 2487
8332 6122
1549 2468
3870 2669
9455 6675
4010 5129
6273 992
9703 665
7132 631
6619 4816
6119 6981
9321 9820
7070 1541
926 7251
1522 8704
8485 3678
9554 5517
8556 4396
1856 9519
5737 100
6388 4390
3295 6429
7236 9687
9722 1619
1298 6334
1602 9754
6769 8659
4172 5669
3260 9107
6916 2800
378 8558
977 907
3360 5267
4948 1546
4136 9395
9450 4942
5641 3525
2941 1853
3965 1296
7828 3267
3809 7606
7861 2634
7769 5990
9745 6168
9051 836
4360 2390
9256 7281
1082 3256
8264 5280
9056 3917
9080 4715
5398 8698
1135 6347
6753 9747
5581 1879
8582 2014
4470 9508
1849 2899
4713 8425
6778 7611
7332 8522
6473 6992
5470 1685
5220 9040
8895 7850
7369 753
5675 1817
9227 3143
5051 7644
715 546
9762 8236
7795 4620
8890 3671
2975 6311
3705 9817
5410 3733
5871 2781
3086 3955
5275 5016
2068 8426
8305 2810
3525 5094
131 9082
7943 7322
2275 2705
4214 2048
8737 4108
3207 5746
5267 8675
2907 8006
1200 1341
3430 4411
2189 5418
3689 9391
3063 7503
3528 6543
4380 5726
6705 9008
7511 2539
5543 1160
9458 2603
272 1120
4367 501
1187 2674
5717 7628
1017 1116
740 2183
4764 1869
1099 1407
4040 4484
8149 1922
881 8721
4161 745
7190 9022
9470 4705
3109 2047
7032 2772
2248 8568
4461 2891
2040 3786
3188 4413
5971 7343
1288 9541
3645 5844
7173 9779
3542 7052
8092 86
8690 451
6672 9737
8514 3006
9201 800
3799 7378
617 8726
7651 8305
7224 4225
6659 4844
2907 500
2443 3597
2599 4545
466 3128
9594 3519
5704 7701
6432 8179
9554 9831
1133 9078
5864 5666
1943 1867
4773 5475
2740 4442
2565 470
8728 6026
5768 7237
1601 8703
7823 2987
5712 8170
7998 5210
3356 5778
8100 7169
2818 4516
3030 3785
6243 1384
715 9295
8839 9629
2470 3229
3832 7439
4046 3872
142 7039
7596 4356
7495 9883
8220 6295
7878 7233
17 3611
4188 525
8174 1645
7762 4213
8713 6137
8891 6481
6079 4637
4792 1770
1894 188
417 477
2191 8507
1060 4577
2897 6104
8383 9434
1060 7350
8107 4659
110 7544
8016 989
3996 4197
7954 1978
8775 4977
8487 7211
6360 8648
4683 8518
5463 2786
4472 9506
2985 6201
1788 2741
9524 4377
9360 2738
1101 7604
7585 4573
8546 6187
8929 7941
885 8831
9037 2626
4228 5582
3396 9035
9783 8974
8306 627
440 38
2552 2370
2397 6337
9286 8702
165 1761
481 3088
6079 9650
3900 8821
9692 4244
2494 6754
9025 4841
7505 3584
4527 9988
63 8161
234 20
6573 6937
5089 6150
9882 423
5275 3470
8234 3043
6140 1270
4664 3584
8023 670
2837 8775
3862 3274
6961 5538
4666 7876
8785 9984
3879 7759
8431 9372
8690 3012
1309 9847
6741 4442
6050 8959
3477 5565
498 8617
5550 4086
9065 3350
6266 2004
3570 4812
7803 4325
871 4646
6627 836
7136 2816
7493 3787
5101 9141
9538 3254
1073 3647
3379 860
8260 4480
530 3408
4725 2987
6090 1807
2000 4229
5593 585
3092 7802
699 6936
7055 3568
3644 6898
9097 8478
7794 6989
6259 908
4780 2038
2418 9414
3459 9722
2441 1656
6680 362
155 6218
5230 1362
8123 6383
6815 220
4883 1461
6717 8058
4901 2725
6335 4792
1246 3232
4310 2985
5507 2894
3049 2543
1467 6432
5602 8633
5815 8042
132 5257
6791 826
7637 6205
6977 7416
6796 9428
1737 5065
7291 3366
5237 609
2372 4622
8576 7138
4101 2515
2584 4029
2963 8766
3225 9475
5345 1217
5115 8043
8891 9831
8201 8778
7851 2884
7908 9293
7635 7479
1085 2549
8065 357
7532 383
7365 8582
6972 204
4437 2246
6401 7791
8583 7886
9623 9018
4242 7945
8199 1892
2101 5376
4112 6338
7005 8551
7941 5127
9112 1096
5751 2201
2287 1872
8003 8793
8848 340
770 2737
3131 6867
5496 4317
740 9278
796 3259
7361 5532
9510 9776
8180 4446
1159 8041
4173 941
3386 9254
3754 1792
634 4112
5973 3003
6093 9226
7346 5813
4145 743
1246 1877
305 4687
5881 5568
5947 4427
4467 9550
767 6393
8634 584
9135 2825
5302 980
4700 1045
6145 4494
6105 5451
3138 8952
44 1921
6847 3322
8373 8110
8801 8874
3558 7023
3992 9409
416 6408
9688 2220
3644 6873
7630 9876
3076 4278
7389 8291
9806 4444
7418 6689
4732 7328
9157 8393
4243 9057
1092 1436
790 7954
6801 75
5074 9389
1781 8080
3075 1087
4789 1291
601 978
1611 550
5049 7466
5426 2012
9919 1527
1041 4273
6328 786
1557 4861
9384 5004
6470 7641
4186 3095
8125 3606
4055 8017
8568 7086
5332 4446
4627 2771
2862 4494
5859 9031
4028 800
8106 457
6772 7398
2826 805
2244 9898
8312 9294
2684 902
7052 4664
672 9437
7764 7978
7366 320
2957 220
1768 7124
8524 7633
382 1107
5459 510
7755 137
1850 2812
2551 90
5791 7524
4632 6525
9646 8264
8311 6992
123 4084
6164 8354
2307 569
3348 642
793 926
3927 9258
7691 4200
9614 7722
7212 5251
3723 1279
7132 9864
950 4379
5264 9119
6248 6956
8104 217
1233 9132
82 5176
2618 8353
5333 332
2774 1607
2047 5634
3585 5298
785 4017
995 7394
8562 8477
5923 537
4226 1997
7734 9382
5187 7965
4035 5092
7152 946
4766 3991
4083 7993
180 4877
2847 5183
7846 6997
9182 3908
3294 3839
1993 2911
2504 6117
7082 698
4414 8008
3224 4831
8210 6473
517 1321
7699 1377
5365 2489
7489 3463
6995 2489
2523 8168
4710 1413
6578 2347
7249 8986
105 4786
3298 5486
6263 578
9491 5697
362 1406
5826 3222
4102 5394
1894 6865
6805 598
9893 2820
9061 81
1437 9178
7900 4581
7629 716
5198 769
4219 1982
5728 4077
8268 5747
9572 7627
3474 5294
5222 1290
5723 966
7684 191
1545 3437
3715 45
6976 9862
8116 5819
2445 2245
7086 1237
8150 6558
4556 2950
7263 9334
3467 4302
4210 9330
1907 3460
1978 2875
2545 1661
930 1968
9691 8967
4721 6662
5776 8927
3095 3312
9924 1184
5592 7254
5007 2237
4458 3043
1049 2530
410 9662
7612 8588
4264 70
3263 757
7717 3516
8305 7485
8656 8755
5915 9275
5833 7000
4097 3250
6997 4861
4472 1284
3193 2700
4974 5619
5636 7028
9735 6563
5220 1770
3955 1969
5556 8177
7042 9530
9678 4684
1142 8513
9510 160
7936 6606
5588 9272
2985 1929
6400 5898
6248 1343
4576 9159
2278 8703
6881 5413
1929 7115
6757 219
8209 5110
9517 3043
8521 2539
4860 7105
9395 6018
3263 444
3880 2457
4463 6356
1034 7456
3287 1000
1546 2816
76 324
6573 2459
8112 3573
5238 7657
6915 2290
7792 3086
7575 6616
3494 9375
9919 3265
70 4961
8564 2891
9777 6500
3691 8919
8529 9517
8167 3224
7389 3624
3794 5879
5081 7438
8473 3173
59 2178
4748 3513
7700 9085
3945 3906
936 1635
8487 4515
9972 4902
4155 2091
6807 5007
3286 3309
6613 7744
685 799
4805 7312
1273 2133
2900 2169
4416 5267
5960 8079
6100 5094
4491 4536
9276 704
9793 4413
8861 6489
2688 5280
1282 7880
3097 9536
2950 2229
1514 5487
9653 8779
8099 3493
6834 9179
6715 49
2922 6486
9083 5765
3477 2702
3580 967
1094 7495
4688 8006
318 4461
441 7034
3287 7089
7580 1772
3255 566
4939 919
4333 6355
8740 1817
3623 7661
6623 7911
174 7873
1287 4376
2359 1542
6072 5041
2914 16
8560 6084
7045 3601
8452 6630
888 486
5290 8076
5533 2985
4423 6062
7162 5112
56 7807
5655 7414
4889 6257
6851 2566
3408 4005
3331 5747
8090 7583
8161 3826
1451 3709
7458 450
2450 7713
5425 8134
6881 3873
1378 9781
5955 1398
9510 9339
6906 200
6254 1666
2587 1287
1300 7539
5386 6700
1677 8528
7077 7979
3348 7176
6855 8400
8005 8101
1136 6088
3757 7588
2861 2203
6135 2371
4733 201
9922 3643
3057 6442
3308 9741
5736 8459
2313 6497
8678 3587
3088 4378
7243 8876
5300 4798
5741 8937
1471 9901
39 8824
1526 2167
5844 1421
3788 2856
5917 8012
6358 8172
99 1119
7140 4161
5251 9562
4326 3814
428 83
4809 7756
3357 3983
1486 9460
3394 9410
7761 2200
8592 5118
9684 361
2375 6527
2205 5285
907 7796
8703 3779
3349 9910
5460 5961
3499 6168
9731 7240
2434 5867
6454 1850
9972 487
8895 2489
2113 1341
4517 3475
4013 1140
908 3544
6284 7321
5289 8170
2227 5985
6728 2947
3491 390
5892 1135
8326 3856
7790 9895
7316 8815
713 3224
3679 8948
9152 1312
2943 7833
757 3021
5571 2097
5622 8368
6390 6674
8974 4577
384 1833
4653 6453
6010 165
74 5320
4724 5165
3878 7687
2904 7829
7541 46
3819 7152
7179 6016
2447 787
3292 1413
971 8024
4565 6698
1082 7067
8992 7434
8598 442
1423 3485
246 6315
7513 4085
5440 5823
5041 5336
3601 2263
9303 4348
2981 2383
3756 1961
1544 2456
7431 903
5811 6902
7322 5694
1235 3009
7564 9289
9352 7894
4468 844
971 6127
2914 1508
3990 1345
7277 5204
6545 9637
6992 5971
8312 6171
7587 1445
5922 3632
7876 5567
173 5947
8609 567
8801 4825
5540 7342
9451 8026
1292 6621
869 2234
7983 5286
8995 6919
7952 6206
9982 6558
2490 5263
3340 5924
2796 8287
1260 1278
787 2932
1039 162
8250 5879
8666 1916
5674 428
1477 7614
2142 2337
5832 1025
3718 8754
3316 8055
7073 3771
5258 6168
6302 1475
4759 1843
9598 8028
4369 5919
66 7398
7789 4817
4862 883
3752 8749
4574 25
2520 2493
1868 474
9200 8038
7528 9313
4028 2270
309 5495
5554 7270
1190 2004
8973 1488
7520 4935
7258 344
4729 7478
8292 7243
6047 7665
7327 193
2150 4708
5785 8578
277 1760
4650 4503
3476 5107
7084 6220
8403 8102
1332 2079
401 8519
4355 6814
8439 420
5133 4704
4651 185
2637 6623
5264 1426
6274 4894
7827 7205
6237 3077
136 3459
3712 9676
1712 3643
341 3018
9142 7348
8178 1873
4903 7380
2533 1645
185 7463
2297 4314
4833 9013
4741 1674
6858 3214
5933 8045
1064 8294
6677 3515
4298 6139
9760 6758
9322 3184
3657 8300
2670 7095
5285 2516
880 2526
5073 6964
1174 7076
5699 7041
6016 9301
8392 1128
9426 980
576 5824
9981 3739
4900 3267
8540 8891
1746 4744
7603 2756
7423 4220
1633 581
3093 9948
5577 3289
6608 7723
6355 772
5456 3994
1787 1980
193 3376
1459 5785
7084 236
6457 5998
2846 171
2242 2145
7784 5911
8618 90
464 5105
4302 4103
9846 567
677 3620
2973 863
808 1060
4906 5981
2633 9766
5326 2217
3933 9238
8252 6694
1556 7563
9539 8331
4451 8686
252 4915
1225 2209
5536 8511
9248 2279
8399 5767
9727 9801
4836 2211
7802 9509
9775 7237
9005 3964
2567 8949
9168 1813
2035 5814
5522 9174
3655 6325
6983 9816
5058 3593
7408 2993
1571 6972
4871 7716
5888 7204
4522 4091
4667 4940
5523 8597
7188 4562
9138 4131
5473 6052
2369 6393
879 9078
3 3648
406 2447
301 2683
2961 403
2897 5340
7602 8504
3818 3648
9344 598
5756 4060
3379 4937
9131 3884
7516 9825
2792 4910
4800 4385
4033 1702
2673 2255
4390 1375
3891 4429
328 2518
4247 8035
1418 3257
7747 5312
7117 3301
6828 1382
404 3418
2260 4625
2044 1243
2747 4478
7402 1496
5061 2663
9563 4859
7348 2398
7593 7954
9638 3528
2827 9160
4162 1301
6353 6938
5062 8143
6912 6548
2969 7372
6493 3254
9776 7927
8271 3449
5734 5255
2519 6667
6494 157
7363 5011
2653 8610
1368 4588
7938 626
8024 5697
2709 7142
3415 1000
5940 6980
8273 5184
2241 3806
5420 7446
2649 9949
3540 2117
7643 5066
4365 6438
5585 6638
3859 6770
8703 8552
6248 8155
9604 7008
5701 7786
6045 6838
7140 8565
1332 2845
6034 8943
7916 5190
9078 6806
5935 8624
6417 4427
9568 4352
6108 2762
5132 375
5741 2645
4914 1400
8097 4546
4315 1464
4328 2493
4670 9590
9940 6588
641 9886
8624 7876
7104 6478
296 1764
6568 5800
17 8628
9894 9051
251 8641
2861 8455
3632 1504
445 9673
6995 4104
9570 1163
924 3838
3273 7308
6867 8020
5518 7002
340 2539
586 7214
8573 9980
8389 9936
8691 1956
3376 9255
436 9834
6756 9620
5881 2504
1590 8115
8531 369
7339 1955
3131 3592
3934 5242
157 1238
6499 9381
8017 8203
770 3427
2468 8643
6776 1890
8763 348
3919 2671
6980 3781
7372 5563
179 3272
7473 4183
1069 1917
5454 4774
8479 1840
1981 7253
8212 5142
1952 7850
2445 3923
2142 9737
7265 2091
4348 1096
873 1340
6086 3409
3690 6506
7029 8206
2051 6619
467 5579
6481 823
81 9973
8670 6913
5113 6169
4336 661
6195 6630
939 3464
8941 1110
3583 8110
107 5819
7257 2445
4106 7085
3430 2358
6341 3756
2163 7189
1283 9487
4413 8499
7603 26
1864 7131
1889 3264
8246 5792
3713 8493
1708 8604
7453 4607
6672 8680
5480 8152
3338 6574
1340 9622
4757 2687
4880 2471
7732 1120
1874 2708
101 5573
535 1989
7087 64
8646 6705
9270 3625
4975 5457
266 77
6875 4952
3979 6657
6346 7680
5125 9764
7749 8778
1848 3877
520 1513
7851 3499
3997 8132
7281 6309
665 739
6576 6737
7258 7710
4501 8848
9716 2432
832 8845
784 8140
6992 9470
5240 4336
9929 3484
8316 2510
9228 2668
7363 8238
3962 8002
9210 7709
3802 5795
3734 8953
4248 9039
2509 2348
420 3554
2969 6419
8716 9591
4107 4124
6796 7560
3588 4083
2348 4744
5730 3139
8930 3799
9226 8159
2574 186
6445 2110
4932 3557
3880 6096
9666 9057
2267 291
9144 2925
1113 8635
6343 1619
8488 3548
6589 4576
6182 2833
2481 7575
3343 3422
9925 9165
6799 5642
2229 3328
219 6340
6409 5731
3913 7773
3109 4089
1078 5388
181 3359
8883 7583
6092 5620
948 8297
791 4436
2406 918
6114 4068
4965 2721
9803 7418
5261 854
1661 7480
5578 4764
1197 7211
8295 3243
4455 7749
6393 2763
4532 5153
5453 2304
9509 878
5376 77
4054 8995
2447 5287
8659 8294
3212 9594
6140 2148
5764 3277
9137 4199
1838 5116
290 6098
2179 2636
2501 6184
9371 1839
2664 1414
6170 5733
7999 1623
2684 178
6029 2616
8911 3071
8516 9781
2382 2975
9402 8740
7662 1491
9212 5594
2737 7067
1334 4776
673 7117
31 3168
9784 9592
8581 2071
4085 8946
4452 8017
3115 9693
8778 6971
7830 4230
9686 3332
6162 3640
2448 9619
2762 6895
1389 3809
5459 6009
8563 3104
3827 681
1749 6347
3830 8764
5338 7433
4564 1247
9654 7750
6378 8662
138 9842
1082 9726
329 8800
4057 423
6907 9257
909 5483
1651 8100
2485 340
3642 8451
6908 6090
4017 8625
7798 6485
6446 8216
9935 2168
5956 9120
9743 7491
3991 9677
276 3955
7695 5869
5125 3363
1634 4856
148 9508
6699 4127
9559 5523
7352 4006
2493 9408
7184 2709
5568 5483
5083 5092
5742 3729
2318 4072
8218 5247
171 1484
353 7725
78 4795
172 4488
4450 3518
8511 6402
3581 7484
1496 5174
961 7568
5930 2998
617 8735
7196 6052
3487 7260
1563 8700
2168 1486
7194 6958
1590 2656
4390 8979
4769 7819
5337 1994
5889 5566
7228 7296
1278 1078
6788 8428
2692 4593
5049 1
9993 2043
9928 5541
7512 890
7079 697
3352 6591
7123 3444
1661 622
9637 6327
8851 1733
6712 2892
5753 8825
3529 2489
1607 8311
7166 8591
7474 6633
1657 5928
4443 181
891 5728
1497 8191
259 2439
5417 552
3690 7985
5724 2977
244 4892
3798 803
8892 8474
4375 8222
1743 5642
3389 2267
9443 7131
4607 6314
7142 8395
1713 3467
7169 8318
899 6912
2302 3638
8859 6296
3774 5058
1793 1305
8878 7900
4520 9743
5687 6531
6635 2482
6776 1648
2191 258
8694 1317
8485 4369
4004 9333
3107 60
3666 2317
5881 3267
2151 7162
220 3491
7785 8875
6244 4924
5314 1566
260 8261
5929 8837
8946 4949
8628 1460
7361 4245
2049 3702
4389 1127
7904 3510
4879 6524
9732 7477
2324 3031
1580 5275
733 2076
4753 6135
8406 6883
3439 9050
9952 7118
7895 1461
6573 5615
4945 8772
5993 3238
5037 6258
8458 1418
7729 8050
8465 1121
2041 9844
6580 1557
4875 6578
3540 783
2271 5532
289 788
375 9880
9621 641
5673 9764
5553 1109
2595 117
4155 6856
3117 5804
9246 9875
6937 2084
2874 1828
6699 9117
451 4257
8745 2164
3673 8432
8443 3909
5196 456
8010 1215
5833 5781
9576 9267
3638 2778
3012 2289
5583 6890
4921 2701
9095 5947
1759 9508
6833 4781
8860 2991
1335 1764
8712 3226
1043 6440
544 332
1673 7306
6644 4215
6341 5024
1803 5778
5661 7912
2715 7638
1727 4967
6603 5241
5570 9208
5222 1429
1151 5871
9783 1641
2901 1150
7847 3099
5677 349
3881 9115
923 4708
8923 9741
6730 8718
5955 5861
5826 5494
720 6653
3805 9740
3001 7447
232 2138
7904 5272
8322 3526
7170 2220
2279 3060
5655 4210
8080 2256
7970 7130
3372 7026
6224 8232
1734 7234
2982 7575
4498 1218
8248 6389
8639 3732
6850 7599
169 594
416 3255
357 5318
9955 9419
2656 2281
4985 1539
6103 1040
3612 9833
7393 1305
8335 385
8406 7956
7656 2341
1272 7255
4617 8623
7557 193
9401 3807
4837 7662
8529 656
1781 3392
7787 6254
4364 9589
1969 7797
8473 9128
3903 75
8374 743
4441 333
2637 4562
2798 3809
4089 3477
1560 4127
3042 3545
3155 6262
4461 2699
579 5513
5610 5634
6347 1307
3905 4706
8385 5182
5865 6672
17 456
5058 5545
6468 6506
8574 2483
8648 2717
7990 102
6139 6249
3424 132
3173 1319
3687 2764
793 3463
6585 2247
6529 3265
8101 1086
1365 2603
3596 6849
146 481
1137 7201
5764 8147
2200 8587
4678 8927
3525 909
8244 2318
8075 194
7272 6252
7603 743
9716 119
1351 9135
7593 5197
7784 6162
2660 7795
58 9094
4620 5708
5482 7781
7643 7486
5875 4608
9147 7276
8399 6831
432 9406
4872 3440
1734 2561
7803 3086
4113 6578
7766 8673
3871 2893
4339 6938
8713 7494
2142 3983
9505 9592
4714 4766
5636 5889
8252 5199
2938 6261
6250 1
9503 8326
6895 6275
4637 8952
6301 7818
3424 5921
3286 8766
5212 6275
3804 372
8013 2666
2879 1468
640 1041
4719 2178
4906 8133
5919 9757
6930 3341
9955 5420
8778 9697
7736 8771
1201 3114
3319 8582
5989 5052
4578 1050
6155 2901
851 4817
4614 6333
4532 1910
5102 1122
8323 5434
7142 6599
534 26
1886 6403
1231 3413
3854 9876
4722 4451
2627 108
5904 717
3061 8110
8880 3064
6217 6880
7722 8643
2653 9138
3910 792
3246 4073
6035 5809
1772 6467
8877 5134
6022 578
9265 7877
2624 4850
9307 7849
9692 1725
7123 9498
3658 4044
2954 5472
5996 6864
5183 9255
2454 745
1588 2402
3061 7617
6771 5226
5865 335
2516 8913
3414 3163
4713 2981
8921 859
6856 6860
9861 4959
6550 2819
3445 4028
6928 8307
5804 2655
4433 493
1773 9555
3653 9930
6512 3750
2168 818
6054 924
6700 8113
9398 7654
4451 336
345 9565
8909 6844
9730 6664
3785 2396
5658 2605
4212 1938
7429 7161
9580 7432
2708 9109
2762 5058
8704 8547
5556 8821
9750 8793
7880 4784
8241 3749
9762 7297
2486 587
6622 6104
2020 6587
3480 9982
2020 9818
6086 6847
7566 9006
1428 2889
5209 8226
8624 1091
87 8739
7847 3736
3540 2039
2748 2477
6499 1792
9127 976
2710 5777
5521 3928
7677 3708
1130 6191
8300 5767
354 4932
9031 5394
2799 3590
1732 2837
6194 4286
6750 9836
8081 9210
1858 1852
7684 1333
5612 6997
5973 5363
2205 8131
1920 2025
9928 946
1857 6898
368 5325
2503 3358
7976 4101
1391 6162
8907 2293
1279 9135
6767 4251
586 8090
3847 4550
4612 3942
147 6294
6761 1468
3921 3624
4388 9530
4269 217
1828 9624
5224 7325
4259 4923
9996 62
8095 2427
8650 3742
1638 2238
6979 5348
9249 827
8506 3954
4282 5880
4232 5041
680 8287
7691 9747
8797 7050
8820 8412
4796 7248
8221 3496
663 6441
5397 9165
2629 6479
7698 5636
7558 8968
3759 4579
3727 9819
8823 8453
1180 2449
2009 7957
7919 7630
768 124
162 1606
1498 7423
6794 4702
2987 9223
5137 5778
1542 9898
5850 3822
1757 4287
9687 7441
6842 9255
8288 8794
5506 9203
3755 505
1539 1296
2901 5914
5668 3093
2736 9688
2237 2436
5826 5130
2239 3919
1097 3504
6123 7951
1315 5644
7040 5751
9352 7438
8616 7457
3607 9064
5636 2477
7148 5829
8346 6992
5733 8482
8955 3479
7399 2464
8755 8725
8497 4556
3166 4069
4625 6839
5437 7818
6481 2597
4171 149
5494 1606
2718 2974
6664 8168
7530 3552
268 4153
8845 741
2653 5996
8124 232
9380 6551
9637 2094
9491 5926
6722 1329
9291 1015
4425 9569
8800 8463
2554 4521
8391 6529
8093 8531
7635 7874
1224 8546
7372 6028
2710 2966
3293 7662
885 5098
7752 9597
4938 6972
4717 5532
736 778
8340 2721
2582 7066
7021 170
2031 8496
2069 1143
8172 2978
2898 2737
7215 2518
932 6764
6696 9420
8513 1293
3953 8738
9560 2113
3463 2243
8205 4394
3716 5417
8712 1198
5492 7931
4753 353
7412 4789
3273 3611
4795 7073
4069 348
6333 2893
5619 3730
7847 3202
8231 8765
7371 9591
8830 7595
7709 7066
2255 5579
4696 5313
4026 9176
1113 768
5438 82
9076 498
5889 748
8860 3792
1182 3422
824 3668
9414 8459
5952 2102
1295 9126
2046 4483
6650 4944
2785 4402
4932 2696
2374 5210
9797 948
1443 7604
3679 7322
7758 4476
1829 918
5532 4978
710 3781
5665 3786
6597 6168
1509 6174
7376 7251
7912 3993
4503 6092
4042 7482
2139 3072
4674 9823
4530 6563
1233 7559
3522 4309
717 9153
5953 1286
3041 6334
6946 5890
7833 3023
9719 6128
8236 1535
406 7822
5288 613
7512 7275
287 5778
6785 8125
9892 463
6108 6041
2567 7147
2140 5161
2869 6939
2632 5176
4361 6690
4054 5666
7562 8097
512 8433
7981 7483
9444 5576
1125 1012
6417 6519
9717 5574
6834 5547
9125 546
5184 9912
7555 4583
7288 3554
7373 781
5504 4090
7259 9732
8413 1312
6001 3338
7286 4156
739 6894
5001 7136
1600 7525
7831 2291
2053 4455
8320 7451
9843 5885
3232 6217
1822 7019
3198 2487
7116 1145
855 3262
8334 456
5457 4598
7873 9124
914 6219
3040 4517
3878 5431
6899 9231
7143 6751
6747 793
2018 6059
6517 9790
6579 3115
6103 4020
5608 3623
1389 7680
418 6746
7991 5540
6397 6400
5512 3591
328 8660
7119 513
1114 370
944 1381
1220 3669
5304 8426
3554 186
2363 806
7012 7163
784 9310
6163 5721
4962 3247
654 2832
9524 8411
8273 809
72 1364
3995 5020
6538 1846
8380 2027
7284 5461
7533 845
3542 3531
8045 8754
4980 9433
311 4458
1491 4815
3468 4139
7663 1233
2667 6540
1974 2016
834 2475
3453 383
2412 2912
8764 9729
7515 4221
363 3408
8375 4269
8830 1743
4953 6074
8801 3447
1181 4772
2121 5957
565 9694
2020 1115
8845 10
2529 82
7827 783
7694 3549
7375 6509
4297 3419
6384 5424
3432 3237
8366 6176
3552 2419
8256 4867
7587 69
920 9455
8813 5908
5324 2353
4706 8434
1342 4823
5719 8365
2005 1977
6828 16
9563 7664
3634 7969
1465 5617
4314 9352
5442 8858
8447 8052
1309 2765
4453 7392
6067 4205
4732 3696
5420 698
4361 5599
5455 5683
1453 1466
5479 690
2689 349
6770 683
3996 5764
9335 6517
2505 2625
6373 8027
2903 6115
1071 1794
8814 1108
2701 3108
332 5557
4090 9080
3762 5745
3091 4686
7725 6988
3528 5612
5276 8615
6004 548
365 3667
2182 284
4321 471
6495 6717
3221 8499
9871 7218
3943 723
2459 9803
3409 8613
3250 7871
1261 2343
5871 6
1740 8046
6434 8042
9287 6836
8931 487
5278 7110
3879 7619
4584 892
2441 1787
8767 7784
2318 5333
6408 4303
9716 6870
9699 2383
2535 5054
1672 6096
5479 6778
1797 4761
9539 2589
4035 3640
116 1627
6679 9770
6204 2134
6778 6931
720 5270
6585 6546
9858 4713
2798 8050
3754 1913
5877 5377
3033 5101
653 4233
2604 4445
7101 8393
5540 8000
4705 3012
2333 5972
1697 6223
6982 688
9364 3413
9530 7004
2937 9374
9179 9342
2616 6581
7333 2768
2738 2866
7005 8975
6381 903
5734 6984
7350 3387
2513 3402
5245 2435
2345 253
8634 35
5392 4245
3642 853
2691 4506
1050 3520
4869 4792
5744 7781
9161 3468
3059 6623
7682 2036
1969 7128
1669 1115
8631 2443
8332 2258
7652 5967
6574 3440
1376 4631
6854 476
4394 4208
2732 5857
8512 5322
4569 1504
5002 1355
1645 6924
7894 5504
1150 2657
4773 5427
7295 352
8089 7201
9519 1538
7798 8663
3580 2617
1910 9823
3827 6328
6382 4745
791 5873
1900 3488
5567 7404
9557 9590
1830 1365
4753 6285
3325 778
4010 8893
5252 5082
7756 3941
7050 745
5482 4516
3447 3195
2520 6074
8825 8363
8659 4330
8328 2187
7432 9466
217 6739
4036 2627
1009 7832
2067 2460
3514 7766
6218 1661
91 3391
192 7396
5532 1242
3903 5082
4416 7719
3852 8155
6107 7531
3193 5605
2628 8250
8675 6939
5429 8325
2830 112
7786 6755
4179 3432
2338 5609
5208 2383
4544 5411
4498 4882
7050 4652
8050 2263
3449 9467
3539 3782
9702 4384
7425 1291
3949 6272
8515 961
219 206
3390 2196
5674 6555
64 5571
4081 2691
8075 4024
1904 9064
1903 1243
1001 4134
6291 7185
9613 8197
1808 7927
67 3387
7558 1513
3288 4715
2213 2932
8351 4873
2762 4754
1377 1771
627 9467
9869 4444
5156 9983
127 9966
6912 8258
7655 2425
8105 9485
911 9455
1009 622
2194 2508
9469 4531
8278 9832
9077 5456
7749 2676
2252 4714
8667 707
513 2217
8300 5409
3362 6875
2943 9481
1527 2927
3372 6278
5481 5387
7417 7236
5744 4763
2240 4400
5615 6594
5463 5578
4472 9321
6320 4186
3531 3872
1509 4171
7228 4189
7026 5496
2831 7161
2792 7940
3964 3115
3769 1986
3523 7742
8375 8570
9800 6087
1239 6031
1292 4883
8210 2115
229 5596
1848 9848
3312 9873
5248 4213
9410 1322
3400 5115
93 3248
6627 9698
8300 7529
1723 7412
5501 5921
5387 3772
9269 3445
1724 2472
6950 1872
4068 9574
9142 2865
390 8715
1922 2055
3551 8587
8010 2384
2238 7408
1292 5903
3120 3194
6822 8690
1941 2367
7041 3086
6993 4630
1595 3984
8332 8978
8227 7855
6402 7462
1280 1831
8795 9316
357 6805
4327 6057
2486 5798
2545 4727
4917 1277
6808 2019
1250 1488
3107 6363
4318 4257
6113 7855
2060 7469
8717 8741
7315 7649
1821 8015
1886 5724
2235 6984
182 1732
5656 8687
8306 9875
8144 150
3601 7166
8258 6078
2451 9909
7683 5017
3164 3032
1189 2986
2973 5542
278 5124
5877 7638
9453 6933
8727 1546
5767 6096
184 3722
5308 2306
6263 1129
2199 9765
4474 7986
3492 8332
6419 1121
2590 6008
9441 7476
2925 6258
6741 3240
2089 3760
9922 1548
6808 6801
6081 5008
9748 8434
4454 6663
1843 8904
8374 1178
6448 308
6773 7139
3145 5018
278 5104
2992 920
2669 5929
9458 5675
2575 5455
1924 4930
7507 234
7927 2654
9622 8767
2481 5619
4432 9340
5107 1178
156 8920
4021 585
6654 8618
3755 4628
7873 4495
1695 9283
5420 9687
8153 9278
8767 6765
7295 1624
7192 4898
9388 342
4333 8891
2521 3914
3584 1891
702 2132
587 1252
6204 4784
2477 6337
2771 5622
937 8707
3460 8718
4617 2893
8972 8558
8134 2064
7567 2057
566 352
4222 7332
9681 653
7416 1374
1232 676
239 2892
1393 1463
4348 6269
3065 7194
808 4583
3793 1157
5523 6050
1216 1471
5168 6387
6484 8460
1701 291
715 296
1233 5046
2282 6736
1975 2013
2361 7792
9044 6295
9769 3489
4228 3735
4837 9301
8382 2605
5771 793
9598 801
1534 794
5587 2947
5894 7411
9426 7163
789 6452
5867 3256
4257 6064
520 3545
6639 6352
6007 6565
4577 3976
9862 8599
8224 2257
2441 8044
305 699
7377 2979
3999 1516
3842 2775
4045 5448
655 5480
1483 6836
7641 6796
6713 8371
6679 4067
3264 2949
1799 9961
692 4842
9339 3275
9786 4213
6660 1096
6070 7256
9214 5920
2025 4470
7496 5420
1791 6967
662 7437
453 122
1992 6602
2095 822
5404 4203
8703 4686
3003 8543
656 9381
3951 215
173 833
9970 2964
3164 254
4255 9581
675 1557
3149 3327
1560 8457
6291 1056
9887 4938
9288 4943
4777 6412
5180 9864
6230 3815
2094 525
5484 7701
1613 5376
5936 5581
5823 2673
1502 1921
6843 7823
4698 1366
581 2191
1806 9836
4446 1938
7034 7890
7327 6252
8400 7580
3850 3411
4243 8115
2847 7708
1726 9086
9663 1379
2381 3658
9158 6984
6224 3828
573 8573
5219 7987
7113 1911
9793 5866
5748 640
4851 3098
5775 4632
325 6923
4136 1768
1815 4162
2304 8350
1628 7120
934 110
3514 389
9532 157
9402 1078
1004 4986
3273 2413
33 6315
7749 5578
1945 3157
2592 4924
1711 9827
975 2859
1928 5982
4114 750
4008 7464
2997 7166
4931 6981
9364 2408
1449 818
3483 1483
3520 6592
5327 1032
3688 9716
3074 3486
3526 4478
4014 7883
2588 6575
387 736
5877 5495
8763 2193
8007 1249
9113 867
3173 3783
2596 4482
471 243
9265 2074
7530 9425
8544 134
2854 4340
862 2215
4743 3748
6039 2106
4575 6931
3152 9070
5301 7072
3133 1995
5974 5860
9768 5864
5552 8334
7942 2143
5943 7873
7606 4916
2572 186
7895 24
8393 826
128 7574
2730 8063
3792 5470
4576 97
4624 4922
3518 1247
3748 4161
9080 4243
3766 8839
5312 8270
7385 131
2515 4733
6065 20
6138 6290
620 2915
7428 4206
1735 6129
6476 6323
2017 1184
2237 3260
8765 7887
2515 5655
5371 4286
1344 7434
8299 8944
4449 2752
7330 2129
1393 5896
3715 4661
5461 5017
5090 2998
9882 7330
9483 5585
9196 6702
5699 1582
5295 2205
5310 5578
8080 779
2715 9510
2845 4078
2972 5853
2832 3703
6033 9336
8141 649
8942 5481
4055 1710
7 3826
6306 3586
4382 1731
2984 2698
1435 6170
8423 7969
3425 4808
8330 5592
2179 4134
7813 4125
8908 525
6749 3982
7606 7391
5065 2047
1287 2895
1138 671
9235 8757
5328 9929
1918 698
2168 9057
440 2324
5191 3397
9275 8514
2168 8662
3450 1803
9487 4808
124 5499
2713 5142
3421 2939
9792 9878
4029 8423
9244 8668
3684 8291
9658 419
6081 7890
7904 6897
8903 9441
3635 9686
8972 6424
8692 2610
3815 7474
2805 2076
8363 4766
4115 2166
2824 4704
4506 1642
4722 7521
1160 3109
7782 1678
3344 7341
964 5614
5161 9538
1805 6511
5420 7270
102 9911
3941 6728
5275 3908
7793 1388
3012 8340
8078 3292
3965 2035
970 8252
2970 8333
3530 1658
7443 2214
3690 6889
4235 4218
8095 9425
1581 598
6169 5970
5995 9384
3045 9473
4966 5836
3008 2907
9194 3684
3830 8479
3863 5883
5781 905
9880 8823
9971 3023
3435 2510
2929 9520
5162 8585
9006 4516
8132 1681
3395 4640
9617 7846
521 6978
9759 7722
5856 2034
7140 3212
4476 9661
651 7729
1536 3861
3793 8250
5256 3879
4617 6259
5891 4614
134 959
2488 4071
1924 8224
5060 501
2992 5867
5969 8099
9618 2072
3073 2166
8150 9801
5897 9350
4517 327
5574 4485
5484 9154
5716 5154
7762 666
5286 1630
8382 787
8574 8733
5860 5413
7363 829
8246 3870
3741 4128
7917 8807
8939 7428
9252 7311
322 7143
5138 9178
574 2913
3200 8658
8639 3147
8178 2611
3329 7413
3752 115
9985 2689
9711 1076
7167 2479
1298 2526
3405 8546
490 8461
9986 4823
1003 5323
2623 3915
1467 1043
6588 3313
974 4712
1044 6719
4823 2286
2571 8278
5373 5113
902 7539
2169 6927
715 6679
6089 3140
8657 9048
9897 1716
1177 740
5660 175
5197 2848
1555 7980
3250 9411
8263 6972
6865 7086
7664 1029
5878 8028
7534 311
1559 8948
5217 9659
7948 2510
3556 3433
9695 861
616 5372
4849 7304
720 3318
4351 7103
348 9370
2694 5137
3174 7474
8637 6666
6835 3221
1554 9606
7141 9542
92 7535
9626 6757
5387 367
3407 9851
4837 709
8283 7373
1631 5563
3469 8393
2149 5024
4978 527
80 2918
5554 4572
7945 2978
5818 1558
9948 7010
265 9050
645 94
5036 1681
4458 1422
5893 2654
4571 8630
5989 5867
964 3606
9357 2825
6495 1533
8915 8445
2623 9398
5083 8719
910 4055
9140 8020
9741 457
6774 9372
6911 3455
1302 4183
1668 947
7842 3401
3005 1395
9630 338
2566 15
5821 4353
6132 7746
466 9065
114 2782
7325 7446
504 59
2192 5731
9239 6306
6127 1626
1420 7808
6328 2098
6084 6693
7664 6444
3118 3374
4562 6108
3300 5657
8429 405
4904 8706
1941 6413
5575 676
6714 2952
2176 1253
7545 8554
5067 5196
2335 2740
4943 803
5888 8582
5820 8636
2788 3366
4107 3337
1137 4024
1114 4353
3189 6967
4906 5867
9517 103
2883 1478
7297 8833
7719 2211
997 8774
501 279
7893 6334
5105 7802
5718 2922
4498 9900
2401 5096
3454 5189
668 9645
7090 4385
8674 924
1033 2313
2897 5256
1379 7894
9949 8601
7832 3295
5356 1027
8504 4728
9051 7643
805 9092
7401 1008
6528 2173
3560 4106
613 706
8958 6212
3307 3961
5806 6956
2766 4957
5350 460
31 4236
8298 2567
604 3138
9130 7808
5645 7911
9973 9868
7248 752
6871 1623
7466 1119
8183 4610
3243 616
5553 853
109 3831
676 9996
9765 6582
6506 6766
855 7691
2748 1258
1581 3741
5687 7997
1989 155
3145 5194
4737 1196
5072 1477
667 9885
631 9962
1114 4084
4596 3283
6909 3364
1339 8360
7564 1110
4669 503
4433 4036
3570 8532
9882 7992
6446 364
3185 1206
5033 2214
2193 5195
2570 895
49 9727
2561 3244
4895 8842
5706 8757
8971 7078
1401 3579
6362 6960
4423 2567
9018 7250
6709 4229
8265 7006
7181 5277
3044 3237
9733 5561
2913 468
8978 7958
9244 4501
8321 1499
956 760
7544 6759
3326 9801
654 2716
1517 1195
5231 1836
518 1382
2811 6095
8106 3852
3620 7635
1048 4131
9929 8179
919 4352
7176 9468
4832 5611
4173 6563
394 955
1989 8741
2266 3565
5238 1199
6431 3810
2488 3654
4495 8853
4772 254
1477 9008
9063 4946
1958 7525
6610 8949
7023 5866
7808 9745
5895 3083
7136 5825
536 9192
5162 7075
8689 3005
1066 4877
7769 9314
4014 8124
3450 7079
9267 7267
2754 9296
2175 6551
5869 8600
3536 1026
674 6506
2811 2465
719 4846
2687 7104
99 3396
3361 8676
1100 9260
6637 1167
2437 3568
1340 8340
5831 9314
9790 6581
5408 2820
304 571
7922 7982
7398 2529
8 4934
2124 5993
4986 7083
5574 8352
9799 4525
3516 9445
7338 310
2847 2439
8360 8778
3722 598
6358 3876
8674 4945
1649 5931
3977 2033
1192 8561
7828 3965
4050 4571
4412 9452
8591 3323
871 6984
7279 1495
9673 6789
5337 2297
9836 6983
222 633
6777 4753
1199 2109
3437 4401
2433 7172
993 7112
9702 1528
1907 6315
3184 7857
1865 905
5994 970
9334 7151
8681 8906
5868 7705
9668 4101
7723 9926
7523 774
3881 6078
6536 5311
2045 1499
2875 5477
9591 7119
7473 1554
5233 3017
9506 9966
3178 6290
7525 5885
3466 9247
3149 3063
7475 2667
4778 8936
8747 3947
6851 1384
1804 9371
268 2464
1156 7942
9229 6087
1273 8731
1154 329
7400 3326
5222 3584
3761 2940
9386 6355
1678 6783
3935 8844
1046 7186
1987 2196
7912 3279
6169 8595
7787 6570
1351 1787
665 7400
7799 9834
4612 4516
8253 1726
1987 247
6724 4007
2885 5799
5415 2476
6257 6592
5568 4863
4735 2615
938 1550
2821 3648
2815 1377
7027 5170
6733 2035
7319 9808
9619 7143
5471 4437
4064 4007
3981 3612
3141 2934
1236 4333
5855 4736
1340 5085
2113 130
865 1754
81 8244
6726 1505
1805 1211
1617 3496
4030 9304
2212 2308
6784 662
472 7411
2325 9340
7662 2786
9016 1985
377 3679
4206 9455
7360 4838
8296 2300
8402 675
2899 308
1750 6054
7626 3658
9868 2082
7908 1639
1266 7215
1210 6651
8751 8003
5788 6859
6714 8650
4761 9472
3121 1027
9781 4716
7812 8670
9207 9556
4800 1875
7459 1407
3152 8425
43 3612
7510 7838
4534 2740
9431 76
8431 1433
5901 2194
4353 7310
6507 6607
6169 3812
2590 2127
6005 84
8802 9215
3579 3979
3890 3335
8670 4711
5165 5998
1303 7049
5869 1730
4801 8422
4215 8125
7435 6225
2963 2748
2180 6425
6875 2864
3684 2973
8081 4400
3957 1842
8025 8167
7968 7218
3991 7148
7778 4243
2992 787
2350 1316
944 3348
8242 2862
5947 4014
1714 7810
1165 9005
9826 2968
2137 3293
7783 6819
4228 7892
8033 5691
5408 121
1878 9911
4151 2667
8971 8928
7365 7117
3364 5691
5778 4602
5240 7052
9664 1499
6070 8433
815 8853
1097 7752
638 2080
2272 7552
5699 9921
719 1510
9363 6135
8394 8711
8178 7503
1733 6454
5943 1760
1524 6560
9453 795
7644 4036
5049 3618
7876 9760
2338 8593
4370 5039
6734 2372
787 2872
6975 9441
6089 1068
5971 3299
4075 9475
8641 5453
8104 7467
62 5892
1243 2766
1360 6235
6839 9805
3328 1256
4144 5977
199 2831
9154 5172
6863 9229
6478 2717
7360 2500
5264 7361
9585 5296
6440 5688
7416 822
6510 256
4500 8123
8181 9365
5128 5131
1816 7405
6865 7070
681 1438
9538 2007
8968 7269
8447 5522
721 6087
6693 3167
4472 856
5253 3976
9276 2537
9001 8238
3465 9964
3516 2530
6123 4390
6929 6056
3908 5463
8366 6268
4977 2865
5801 2821
190 3058
7781 8895
9256 492
3719 1026
9152 3519
8362 5136
18 9310
1335 1698
4794 3030
5472 905
2626 6573
60 851
7011 8010
1456 6474
9256 6960
2770 9094
4183 199
7435 3165
3167 7586
2681 9133
7314 9355
8324 4345
145 612
5913 3344
4148 965
247 5343
5482 6055
4996 8449
5803 3969
5990 3648
142 7485
3792 9938
969 3723
4645 5872
1871 262
2138 6849
5955 8567
3228 8155
3540 9163
2475 8209
2759 2767
385 8889
7187 3489
7175 4427
8452 8711
107 2742
1398 3104
8335 7749
4941 7361
8555 8031
2630 5209
4239 8094
7176 5757
6448 3025
2366 6510
6197 4795
7677 9058
6535 6733
3820 9700
8922 5104
2531 11
4876 2596
1232 3260
3661 5078
8806 1551
9255 8852
5376 6660
7217 4497
4708 9613
7159 3948
1080 9961
9833 2915
6149 1443
9083 6401
1714 2111
2070 7539
277 1570
3122 9065
1617 9893
8111 1043
3472 277
6423 9876
8291 7647
1993 2766
5821 5146
4283 1170
218 7716
4389 9137
3699 3918
9895 6796
6641 5153
4865 5040
6314 2445
8712 7603
8056 8719
3671 8203
578 730
8195 5613
8358 3378
8702 8518
4884 2522
7034 965
8198 1382
2816 6175
3092 222
2628 2345
4397 5430
5262 6541
587 5404
1976 430
5316 8860
3136 4365
7593 2102
8206 3711
6520 1449
983 360
7596 5325
8282 7268
1984 6267
8461 3036
7124 7613
4107 7404
1646 7975
14 684
5086 5144
689 1226
5376 1462
6702 5763
3726 6466
1207 565
8340 890
3471 481
2063 4353
2135 2823
5549 5764
2828 393
1190 3704
9040 7073
1787 9847
8545 9113
4059 1542
6578 7360
426 8835
3245 710
5728 4214
197 8576
2881 5246
2311 4342
2716 5243
3201 5853
2299 1501
7011 2881
9603 4510
296 479
7534 7472
5049 9678
5824 1787
410 3962
3882 3166
5730 6790
2400 1351
5843 5864
4682 1154
372 9030
1389 896
4053 6543
3943 9468
8382 8224
4387 965
2129 8152
1388 2081
2699 1016
2232 7198
1827 4051
5961 6704
6157 333
1971 2204
1299 9916
5668 6853
899 7362
2503 6030
6722 9746
8709 4299
2459 623
3615 4843
8241 9744
3955 1423
3946 2225
6347 5574
4650 1140
5592 2982
4327 8258
6839 5177
1011 1744
4546 9636
5870 9487
4133 2759
5984 4764
8625 2865
6766 6789
4279 6030
4385 6618
4628 4436
425 7475
8512 685
7206 2297
8724 3212
7962 8046
7362 959
533 6711
8206 1076
6148 7247
100 8488
9272 4044
3174 2220
8214 1590
6916 3739
4260 3739
1273 585
2281 4419
3601 2513
7630 5578
1391 9284
732 4593
1978 4805
9036 2864
458 1615
1766 9809
7565 7431
8560 7834
3988 5575
8259 9626
2973 2709
2715 7791
9167 6826
6466 1658
1675 6254
2139 9413
4204 2061
261 1099
2854 6766
2208 8225
897 120
5978 5745
5677 6567
4700 1698
5718 1079
2928 4016
158 5490
9994 1324
3872 4663
3870 4699
7566 3331
2795 741
7269 7502
4983 5888
4280 7155
1043 3891
3476 5898
382 620
1345 7043
2988 3072
7336 1012
7255 1798
9547 5630
7694 4322
5120 1188
3091 4044
5188 3835
3868 645
517 7393
3649 921
9276 12
417 9464
6627 381
6202 3859
3056 6785
1837 8005
9422 5047
9134 4990
6958 3952
7969 8279
8941 4947
484 9761
3276 8468
3950 7614
6645 334
3299 4390
4027 6919
3186 2739
7093 3048
7026 2909
6975 6733
6944 8497
5762 1844
9179 7269
6756 975
4530 192
3469 9847
2032 2636
4289 7142
5252 4618
3642 5878
2807 4535
7685 7607
2820 8289
1697 6774
745 7137
7950 3832
8276 8521
7456 8318
6618 848
6611 348
2834 9799
9608 7695
1589 455
1111 4016
4010 6201
1849 6013
8817 5219
9842 9311
4373 5931
4622 9733
5442 3618
9029 9013
3401 536
4009 687
4000 9146
6582 1395
7846 4198
4981 7163
3574 2409
7117 5465
6001 8449
4065 3563
4767 5382
5177 6715
5613 969
354 2046
9625 2642
2435 8079
5310 6771
5444 2815
4682 8381
1186 2523
