76
16530499
1204 4824
9645 9330
1903 5248
3917 4151
9264 3272
8077 5487
8887 8015
6651 7768
3044 4163
710 8890
8873 6996
5363 7473
9021 7052
2185 5508
254 7019
5992 2359
2205 2924
4485 6492
9175 6234
6039 5932
6136 9059
5599 8069
5414 8980
1088 5530
9534 1980
7775 6811
9993 4792
7848 2967
5954 660
6734 2721
5741 6966
7814 2237
5279 8982
7113 4584
8534 7360
3148 8583
4606 9835
2773 7571
2634 191
6976 4366
3910 4610
5805 5031
1852 3786
9063 9930
5165 8909
4412 2996
3481 9681
4257 730
9238 6698
9202 9866
7351 5114
1503 2742
3385 8503
4573 8649
6177 6747
4453 2840
8080 3974
4598 3359
3590 977
9305 1520
6265 1382
9026 57
5842 6527
2134 628
1913 8836
5633 5536
1028 5606
9970 5641
6877 272
7466 1081
2216 4226
8246 1266
1951 4425
3347 4160
4583 7192
1416 3258
9749 2494
