8463
1727643
1205 3454
9964 9747
6324 5902
2037 918
4891 9775
5263 2132
9535 8589
4176 1203
1345 9221
124 8109
4536 5009
68 8552
7771 7758
6537 3619
5460 1119
8175 6877
3693 8979
1566 4426
8339 2535
1410 2141
9560 5987
8830 393
7359 6602
7181 9098
582 6487
4491 6007
4071 3001
9182 4480
129 2915
971 7034
4480 5697
9747 5298
3280 8420
3844 9488
2231 2627
8009 537
9623 8835
8735 2222
1271 3821
6165 2366
8243 5528
8542 7041
3995 2919
4829 4092
2644 8714
9765 6141
9737 8782
2288 5716
5327 3829
318 6869
4845 6110
6374 7087
6338 6117
2180 9971
6134 4571
6169 3069
68 1439
2394 2352
5234 3765
6226 5284
7785 7406
3854 6783
3496 89
7392 2407
8198 8694
4077 5338
2994 4370
7325 1726
4488 539
3654 6110
6282 4417
8469 1952
1225 9787
2640 729
2562 8161
9111 4188
6654 2680
5005 5584
3211 3310
4956 7526
3765 8801
237 5013
8871 4716
9323 4203
6935 3530
3871 7792
5830 5902
820 5086
2252 5888
9074 1377
2978 8058
3153 947
4289 5651
9874 9438
5652 3918
7943 4950
461 4762
9979 1973
7178 6663
9432 474
8090 4015
1367 8969
2316 3462
7197 6469
8669 5814
3883 8959
2486 6911
9634 566
7705 442
8549 3887
3586 4627
6057 5475
4936 9590
3188 7560
4445 1778
8644 2360
8408 9512
4587 3518
6624 3607
8824 8285
1635 7171
241 4373
6560 5530
3594 9123
5059 5168
306 6444
6207 9500
1067 4185
4302 2057
6146 6970
9543 2574
8705 2618
8818 9791
8823 9771
4220 7412
8079 3933
2128 7558
6439 2226
674 5665
6546 839
8245 7942
4185 8476
616 8916
6120 3692
6427 2990
6435 3231
1007 6872
2375 7708
1061 556
1486 2454
83 8626
5558 7483
2351 3884
8457 1761
534 4066
1895 1382
1602 7183
4918 4959
5436 6046
4744 2348
7184 995
1861 7505
366 5645
5193 4529
7516 693
6485 833
1303 7412
289 9156
8621 8450
9222 8801
2473 1122
4576 5530
9519 3131
9912 7237
1433 544
1883 9524
1417 6634
7249 1754
7147 6862
3500 1183
7140 7243
6709 3299
3084 3807
1494 3885
9809 4001
2597 9711
7527 3491
3922 8863
309 7736
1604 2611
4584 7419
3836 9823
1127 8385
6790 4665
521 5508
2109 2801
8813 7911
3830 4716
2452 1647
8955 8318
531 3258
53 2185
9962 7542
9792 8226
7132 9377
735 7316
1890 7882
630 7246
4354 2484
7603 9279
3636 468
1165 9744
8082 6268
4751 8797
6129 8475
8027 9240
125 5633
8118 6039
5146 7595
9657 5001
1316 9709
1139 5082
3286 2606
1475 7693
8309 2901
2150 627
3783 5634
8890 3826
727 2956
7678 3149
348 9239
8155 6093
4193 7257
8600 1055
5220 5670
5724 8778
6321 1589
8234 7272
761 3371
4365 2450
1514 14
7432 6705
7494 7624
8160 5945
1567 3564
5686 3024
431 1215
8941 5445
4247 561
4039 2863
465 1015
5161 4594
3796 5965
7789 2744
1132 4349
9251 9676
2121 7996
5652 2517
147 6846
8247 7895
4592 2033
9645 4454
4272 5096
8341 7294
8258 6432
9835 2332
6639 9177
4052 1746
4926 9358
1365 7346
9100 212
5756 1412
6405 3745
1956 8060
3957 5771
8849 7481
1386 5034
2765 7832
9506 6329
3335 203
8112 8609
478 7836
799 3156
7734 4312
9728 5144
616 1444
4654 8263
7402 6146
7251 5580
3361 7778
9311 6353
2120 1485
5695 2940
6664 1025
4039 1498
2420 2960
714 2114
4226 8201
4686 7457
4392 1343
1223 8220
7956 252
3270 5188
7352 5888
2145 9873
2356 5289
6529 4075
541 1471
7819 1699
3800 4705
3700 4833
8913 3024
9909 9786
2843 5676
3673 4227
6547 991
1872 2160
318 7515
1546 5548
9504 4613
7419 7939
3327 2122
121 3777
8200 4137
43 9416
9162 7070
6056 8100
5094 3933
1028 6687
4048 8815
553 6807
7516 4594
6021 2682
7748 3254
3099 3715
2545 6603
9264 6500
6958 8077
3244 127
9837 9899
1934 17
7766 1189
969 5662
5685 8069
3981 440
4201 9775
1737 9523
6890 1246
40 2559
1865 5930
1879 4618
7220 9437
2457 676
886 8796
3138 7506
1128 8167
7506 7079
947 5610
4496 8983
1554 8856
6008 2248
3216 492
5372 7036
4797 2155
4519 7855
2474 8120
7039 3805
1356 4712
5039 9823
8681 2519
6221 2240
3955 5348
9121 2959
2691 9649
8028 7088
527 8373
8304 3620
6564 4733
7028 4053
699 6776
7686 3873
1367 7395
6261 6196
8699 5828
3088 8735
416 7343
3571 4453
9465 6937
2183 8029
8513 3625
2145 3988
6427 2013
5665 5804
154 7002
5642 7510
3343 4877
6229 1906
413 3258
8808 5894
9831 920
5871 7559
3570 9235
6518 1132
2983 1442
8695 4306
5967 8312
8963 5517
3505 3199
4985 9306
8430 5939
9893 5489
5863 253
7137 4256
3949 8578
131 8192
5865 5582
8678 587
1691 2118
7830 5395
7966 7458
9276 2434
2645 6936
6897 9425
6764 4524
8517 6763
3785 7173
6105 2287
4248 9491
1118 2223
9972 2911
2668 671
7585 6966
6115 9772
3601 2670
6334 7643
345 4728
732 6561
7689 5564
2055 5985
7030 9610
1619 5092
5172 8166
4275 1093
4668 368
578 1120
6916 1122
6395 2054
4876 2383
5163 2946
8745 4131
5492 1599
4394 3863
174 9702
9268 4433
7256 2203
6229 465
5045 774
9093 9232
7161 8191
7876 9455
4774 2758
3870 2924
8437 861
1729 2345
4640 2121
3616 6878
8911 6773
5927 60
8878 2878
6023 4173
582 5493
964 7950
3005 9672
6952 4642
9180 9472
8626 8946
9803 5089
354 7658
3698 7596
1900 7217
7015 7760
8634 3606
6208 9266
3877 4339
6093 4007
3619 3615
4057 8918
9760 5080
5388 7118
9084 7201
20 9201
4869 4323
4981 9732
452 9534
6279 5135
2356 4833
9306 2198
9873 8243
8345 8537
3832 6256
5864 569
6326 7811
8555 7862
1855 1068
6498 6273
5996 4139
784 3418
2157 166
8252 28
8879 4883
2410 6063
3771 3433
5782 2487
5598 2615
9101 5968
4343 8002
565 7104
97 164
9471 2459
7378 1276
2682 5510
8955 2749
2213 3343
6481 3763
7520 7541
934 4638
6271 7305
7694 6814
2936 4116
3769 3884
5470 8873
2245 7513
5858 823
8497 2424
9800 6719
7838 5920
5319 6837
7840 124
2500 1022
5437 6251
370 2838
2863 6131
6910 2317
2014 1375
5485 4712
2920 42
1692 3904
3821 6238
1485 2190
8171 2159
3145 615
7355 1154
37 3369
7234 6911
9220 1670
8110 5424
8716 8648
7263 4768
8956 5082
4523 7204
8982 3201
6193 8417
6813 4369
9870 9101
4754 2600
8198 2063
1250 2567
1270 4363
3157 9676
3164 3589
9343 7450
7974 4917
2929 2340
3184 5044
3043 5967
9932 2098
3931 986
143 4116
6072 7939
5111 5004
2266 5092
5194 7034
9220 896
2754 9047
9487 650
5908 5453
9008 5294
8574 6085
2231 2714
5685 7041
6442 605
136 8256
2188 3433
1803 5662
2438 7817
1214 2037
3053 8153
353 3959
3429 2545
6789 2800
549 2054
9731 3798
7754 7169
4302 3044
1203 9299
3723 6192
5855 4691
2825 7719
7894 3023
6383 5536
2031 9326
4660 589
3565 6221
8691 7536
4844 6622
1710 1140
3570 8003
3557 7597
2744 3870
6785 9085
8463 4016
2622 7186
6582 6448
5624 2335
3783 2353
8412 8578
1880 331
4178 2226
9267 7627
3460 7820
6762 4545
3735 5091
4873 4080
7847 4778
1293 777
4640 2315
8556 1134
1788 9431
8302 6740
4217 5112
6960 609
8964 541
642 2227
7143 4155
377 4906
3741 2391
7988 314
558 6835
7296 3930
7910 9804
7999 8288
5104 6301
6045 2763
746 1210
4237 6915
4219 3566
4298 881
1454 9515
8081 4488
2062 7061
6241 6880
5832 9459
3178 6884
3773 157
8181 1380
8074 1947
2768 3037
1188 4754
7392 3251
1918 6414
1688 3202
5110 4238
407 75
5360 7896
62 8642
9318 3922
7017 7041
318 7014
945 7292
77 7627
8080 1412
5372 5174
4282 3136
2689 5560
8123 5701
3130 4974
3421 8129
7238 2493
5101 4179
7284 7500
2116 2474
908 7190
7314 3441
1729 5940
8148 6304
5049 1189
915 8566
8601 3366
2624 5884
6952 556
2524 9940
7032 1619
12 2663
687 9421
9808 6237
32 6102
4878 6019
4461 1328
2567 2445
2739 6771
6116 4191
7192 1999
9389 447
920 7619
4992 2996
5851 9158
6880 9757
6091 819
412 6447
4108 5087
3837 3970
1506 6981
6674 203
9734 806
3788 2445
5077 5407
6590 4293
3304 8860
3535 4743
2361 8524
1012 6333
8387 4822
1066 8087
3026 2639
2625 5973
5297 3906
1582 3872
3747 9643
4407 8628
6206 9463
6349 6915
1414 6500
262 4710
5065 3383
7959 138
6214 7191
9126 4980
4597 7584
5892 6007
3112 717
8963 8050
5729 4710
1909 2565
710 117
8233 6138
9400 443
9919 8601
1622 5166
9654 8049
8918 8451
3644 147
4976 8615
479 9372
7146 3723
498 1989
5476 9706
7308 9134
4661 9851
2892 5032
8159 6465
5071 8213
7633 26
1749 5232
6359 1296
2741 740
3394 9095
4797 5477
7231 2387
787 1564
3620 1148
2873 4035
8434 7299
7615 3538
7791 4478
2391 4901
6147 2529
5000 9559
3711 9234
5641 1927
9371 2298
1491 7222
6986 6841
1302 7344
3161 6796
9784 1998
4298 4311
5435 8771
8842 4031
7166 5144
3159 7271
859 7570
3942 8346
7955 9593
735 8204
102 9607
7798 1076
7311 1294
7706 5599
4327 669
4200 7676
1603 6213
9182 9821
7289 5329
1349 7864
4630 811
849 1725
5803 194
4489 6795
4894 343
9018 8706
4283 1016
5879 2263
9593 4731
8533 2272
9054 7324
6022 7656
1461 6917
4237 1956
6708 5683
7581 5008
4080 5238
6192 4193
9199 8727
1594 3289
3234 8255
8913 8650
3198 1185
877 5494
6745 7775
6302 1116
3812 9539
1069 3069
7140 3891
1515 3096
6371 7192
6289 1551
6505 9236
3472 4975
9065 6267
2422 5454
1783 2774
3833 8515
6093 4972
745 1857
2640 3938
3591 6227
7771 6372
3496 2378
3990 2555
1119 4297
8780 7384
6323 4015
4714 4072
9052 3784
4784 7330
3110 3735
2940 949
2180 4074
437 8424
3579 5798
5330 9784
2372 8242
8522 9625
1846 9449
4535 8268
7110 6910
5078 1697
7284 7202
538 6446
769 9472
424 3317
4331 6624
9717 5112
1050 2229
9794 2896
4559 671
1246 7413
3754 2026
6976 356
2640 5133
8700 5723
8774 8552
9406 7595
6907 1075
3741 9001
4546 8155
4368 2510
9829 9671
1201 9545
1224 3763
6717 1131
5777 6455
4435 2596
4543 8377
7294 1982
8121 3510
5418 653
3229 8521
909 6377
2645 3788
5224 7550
7424 7634
6440 406
3187 5033
9999 4320
9417 1311
5047 3055
3224 6148
3414 1728
5801 3519
6818 2572
2011 5782
5410 9558
8336 8690
1923 561
1899 7622
2253 5280
5361 9152
984 4057
4521 624
5333 8172
7230 9416
8584 2321
6068 6206
1711 6641
8586 6996
472 5364
3456 2075
6093 2900
9085 4309
5478 7999
3545 7288
8339 7477
6042 4405
7892 9188
6445 6276
8571 5231
1401 1443
8538 6278
7369 7696
4268 7874
4766 5169
9817 9723
6024 4399
7645 1108
2244 4470
9276 5007
6060 5010
2429 3500
9912 6624
7432 6771
5692 6022
7706 4799
4565 9335
8903 7228
7196 1334
7259 6617
9082 177
9681 3040
9632 6211
193 4009
1202 6369
1955 9408
1546 2770
1496 7883
7757 9202
8185 9892
6248 2174
5171 2372
7495 3297
6010 7613
9461 3252
6077 2509
1814 1125
6263 6897
4504 4509
1303 1313
1830 8979
6454 6041
8629 7585
3239 7908
3328 9156
8887 9326
6391 1605
7106 3076
4218 702
7695 7420
6576 5431
1955 6693
8344 631
7867 9931
4057 5279
9683 3139
9728 9571
9194 233
2644 8663
2528 8201
9952 5345
9155 6899
2201 6675
6355 7988
5428 6034
2927 1452
4365 3074
5653 4519
856 5706
7394 1740
4667 1185
4507 4729
7717 962
7747 7780
4274 474
4498 2641
1440 7561
1859 8324
8263 6461
9047 599
44 1966
8858 3551
8069 8448
3457 2601
360 9815
7963 1574
1060 1327
5509 259
2505 8870
3259 4813
6669 1815
4474 7280
4333 6424
8968 1450
7516 8967
9917 9972
2359 2976
4362 7086
8062 9708
2979 1297
3173 2520
9782 5342
4066 5388
2538 2508
1865 6423
833 6437
9170 1357
1056 6155
6107 6304
7428 268
7846 1394
6583 6868
5979 8588
1326 7179
2546 9744
8684 2737
7876 3197
5700 1056
7978 7802
5318 6454
5604 924
5228 4171
114 6799
1399 5093
7474 2608
6668 4098
244 4997
2282 8839
8410 4604
7563 4584
2458 4967
5536 3237
1794 7083
5981 8113
7999 9239
1243 3486
5033 3658
2592 403
4715 8232
8236 3712
9607 8585
6503 2634
9072 9512
6239 5143
8075 9688
1688 5798
5726 4380
4594 8370
9498 3400
381 5018
8579 9467
2500 9924
8458 4190
4633 2518
1549 5852
8863 49
1161 5917
8609 7619
6773 8846
3569 8060
3312 7290
4675 208
3697 8160
4090 3092
1455 382
6411 3665
1665 5620
2286 6350
3536 2710
1955 5486
175 2287
574 9445
1590 2068
1903 2865
2904 2568
4650 4990
1420 6087
5324 2622
716 1899
4956 8790
1048 5504
443 3676
7428 11
1450 1180
7730 3986
1314 9881
2708 3693
5080 9388
323 5293
6733 8568
2852 8674
6957 3443
7969 627
9563 1220
2699 2112
550 7037
3165 2167
2435 3067
8402 5216
7535 9377
1955 356
3903 1878
8409 8033
3628 3627
1670 5401
5292 6112
7479 9879
9764 5833
4560 4583
6585 963
1203 6292
9384 7837
5270 9986
1248 3241
961 7967
293 8846
6037 4997
4132 4992
3470 1322
6845 607
5440 7392
5331 9863
9183 5256
9044 2628
7637 825
9445 2820
4637 2525
3102 4934
1537 6279
4148 630
5418 517
9279 1383
137 9536
4921 2334
2271 7400
3282 9468
8465 7445
8319 6433
8714 2052
72 7734
357 115
3474 3222
7926 5408
3548 4864
8366 7422
7285 227
247 9758
933 1539
1976 3533
1417 1370
5068 1484
8781 9517
8174 276
9048 9572
3827 6575
3402 3039
1854 1385
7080 9022
4149 8386
4095 4457
1452 5019
9990 9719
927 2352
9448 4028
1964 3824
9108 1487
5769 1197
4252 4185
5360 2561
4776 4285
8561 7732
4080 1841
1096 236
1092 7744
9086 5863
4932 7198
4876 9294
4974 9811
9921 3116
582 6593
1210 9561
3248 5360
4608 4519
5302 6520
5700 1788
3206 833
2911 1171
456 2893
7606 7542
4696 5604
212 5130
9202 2431
7997 9004
8429 3167
7556 5627
7901 1908
2734 6303
7010 2454
2216 6891
3705 3578
5338 8051
1616 3513
2215 8789
9978 5448
6482 4803
2131 2447
5347 2020
4425 3350
5386 3499
6496 8508
7376 7602
5083 6154
5472 2392
226 1353
9987 7520
7667 1803
1823 3132
2279 9091
1065 1407
7021 238
671 6545
7326 2310
4411 5574
5920 8693
8394 8343
8399 9723
8967 8651
6761 7290
6917 4969
7836 2248
2559 1253
5619 4677
2662 593
2907 4957
1781 6645
3061 9775
5645 6330
8613 3625
4982 7827
2964 7463
1287 7144
7274 910
800 9135
2841 2912
6705 8079
1195 1864
7803 113
2136 218
8549 3453
7473 7891
9849 640
5830 1599
6733 6512
4962 9354
184 3147
8138 8633
1683 8013
7503 8385
540 7218
6454 4499
3486 2858
6631 250
775 795
9313 9875
1283 3751
3762 8127
9764 8520
4297 2220
2233 644
9096 7256
5521 3010
9905 7572
4292 2831
6637 9991
8926 7611
9780 4278
426 2404
2585 5921
9866 6100
8913 1266
3370 3746
2953 528
252 3791
7857 4728
1102 327
4761 8932
2929 499
8641 4184
7417 9298
9639 7362
7713 7880
2278 7945
1151 9701
5071 6378
5699 1809
2849 3926
1782 4623
5926 3275
1836 889
7091 3786
3964 3129
7559 1474
5062 2435
4293 7101
9626 3406
5785 7679
1074 9017
4007 8542
7697 9972
2464 3162
7074 9041
6457 6872
9605 5099
2099 1562
1403 3843
9957 1727
9650 287
7431 736
6170 1233
2335 548
9394 5128
7421 9485
8348 219
8723 8746
4007 9884
8310 5106
4906 9307
1350 678
757 7319
6012 4681
409 9559
6801 6668
511 5541
8035 9026
4267 8118
3996 5785
9699 9313
447 8734
1040 2221
7092 2526
7589 9912
7137 5863
8158 7587
2606 7381
7869 3013
838 8992
5888 1851
2612 9889
3000 9620
3736 4633
1425 3183
7843 9219
5253 8287
5360 6425
3163 8328
1308 6345
6633 3164
538 9367
1402 9664
4971 8650
2535 6339
1158 8193
896 9924
5283 7380
6727 3917
7862 9980
6570 5148
858 5304
7960 2697
3790 7405
5427 4380
3130 1878
2055 3637
638 5299
7856 3276
3285 4586
9786 3709
9189 5420
9487 322
7320 754
6535 7031
3283 3906
4261 8897
9790 3205
1085 802
3589 2013
9900 7361
9693 6195
4955 6008
8750 3778
8960 6416
3441 733
1154 5019
744 3788
7502 5311
8027 2410
4574 5991
2336 3448
9282 2098
1408 7126
6700 7855
726 7000
4222 4742
8096 6731
3303 3911
2926 787
5876 7270
2995 3394
2577 3127
5673 4618
5782 7894
8708 6503
9337 5838
4755 5338
1194 5943
6419 7664
4098 7034
6247 1319
4810 5831
2104 6680
6762 4240
1850 8782
7388 2648
1271 2999
9753 1252
6883 3028
8517 583
7640 8148
2272 3641
7700 2679
2677 1371
8147 7116
2198 7128
2310 2675
6787 5046
7725 9778
7824 3841
5091 5330
423 8502
6058 9922
6927 6464
1670 9623
6066 9871
2631 3712
984 4100
3066 5417
5814 6982
5691 6010
3350 810
6310 9481
5466 7900
7433 9975
7657 9939
74 8433
4381 3768
5699 9990
3486 9559
5979 3141
494 9470
3541 1756
2078 8411
9624 6595
5602 5591
3987 9418
8855 7977
2639 4870
5124 2654
8346 3539
3735 9088
1549 625
1725 4910
1862 4781
4213 8511
8655 2702
1581 2186
3413 7606
9845 7349
8841 594
6027 7120
8613 4991
2610 1857
4813 7480
9597 4943
2973 4430
8348 2601
6897 8698
3821 1179
9170 4577
6443 1018
2655 3843
8261 6513
2667 6918
2763 9193
8725 6179
1234 7721
1691 5853
3554 3858
1039 582
5795 9510
7536 2341
8556 224
7193 7644
654 5489
6625 279
7469 6221
9409 4954
3098 3571
7696 992
750 9058
314 2893
1115 5719
4603 4080
2856 7560
3416 2506
1615 4789
7334 326
68 1958
587 1702
7929 2605
1252 3717
3677 2863
7118 706
6485 8815
9210 2261
3238 9403
5855 1409
8933 4293
278 6169
4994 7972
6776 4011
6558 4397
6554 4408
2763 3160
3755 8438
1113 7978
5404 3892
7597 3689
9523 722
3312 7730
7165 8079
877 8338
5484 7960
8974 5589
5479 3021
4032 7410
6537 8040
9432 7636
9120 7608
7623 8803
1065 6275
6494 6257
771 3574
1290 6870
9551 8768
8389 2687
884 9384
8271 3797
9604 7538
2196 6665
5193 7172
2761 7643
7300 5484
6625 6297
4275 1449
6938 4511
5309 3099
7790 191
9191 1565
2693 322
6944 3546
73 5620
4783 6201
4087 1336
8173 8782
2969 4557
6998 6789
49 9230
754 4412
6457 4331
5189 4506
5844 6321
2568 3879
126 4121
2631 5336
9935 3988
2297 333
3329 8917
8735 2628
1164 2187
7435 4645
1465 3552
3036 8496
8846 1117
7373 2589
3283 8619
1768 4077
8017 6826
6926 3817
3668 9057
2265 1745
8387 1104
4323 7723
25 6467
8468 4048
4340 5590
8586 7240
5245 3787
4519 3471
4679 4598
2484 2083
5083 367
6909 1058
8523 7663
7685 9137
3148 1305
4072 5001
8524 4084
8323 9495
4113 2030
758 6220
4684 4512
5050 2644
8692 3215
9571 9284
7175 8844
3759 8517
6515 2563
6037 1257
9669 3021
3091 1772
2841 4410
322 7261
2880 2762
429 3477
8988 9952
8403 7120
5165 2212
7092 5245
3163 9260
759 5968
1632 1341
4161 4602
5730 1545
2539 7813
5554 283
8574 659
5205 7109
1833 3646
1704 7956
2763 8257
3818 8580
9560 6635
9406 9753
2656 7325
6300 9162
7323 45
1172 5056
5422 7614
8414 3519
7843 5189
6183 4883
3739 498
3896 9946
2778 7437
9530 516
7591 2315
3317 2550
5099 1565
1854 6622
8617 2703
4884 4325
5706 9667
297 4530
5656 4895
6297 5426
2039 6094
4725 2904
54 3727
7383 2252
6689 9645
6055 268
9667 7596
4809 8179
9913 3319
8081 8064
3269 3218
6496 5481
4885 5813
952 7080
2163 2915
1414 8894
2170 1834
1175 1145
3182 4683
5290 4035
7652 6811
1700 3819
6093 3956
2313 585
3517 3246
8202 3588
8965 869
3084 1855
4107 2407
5273 7572
5155 5550
1993 5212
7528 4427
821 9046
6079 4346
6027 1386
9899 4442
481 4482
7043 6631
7729 7589
2593 9300
5958 3298
5397 5741
6139 2707
944 6712
6224 2230
4819 6903
4227 4595
3573 3623
7210 396
8657 2968
9071 8764
5834 8187
6903 2430
1728 9392
3218 3154
6111 870
7575 9992
9812 9236
2941 4459
3874 8046
4812 1714
8563 116
3616 381
9736 8036
9287 6956
160 3984
1552 7565
5630 7330
9283 9931
2011 2768
8690 7478
7710 2405
169 8407
2457 9777
6054 7485
9575 9985
3025 9437
7284 1827
9198 6364
5583 4996
5135 9855
3723 7255
1716 8658
3271 1674
619 4938
8034 5001
2492 5391
3759 2414
4358 2621
681 1509
1362 8884
5236 897
876 168
3836 2916
8751 4674
9252 4333
4007 6461
8488 3941
6887 9211
2446 4891
4603 3278
4070 9722
9779 4501
7176 2454
414 5408
3559 585
7534 1265
3723 4445
557 1681
1396 5911
1649 2418
2661 5132
8607 655
6951 4596
4520 9532
9431 6626
9919 3418
7107 9821
8453 1105
1583 6044
4921 8322
9883 8352
5729 3859
3390 3885
186 6194
9530 3566
2074 4078
5838 5525
4502 8109
4147 9028
5758 9886
2617 8193
6661 7038
4128 1569
2763 7320
3303 174
2857 6677
2877 8083
5358 6473
8614 8512
7332 1506
684 8130
6931 4098
2278 2772
5154 4683
9942 7090
7818 1910
1911 9845
5342 9157
8146 7168
3313 1140
4002 7889
6615 3224
7811 2712
9581 4193
8534 5475
5112 6055
5060 4649
7534 1893
5147 9174
8676 486
3558 709
4211 8084
8223 1570
5784 224
4341 1097
1459 4458
9637 8000
5346 8094
8932 3500
919 7670
5920 7036
8583 534
3447 5543
3110 2700
4978 8427
8438 4989
9349 169
477 6865
4635 7539
4311 223
6563 7783
9747 1187
2548 8832
8338 5882
8955 5748
6187 9412
3763 8507
4853 7717
3908 5414
5404 1009
5928 6266
5360 4040
8254 2659
4642 7015
627 8158
8605 6140
6618 2081
7817 2771
8077 4267
4363 818
5363 5522
1916 2287
296 4032
1313 7291
9330 3746
821 9476
4362 5365
9449 1025
4285 4892
3067 7641
596 2457
9476 7881
3606 4736
8092 5378
9131 2113
3031 3795
4163 3515
4546 2837
2996 8134
2432 2089
4174 9234
1820 6268
69 7440
2414 9131
2147 2142
7432 5831
9398 9474
129 9339
7956 6268
7185 459
6870 984
4795 8934
1919 8848
2354 9955
9634 7024
1762 7141
1757 5278
3736 8928
5688 974
2273 63
8906 4444
8139 9679
9502 2908
4202 9604
6106 4714
987 9653
3879 9063
6724 337
134 3151
4492 6401
2453 7416
5189 3510
9787 8816
9177 1144
4191 1885
1377 5512
4850 7628
8550 4728
3723 9847
9612 9727
6698 650
4981 6158
1472 1356
2005 8111
1733 7059
6563 3411
9637 7075
9608 4005
4060 8325
3217 2595
5283 6144
5634 7548
2369 1531
2336 2186
7435 4155
7086 9671
6427 4049
6333 8942
8745 6396
4632 6459
7534 1914
6816 6600
3563 1584
3170 9504
7676 1647
6994 8450
4391 7402
7611 8336
3391 1132
8410 1320
6396 2023
8318 2042
3681 6730
6806 7892
7320 9832
9935 7681
713 3892
9637 5829
8384 5027
6370 1428
7367 1598
4608 6922
9524 285
3510 4863
6253 3055
3566 3736
4574 3184
6771 9553
3415 8817
3291 3701
251 4768
4773 9648
3668 6896
2251 9621
6617 6966
1593 4035
3964 342
7156 3323
9886 482
263 9648
8750 7312
9125 8620
20 3847
1599 8002
483 3477
8277 3374
6745 1012
18 367
8405 2745
4314 9229
1074 8202
9200 714
945 2132
8047 4007
6309 9361
9630 1424
2967 3883
5322 6314
1985 638
7409 8209
8442 6924
3666 8704
9537 3879
1005 3861
7872 9857
9316 7018
8792 8389
6568 7571
3979 9781
7313 3724
5847 2601
8246 5889
5255 8603
5709 6473
533 9974
3448 4746
3509 5631
3760 9809
5271 1466
5953 709
8149 143
1413 2931
2011 820
6336 6722
3407 9932
9440 4961
2653 7313
632 3759
9542 149
1283 8700
636 655
7012 7082
4840 2545
4099 4002
2165 3694
6988 3042
7425 9245
645 5461
4730 4845
9699 1220
7544 3297
297 1912
5667 8637
8548 6488
4471 1384
8052 6600
3461 1579
3188 8464
4021 1047
4772 5510
7903 7562
1258 7001
4609 1433
6371 1842
9102 9166
1835 3482
2623 7634
6401 6300
7043 9548
9624 5792
3041 5602
3998 9545
4565 8069
1198 6816
6515 3775
7307 7094
3123 7527
6015 3679
4328 1207
9825 9914
7477 4195
7027 2911
4704 2864
6940 8452
6900 5593
8890 4126
291 8151
2537 5844
1236 6256
857 4530
1546 1551
6375 8737
3928 9632
397 5137
9405 766
9635 9069
5414 1107
1908 2540
5865 3594
9329 243
8095 5102
786 1994
9331 3592
3956 1321
8488 5580
7654 3445
1348 1547
2252 4206
3067 859
9165 8211
9349 6421
6558 642
1973 8896
9511 3595
6534 2586
4045 7343
7164 5543
3649 3362
921 4913
4035 3271
5476 1946
3402 9421
6038 6797
6361 2095
5451 7198
7689 5439
7364 7332
3113 4226
3728 9682
7686 9044
1929 7398
129 3567
3626 3254
9192 9895
7680 3793
7229 1989
1166 3381
7104 2999
1573 3121
976 8170
1150 2448
4614 6968
4884 9356
8248 6848
4633 2695
6511 6083
5630 3631
2825 4133
7070 1284
5795 2770
4462 4218
5948 4698
9323 8549
9670 3475
6592 7588
5473 824
1732 8964
5576 8997
8442 3786
7657 6898
3782 9771
4091 3714
7774 7270
2594 2495
6672 1845
5330 3269
6948 2025
4648 5517
7206 9166
7091 1270
9819 3842
8992 4110
3060 1545
4125 7045
3567 9139
6046 2209
9960 7999
4017 5858
4067 9019
4690 2796
6282 3234
499 4283
8486 3336
9581 8682
1650 2143
4183 4252
6965 7314
8889 6751
3887 2799
8490 6984
167 9200
6658 745
3320 2933
7431 2775
9496 5766
1875 4134
8169 148
3407 7128
383 4072
9349 3382
732 8596
4001 572
77 9272
6527 7571
9100 2034
5853 2472
7363 8048
5761 4695
4211 977
5552 2959
3404 9812
1022 4306
9936 9932
4126 1305
4310 2808
8000 880
6739 8273
4665 9307
8331 8613
7816 5377
7299 65
6170 4027
6484 1534
4721 4785
4273 145
5734 4026
7028 3961
4322 3523
5321 2138
9571 6376
8 8481
7368 1218
133 1995
2900 6045
9697 5395
7338 6977
3537 5840
7517 8483
4069 8042
2278 1727
3012 8628
4570 7830
2188 8358
605 1609
6346 6109
7037 2517
8075 8722
6149 9291
7346 533
1318 613
3472 6640
1182 1697
5467 3549
7827 9755
4332 3912
5372 4441
7891 109
7965 8337
9410 7080
6344 697
5066 3001
6276 9361
1854 1637
6911 7167
9786 9553
4757 5056
4389 3016
1668 4579
3737 4720
6422 3065
9061 8085
9115 2313
60 7921
8552 1961
1343 5208
7194 3980
3275 9422
4482 8087
719 7911
5375 3759
4814 2786
241 1797
7538 9256
4839 8066
8173 6550
5458 8691
4844 8797
5774 6075
3925 5357
8117 7008
765 8396
3571 1400
7448 8457
7535 8111
3311 5271
1764 8575
352 7908
4815 5193
1161 7216
8629 3391
3330 500
8045 9641
7931 299
3191 5265
2095 5630
9066 6386
7324 2129
4518 1670
1240 3094
4667 8473
7948 4469
3210 1487
6549 3871
5096 5054
455 9717
5852 1000
6036 6875
7967 5342
827 7782
8647 7046
3962 7738
5329 138
1674 1746
3254 4655
1716 6732
3111 7876
7588 3056
8403 5502
7987 627
7589 3873
4760 1392
3671 7465
5832 725
6150 1396
617 3714
4265 1449
2587 4858
4839 3026
5350 3696
1572 7907
4793 3929
582 4495
1370 7306
3870 8108
7058 3627
9157 821
8966 1594
8635 7287
4031 5345
5928 192
8016 920
849 7530
470 5504
3901 4069
32 4978
7442 3803
750 8908
8517 695
3385 3882
6863 6035
8483 4721
2626 7963
6205 6262
1142 4274
7925 144
6406 5005
4508 3396
3812 5670
7729 5920
3313 7760
6364 4016
1339 8312
6314 3370
2129 5166
136 1649
4350 5791
2197 8793
3149 8075
8724 6764
8411 1643
1400 8064
6569 7915
5466 3096
5652 9911
4688 9398
1057 1381
3485 2576
5511 3152
8105 3361
1538 4633
4460 2915
8420 3116
7980 4418
4486 4582
5371 7971
7262 1138
2955 8320
7885 5997
1440 9109
1155 5403
9965 1031
6713 1837
1820 4112
9330 9218
4652 4990
7664 5708
6818 1355
545 5091
6448 8934
5522 1598
1814 5243
6763 2493
7041 9431
3378 9681
8106 1367
5906 2326
3824 4536
3621 2019
8015 7096
9944 1736
9362 3906
7464 1301
3912 7331
9634 9691
4204 1198
4929 4000
4341 5990
8186 2570
9021 1488
2458 7153
2286 3915
5343 6746
9081 4858
3382 7091
4568 1417
8370 9905
1347 8831
6204 6781
8841 4551
3387 6099
1113 2719
249 7063
4136 122
4472 3976
4550 9313
302 3318
9344 1404
9844 5858
2248 6371
5738 8877
8464 5842
841 2522
8895 9601
9879 4763
898 9617
6844 9071
4112 2857
4689 1056
9308 3392
5016 6069
8753 2563
1203 5953
8388 5861
6865 840
7869 1801
8562 841
8093 9055
8590 9723
4236 9047
2708 800
6726 5814
4510 7852
6277 7921
7607 1009
9300 112
7168 3475
570 3998
8025 1510
5664 1102
7934 2307
830 4008
1503 3865
1832 5439
3823 477
1213 7775
4083 1839
4241 564
276 4337
5434 3732
8806 4513
1613 3225
4780 6702
4283 5280
323 7873
5113 1871
655 8573
5064 114
2335 6891
2156 4723
4408 3797
3425 8046
8547 9031
3580 7350
2611 5635
6853 3834
9403 3981
1606 7874
9770 5691
9570 6625
4337 5463
9838 7615
486 1743
3922 7286
6442 6767
7313 9238
3553 1610
712 9960
9804 1957
606 3349
9313 5958
7709 6986
9253 857
1461 3177
9094 6502
8749 4239
5804 5858
19 5681
9987 4252
5743 4850
8391 6950
3458 9721
6277 1656
3805 6888
7379 9991
9467 7807
1299 9909
2046 4704
4343 5388
2088 3555
7057 4609
1652 4604
6080 7085
4716 5325
6614 1061
2754 699
7987 499
8155 722
2177 4974
4588 6939
688 5633
4531 5896
4044 9264
3739 6142
9778 3591
6791 6645
8470 331
6711 8983
7015 2735
1517 2579
6004 8565
5472 851
7376 8301
8995 9235
4638 6639
6976 6002
9462 8331
5890 3438
7755 7237
2029 9692
5184 7005
3584 492
3276 4640
7128 1908
2874 3816
7383 2269
6317 9608
5388 3038
4800 5840
8988 8248
7455 9575
633 8564
7970 4208
5798 9148
6185 9660
8795 8291
805 4895
3965 757
58 5449
9450 2848
4691 4426
8071 4548
6453 175
4130 9801
8682 9162
7525 7065
6828 9193
6550 1413
7222 1835
6158 1625
6868 2412
4610 9705
1286 5552
6107 4456
7609 4906
6086 6659
6367 7169
6319 547
3573 8219
8776 7505
4694 7575
8948 8486
715 1902
5837 6627
9441 2668
3699 6640
4192 9115
3310 5432
3491 8247
1680 3178
8753 6789
2799 4178
8724 1322
5071 8809
2668 576
6010 7038
1810 5637
2712 8107
1587 1673
7575 3008
5185 9485
1805 1389
3377 6699
5435 4625
2787 8746
1217 461
583 819
6416 8536
6790 8772
1249 7484
1165 9160
7922 8593
7996 9971
1852 6569
4573 8435
2093 6361
7009 4265
9293 8905
5938 4467
9448 772
1152 6838
2750 4021
4929 7392
8481 1591
6776 1454
2458 6652
2192 5607
5652 6657
8279 6497
3353 31
5682 1567
4744 2282
2198 2313
9708 8209
3306 7496
2814 9197
2202 4292
9468 8096
8090 342
1466 9208
9924 3125
3183 2584
9751 9201
6256 7584
677 2818
4962 4750
7837 8275
8176 7252
3360 140
4543 5780
235 3865
4752 7119
3206 514
6434 4922
10 5285
4137 930
4281 925
5295 4030
2454 1502
7280 9139
5373 7937
8792 5380
4066 9968
617 6072
7922 3826
5067 1629
9832 6278
1631 9616
8879 893
8030 9454
9018 3125
1807 6492
7695 8440
8662 7464
348 4821
9554 7306
6899 5034
3965 7438
2859 8147
4957 2525
2228 6188
6359 4970
3773 6572
7235 3755
1832 9764
87 7332
1667 2180
7016 558
6432 3120
9108 9211
3512 4038
175 5417
9452 3565
9708 1637
2501 1350
1755 6324
8898 9932
2745 4385
4740 5201
5431 7356
6742 5655
45 2157
5922 324
7530 1014
2920 7663
5292 7830
9719 8408
3856 5875
1850 8920
8072 6197
9195 2348
9661 6071
9991 6251
9437 6450
1580 7808
6277 1456
5681 5512
4464 412
5667 79
3904 1982
8220 430
8737 5223
6892 5885
1799 8654
4816 3718
2198 5354
7455 9598
3733 9560
3615 1123
8782 788
3726 8773
1458 773
4041 4904
4120 3451
2979 1135
6512 2840
532 2881
5038 5129
9527 6095
1309 7693
5288 3494
794 8225
7159 1844
7884 5884
4861 4145
8745 4547
5577 2682
2609 6055
6185 9122
5261 1989
5879 4504
1280 6989
941 2277
7634 8776
135 9166
9227 3101
7991 1523
6036 5770
8983 8792
5997 7514
9296 3912
8888 7209
2546 1064
1614 4915
6060 3117
6156 6380
6549 9584
7689 3633
4553 9189
3206 7575
6944 6705
316 7879
5870 7427
6228 3622
5804 3157
271 3153
8213 2461
9399 581
9010 7438
686 4862
4091 4821
4827 4701
7421 8049
3918 2184
2255 5629
7019 1974
9987 7168
1432 2431
9134 1211
2418 2366
1910 339
4375 9166
684 4289
5869 1203
3474 7854
2700 5484
848 6318
8475 159
2453 8502
6143 8896
2662 7512
5263 6196
7087 4300
8475 7250
5723 7158
7712 8112
6835 3024
350 463
323 9594
5099 9366
6554 1943
5312 6591
7137 3300
7396 7495
733 2874
4306 6673
7213 5027
1614 8365
4533 1015
9519 1732
8137 4292
7627 5128
3698 2339
2551 7807
595 8427
999 1304
4385 8326
5863 2103
4004 1685
5266 4478
6943 2408
7876 641
1105 295
478 6328
7614 5881
1244 9744
4954 6675
7371 5694
848 7203
2640 4265
6428 6719
1103 620
1797 3999
4757 1872
1292 967
1262 2818
6328 6089
6440 956
3256 1621
4548 2222
5548 1008
7248 682
1334 1627
9394 3732
329 9847
330 9373
548 6644
8583 514
8139 1090
2974 9668
1536 4610
8113 7586
131 4490
2015 2471
1082 2627
9828 5570
9114 4979
4210 4468
5362 7111
6528 3490
8596 1917
7668 1518
6301 9840
4082 7957
6417 1708
3280 7893
2255 228
7790 6022
462 7348
227 9177
9389 5942
7770 9699
2295 8508
646 4105
6595 2766
6910 5267
6092 6417
2547 8896
9317 5626
3047 8960
7159 8125
8277 2858
5407 1309
707 3034
3849 4352
1009 5091
3982 2967
3501 7808
1188 1307
637 3245
245 6666
242 2932
4335 278
8878 2369
4390 5013
9183 4456
1603 9503
3445 4300
6748 1209
4609 7466
4443 4385
2489 2463
1089 3947
2145 5902
9503 2129
298 1223
6759 1712
8558 4221
7143 8092
9422 2848
565 8513
7711 6297
2664 2662
1531 9806
4927 4242
6040 8851
3239 297
8646 6559
6948 887
492 5880
7790 8256
9603 5968
7581 3614
4111 5573
6008 2844
6317 1191
2446 7597
365 4824
6727 5981
802 7105
4447 6428
6963 5338
1896 9981
2884 3028
620 351
2612 9505
5171 6742
202 9821
3108 1255
1908 1946
9638 1910
6151 7569
3748 2302
2198 8926
9895 7273
2147 5748
9773 3787
2118 4061
6967 3704
7719 9877
7909 1604
5659 1469
9670 2166
529 7986
6697 7995
4340 7786
3923 8416
2711 6163
5244 7933
7790 1326
6324 7951
5640 6545
7853 7486
7225 812
5533 8674
1977 8901
2136 74
7360 4356
6250 5265
5905 7599
7417 2310
1510 4256
1041 6586
3392 9834
8774 4378
3604 808
2549 4747
1906 4465
5050 9294
7346 3814
3585 5698
534 7795
6263 3919
7539 9471
7987 9348
1512 7182
7034 7572
1708 6369
2191 9956
6352 8752
3860 1956
3866 906
5942 4670
107 2500
3710 7410
3690 5584
3209 976
4366 9988
4709 107
3594 2251
6340 9361
3798 8630
9029 8932
1268 5962
265 7439
2719 6104
1184 5288
8489 5584
6699 8678
7458 2494
3115 4770
773 7374
3053 7093
4272 479
8475 8478
7874 6721
9183 9963
518 6478
1140 5334
3796 2008
6047 8021
6283 6178
898 2234
1378 8739
7603 3743
8310 7726
6178 7515
2517 8284
35 6688
8078 3563
6065 7908
2069 8640
554 3879
8063 4293
6341 6925
9425 8548
8117 9254
3952 1135
2920 3625
323 8106
1864 331
1017 5214
8302 5666
7985 5963
4244 7916
2589 9528
4114 683
8281 2726
5321 9539
5420 368
657 7677
8443 6627
6516 9187
8431 2499
9781 4730
4962 4517
395 9722
5784 1267
3759 9288
9042 3626
796 2892
5860 8177
3198 8713
4956 6430
5083 9657
9532 1849
9131 5847
1993 5400
8767 5818
238 5318
2844 113
4415 6497
4941 9157
9870 2499
7214 1495
3052 436
2755 8883
909 1250
2780 2885
1080 3014
235 4527
9975 8037
2189 4478
2459 1172
5135 1114
2093 433
5295 6283
9549 8082
7762 7677
5874 514
3198 1157
7125 4631
9006 2682
3569 4973
1378 9940
8325 6066
5046 428
1901 8032
1527 4187
5726 224
1609 3254
56 6940
6146 3888
7276 9348
4860 930
7434 5756
1604 5035
8488 269
9526 9628
2415 7841
3555 584
7223 5017
3081 6081
1168 2501
8718 2600
7297 1654
9714 1775
9596 4053
8859 4611
1725 7497
4326 3327
5527 2129
1232 8578
1567 2046
8585 6231
5143 3551
8486 6971
3984 2538
1698 8626
102 2879
484 8439
1765 9516
326 8270
2942 6326
3258 5932
1481 8056
6437 6593
8754 6894
6625 7990
9626 5923
7325 5738
3241 7495
3142 3057
3185 8381
9580 864
4261 4552
3809 5198
4978 4657
2946 5122
4384 390
7774 2747
924 7242
5854 623
1288 2674
23 9668
2257 1461
1107 4668
7809 6427
7413 4606
375 2393
508 5603
289 1375
5778 6244
3951 15
7811 6924
6829 8013
9395 501
2132 3430
6598 2079
4706 3430
5505 2583
4096 2390
68 6316
9726 785
1359 9751
7010 4472
2769 7870
4892 4800
3974 6347
5589 1181
581 1820
6776 3909
4757 2162
1943 9995
8650 2328
100 8803
5340 1581
4906 981
3246 7751
9587 9779
7255 4941
5219 6620
595 5474
1096 2823
205 4170
3785 9014
1968 6821
8511 2459
8986 8916
4927 4587
8 5912
6661 9282
9339 343
8894 8532
4609 4241
7095 4518
8318 1451
8247 733
1015 8554
763 8114
5485 184
6399 6404
2404 5079
5714 3312
6255 9607
985 724
2565 6818
3008 3629
7592 5265
5830 1039
4196 7027
5733 548
8522 3669
1341 5673
3452 7986
134 5989
4039 6478
2179 8209
2226 5603
149 454
2151 8774
9718 2235
2652 2369
1911 7687
7151 5688
2870 3858
6890 7961
7819 7578
2252 3900
3876 4735
7848 9951
7467 5922
7554 5241
7943 9693
786 7928
7152 8063
2744 8609
7038 6232
2877 6224
5352 2981
3202 3786
5190 4012
7817 1684
9999 8246
983 3141
37 9087
8059 4755
522 1265
7967 436
9765 3782
9556 3326
4028 859
8005 3532
455 8807
4869 4953
4428 9468
1681 1959
5986 6356
5849 7209
9085 565
4380 5508
1232 6086
744 6355
8982 8873
4578 1287
4975 6612
2942 5617
4582 1264
1832 8318
258 5368
8455 4322
6337 8441
6325 3194
6255 8001
721 8407
3354 8099
1500 5428
190 370
9473 3727
514 7016
4043 644
7564 1406
327 8221
3629 3965
2873 9989
4546 3742
8096 1806
3345 9637
3488 8923
8035 6370
2686 4812
5129 8042
6421 2101
8224 6816
3933 7674
2244 245
8470 9838
8573 6377
6001 981
4209 790
2877 239
6447 280
3098 3995
7375 1195
1001 6935
1815 9763
2206 188
3346 8813
6634 2522
8502 82
3864 1513
1298 863
3315 5388
6556 3649
8974 8251
5865 7333
5797 4717
5262 341
1080 2840
5917 181
3506 2386
2354 1460
2767 1345
3839 9128
462 4538
9463 6285
2167 9185
5743 2102
5515 5439
9174 3907
2001 3789
2746 5432
4254 5753
3447 7266
772 4472
9443 2247
7671 8744
7713 8956
7074 8178
3036 444
2512 4352
2246 1675
3938 3592
1985 3573
3428 4287
8552 2867
6936 4413
6682 9110
6865 3368
4217 3608
5113 1988
9614 3671
8454 8263
1225 5708
5116 1019
748 9859
3011 7555
4984 9890
7172 2480
9736 3375
9883 8580
6976 3293
7135 9330
8323 696
9802 4556
9762 9089
6504 3056
2113 6901
9695 9802
6532 7854
2691 2622
951 3811
2816 4795
396 2146
6257 7229
538 9557
4861 1790
6167 4780
2576 8426
9427 6974
6137 8218
9206 9110
8549 5339
4514 3921
8298 3195
9465 4139
5520 8170
8445 2078
876 7384
3438 9923
2406 7183
7342 2891
9609 5827
1249 5347
7044 2136
1203 7994
9893 261
8254 2431
8934 8307
358 2196
7899 1007
7620 1958
628 6856
3156 213
11 8379
8622 5287
9611 1774
3287 9219
7520 485
973 515
6921 7523
5355 5561
5841 553
4280 7126
4458 127
2180 5977
1969 3507
3785 9535
6498 8479
8659 4945
956 5165
6068 3436
4267 1962
7880 3098
4985 2879
648 7775
609 393
6662 7726
8032 6032
5710 2689
2858 534
4265 5907
2024 1563
4823 5146
7733 5140
9078 8496
6783 8533
4232 9044
5896 4818
427 5365
9710 8483
4708 1116
4296 2064
8679 3792
5740 9576
4888 5848
1504 1797
7353 606
5247 4123
4655 1186
9368 4238
7887 3014
7144 9120
1638 2929
3985 8178
4118 624
7948 8525
6389 4349
4231 9716
5325 5615
7772 6798
7791 1904
4758 1087
9856 6349
2739 9644
9059 2772
892 2173
1898 5502
5742 5076
1537 9880
6604 1289
1974 3974
7395 1102
3613 1613
9788 5962
5053 1310
8514 5922
6109 2940
4213 423
377 4763
7593 9125
8821 2902
5732 9208
3365 9809
4828 5390
4735 1694
315 7170
4961 7079
555 1698
1467 917
5893 6345
4815 1327
970 196
7752 6041
9430 9392
7382 7507
7650 7372
496 2237
9122 6468
8860 6747
8668 8859
6807 9056
5080 9869
4873 6153
9738 41
8700 3356
3177 6483
9534 6254
8393 3458
92 3177
1934 8663
2988 9883
8619 4164
9675 2134
4869 5577
7566 8390
570 9100
5171 5209
3107 7277
2791 1432
8807 3700
3254 4149
19 1720
6479 7381
5062 5936
2153 6023
4887 4921
6499 1092
5329 4590
5207 2808
1252 865
9987 1734
3391 5265
7190 6531
1421 7281
1329 5428
4661 1128
9702 1894
1248 1271
6096 8357
9644 8779
1775 4488
7620 2051
7918 8686
6060 8921
7425 5275
4506 2946
4253 2846
8813 6663
7654 1637
8321 4226
1679 7454
6045 4146
4047 6050
4697 4148
6535 7993
2968 9610
8281 507
5634 4291
9053 5378
7811 9554
8451 7877
8573 7549
6302 9183
805 7753
733 4772
9703 7929
4819 4021
8918 6409
9781 3256
5845 1368
8173 5716
2871 335
2734 8649
4776 9144
2422 9356
3502 561
2569 7597
1366 9257
7285 8498
7405 1435
9148 6043
498 7473
6926 6472
9231 680
7758 4544
2156 5899
5429 7097
8272 3503
4962 3673
1723 5788
7495 4687
4094 9276
8845 9311
4600 5441
9203 3322
8050 7319
329 493
816 4620
4461 6027
1989 5979
2152 1585
5445 6040
4843 5542
9577 6388
6609 4509
2009 132
8076 5710
1061 2457
2525 3868
5937 3276
6801 7665
8230 1081
6503 9744
7350 8674
6497 1663
3834 3740
2393 5112
2415 195
7153 9816
782 5429
3049 3424
2446 1555
4957 9372
5311 791
2947 9494
1311 7619
9191 4681
8264 3203
8629 741
1746 3173
9981 8829
3835 9501
4593 7965
1322 8447
9189 5982
625 8908
2169 1064
5149 4597
5531 9361
7211 7789
2521 9080
1126 81
3949 9933
1170 875
3606 7324
4463 2465
9519 2471
2917 9057
7956 7304
2086 1826
3424 5837
2369 5514
8737 343
2286 4998
7047 7421
2501 6158
370 1554
6005 1868
9726 1288
1495 9201
8360 4770
6700 8174
5374 1998
3502 989
1631 7432
3276 8221
5771 1880
8320 5161
2288 2298
6161 4621
3054 1517
1667 2656
5285 8917
3230 2037
2305 7724
8478 2065
5350 5587
2036 1075
9634 3548
6248 9050
9895 4759
1054 8821
602 6889
5075 5393
6120 6002
1180 866
2717 6963
717 2235
6369 7320
1054 2211
5375 8107
6121 3970
6624 6878
4152 2660
2621 5246
956 1962
8434 9783
1678 800
8420 5234
4086 3621
8808 6939
1374 3809
7513 8622
4634 9515
8991 1096
2938 490
6188 3740
9742 1250
2928 2404
9481 2777
9894 173
2645 9022
7909 472
4534 508
7716 9388
2945 4164
8456 2555
196 5460
2804 5346
5466 5146
1305 3354
9433 2019
2537 8343
5246 7361
884 319
1194 239
6981 5041
9645 1482
9000 8826
5669 8164
1347 2720
1874 8730
6029 6924
9938 6887
4506 3624
4173 7396
8379 4504
6583 8639
8488 4044
1545 1865
9696 2584
4345 1328
1995 3042
5779 5704
2667 4441
6426 7120
4216 7479
1736 7016
6248 4980
586 5188
5520 6993
7361 7505
2444 2402
9108 5664
1912 3300
3034 9725
2480 4743
5629 9020
4874 5285
9505 5560
5197 8134
7644 7344
7985 4947
3749 1252
9958 9588
6893 9465
9754 4933
1467 8421
3788 1390
2886 2205
8754 7888
3103 7213
5959 3203
8730 107
9273 2561
7965 6297
1654 8755
5788 4325
4444 5794
7047 34
3798 4852
364 1651
818 8124
76 210
6355 492
7981 617
4662 2679
2140 3236
4111 1321
829 1031
2711 389
7130 8857
453 5478
3644 3227
8552 3588
5646 6271
6018 6296
9549 6706
8242 6650
5123 8103
326 1609
6683 4255
3005 8008
6785 1797
9837 3581
1342 505
1627 5303
4607 1765
8305 6372
5635 1068
9458 7041
3729 9083
8972 6388
8415 2938
6340 5088
6958 3605
2580 5899
1058 3610
8960 6447
8873 6812
7477 1675
6656 443
9453 7626
9379 4158
6781 1153
2269 5370
2581 7297
5530 1590
1346 3243
7343 5050
2707 4972
4713 9415
6499 7793
8534 8268
1621 6712
7761 2092
2609 494
9702 2084
2717 3529
3792 1535
695 9028
4729 3769
3986 7375
2829 8391
2529 4337
6379 843
613 3627
2674 4839
826 6491
9199 4073
1355 5499
9285 4751
3524 1193
6237 1375
7527 3072
3819 5639
1897 4466
1251 7613
3221 7813
4822 9034
8867 9072
4759 4440
9943 7545
3458 15
8213 7534
7989 2713
8393 1347
3084 5834
7494 3726
2009 9445
3273 1176
7380 7580
1649 7052
2721 3874
615 6212
2151 5568
6221 4937
4599 6875
573 2319
6028 1623
6876 5761
7473 2488
6340 9736
7134 8185
2149 436
8092 9252
5717 285
7661 399
1377 7276
1597 6614
180 7449
8696 5708
3938 9976
5300 8289
5626 5697
5266 8785
1556 7716
2055 9204
8305 6285
2328 6593
6457 7028
7635 1148
2943 1812
289 7510
9391 9416
9827 8947
3370 7174
2063 6336
7197 4385
5152 687
9340 7027
8365 6438
5032 6634
7162 3230
1852 907
9399 3011
490 4882
2909 4407
9711 7979
8704 9351
3938 1384
7380 2473
7754 5046
2867 3074
2212 8264
6884 9605
175 1247
2909 5529
5428 2862
6884 8729
3495 7564
2442 2606
9059 5385
4397 1263
9959 7533
8068 5549
8277 8109
7580 9296
5295 3482
6546 826
2294 7007
741 5051
3264 9202
471 1153
3063 8769
689 2914
967 2730
2440 4097
7847 2509
2521 1913
952 1750
3168 6055
3197 1703
8161 278
3367 9769
746 4740
4793 3611
510 6743
1579 2896
9293 8133
6603 5066
9762 9457
254 8044
3997 2579
9982 6233
601 3736
4802 5887
8395 4640
148 2668
2348 2201
1839 549
3687 8634
3894 8316
8088 4833
7501 3010
5763 9015
4080 4285
2541 3637
4902 2514
5226 6030
6000 9907
418 8614
2397 4507
8480 4745
5277 366
8654 3353
7951 9748
1431 6406
9039 7275
4575 3577
9889 1817
8869 5853
5957 106
8954 3104
9431 9150
4993 6293
2425 6242
8626 313
2500 7475
729 2658
8607 6932
813 284
8652 1720
7431 5651
5245 8994
5119 7538
9642 2366
8039 1956
401 6438
7721 4623
1054 4330
8513 6419
7708 6457
8581 5154
5408 3632
9224 4900
2509 557
6526 1794
8075 730
8594 7495
7920 2030
377 1533
2067 444
2488 1906
2312 3694
6242 7683
6208 5266
4307 5442
806 9599
3080 8167
5298 4969
4723 4460
7550 1845
389 2945
4894 3605
7972 1610
9901 9235
1532 8590
4764 7717
425 6105
6750 7305
7709 1330
5759 9440
8372 5550
32 5715
7635 2125
170 3911
2678 4158
5900 7595
6720 1954
7312 9148
1524 1200
44 6536
2621 9386
8753 7687
6025 307
9985 2334
1463 53
4043 418
9519 343
6275 128
5285 8172
510 65
7299 6268
1410 4347
7408 226
7718 8023
6849 9036
7896 8501
2625 1014
3229 8972
6043 7081
9740 2996
9462 4516
8063 4540
4310 5139
2567 3791
8499 781
4048 8528
1081 9644
4415 4679
5144 2617
2199 3109
4143 1085
8632 2203
5486 5343
4995 4336
4709 4263
751 4814
6000 7090
1506 7094
9973 1218
8172 7649
4113 4348
3330 9641
255 8663
2716 5381
581 5375
6268 6151
4051 5827
8559 6498
8724 7496
5636 7478
5381 6316
1231 9995
9306 1380
4819 381
3106 281
3339 1322
4822 907
9941 9745
8262 3081
546 610
9103 4467
4600 2397
953 3880
9000 2504
199 838
7581 3241
8434 1373
2781 4047
7272 6459
3599 9561
3613 5887
5065 5720
1553 480
3369 3932
5888 6112
3431 6079
7238 483
1844 8794
5952 3632
7131 924
8746 2148
8828 6247
25 6945
9262 3945
412 1190
6374 7353
2019 603
4555 9987
1658 9569
9318 4516
3022 1646
2803 2446
8216 8272
3027 4952
3157 3991
4684 8166
4652 5481
255 6185
2731 2415
4879 9525
1593 3502
7689 6305
8292 464
8185 147
9491 4759
7337 2164
9047 3477
3197 8055
6979 5576
5018 7163
3784 9749
5963 374
2147 7511
6016 9672
5951 8644
8745 4278
9279 6987
1910 3048
3766 5424
108 5358
1368 5715
5590 863
7975 4404
304 3
9777 7090
4177 2588
7545 71
142 5347
6229 5355
5100 1249
6286 1353
8951 5907
3788 2531
9759 1304
3814 3794
2600 4660
7928 3096
2638 8339
3513 200
3839 1427
2590 6761
5893 3587
9825 2339
326 7937
2489 4215
7615 6996
3256 9257
4202 9544
1301 9825
5040 2655
977 2217
8017 158
1025 8734
8801 7292
1858 6892
7661 1251
3404 2961
496 1475
2677 2739
3471 6342
6840 3944
1689 9782
3062 9754
6483 4480
7201 4322
5815 4572
8002 5457
5342 4067
816 9050
9554 3677
2298 7579
8338 4085
8758 2559
2576 3341
4907 17
950 3694
2875 5019
2414 2215
4976 9533
3121 4865
8376 7477
6628 9769
8052 6735
9751 1176
6675 3976
3430 9526
2615 1245
8261 8791
7765 7429
8158 2644
3132 3966
8769 7409
7889 5888
9615 4685
4383 4410
7208 6848
9871 4781
2045 9374
6753 3920
6315 128
5917 430
9862 3492
7441 3941
4423 6889
9818 4437
6549 3738
3391 7818
983 4107
5500 6583
4289 249
146 323
3193 8333
4288 5974
4184 3280
7875 5785
246 4806
228 6231
3302 9786
4367 3035
3516 9776
7638 8681
1039 7388
3795 6187
8400 7853
4799 1684
5339 6529
2089 7740
5220 8532
5640 6837
3992 532
7793 4036
6550 4386
7094 9979
2048 4574
6169 1494
194 2075
2027 1482
1025 2740
1988 2558
4440 6537
4019 3900
6546 4357
2285 6176
9678 9282
3874 4630
5809 4574
302 5197
2092 7020
9846 1451
1715 8869
2511 3200
6811 2297
1157 2135
5339 6436
7649 4227
3878 9612
2391 6542
6454 1718
1155 2015
4732 7671
4160 5113
1777 6464
8131 4566
9859 8081
8865 4649
4616 1596
8171 6436
2587 2936
3121 1130
7454 8611
8601 9913
7923 4887
292 2791
23 2515
3005 5466
7792 6742
4754 1607
287 6543
8610 5772
4345 5942
8928 8672
2179 8439
4454 6791
7044 9577
7535 6840
2670 9022
17 4423
4269 4299
9818 4669
6777 2692
5749 3597
9529 6673
8962 4155
9427 1918
4798 7886
5178 9862
3527 2898
7853 5537
9874 8275
1377 7221
7242 3025
543 6446
44 1370
6381 4384
7941 763
5328 4162
4248 1170
2294 5768
8794 1609
3033 4909
5458 9284
9235 5572
8741 3620
2813 4108
3272 181
3484 1704
9040 5806
9119 877
4969 2666
1753 9402
974 4246
5905 4193
5897 8567
1233 7740
7510 7042
5879 1060
5090 9178
2161 6279
3526 4738
1312 6621
189 4618
4838 8573
7677 5353
8600 8065
8462 9907
4134 8238
7477 8689
9099 2766
7500 8089
2060 12
3409 7116
858 9612
9053 5902
1611 8089
5069 7819
4960 214
8037 4304
6967 4435
3576 8374
5098 4613
5314 2893
2892 169
9628 1285
2245 2642
6687 298
9310 2157
8689 3402
7496 400
3884 3746
2233 1878
3086 7601
5808 3788
5498 7933
2108 3161
1493 5494
3227 4665
7539 170
6520 8152
3476 1686
950 2985
7877 3700
7634 7176
5775 2054
9798 4279
864 8345
2670 1870
4140 142
2857 6787
8299 3113
2993 2662
7163 1966
5563 8974
2605 3754
8621 7117
6910 2020
1527 9639
9583 3030
141 7330
5335 281
7816 706
6904 3767
8834 4532
8406 2997
4681 8371
8506 9277
2458 7636
5589 8438
440 4106
9745 9267
8174 8665
509 2126
1797 6449
8744 2707
8012 9727
5242 4283
6884 5951
3259 1370
3789 6594
1466 1845
184 8548
4020 6169
8063 7503
8658 7430
4084 8636
7806 4321
4933 6410
7175 780
2141 6186
2500 5345
279 2332
3199 3699
7862 1798
5121 8495
7646 7038
549 9311
7488 2677
5289 7075
1446 9169
5927 1304
8448 53
1811 1239
4178 6817
9978 8833
819 6095
1205 8583
7822 9165
8390 4386
574 4774
4676 2909
1531 6146
7826 9072
2482 4895
9656 3561
3982 5186
8913 4698
2731 6064
11 5920
4883 8872
1159 2722
3485 5491
259 5901
4858 9558
8874 7569
1865 7800
3268 6954
6759 5073
2606 8003
1932 5830
3062 8431
1108 4265
5410 9933
1876 3704
8167 4112
8680 4929
2110 3027
7081 4491
1192 3726
4679 9134
4589 5274
8455 5212
4133 7670
7877 7412
3939 9170
7758 8090
9853 2568
8793 9582
370 7112
1010 5296
77 6956
4185 3367
6279 1837
8216 795
6501 5711
3486 9610
5903 7358
946 7175
5126 6649
9029 5553
2452 1592
3373 6283
4758 8180
8374 1698
3923 9038
8566 471
3649 6302
8305 9355
6156 3224
6303 8655
4540 8616
8028 9642
280 9779
9241 7639
6047 6586
8411 1236
479 8845
1365 6497
9367 981
1022 2892
8507 9000
6212 1892
1824 6689
6740 2735
8217 8153
556 676
8366 6266
8222 4278
4832 8219
6744 6329
2150 6892
9049 1095
5265 2051
1409 9040
3990 4016
7382 5202
6905 137
1916 2906
6466 9103
4976 5775
679 7878
5632 1412
8188 9064
7592 2362
1785 9076
5540 1600
9873 3528
2533 6077
9330 6837
7293 7452
7536 3515
968 348
7829 6984
2530 3662
523 9786
2488 6746
9503 647
3961 4728
1970 4481
9642 2749
8274 9254
9842 7635
2381 9063
4878 2211
2370 1566
1448 5218
2551 9753
7238 8762
6363 5251
9358 9371
9635 3516
3295 6604
6803 8271
7615 7347
3770 6489
3372 8596
9535 3535
8499 6123
2734 5694
6282 3719
2730 4347
370 7329
2146 8896
690 1895
6847 8973
5833 5171
7158 4513
2619 6481
1173 958
3850 6701
1305 4741
7465 4143
9275 1097
4421 1690
7377 5090
3492 6956
1052 2095
4475 4969
7232 8023
2218 8016
2393 4462
1710 335
2836 180
3580 2567
5256 9296
9663 9078
552 3542
6158 1233
7405 6140
5064 5739
6759 2093
3884 4283
846 1019
727 6985
6192 4311
7332 7449
3963 8321
3384 8291
9698 2567
1874 1767
2674 8921
8823 1856
3990 7632
3673 5459
6811 4738
6896 4203
3583 5300
3164 4640
5368 2298
6885 8656
4975 7118
574 8914
2863 7284
5476 1947
8011 7200
1441 4562
257 2021
5497 8085
8354 5419
3422 200
1716 9596
9068 5353
6430 7617
3781 5938
7550 6416
6534 7613
4798 4860
7432 4063
1043 2361
2285 1830
6882 3959
7814 6281
8862 3333
2438 3035
1874 6761
7254 9757
2944 4789
2055 2868
2253 6235
2653 9540
5309 2045
6642 6279
8729 8997
8227 1742
4508 309
3512 7022
6893 3448
1752 3156
8328 5647
6492 7241
8169 5446
1296 2482
339 6656
9946 8928
4217 221
8908 7121
8882 8198
2181 9805
9432 7017
652 9197
5182 6720
7346 3849
6729 7482
7798 5470
5477 2525
3498 5135
186 1208
3527 210
5566 2469
2982 914
5635 296
5995 3351
8297 1681
1246 5810
6206 5610
591 4297
2920 4756
314 6517
6920 7837
135 7782
8665 3472
6625 2415
4681 2410
30 1975
8754 9556
9539 2476
3345 2189
8170 3939
3113 9825
6418 5986
9728 4364
5777 1859
4785 7072
1978 7589
4394 6356
3427 9607
7418 4721
2334 1485
2216 3786
6825 1816
1198 2222
3421 9179
8472 2105
271 9402
6155 8042
2291 4128
4928 4943
5608 529
3354 4222
6699 2253
7759 2257
2937 897
3357 4995
3437 8491
4510 1831
4552 6254
7464 8472
2150 5407
8353 5011
503 3149
4171 3720
7427 9836
1017 2739
5979 2010
3786 3504
876 7360
4412 9711
5011 8443
6292 8229
4023 5855
5934 2307
9742 4092
5989 8630
3962 637
8729 5698
8015 1950
8323 4980
3243 9393
8092 7896
678 6240
6630 6994
804 2113
9125 9863
3918 1825
6977 9096
1179 1452
9796 6461
252 5295
3898 1607
9259 5175
5621 5454
2622 5699
1633 466
1288 4845
7640 4485
7406 8770
8420 2273
7579 918
7371 9037
7255 9294
7613 3564
1085 4235
2183 424
5563 3988
7576 7833
8916 9249
2734 3734
2095 7760
3201 6010
5066 4592
5974 2377
1037 6420
7937 7982
872 9859
2510 3465
8489 6461
9334 4725
5077 6197
47 6333
5917 6537
8468 5406
8672 5175
810 1524
194 8851
7247 7144
1353 9595
2339 2137
5809 7309
9573 32
5079 2718
4077 2209
6795 6259
8565 9630
3483 2311
489 9829
8323 5390
178 9133
2128 6277
7970 9523
4556 6633
919 8804
7820 9545
6467 1564
6584 5390
4611 5877
5215 3678
4451 2143
6148 6135
1996 3554
6558 435
6707 6602
7714 9719
7416 7424
9395 9639
3963 7935
8380 6432
133 4648
6871 9287
8851 1188
2334 2986
7338 343
788 8338
5199 2545
2156 7764
7720 2564
4844 5563
3574 7107
1757 1190
287 3920
2049 1387
4872 4936
2343 8808
8715 8532
1887 2196
3969 322
3901 5108
7357 9
1117 2468
3973 4612
4785 2092
1058 5317
2394 244
530 6007
6703 1996
5564 9830
4678 611
6859 2544
2795 5685
6575 4535
4350 1261
3021 9821
8375 5869
2362 488
7981 3819
8109 5508
768 4489
2754 8397
3329 8551
3371 8175
2635 4555
8601 7710
3043 997
905 8786
2871 809
674 492
5709 1679
2020 3621
6641 8991
7557 3006
2986 2200
1727 4876
7259 5592
4245 2669
5016 3516
6159 4757
326 8808
3826 8243
479 6562
2201 1699
946 4394
3412 8926
1275 8723
5672 9505
7896 163
2151 4793
1044 5994
8401 9796
1613 4765
6361 9580
8679 1780
3985 3016
1880 3235
2140 5149
5628 9758
1672 4444
1470 253
95 117
5221 938
8180 4634
9743 3837
8790 5860
5127 7106
8997 2005
5369 459
5281 2675
1617 5093
7654 597
1225 844
707 5613
893 1034
4907 6848
741 5271
9408 7599
6347 4260
141 2226
2932 6077
3815 1097
4614 7164
4184 6822
5425 5682
9995 7605
1185 423
296 1666
3568 7174
4442 7991
3220 1165
9149 8294
2483 1274
4675 7590
9520 7648
2480 9252
8307 5618
7442 97
2265 4074
7018 5821
8911 7040
5223 624
2961 6669
3177 7434
2428 5727
3121 7833
4051 7726
9136 1598
8703 6754
2852 7657
1973 7537
9188 7951
4551 8584
6951 2729
8618 7671
1072 267
168 432
9014 3664
4377 5385
1955 7216
7987 647
8894 9133
3858 4754
3711 7858
7006 5098
1428 8996
7470 902
9068 560
9992 6023
2069 3039
4886 2933
7890 9396
4907 5382
4048 3564
9918 9285
7747 4117
4898 1624
5745 3056
7198 4676
5240 8256
5780 5361
3477 8475
4630 452
6305 248
6153 8276
2372 8180
4535 8940
8093 6412
65 848
3571 7727
2391 1980
7915 9092
6651 9682
9545 758
3715 8300
4664 1118
3210 6404
2903 2306
5621 7489
1802 8122
1776 9474
3455 8927
1976 6669
918 9125
2780 9935
7035 7204
1442 8527
9425 5555
2660 8906
827 708
3687 7868
3104 4408
3748 6895
2459 2324
7734 4604
294 7851
8067 6167
2609 5978
8230 4630
2950 9341
7844 2592
9120 5621
4590 7325
2506 5339
7792 5626
6350 6775
8519 7340
5268 7625
8499 4557
1532 8545
2649 5426
400 568
7565 2318
2097 1405
3221 9360
7478 8583
65 7641
1323 6090
2489 4544
4640 869
5949 5808
3630 3984
7072 299
6013 2050
1634 125
3575 3329
9531 9015
4056 129
8430 2170
6044 868
3311 7700
7796 7567
2677 5843
3805 9446
3512 6403
8735 5818
4827 3344
5435 1369
5165 6077
1246 307
5906 6277
280 8667
2909 3722
9217 2678
2783 8561
273 3406
9911 1651
4570 2858
1545 9354
5785 5674
5745 7997
5372 3332
4701 4501
5466 959
5221 1731
308 4736
3967 251
9567 86
5758 6758
3849 9084
1159 1218
4819 9267
9789 1940
2082 5778
6062 2513
2363 1723
6644 5580
7612 3657
8668 1511
602 2757
4302 4298
9624 2658
6815 9744
4423 1932
4406 3106
2583 17
178 5849
7957 8207
4775 9371
1691 9925
9557 6249
5967 5819
7971 4960
439 4613
5969 1096
9894 1387
4062 5070
9859 2620
1764 1519
9295 3631
8726 9186
9248 3259
5261 3401
3321 3257
7894 3196
3404 2471
757 9737
7898 3652
3804 4554
8103 3279
5969 773
4988 4101
7201 1707
8945 6596
5494 2755
9939 7766
8021 4021
8211 9165
4282 7861
7434 7528
6453 6651
8511 5819
9441 9053
8553 6976
6587 8256
6885 4073
1382 4568
4916 2774
3322 7992
4325 4126
2156 8826
5470 1472
1654 5832
6728 2288
2327 5143
2058 3008
1251 2999
3013 4367
8391 3250
9491 1730
9092 8574
6158 6848
3760 6656
5203 4670
906 3576
6984 8230
8783 7255
8172 9523
9844 7642
1527 562
4152 4498
8509 2220
5122 90
153 6244
1454 4535
7282 4676
3138 6093
7473 8387
2762 3405
1942 9762
2891 8866
1957 565
8798 6322
8323 7037
747 1571
4153 9996
5569 8756
1959 6619
8663 6117
9388 7580
2625 1722
1984 4747
1663 3272
4513 6903
2337 8986
5362 6502
7493 7785
3034 5091
3355 4959
1817 7876
2914 2960
8258 378
5854 9325
7158 78
9334 3347
5699 6264
5179 8199
1400 4543
1421 9312
4820 4133
6711 1333
1131 4743
9638 2516
3311 2315
9107 912
8728 8275
453 4852
4055 2181
4252 3924
1073 3749
4136 7391
6351 3680
8891 9814
4560 4457
9040 7587
3936 6778
4071 5356
4867 5442
7128 8888
3340 1186
2188 1276
3379 1510
1629 763
2873 8687
8217 429
6272 4324
4819 5863
7584 5357
3268 5480
861 2794
9089 9946
1051 3153
2338 6327
4647 5936
7363 144
5726 6005
9659 6998
2614 1913
5861 1782
966 2117
9238 2531
2305 5237
9171 9119
6278 2443
7338 6783
6226 1772
5086 5562
3168 1923
6810 3018
1888 4799
4124 3094
4007 4750
9021 9179
822 5006
3687 5920
6400 2919
8695 1595
9354 6289
5311 5695
7715 2266
8294 7669
6667 6207
5293 9973
9447 705
7567 3299
8968 7608
2164 2422
9399 6285
9585 5552
1787 3043
4749 285
8437 2955
5808 3418
3722 9694
221 8953
9195 6319
1008 5059
4949 4865
1673 3230
3941 2193
1015 132
134 3289
9367 3270
386 4129
4654 8960
4710 2477
7052 7231
4233 63
4042 5294
2469 7119
1367 831
4459 7605
362 5781
3103 1788
329 1736
8391 6517
4843 1940
9051 8625
2196 8628
8647 4378
74 1016
3557 4383
5592 334
549 2943
9243 1835
6652 6585
3276 9860
6496 3225
4316 9550
18 9220
7846 7366
6915 2926
2669 2603
2145 4279
5188 3524
1590 6581
2344 4229
6737 5875
7455 3656
1293 8884
4170 172
5529 2485
7359 859
2514 4015
4723 776
2425 447
7071 2233
3701 851
5827 16
4953 8745
2175 6755
5454 2675
9481 4821
4595 7790
6669 3480
6288 6551
1954 2571
540 9337
9813 8862
4075 4507
6681 3757
5709 389
8823 9850
9182 1133
9476 1367
4379 3924
4056 7963
3919 2102
6947 5408
9792 5292
6896 696
7327 6484
4860 8220
3704 5260
7663 425
1419 2516
747 1870
6259 13
5017 4442
6764 283
8763 7141
2577 6975
2053 1143
1091 540
8533 9106
2516 493
567 8112
5057 5168
3188 496
4609 4024
6547 9544
2097 3789
1572 7014
2281 4547
1785 4038
9515 4598
6365 7480
9315 2370
8410 6131
1577 3543
5857 1664
5301 9711
15 4512
2962 2038
2610 3883
9075 8001
3177 81
3942 5640
940 3654
9160 4227
2954 4557
2014 6002
9518 8268
4335 6122
8005 5661
1182 7744
5081 6856
720 3708
8853 4045
5157 5516
8047 3176
6914 4569
7626 8627
2779 4085
8858 5187
9820 3007
6385 8774
8226 658
8115 1981
4803 8890
3544 8819
7689 5761
2077 2099
9769 6452
3477 4130
4636 5183
143 5949
2037 4372
2214 4622
66 2666
1780 3173
3682 8019
738 8796
7629 5819
4309 54
7212 2630
9349 8053
5090 7694
7583 9437
1909 9620
844 6088
1378 2335
5899 4568
1868 3755
1456 2335
2563 3587
6799 6686
5179 443
3053 6074
7338 1736
5070 8567
6544 3284
4086 8985
4393 9629
9531 7188
2469 7163
8047 728
4147 4840
7573 3936
1430 2910
4128 6742
6856 884
2834 4008
331 8481
5555 4018
5785 4888
6328 4629
6410 802
6562 6940
2057 4508
6675 9306
7474 4267
146 3665
2271 7697
4302 6711
7413 3075
5438 2605
295 2433
1188 3612
7764 6550
8790 2850
6845 7799
3642 946
415 4906
1062 9533
1157 6038
2699 4616
3145 2032
6756 9940
4031 8806
1870 6974
9144 4746
218 1625
9080 111
3012 7099
3622 5784
5434 3151
4906 7233
5429 8263
9267 8920
8078 3323
8611 618
462 6132
9613 1390
2158 3156
5283 983
4883 2867
9401 5696
233 7344
18 1521
5582 6807
8918 8140
9281 5742
3403 4725
3544 361
8819 8179
2834 3127
9195 1746
7005 3204
3275 7591
5377 2752
4862 2768
7283 2495
1795 8213
8900 5046
6728 7815
8317 852
9791 8427
1852 2565
1987 4664
2604 9862
9632 6774
8313 4300
1486 8653
3080 2884
7915 8532
2536 2082
3404 4162
5075 6848
426 9084
697 508
5252 8128
2565 8047
2056 2963
1824 526
2258 2065
8557 5917
7175 3418
6175 1758
7274 2117
3098 7657
3317 2998
3150 2253
5035 5478
9859 5097
7206 3980
570 4461
7756 8313
7802 7859
6497 2697
1950 5209
1723 8564
9836 2640
2229 1648
4216 8577
3754 3818
958 4161
6777 4477
2948 5675
4523 4848
3042 5373
8439 8293
488 2021
8546 9761
2316 3651
590 7291
5465 7286
1397 3193
1346 1214
34 6817
3614 4831
8291 8371
9951 569
8246 1813
3070 8611
976 8631
3901 6533
4923 772
7403 6731
6648 6053
5467 1994
303 2473
2504 6305
406 6114
3050 9464
1102 5729
5922 861
5916 329
4635 6376
145 6431
2886 1145
4960 6678
66 4342
1486 9245
5141 8426
6439 406
8918 4321
8619 9744
7702 8002
9830 1777
5610 3731
7464 5209
1745 8908
5586 4262
5407 7995
21 6382
8118 1200
7901 5505
9833 5614
6602 9674
9412 3185
1278 8844
3753 9300
2040 5561
1819 6424
9020 7231
6510 5257
7708 8561
807 8410
7148 2154
3647 1347
6965 7375
7796 3979
9466 6474
5803 7900
2724 9595
3367 3755
9944 9895
891 8290
3889 9131
3965 5981
5330 7296
5313 5435
287 5928
3970 5002
3987 1985
5446 5672
1970 2609
4556 9306
9253 285
3069 6633
4562 9755
9611 8514
2718 4611
4541 2120
7986 8145
4901 6667
4598 4940
1498 6155
5767 7252
1935 3157
1377 6492
345 2034
3847 9731
1255 2545
4045 982
8556 2679
7527 3291
553 5243
6531 6117
5699 5301
9804 2969
2069 6837
5009 2057
8079 9733
2501 6677
4966 9616
6775 9344
6738 5396
6403 5017
6492 7153
5279 4668
8951 2415
919 1766
8487 319
5604 5036
4050 8332
2372 6055
6044 5679
4793 3534
107 5812
5783 6510
9822 7730
8509 7750
3868 5382
5715 8535
1667 9761
591 6800
7387 9545
4235 5666
3345 9540
8754 635
8823 5519
6670 4156
7203 4730
8541 1842
1981 7798
9547 3862
1705 8998
8258 3521
2585 3971
4298 6078
4319 9953
9496 9020
9264 9156
523 5438
8021 203
482 5340
7782 981
298 1717
1759 9162
9341 4643
4304 1970
218 525
1725 889
5230 9739
14 6151
9019 4166
5192 6556
8572 2837
6100 8073
643 8569
3090 7656
2010 1220
4509 358
8389 6658
2667 6321
8127 3573
9247 8154
9750 4533
3878 733
979 6810
8821 6359
8322 7393
3173 3006
7822 1857
3344 8827
7593 3399
4194 1159
1086 2955
3512 6515
1983 2400
382 1974
5364 8873
2858 6792
923 3412
6156 1293
843 7209
3513 5445
9326 2027
7281 6998
927 125
7311 9503
9544 8303
9810 9905
5773 4852
1180 4437
2309 1569
929 8517
2005 8622
5045 6865
6574 1425
3909 3616
8251 662
4464 6353
8600 4798
1514 2298
7958 1924
4585 6480
2068 179
8915 3612
7681 5400
6123 5438
1419 2896
339 4389
2539 2809
4020 4385
8364 6033
641 2771
906 8425
3180 7017
5975 8117
2125 7364
4110 8642
6045 149
2071 2196
103 5812
8711 9144
6196 3711
7745 8131
275 3919
2888 1759
2994 2413
2787 1550
7723 7708
7589 9254
920 6762
4324 2846
6197 3980
7116 6766
4831 8237
174 6081
8045 3098
3035 9366
5798 9580
1525 5201
1192 3750
4129 6390
9403 2586
6824 3836
826 7497
3386 7451
1192 4110
8230 5351
5554 7344
158 7727
9740 2728
7720 2612
2369 4749
4201 6035
4766 2155
3055 3694
9062 732
2959 439
3327 5343
1540 3621
5523 9233
9282 3155
8365 75
4690 2612
4264 6520
3730 5477
9576 9086
7350 6630
5927 8957
8095 5741
4180 4157
3143 662
9721 5945
9337 4391
9980 9886
8018 3134
2933 9499
5406 8753
8744 3632
5460 2588
4943 4386
9220 5297
4440 4618
4861 923
555 6790
9510 5885
9120 5898
9172 9782
4318 8460
4682 9519
4767 8135
7468 158
9605 3482
9687 3442
5066 9193
5618 9202
598 7505
4906 9193
6206 9795
3509 1050
3216 877
7624 4938
5577 6553
8246 9311
390 4166
2760 3582
1970 8834
2442 6076
1658 9621
4575 3336
1088 3934
424 4736
9378 6895
7059 4239
3177 4641
8770 5206
5944 8709
5818 1575
8994 9845
7957 4188
6140 9139
1835 4710
5684 271
9109 3384
3577 2994
7608 1590
6525 2632
5547 8089
8087 9650
5817 2221
6126 8079
4620 8866
7918 7348
9364 7312
9175 7781
113 9368
5675 4243
7605 8385
9422 4616
8561 5133
8168 8095
227 6098
4161 5911
1386 6027
7006 9297
2495 2792
585 3485
6794 3340
9832 2527
9490 9021
6727 8858
3897 4581
1111 9909
8495 1437
5739 9516
3371 6699
7403 744
7470 3473
9992 360
1791 8690
3416 4053
7053 2813
2764 1304
7634 1282
4441 1143
8837 6320
8060 4737
7370 8033
4040 1394
2799 9632
1601 7995
8233 594
7567 5955
6025 876
8973 6301
7618 282
1005 7395
2179 6950
9945 8016
9595 467
3745 2430
2611 75
318 7519
8483 6541
1303 7207
7890 3271
9967 5076
871 1056
5331 9880
6735 2176
4830 965
1910 3704
8007 3338
8056 7886
3644 6930
3210 4796
2935 1501
2237 7470
5685 7465
1026 4355
59 3255
6976 4459
6187 1529
8915 310
6733 6426
3551 6417
2806 9197
4042 2594
883 2455
5046 3341
8353 7388
5736 8601
760 6035
8099 6753
6817 1324
7383 8070
1116 3129
7158 9046
9182 7806
9801 3342
1789 7628
9318 594
8306 6866
3388 3363
8489 4369
561 6192
298 4797
1554 282
3928 1920
8652 2027
4648 4874
9101 492
5455 3717
7629 9582
1595 8923
1122 4206
9255 3601
1429 3199
2240 1322
5439 2134
4315 3847
9907 489
4637 9454
8027 1569
3970 7878
7881 1725
1686 5894
2179 3762
2791 6389
619 2091
3940 6585
7041 1077
9424 4735
9258 3263
8497 6643
9683 7202
2460 1453
6723 9339
9069 7879
3862 7496
9219 6344
9222 6170
5905 6843
8818 100
5469 6637
1150 9730
3113 5205
1233 2018
5042 5095
3927 5902
8326 1494
2795 9962
1496 289
4236 3174
1363 2382
9424 7364
9416 833
8851 8454
7914 7531
293 5393
4563 6198
9149 5575
5544 8529
2895 4946
612 5497
5479 3540
7155 4405
2599 4332
3486 9138
1689 8842
2553 4341
7573 6437
4030 3981
6043 4942
8233 7875
6646 5167
4532 6024
4976 8891
125 4679
3770 9245
3634 6167
770 4265
8356 5290
9507 3610
2388 5698
7202 7830
3361 3053
2440 6548
2729 9519
9425 9327
6275 197
7249 5524
7766 5900
7905 9009
974 9442
9696 5368
4736 4127
9947 5802
4325 5985
1868 392
4103 91
2273 353
9476 4906
3534 576
4856 1763
2151 4273
8629 7633
5255 2880
9264 5030
7153 9179
1176 7444
1983 4756
6537 2965
3591 9526
3888 2446
6307 3076
7248 1113
7667 9344
8137 1453
2208 8260
2664 1938
3991 8069
7738 4056
1342 7289
9928 930
4818 9221
7229 9930
322 2253
7997 470
6606 6011
8979 5497
5405 747
7767 2707
845 8639
1676 6342
6026 3444
7903 9548
4649 3668
5445 587
5401 3474
1986 6749
8916 8855
909 6397
3578 4739
8546 2825
6288 8019
804 5583
7492 8220
3095 2298
7427 4340
3576 6410
145 9811
4536 8200
6849 169
5824 8104
4416 4092
6223 2885
9258 4387
6038 1308
7462 7516
4617 2216
1650 5703
3160 3227
6913 699
6464 1283
3616 3675
5167 4786
7546 9920
9810 8320
3778 9403
7888 6804
7633 9867
7974 5785
5098 5660
9039 8525
621 540
6995 9287
3799 9901
9462 6135
4653 8651
7009 8466
4632 8083
666 5018
2022 160
8079 268
1496 1726
1616 9897
5010 1416
5750 9653
5029 9177
7810 704
8560 9225
3924 496
9570 4186
3110 7465
9980 8454
4869 993
6919 267
2980 1259
4570 4767
9489 836
4938 9708
486 8375
8981 4406
4748 4389
1712 9726
1340 2580
5723 5682
1159 672
6439 2370
4743 5587
1763 8507
7954 5773
344 9219
4567 6032
6713 194
3589 5807
6716 1282
678 586
4630 2944
2042 2440
6076 5053
8879 5291
4103 4779
9609 2649
7588 4982
5293 8529
56 3808
8243 8615
4463 4610
1211 8239
8837 328
8568 7021
1165 6065
2801 8417
4311 212
5476 2843
5854 8577
1849 8682
4490 6962
7219 2391
2293 3160
1769 5495
1263 5795
2937 7943
6777 4221
7921 7256
9060 5994
677 6276
2263 750
5440 8137
2521 7216
4194 5654
200 691
6296 5512
8241 1649
3868 4671
741 5962
4302 5452
4240 3512
832 4262
5981 9252
695 4586
7835 228
2131 8077
5105 9353
9393 6574
8152 5179
6029 3980
89 5824
7365 983
4823 4323
2722 4865
9557 6575
4439 3020
7903 3568
4179 9532
2873 56
6200 543
8774 74
5507 205
3748 6152
9118 3131
6252 9942
7291 6835
9562 7304
89 3933
2370 5701
4810 6474
223 798
3441 2086
2186 5631
5058 9664
845 5748
5370 3131
3388 2317
4110 9313
2550 6527
4175 6978
5816 1766
9561 5588
6360 7032
5914 8900
6860 7767
460 4882
2922 5750
9487 1999
1057 546
1949 2338
7245 9203
5969 6495
346 9096
1892 629
3199 2468
3530 7757
96 6990
2946 8720
1884 8676
5751 3947
1680 1449
3455 8637
5002 1548
1484 5104
1614 123
6 6433
3409 8397
5125 3615
7209 168
5043 3296
9245 5999
6891 9605
9239 9795
7046 6076
804 6521
8031 2076
7957 3481
5905 4408
642 1403
9774 9787
5347 8922
5576 8195
9434 559
4853 7338
3397 4323
2280 3794
8750 3981
4654 1493
4462 9393
229 5745
5242 1653
4340 9743
8586 7840
2713 4900
4323 6468
9373 7703
4292 3317
6512 6005
2036 872
315 7260
3848 6502
1025 9383
1238 9723
8993 7275
1884 4924
6449 4700
6180 2421
9595 8671
4530 3509
6036 1912
3947 6498
138 2202
1846 2822
2464 8965
4536 2053
6188 8820
9972 7926
7298 3836
5496 1939
3218 9784
5790 8040
9817 1835
6236 283
4556 2587
3778 858
9940 6768
3810 8469
9198 8985
3632 5675
7685 5252
6402 4674
2791 4442
5843 2510
3741 9257
2810 9177
5617 1518
6103 6591
5076 3605
7784 4891
8999 9177
4450 8354
4844 4427
5809 5144
6637 3834
4975 1288
6439 4130
3499 6505
8353 8276
7246 6499
5596 9861
8644 6790
7663 6848
4852 7571
1143 2906
5885 1880
146 6063
7101 7448
5215 6576
326 6713
6026 6494
508 6355
5682 9161
2756 4640
5290 4499
804 7788
3427 7186
6335 5556
3215 7866
3828 2758
3556 1959
1308 4461
474 5359
8824 4614
5805 7919
6511 3719
9755 3038
4435 752
9011 6697
1440 1516
4979 2994
3635 3334
3328 8654
88 7902
9627 2391
8043 9447
1437 2387
9018 2185
943 4886
8746 5800
4403 5122
7043 2772
9700 5005
5852 7425
9970 7933
8806 9845
5393 5958
3370 4026
8285 6813
4465 4901
5239 5360
7302 725
5940 5750
1607 8301
5944 7069
6057 27
3795 8030
3287 5819
8024 5857
2199 807
3238 315
4307 3149
7725 1761
2943 616
2424 7783
2342 1255
1484 7866
1872 5788
1350 7734
3640 1846
9994 2459
8748 5952
6879 3472
803 5014
6337 4945
7345 5099
875 4611
7149 9718
7862 1346
6650 3853
1672 3464
1845 2230
4882 978
8291 2877
8213 7588
1871 7932
9214 6038
4753 1122
7994 1556
1163 5975
5922 3055
7785 2589
284 5711
1670 645
7845 7149
2273 1227
1806 6353
4575 4694
6510 8125
2182 7272
4316 6956
6461 6662
6389 2377
6312 2557
6388 373
1048 2553
9787 4047
5960 2281
2041 3070
4911 9311
7430 1488
440 1753
8503 199
6698 4100
8604 7852
8858 3385
4930 1316
5090 7163
9534 6863
3223 4179
9603 397
6992 4130
588 6490
2290 7695
4284 5396
1088 3959
5630 7730
7506 8451
4419 8250
6894 5038
9064 4759
4113 9210
7405 6380
7019 450
6868 9269
3041 3368
7966 2331
4084 8153
8127 7183
7486 6926
726 3004
4621 3623
535 4662
6936 6465
5564 5912
6553 7675
2389 3483
4115 5838
4440 2249
6632 1226
5952 2135
3814 6917
3953 2949
8768 3155
6197 3036
8750 8485
8427 1952
9960 7232
1148 8393
6469 7711
4524 3552
6187 6538
2050 4157
1084 1523
5782 6031
1373 2042
7551 1051
3947 8477
2549 872
2646 6044
2025 2612
9681 5412
2711 8764
5624 4543
7054 4621
1655 9142
2852 5063
5603 6468
8514 4899
5021 5277
2218 8283
5980 2422
2981 2113
4957 7885
1300 421
4228 4821
5591 2686
5259 1731
9474 3727
2689 4867
4783 7511
2463 4209
2859 8497
9193 1123
7759 493
8625 4574
39 4681
1728 2470
6042 1131
225 4588
1377 2133
8179 4982
543 7588
9431 7694
7756 7767
9173 8850
92 23
7990 887
2391 3955
2877 265
9752 7658
2271 6720
6602 2176
9505 6213
3934 4887
5191 5183
8890 3332
2980 8709
9057 7953
5139 7124
4254 2837
9925 7673
8210 604
3024 5922
8551 8140
4246 6539
7624 7240
1192 6373
3805 6545
5199 974
4791 7139
7282 9614
1800 7953
3921 7448
9092 2046
1773 6746
831 4330
9783 1521
932 3393
9139 5390
4538 7279
1286 9706
2946 4571
7872 9255
68 6952
1570 739
1329 220
1467 7464
6114 5547
2547 4661
4360 4214
5792 3152
5986 1219
3368 7777
7763 6117
5051 6425
8411 7810
9131 4286
8868 8546
2384 3102
694 3758
7498 2288
6419 4016
2276 1374
994 3856
5394 6893
8633 9794
8593 6707
5472 5476
689 3253
4856 3476
4187 1135
7027 1072
1468 8441
1783 4764
2170 5364
5898 7612
1740 9288
8920 1202
8289 5927
9161 2960
6850 2746
3239 7753
6567 5732
2565 2063
2055 5890
3936 3447
8256 5761
1956 921
2359 9277
6088 1018
4108 3793
5217 9270
7404 6368
1154 6364
8610 418
8795 3337
5548 7584
3552 4667
7074 8991
6936 1480
6108 9625
6449 8419
6307 5520
1122 9596
5631 356
1544 8127
6260 2785
3293 9558
802 5527
9041 4146
2940 6208
1850 5611
6209 7602
17 7334
201 7648
4389 1382
9150 7987
9539 3343
9950 6258
1388 9055
150 101
4096 6981
6105 2576
734 9735
3153 3558
1916 1428
7414 835
9960 9733
1550 8614
455 325
7525 5643
6805 578
3072 3200
869 3866
8790 1321
6804 6186
2780 7767
3137 1155
2564 4624
321 8812
1810 3926
2165 5213
525 3552
3859 9090
6033 7191
1659 7745
7168 5004
632 4143
2295 5007
7654 7668
8406 1061
1567 5275
814 5029
8989 7267
2398 1043
1107 7174
9781 7216
386 4947
713 4613
6822 8592
2947 8519
4241 8781
5972 3277
9981 6868
6458 7963
8716 7625
1725 910
3806 3032
4424 9137
6719 4238
8796 8919
6480 4350
2146 5132
7465 3802
7792 2942
7828 9447
2868 2985
6203 4098
3254 953
8622 3110
31 2951
2094 2582
566 402
3010 2288
397 8280
3939 6743
5341 4751
7571 297
322 1553
5173 6227
478 9683
6466 919
1779 6209
8195 855
7544 5057
7525 8200
5811 3134
6007 6382
8902 5098
7247 1668
8836 8763
6279 8380
5940 6992
6062 7124
1340 1422
1855 8704
1468 235
7306 4323
7873 2405
4007 3208
9584 5844
4161 8892
2065 7166
8737 8593
1436 3843
2807 4567
8940 7736
2770 7271
5600 4772
1960 9018
4689 1732
3745 7523
1883 4894
5428 4182
2966 9440
5800 5483
3318 4465
1536 5571
3592 4305
2752 889
1693 6103
5510 208
6158 3105
9114 6253
7735 4921
7505 2337
3487 4648
3039 6372
5553 2536
8709 1879
9839 7229
2932 8023
6798 5657
7147 6366
4835 7171
7138 1755
5061 1585
2160 2007
430 2564
5473 9826
3375 9343
2894 9396
4082 3650
3470 7332
4050 2237
9383 5954
2375 6954
9762 9879
9899 2262
6039 5567
9036 474
3921 1797
1920 3296
3390 3436
6045 484
3288 8107
3781 6844
1291 4119
509 611
5032 8660
85 3661
9182 1688
2946 8233
6626 7647
1571 1397
9014 9654
9186 5039
8110 5756
8393 7273
2982 6110
3308 8439
1141 276
1010 7823
5925 8613
3065 9233
5711 9946
8906 2324
8602 8729
8832 660
2808 8337
1762 6353
9731 275
5194 3343
6621 6829
7749 7553
6360 7597
2110 7509
1966 1698
2149 248
6937 6147
9682 1125
5386 5428
9789 6322
4505 9421
166 1586
7915 978
1931 4284
5886 7906
8589 2101
1497 5958
7891 2465
5708 4491
4639 5006
3926 9894
1308 1261
9396 6667
3212 2772
4323 6108
7661 3517
5974 647
640 472
9483 941
1605 6874
7494 1401
9488 7670
3114 1662
50 9434
9968 6094
2112 6445
5656 6984
2379 819
3725 7869
5818 3919
4995 3413
2147 7134
4051 2204
2619 8796
1764 4757
3172 164
9551 9982
1479 7411
6531 2665
3160 7888
2607 1322
4865 2039
6273 7161
9388 3177
6289 6439
2628 7727
1695 2862
3201 9100
3234 1831
3133 3690
4155 5322
6591 6151
3428 3432
5976 7967
9460 6313
8503 650
5161 6901
3679 6536
3916 5665
30 7363
1127 6317
4258 9453
8079 8988
187 41
4573 5305
8779 4791
881 3528
834 906
9488 5519
6881 9183
8824 1242
5785 4432
2566 5727
6193 1642
1305 7328
1489 8567
1465 5338
9527 5042
121 3086
8766 4201
1741 8845
6138 9711
8280 2287
74 6509
9804 4837
3479 7643
8766 2991
4948 7095
1619 9918
3614 1392
1972 5403
2904 4612
385 4083
2214 8250
3132 9808
831 2444
7257 8623
7610 2535
9610 4516
3181 4027
418 9022
12 7572
1064 2649
4596 6318
8772 5861
5273 2491
462 773
300 197
2263 5136
8312 9818
5264 7040
987 6326
3941 6546
5764 6822
2948 8094
2563 5173
3131 3047
979 7196
2210 3214
9528 1727
5096 6161
430 2845
6143 3290
7537 4462
7519 5815
8580 31
2844 2219
6809 8175
2324 3834
3675 2421
1569 5232
33 4813
9138 6858
1853 3744
8407 1187
4545 7980
7486 9977
3268 5485
9922 5232
5144 2856
5496 7527
9806 9664
9410 3985
5185 4070
5327 232
5013 4437
8953 4886
6456 2327
5694 1278
729 8385
9577 8648
6230 1800
368 8516
8080 6242
3375 3585
4889 97
1805 4697
6543 1087
5408 8233
4413 2832
2464 1990
1873 5059
7633 3421
6214 765
73 605
9180 4729
9500 2398
7665 6252
679 7398
5397 1713
906 6952
6026 5088
4 9419
3035 5046
6700 6561
4643 5495
1838 2941
8096 2114
7259 4316
5156 5470
4685 2532
9721 7208
1895 3482
7765 3608
167 6571
1609 3954
9744 2938
3651 2647
4326 3437
2874 6786
3347 5285
7021 8962
7580 8834
1674 9102
4857 7417
7149 4008
5498 9442
3353 7881
1433 7212
4612 7353
7945 6708
712 9979
5502 7188
9301 7347
7161 2930
6884 1864
84 6599
6862 1996
6111 3476
2090 572
2252 4866
2694 3317
800 5468
4007 6796
525 6698
327 7171
6179 1857
3733 5675
2052 4053
8952 9908
5547 9321
4885 510
8039 4445
3436 3506
9548 8544
9581 7672
6786 1880
8925 4156
9106 8837
2375 5119
1482 7127
3173 3124
9960 2288
3122 1790
6530 13
9531 9590
682 2862
4236 7805
9730 191
8446 6132
2049 5966
2060 6564
5560 9771
1699 3538
6245 5434
1533 9591
1255 4458
3979 569
3267 8589
2107 1961
8546 4017
4024 8024
9317 3467
268 6656
4155 5655
8799 6797
361 115
9135 7031
8671 7344
2923 5396
8229 7336
4664 5250
8108 4496
4469 9801
8007 8320
7987 979
1816 2872
5110 2608
8751 8495
2213 326
9166 9468
8312 5890
7243 4879
4966 5743
4004 2317
5395 2052
9323 5518
2442 8624
4499 9896
5487 5515
567 9611
153 6643
2920 2556
4242 847
9343 3682
2763 4965
4315 9889
3165 3334
9029 1903
2544 4468
4701 4855
1967 5317
4909 2853
2610 5254
1054 5968
9541 4213
7555 2827
3773 8337
2388 356
2651 6385
2206 346
8301 6764
1284 8493
2652 2023
4067 2243
7803 4598
5989 1626
8896 7316
8172 7433
9268 3643
1324 8664
268 3512
8572 6065
8360 8818
2236 2735
8868 2897
639 6988
1223 114
8922 2462
1631 1434
4448 7429
4707 8243
7284 699
424 4456
8848 7638
7957 2607
4689 6625
7445 5434
1665 3886
1816 258
5478 6087
59 7230
1046 4061
7382 9709
5573 1337
5596 9709
706 2282
2895 2138
7415 8178
8063 1711
6004 4593
5228 5930
3175 9304
7138 8981
6990 1871
5541 2487
8068 3723
1001 9027
844 5310
9873 8972
9779 4551
9821 5834
4030 5357
9044 4702
3995 9284
9974 7118
5113 4678
4397 4984
1642 3384
5642 4195
2145 1822
7014 4619
4300 4937
9934 2167
8225 5046
5765 8295
6933 54
9979 274
9451 5382
9247 3128
5176 4677
7421 1052
866 5806
3048 7439
3878 7707
2059 7253
6979 7404
7296 9107
4194 2656
4494 6703
5497 8956
3653 2845
6560 5111
2637 8220
5295 480
7104 2761
5750 285
9975 3930
1248 6099
4222 6012
9591 2532
5670 9917
5212 880
3406 6448
9134 5533
9685 1088
6820 3460
3872 1630
9664 174
5118 7214
9494 4137
846 8697
8327 3667
4610 745
1159 4244
2912 9490
6230 4610
9609 5154
2925 3916
4469 6491
1935 3858
1017 9006
1771 496
1161 1586
946 7992
516 6949
3575 318
1059 3300
8939 6347
344 3619
1004 1017
7710 3515
3062 1875
3843 7590
280 6309
6546 3962
2489 2702
1242 8841
816 9741
6408 182
6608 7242
6071 8663
9962 2939
2498 8151
3261 5494
3739 6891
1835 9586
1132 5539
4372 7615
8341 4251
8393 3844
1372 1758
7974 2123
9732 278
2498 7582
9240 232
2291 1923
8093 4277
8446 5253
7669 8555
9722 6837
1185 3133
7753 9870
206 1332
6908 4255
845 4550
9644 1566
1943 8455
6695 1350
6296 2589
4071 9711
7797 5777
8534 1326
4702 2134
9000 8693
3121 5526
1210 3484
4947 2697
7648 4390
2301 6377
6753 1476
2458 6402
5153 3687
3342 625
9341 3284
5758 4296
3891 3792
4057 7587
3487 5297
4907 1317
3110 8304
7073 7012
4178 7804
6182 932
4068 1208
4035 8659
4040 4635
5057 2078
2763 9782
3437 4608
3869 5589
6387 2002
8683 3764
5466 1145
833 154
3445 2527
9274 2593
9922 9269
5130 6333
2746 5431
6331 5131
4892 870
4347 4976
7612 33
3862 9198
4987 4122
7777 9523
6584 8748
6674 9830
6808 9014
3683 431
5096 3450
2859 3542
2431 7222
7031 7632
4290 1875
5537 7170
4306 5367
6202 7222
5573 1511
3760 8630
7563 2499
6664 1757
1354 2935
6177 2368
9547 6678
7790 9048
3051 4963
5977 130
1723 1777
3913 8493
6383 1606
9138 4758
5338 2054
2830 3241
2228 890
4998 8994
5327 8383
8139 1094
3173 1906
5400 6740
4190 5449
4425 3073
2039 4085
7148 913
1490 1228
1552 2057
7582 3987
6444 8702
2892 5130
9069 8184
2591 9859
5725 9807
9463 6755
1049 5292
4078 654
5173 9956
2875 2844
3472 4361
6465 3645
4928 9786
2845 5297
8904 1064
2245 5818
4676 8726
7667 5345
2486 5786
1924 5842
5597 9395
2383 1845
6429 6961
9151 9287
9330 5860
1727 8300
7136 6597
8972 2737
4002 5305
2848 9086
4642 2590
8169 8280
4237 989
201 6233
5703 1856
3327 7835
8050 4781
4612 1969
3897 336
3953 6370
9856 5738
6622 8198
7512 9442
2146 3726
7900 7684
5234 6884
2280 9107
75 6816
7970 9064
170 6260
54 3983
7246 283
875 122
4629 9338
4004 4623
3450 6041
7960 5982
7625 7268
5132 4015
1064 6655
2957 1672
6098 3332
2313 5876
9722 7791
3908 72
53 353
8963 6264
296 2657
712 4995
4815 7751
5957 9149
2827 1539
1842 7118
5988 8140
8049 2582
2616 1747
6969 8479
721 8533
4236 345
4862 4305
6695 8140
3193 7788
5256 2151
8116 8235
1716 5939
8615 7554
6537 1642
1142 6073
3141 5394
4886 3102
9682 9672
3122 6489
3857 919
4304 2633
7811 8610
6721 6205
1243 6982
3012 3413
1685 6450
2532 8319
1257 553
1116 4746
4230 1849
471 9210
8618 9478
9638 8358
7442 5193
2357 304
35 5604
675 855
8035 6813
3905 8741
7358 5104
2508 6638
2208 6854
3159 5150
9586 8221
5522 4243
6142 5056
687 231
7171 9533
8595 5105
3525 3210
3 2348
8320 6321
2714 7620
2566 4185
2739 6716
7264 8777
6251 9047
5647 7946
2317 3937
2921 7208
6362 198
408 6703
2932 975
8325 9952
7537 8520
880 9870
5832 7092
8109 5876
7985 8743
8560 1957
8754 7665
4601 1902
5162 8366
7993 1290
6881 3132
8497 1228
9314 3966
176 7852
6957 5038
7100 101
8983 8170
1319 5289
9728 8986
3748 3270
8536 8668
9785 3049
8615 5605
8669 4047
1430 6849
3957 3471
1342 5079
7145 7739
9575 5863
1015 8946
8815 3017
890 4847
6416 4525
5000 8874
6409 8672
7449 1280
2930 3830
1954 4245
8363 3563
4074 5326
5966 7189
9525 106
5155 5489
3152 604
4404 1133
3014 1459
7704 1604
9903 10000
172 8538
2216 252
9022 2071
2471 7375
3976 3179
7321 1052
4611 8985
5720 5554
9645 6433
6356 8905
1565 1834
1478 3763
302 4077
8700 7863
5711 5806
7495 6480
2940 8373
1309 7625
6048 9650
1833 8079
2016 5033
1012 4829
6844 6733
1025 4910
7662 4950
1767 9045
9311 4512
2078 3428
6783 4651
7929 980
8246 5189
8501 4413
2108 1155
6518 3530
7482 800
2409 6634
4442 1416
222 9930
879 4888
4829 5636
8644 6730
9853 7919
7677 7392
3382 5954
2707 9429
88 7117
2928 6423
2986 5699
3891 6531
930 1504
6761 2819
6007 9616
4087 1308
2157 4853
573 7956
5208 4522
1527 5434
7764 7954
9703 4413
9203 9341
551 8313
8520 7916
8229 9711
2576 5760
6165 9526
176 863
4654 1167
4506 718
8573 5918
8315 1731
1173 5610
7953 6959
9563 4176
7053 6425
5281 6076
335 4906
8096 3420
7406 4783
3183 8330
9351 3704
7466 7427
5486 1456
6287 910
1061 9279
436 3987
798 7353
1809 6756
5177 8346
4487 3252
4973 911
1298 4261
9279 4122
2424 6075
3107 7716
5310 103
1167 8338
4477 5763
2231 6088
3090 9069
2686 9246
3576 2834
4991 2418
7379 6619
3617 3241
4852 2717
6503 7075
2087 4756
8861 1779
9519 1951
1643 1890
8636 7418
6848 1572
6826 5138
5264 6300
5388 1067
370 5572
8279 1637
6817 6611
9330 7010
1352 7588
2415 8704
2397 4728
2468 75
1308 9747
1173 7553
1059 6783
3906 465
4013 2683
9933 5124
9150 3957
5929 6812
1667 4935
6629 1315
4644 9883
2881 84
9867 1161
7505 896
1661 443
4524 8397
384 4531
1900 2424
5911 5876
8694 5233
630 6007
596 3871
3738 7180
1145 9339
5856 6547
5145 3883
3831 4555
5832 6533
1254 9341
9987 4092
108 4150
2714 6456
690 4122
3125 7191
9842 7544
8544 9767
1681 9888
1697 2346
9889 4486
8060 7814
2221 6002
1035 2490
4770 1672
1163 727
8322 3413
866 254
9079 4927
2915 2190
3161 3176
919 8832
9767 2087
595 6327
7324 3880
6130 5137
722 3528
9100 6230
6671 3364
4038 4757
1839 4004
4625 6284
1946 2749
8542 8736
1693 5327
9513 5721
1689 377
7734 4374
8083 6297
6608 689
4951 7185
1356 488
1156 5990
366 8018
5222 9306
9586 5603
4226 5511
5027 2200
3826 9806
4284 8488
1733 5486
9012 3607
73 1584
3539 6305
2981 4702
9868 8757
3897 8613
1648 7645
2933 8762
5747 415
2408 5349
8375 767
1380 2205
1533 1788
9441 1252
5379 3217
942 1846
6065 1289
9535 5360
7796 1728
1366 2471
1001 3357
1591 7974
4048 4388
9791 2595
6633 2270
5754 9668
2348 1699
8816 4162
6530 5413
5949 7547
7757 9559
3731 7014
332 8643
7827 145
3380 3311
3846 1753
2541 9845
9886 2964
1058 5166
1817 2567
5171 5998
2378 9104
392 550
6785 8321
5218 5591
7056 8520
2089 7611
6335 3876
3294 5701
8186 5864
2973 5983
3449 993
2187 6787
9476 3750
228 8372
2422 3111
3204 727
8499 5061
2067 4730
2456 8518
4119 877
6844 3692
4719 2665
2205 4381
172 3939
9355 653
2474 8430
4847 4017
1344 4028
8924 3553
250 8720
5300 7111
6198 2060
581 503
1276 1516
1448 1884
9317 6601
1453 763
1550 9556
4005 9117
1718 8045
8762 8165
5887 7439
7329 3619
7533 6370
2429 7510
7561 5198
1908 587
8954 9455
1339 4199
8270 3711
123 3305
3748 4465
3715 380
586 3236
4075 9627
440 8984
1612 2562
3420 5375
1936 7063
3564 6084
5043 6857
5276 9099
23 7318
342 737
240 628
1059 2253
9062 1226
8774 4809
7687 6148
2726 5900
2614 4111
242 2528
9647 3008
6338 2934
81 7048
7211 8164
2577 1513
8029 5061
7343 7577
2057 3858
4442 3005
8354 8759
5989 3794
5223 6987
9817 2171
1831 2139
9197 5578
1371 9093
1929 1089
6418 116
9724 2842
7425 201
5828 881
2115 8227
2155 4360
81 3352
1985 4685
7236 7095
3252 4969
2277 6239
7346 6368
3428 4834
935 4133
2423 4672
2117 8029
9883 43
7582 8234
3292 841
7221 6158
8687 7811
3194 5897
9978 2649
2472 7576
9552 3580
1840 1464
2776 3092
12 2259
204 3324
1578 1534
6527 8835
1164 8275
9239 9851
6745 7207
2344 4725
4156 2161
217 1982
339 7260
3303 9386
5369 9747
4266 552
8007 4980
6212 1386
7530 7046
8361 8691
8749 5897
6515 7958
3471 1223
342 6506
5305 3472
7420 6151
6569 8613
1800 7908
2554 9674
4883 8499
4419 9956
9279 134
9637 1063
6255 3431
7811 6018
5506 6018
5507 6884
1603 8505
9765 5976
8980 3509
8898 2271
5088 4674
623 3236
4742 3095
118 1756
5694 3589
1400 2363
9666 4378
4175 5274
998 738
6415 1220
1276 9998
4342 6894
4786 3035
9460 2581
2194 263
7292 4218
7850 7907
8284 4924
6923 1074
8980 2121
2596 3186
8420 3179
8612 7771
331 3280
6663 6189
3415 6889
6999 7426
6418 9448
5406 3184
5361 9216
1617 6873
7832 2263
1644 4196
7710 1388
8630 1832
5728 7
822 1379
1469 7996
2219 1678
5051 8343
2191 5082
4654 3105
1089 5178
1870 6495
9596 7105
666 4152
6640 6351
5557 917
738 785
7126 9499
6126 5025
1819 7405
1240 969
2830 4671
814 1333
2746 1492
6720 5362
6765 1408
9557 2257
6971 1355
9595 5023
9684 3318
5218 4315
7506 9760
9908 7549
3536 4095
1519 7527
8331 1376
9849 3130
2335 8511
7383 5229
2781 790
8959 282
8909 7183
9733 3052
1910 6842
9430 1179
6439 7360
8884 7905
5652 8598
2387 8869
3106 9745
9923 6919
167 642
9057 6905
2294 5581
5903 1954
157 4882
2646 4136
6513 5696
4228 5796
6945 590
1487 9461
4235 9844
888 7434
3916 404
9991 8342
7603 7259
6855 233
8940 1546
7521 7399
2726 9059
9078 9536
3570 3741
9273 2676
7214 9373
6086 8575
6943 6200
3256 2943
3474 1502
547 7619
16 232
799 1635
9779 2609
4159 8472
5466 3063
5547 7276
3871 8504
7660 5489
3432 703
7976 5374
8287 4973
3152 9239
53 9177
9436 9918
1487 2973
4649 5372
4911 1319
7094 4746
6324 1840
1742 3240
9661 7001
8835 7351
3447 8598
9799 6077
5173 3641
8414 5463
6900 1936
599 5936
2773 8412
5371 7920
1226 2818
1138 933
7896 5518
144 6102
8124 7899
1993 8494
6302 1284
6784 1309
543 4175
8347 7951
9541 6639
2103 6760
1254 5675
2764 9180
4529 1898
107 6089
6703 2560
9511 613
662 7885
5081 7487
4337 7069
6616 5849
1335 6540
3711 9892
6151 1341
5256 5983
2667 3294
9627 6342
8666 6036
8096 9766
8126 6884
8030 8678
3655 4754
8904 5462
9087 2898
4575 3429
7252 6313
8703 4580
4137 1346
8810 1270
6490 1403
9484 7870
9051 2023
2921 6701
9811 8118
3051 5546
7998 9112
8439 5109
9410 4925
9078 7536
7628 2538
6257 3535
8508 5000
8484 3256
421 8760
5449 2724
620 1415
2340 1592
7970 950
4650 4500
8899 8044
7389 6579
2907 3206
7889 6619
5767 2076
2328 6179
4521 481
1312 3171
5251 37
8982 1905
9676 8558
111 8728
7843 4200
3378 1383
7964 4668
3155 7801
8426 5880
136 3061
6847 7593
6922 1754
97 5522
369 9182
5841 7875
2172 2207
4675 6017
3274 2790
8212 1789
3522 4947
311 5203
7164 7542
7853 7207
895 1989
1614 7519
6294 4788
1683 8517
3301 3097
3298 3196
5778 115
2005 718
9678 1454
7259 6545
2572 2034
6257 2159
4646 7467
312 8376
3694 9618
6632 3894
8863 8206
9540 8743
6992 5632
9770 6953
2345 3440
3858 3884
4997 7347
4388 8881
9026 808
6577 513
4420 7935
1380 490
3540 236
3536 8047
5458 6530
8655 5165
8688 3047
5815 8763
3401 4451
9789 8824
3512 6616
9282 7271
6909 8328
3403 7602
4945 647
3643 2491
2234 1499
