2018
824012
5814 4214
16 66
46 26
20 96
86 57
55 26
48 26
62 51
86 43
33 71
30 75
68 43
79 18
96 86
23 74
52 72
84 92
61 36
41 88
31 82
14 26
7 67
47 10
20 56
40 29
36 42
87 8
60 60
83 90
18 76
62 35
70 66
41 5
62 11
67 19
28 65
11 6
90 58
57 20
22 60
3 98
50 30
32 77
96 84
56 22
52 31
37 18
3 21
43 73
59 21
62 35
31 42
72 80
68 59
44 64
69 43
66 64
50 14
4 99
13 77
28 15
1 16
51 72
46 37
51 68
76 55
64 66
38 10
78 68
17 62
48 30
30 49
22 25
91 76
36 38
4 61
82 88
11 32
1 53
69 72
98 89
3 84
47 13
35 43
25 63
36 6
4 33
99 58
14 71
27 24
80 98
84 68
72 62
27 72
43 40
24 5
53 40
84 63
17 64
28 75
69 12
66 20
81 46
5 60
96 12
96 32
43 97
97 73
62 78
16 57
94 66
4 93
11 40
13 89
40 94
78 70
23 43
48 40
100 75
41 40
91 90
15 57
83 86
27 50
10 66
78 12
76 39
15 91
69 45
65 44
32 66
76 37
81 96
74 80
72 25
85 9
50 36
42 14
57 96
57 100
53 78
53 68
57 36
9 63
2 75
75 68
5 48
60 65
78 65
97 88
22 71
48 94
58 20
28 46
37 19
39 23
84 35
100 52
13 7
93 70
27 100
53 93
1 80
7 5
84 58
20 73
75 10
40 54
72 15
28 55
43 16
61 73
55 62
20 90
72 97
20 49
77 59
43 26
75 60
47 75
94 15
86 57
47 25
4 40
58 92
6 23
100 5
21 56
67 42
71 26
95 1
92 15
49 49
100 82
80 41
35 20
36 78
74 61
45 26
60 72
73 81
98 47
71 40
53 62
97 71
70 37
68 9
58 19
70 30
54 56
88 67
30 96
90 50
5 72
13 92
82 92
88 25
58 76
61 86
25 70
7 31
98 82
50 50
38 35
23 62
81 46
37 81
52 71
35 41
22 64
72 40
82 69
38 40
45 13
64 98
31 12
88 96
6 83
93 38
20 22
21 72
46 74
92 46
78 24
27 32
29 59
19 26
83 65
49 3
3 78
53 22
23 28
29 51
37 81
12 6
67 27
86 38
64 46
44 34
83 10
31 2
64 90
71 43
83 54
11 52
11 90
14 93
23 35
34 79
44 14
15 57
13 45
85 76
7 33
93 51
86 15
73 5
15 73
19 57
94 12
96 40
7 49
29 5
81 15
66 85
64 58
54 62
39 69
18 23
13 88
32 15
98 52
61 35
46 46
100 43
75 32
61 82
26 71
74 92
97 31
13 23
44 8
61 3
86 26
90 87
29 89
100 52
19 12
88 24
66 71
13 24
30 35
72 50
22 17
35 16
26 41
22 70
73 81
55 62
83 25
92 62
97 50
32 3
99 28
86 99
69 47
6 18
79 35
71 38
72 2
88 5
30 44
93 47
51 5
87 20
25 55
56 40
37 55
39 16
68 48
81 10
46 54
69 52
25 60
100 31
79 58
3 61
18 90
100 74
66 97
55 14
81 41
99 35
92 56
96 66
92 36
30 55
31 66
89 48
55 45
64 82
75 87
71 90
75 50
77 8
68 12
51 97
95 85
33 91
64 93
57 24
94 77
7 40
95 32
9 60
76 2
51 98
89 96
6 57
13 38
81 16
52 50
95 41
100 32
85 71
62 63
2 31
53 47
24 45
82 79
59 83
41 51
3 34
30 27
18 65
91 53
38 77
61 93
20 53
69 38
35 50
43 71
2 81
90 38
43 51
73 19
20 18
100 54
28 5
92 98
28 71
11 97
92 42
94 79
24 73
60 63
62 59
66 58
14 43
6 64
4 52
8 71
10 69
84 89
75 19
35 23
5 48
35 57
8 78
47 15
77 78
35 78
60 58
61 36
71 77
76 38
6 95
79 96
72 77
63 27
83 9
5 26
24 40
73 73
84 79
3 9
6 69
92 83
45 35
21 95
41 3
37 2
30 28
30 69
55 28
38 85
26 98
47 71
93 69
99 15
100 33
60 34
86 38
12 28
20 19
44 51
5 33
76 46
37 48
55 31
87 22
8 10
41 36
5 85
39 49
19 69
80 34
82 14
56 35
22 65
52 35
81 51
16 54
40 92
9 85
83 12
79 23
63 64
28 44
96 13
92 79
16 10
38 91
45 38
66 84
41 35
69 31
77 58
48 3
65 36
29 65
25 10
54 36
21 11
44 17
68 83
51 4
25 7
94 69
18 40
98 98
38 73
84 23
50 55
8 20
74 78
7 13
29 57
89 9
65 90
77 56
48 58
71 7
98 50
96 56
53 96
71 40
15 48
73 39
37 43
43 68
86 92
51 51
69 42
44 59
88 83
28 31
11 51
97 66
76 35
92 16
79 7
80 93
98 34
85 41
54 11
90 86
59 38
20 51
28 78
27 12
96 32
4 41
39 63
58 84
50 76
100 10
97 53
65 27
37 21
8 22
8 95
13 70
9 35
63 42
73 59
66 68
98 21
85 90
30 42
68 24
53 55
80 42
88 42
86 65
54 53
47 74
82 80
58 25
89 70
92 45
99 21
66 12
85 29
61 52
81 28
39 67
86 86
58 92
17 80
2 6
78 16
3 29
88 72
19 83
95 18
85 18
7 58
15 66
98 68
69 45
99 87
60 34
59 15
95 17
31 50
22 38
11 53
16 86
96 56
88 50
29 60
35 99
81 30
52 58
84 49
38 63
83 73
92 95
68 58
76 31
84 92
16 84
8 90
73 25
43 87
86 74
92 94
6 75
90 4
85 48
14 17
21 35
88 20
62 8
36 78
39 27
79 90
87 32
4 32
17 46
60 12
7 21
21 82
66 5
56 4
53 48
37 80
13 74
80 12
74 13
78 52
41 80
93 53
75 21
79 28
48 6
67 74
36 10
98 94
19 59
20 66
39 1
92 48
6 79
60 64
51 83
51 91
55 97
74 42
2 13
34 1
29 10
45 89
73 48
69 78
83 98
92 21
69 76
80 21
71 13
67 28
98 17
29 28
96 25
17 99
66 73
7 61
31 49
80 99
18 64
50 6
19 18
77 34
85 32
20 21
9 66
6 78
55 31
10 38
30 34
27 50
47 35
61 64
64 10
28 24
74 28
62 57
43 5
61 68
36 74
41 96
11 91
28 69
48 59
70 13
66 64
9 47
94 74
51 94
61 73
64 99
93 8
20 58
100 8
11 47
78 93
90 79
45 66
53 38
79 53
84 81
73 2
90 25
38 96
2 11
47 93
23 100
58 83
89 76
24 24
1 56
73 50
80 52
34 23
81 50
1 61
30 61
72 47
61 62
18 7
97 16
85 25
69 21
87 40
21 27
90 88
20 28
58 98
86 97
73 78
17 12
8 29
44 85
45 76
83 77
53 31
83 35
1 76
57 68
79 16
97 48
17 37
44 66
73 84
31 60
95 94
25 62
58 16
26 39
19 88
91 38
59 81
16 86
63 56
97 23
57 71
27 32
94 70
91 23
58 81
33 28
13 84
37 23
64 14
15 25
33 56
4 9
10 39
15 5
63 38
97 56
68 77
35 24
99 53
37 55
94 32
34 49
89 26
12 35
28 83
17 28
66 42
67 6
86 26
25 62
79 61
31 70
11 58
43 79
89 71
81 80
9 63
80 15
35 38
26 27
42 44
96 88
53 60
58 72
29 8
51 79
100 25
85 54
86 13
52 86
87 66
24 49
48 18
88 8
93 95
5 32
10 100
98 70
79 31
61 24
58 46
5 29
75 23
36 42
65 19
2 96
44 80
27 29
13 55
23 29
20 7
56 27
57 96
68 97
23 51
95 66
94 72
96 77
91 29
37 48
90 9
69 43
46 88
93 70
46 68
71 78
49 43
79 63
88 83
53 80
9 79
8 85
44 15
88 72
36 69
23 66
51 47
43 54
47 17
39 69
10 51
88 64
90 12
41 77
65 6
79 10
31 31
74 23
14 89
90 18
96 7
50 1
46 85
41 19
63 5
72 46
9 74
99 41
69 47
74 24
17 71
73 67
94 24
8 28
82 36
19 27
12 59
44 32
45 58
32 89
56 83
24 87
60 32
17 41
71 67
56 50
91 45
74 49
37 94
75 66
33 64
34 22
29 14
12 38
61 40
85 92
59 62
47 27
77 21
99 59
54 72
33 22
30 87
18 15
37 57
83 60
53 95
73 65
52 76
1 28
58 90
74 26
33 30
27 79
91 56
94 17
70 6
16 52
21 43
83 87
24 98
59 9
100 35
84 54
10 25
51 6
14 5
25 63
25 16
82 47
83 64
92 12
62 35
91 29
60 46
58 5
74 14
54 7
6 23
98 99
52 27
60 33
67 59
75 92
84 33
80 43
15 73
93 23
76 95
60 64
25 7
75 46
3 29
40 63
99 66
71 38
5 36
66 26
33 62
8 88
67 43
43 35
33 12
83 87
37 98
86 8
97 59
50 60
76 42
78 32
56 73
30 10
76 45
11 74
96 6
23 48
82 66
19 81
85 33
62 80
78 94
88 26
81 90
85 55
68 49
88 43
80 93
99 89
51 30
96 8
16 16
76 2
3 73
59 44
73 59
48 11
16 50
14 38
57 58
3 5
22 8
71 41
57 52
10 67
98 46
11 54
60 48
60 66
41 19
44 98
63 46
51 43
25 39
94 3
1 37
89 81
45 97
14 45
59 59
85 13
29 87
52 63
41 63
100 18
44 48
27 4
67 30
36 30
25 51
49 56
18 70
3 64
1 53
33 99
87 78
77 93
87 15
91 75
11 30
1 20
100 57
38 76
2 24
67 28
5 5
18 6
89 82
77 92
30 18
25 100
43 62
56 84
38 97
99 92
84 86
44 56
4 86
94 82
98 54
33 29
16 67
51 10
75 64
92 16
5 62
65 99
70 35
9 89
86 46
80 23
85 94
58 60
29 71
85 8
52 50
61 90
96 47
51 36
13 31
84 21
19 51
7 67
30 78
14 80
28 72
50 99
15 75
24 6
4 6
48 5
74 21
2 42
41 1
72 1
46 57
30 8
4 9
13 72
27 88
63 37
59 95
46 69
15 5
53 23
11 56
27 58
54 64
6 58
20 83
14 93
71 55
33 90
5 32
46 81
42 58
96 77
10 24
96 2
58 25
99 77
64 70
93 79
20 27
97 55
21 76
32 33
45 62
43 7
33 15
84 60
78 19
11 72
76 47
93 74
44 32
70 1
90 76
46 6
22 57
79 30
24 66
10 78
55 37
65 34
73 82
29 15
39 34
43 98
54 6
21 57
69 85
98 39
32 83
51 54
58 38
1 48
16 99
18 5
27 70
48 81
19 27
3 94
58 97
97 89
51 80
50 77
29 97
85 65
72 37
11 63
18 2
15 44
38 26
7 81
67 50
83 45
12 89
30 88
32 50
64 32
54 89
67 46
44 82
25 25
40 3
77 10
29 8
86 74
95 49
55 45
82 58
24 16
78 81
78 48
30 17
42 67
49 12
38 1
18 90
91 67
100 4
47 100
21 22
2 88
65 58
80 7
36 47
33 99
92 21
48 77
39 38
71 84
28 34
21 60
54 35
58 53
100 27
45 85
84 94
60 62
89 78
12 60
18 53
37 77
29 71
51 68
84 20
83 3
2 35
5 31
34 84
93 94
40 57
75 80
14 95
56 59
96 79
35 53
62 92
18 1
66 42
37 29
9 1
15 46
53 7
30 21
33 37
37 72
69 92
95 42
37 28
18 73
95 21
69 91
72 78
40 37
31 78
11 64
66 12
57 46
1 48
8 29
98 18
27 97
27 88
47 81
78 97
22 37
74 40
28 80
4 35
18 94
44 49
25 91
61 90
24 78
31 60
45 38
1 57
27 71
84 71
37 40
62 43
54 34
30 92
86 52
19 95
14 45
72 6
72 15
92 61
40 69
87 5
69 37
3 44
13 58
29 39
90 83
10 17
44 30
6 20
93 11
88 68
95 27
12 21
23 71
6 5
18 89
74 2
92 6
95 28
16 59
96 97
68 57
25 65
59 87
38 62
78 86
38 1
64 87
98 85
77 16
92 93
71 78
15 12
67 40
78 57
30 33
66 99
62 18
40 65
55 21
49 45
27 36
85 21
76 4
49 40
14 63
42 37
35 20
76 46
38 71
34 61
74 5
46 31
30 52
53 32
55 25
58 23
41 60
39 69
19 32
36 89
69 93
86 37
85 45
80 25
7 23
60 77
22 93
97 77
2 39
31 36
98 44
62 48
66 76
70 96
38 44
4 20
33 39
95 36
71 58
56 25
74 98
10 9
18 6
4 3
28 89
87 40
6 5
52 37
3 67
77 18
64 84
27 94
8 3
60 21
100 61
77 70
95 66
50 28
48 67
29 59
10 99
64 40
9 65
45 17
16 84
33 6
72 31
14 34
4 55
31 13
55 73
28 70
86 28
7 13
99 18
49 64
86 78
23 28
15 81
48 52
97 91
58 8
83 33
10 83
37 80
27 53
95 86
8 21
55 7
56 30
83 60
79 65
1 82
80 5
49 47
78 46
88 2
74 59
85 91
26 52
29 72
90 98
71 39
20 58
39 94
33 77
1 49
1 17
4 82
68 27
80 43
75 18
3 52
73 17
91 57
27 46
50 49
60 93
66 10
30 86
20 86
98 43
12 96
47 96
87 60
91 97
49 60
32 11
20 26
85 59
62 21
64 43
10 51
93 31
20 8
81 2
80 51
84 4
43 8
34 26
88 47
50 90
82 61
64 35
63 11
58 61
23 71
81 65
56 35
8 2
64 12
97 72
2 19
24 96
33 14
36 71
85 57
55 32
16 86
3 67
26 40
7 66
64 4
20 27
84 55
63 98
26 54
93 90
33 97
21 86
93 85
60 92
96 59
68 38
75 25
69 3
7 94
52 71
36 96
31 42
55 30
34 86
17 85
9 84
54 70
69 78
39 40
96 3
91 38
100 9
44 70
31 50
12 98
31 97
56 56
35 89
1 1
9 69
76 41
49 11
32 42
3 48
97 31
1 26
89 96
83 88
17 17
98 79
11 57
39 41
81 34
37 89
51 95
11 27
4 65
73 32
41 66
84 100
82 20
91 40
26 55
95 90
65 43
89 98
32 42
92 69
15 15
95 90
5 31
93 89
41 73
49 75
32 29
2 8
14 57
62 28
12 34
98 38
50 13
16 54
25 39
43 93
12 56
48 58
4 76
11 46
73 18
70 4
66 10
80 44
75 10
84 90
1 3
2 11
10 48
89 88
11 28
74 79
72 89
93 54
50 42
67 68
14 76
82 43
93 52
74 40
37 96
78 18
82 37
86 55
43 48
64 39
76 74
51 88
46 33
70 55
21 57
8 4
15 53
42 57
33 81
42 71
19 40
10 63
54 80
79 5
70 55
95 46
53 100
78 99
12 70
45 28
56 31
52 8
90 3
46 89
47 62
76 100
17 18
70 34
89 73
18 42
16 90
72 96
72 11
59 94
40 55
62 82
100 66
50 56
75 40
98 91
84 47
76 4
6 37
90 7
31 93
7 88
89 48
99 22
79 52
92 13
38 31
84 47
75 15
3 98
52 81
27 28
22 30
60 47
98 90
9 88
1 30
15 16
60 53
83 42
96 62
37 15
67 88
37 88
36 88
36 56
41 84
65 76
15 40
63 39
35 12
54 23
29 63
34 94
90 51
61 59
5 89
34 40
67 91
21 77
8 34
52 8
16 94
76 51
60 94
53 50
3 74
55 49
37 88
91 46
84 41
76 80
45 18
52 94
58 78
17 20
32 2
82 79
82 73
52 85
64 3
60 64
27 10
30 17
39 40
43 72
5 88
81 88
27 4
35 65
12 89
40 65
22 30
8 89
8 93
23 39
83 21
28 71
33 23
67 12
11 52
23 100
54 94
14 45
40 72
88 12
12 22
10 6
62 89
78 33
15 16
20 47
12 77
92 97
14 1
69 28
72 13
93 68
13 91
69 85
83 16
35 21
50 79
69 90
36 43
95 63
90 91
56 53
93 88
78 79
48 17
70 79
62 22
34 4
49 33
11 49
22 5
9 34
58 18
95 27
92 86
38 90
18 49
7 89
70 74
70 86
47 35
7 72
5 58
75 52
95 10
9 63
75 31
68 88
64 81
85 61
86 78
89 2
24 71
88 75
76 29
45 71
59 69
35 49
88 23
93 20
93 78
79 61
47 98
53 58
50 83
35 64
56 98
44 3
70 15
48 12
34 88
56 67
65 52
52 75
1 2
41 75
62 58
57 57
87 2
47 97
9 25
26 46
76 70
2 68
42 73
59 95
84 93
65 4
56 98
25 99
8 69
65 48
17 4
22 74
54 82
40 29
17 30
38 83
28 23
6 94
32 87
50 77
2 95
48 36
64 55
84 50
92 10
7 37
98 31
29 47
93 24
21 38
87 28
99 11
81 94
51 43
49 29
42 8
35 70
62 50
86 11
4 53
73 14
52 34
73 80
49 73
67 4
44 50
54 91
39 76
84 80
38 52
67 5
1 32
57 61
19 70
76 53
69 30
42 3
68 1
87 24
69 33
44 81
19 88
82 48
72 35
39 12
22 2
77 66
52 26
35 86
100 71
24 62
26 87
59 29
49 96
1 48
90 7
25 52
48 97
99 61
10 77
47 50
43 50
21 17
38 29
47 96
66 66
75 50
68 56
63 5
10 66
20 51
79 22
19 88
86 35
9 53
81 49
60 100
13 94
39 95
48 70
25 22
76 80
98 54
61 69
66 22
77 38
64 26
87 9
93 67
30 23
40 90
8 12
46 3
54 14
31 37
79 63
82 88
37 72
21 69
60 88
31 68
76 57
15 44
35 49
45 26
31 52
71 13
37 82
41 75
43 62
67 55
55 30
84 59
50 69
79 92
16 49
8 91
24 23
66 75
70 43
22 22
97 67
100 93
29 37
73 52
66 54
59 60
62 30
22 91
45 91
86 94
14 36
20 19
90 11
96 73
24 42
22 33
32 77
97 16
2 57
10 17
84 39
73 90
38 43
48 70
37 46
