6223
15656757
914 3381
7250 6598
2352 1604
1164 5936
6748 6910
2189 3436
8899 3977
5218 4932
4410 7048
8603 4064
4759 1051
5939 3213
8660 804
6961 5531
5029 4600
1060 8005
992 6095
6125 9919
697 4565
7093 144
645 2934
8007 8668
479 7183
2958 8600
5147 5505
6925 7692
4923 7607
3849 6087
8417 6563
9047 6187
2589 3567
9795 702
1061 7154
2829 7735
8252 2803
3758 6967
2988 8556
9644 7040
4850 576
6585 2825
9665 26
2911 9497
7398 4301
5036 2795
1054 6735
7065 7031
1650 1007
3048 515
4238 2417
610 9827
8433 6127
1599 6363
2112 8348
4882 9037
1137 8609
7620 1245
8124 857
8402 5382
8184 7762
2120 6818
1307 9714
4681 7375
4111 8523
3453 2908
3854 918
6086 1240
1051 6489
3922 9095
1612 9644
1632 2030
4655 5140
4149 2510
2669 9015
211 1610
1143 1810
1822 19
8295 1781
2883 1311
7711 4162
9487 5463
1436 6752
4732 1244
639 1046
4197 8371
8730 4471
1810 893
1009 7131
638 597
2028 1096
6478 1025
9721 3682
1681 2685
5818 8830
3325 3222
8327 9319
2309 3970
6906 5927
8273 1149
1667 3811
6571 8560
8578 7668
2643 1618
4693 1953
5160 5317
3756 4750
5157 9001
1459 8254
494 7598
5584 3943
5918 9403
1495 3177
6104 1612
665 9557
4074 821
8133 8424
8666 2000
2490 5130
9813 9077
2946 8487
5434 8428
1459 5515
8393 3517
3980 9575
2803 3023
5380 7860
8347 5166
950 9109
2536 3146
3062 1830
502 6259
5415 6082
1894 2249
5069 8609
339 8825
7348 7982
6863 1491
341 3804
1015 969
3253 8094
5722 5809
9341 6319
4467 4497
6955 7189
9149 5415
3505 2904
3784 5428
159 651
7597 2116
9845 8985
3520 943
4222 6755
6394 7631
9931 220
1509 178
2783 7238
4141 5200
5848 7909
7762 2597
4214 1868
6708 5660
1273 3031
2510 1389
7166 4218
1993 4501
4595 9783
1802 1307
2769 2680
694 4798
1917 6628
3487 7437
2712 9878
1180 7628
123 1144
6574 3081
7730 7454
6995 7664
5810 624
4762 9408
9538 803
6757 3882
3553 1142
3270 1034
8572 8776
5837 2848
155 8866
5355 2884
8870 6390
4871 6641
3205 6388
8105 7124
8650 7291
9537 757
1803 2354
2693 283
3696 9984
2169 1157
1803 6411
7977 9143
6694 3688
555 187
7245 2224
605 4425
7668 6721
6402 3008
4099 9736
3602 6449
609 7382
6372 9132
7763 8015
8175 3221
9553 2809
9870 6427
8426 154
6717 4006
4641 2530
8670 6870
2368 4286
1209 2929
8545 4556
6006 6211
214 4676
8216 4728
4274 7217
4209 7677
2978 3134
4540 314
1601 4138
2596 9890
1693 9994
6059 9327
9757 1147
1886 7943
8913 5813
6412 7582
1491 8334
9757 8322
8299 1675
9221 7490
8843 5575
2834 4547
9978 4654
292 7630
487 2009
7678 2101
7293 1785
3896 5213
8436 672
5388 6478
9704 1807
9815 1145
1558 85
4394 1156
479 2090
7774 3095
5924 8773
647 9668
7041 7571
1078 9628
4740 7189
2975 2155
5469 7905
8433 5717
5802 1598
3239 273
9796 208
7877 7543
4856 1098
3321 6201
480 3723
272 637
730 7474
1457 1222
5797 3169
4496 3141
9852 6319
1957 4502
222 5381
6232 1964
9116 9151
4473 7718
5624 2736
9425 6050
2754 697
5009 9436
8284 5779
9794 3693
443 7342
8564 4408
6023 9296
1997 3988
7864 2430
5134 1202
2323 4295
5026 7348
3839 4559
9424 9
974 9086
3829 1035
8012 4822
8185 490
8064 5575
7859 1414
2406 4990
4190 2267
6299 1403
8199 8404
7866 5662
21 1424
3264 5635
1985 8324
8531 8811
203 2796
7935 2000
9308 8265
6400 3507
9907 3698
5489 724
5339 7395
5631 8916
2814 1099
4943 663
2482 9895
2496 6623
5629 804
9370 3507
9137 1795
9451 3299
9328 8322
2924 6159
8486 9034
9155 1224
6279 2827
4161 2517
8380 865
3943 1691
7008 7211
4981 9006
9433 2732
5260 5710
4970 911
2476 3903
3345 3965
2791 7648
147 1349
8397 2169
5219 3919
7478 2943
3152 8726
5831 4075
7042 5375
4392 785
219 6217
564 4980
8495 2803
2081 8258
4439 758
6906 8453
6869 8972
5000 1026
1449 679
7551 5909
4243 8810
1475 8483
4781 9994
2803 7344
6023 8821
6013 3816
6610 6278
3551 9192
7173 6344
8971 4964
3415 1087
301 9197
6090 911
2676 1939
6454 9116
6729 8499
9518 9086
3188 6352
4469 6846
6329 5668
2695 826
4074 7720
4352 5746
409 1474
4030 7204
299 9580
712 5739
4628 7304
4065 4739
3901 6356
1293 1418
5244 9173
6620 963
5615 5372
1792 3105
3406 9207
8022 9083
9275 5378
2258 8631
5067 8379
3506 3284
6180 4970
4382 9445
7023 6064
4690 5401
8790 3484
9906 5910
234 4781
1649 8724
2329 4014
3900 8251
8539 7581
1077 9590
6048 3575
3464 6990
8069 1613
131 9092
6471 7093
4713 3876
2657 9993
6572 9239
9737 6265
3989 5411
1647 6005
1820 5540
3116 7610
2271 3184
5608 8318
1334 6757
4857 5651
4930 5885
9903 3379
8059 396
4497 5150
3874 6642
7807 3780
2803 183
5416 1890
9221 3727
8528 2438
3491 9785
179 4711
2248 4701
3904 6097
8108 7708
5397 832
6428 3706
5808 4100
7763 9699
9011 5527
5980 3873
6998 6289
1758 9641
168 7404
420 940
7435 6523
7745 6631
5874 8253
9560 120
5206 44
3372 8224
7275 1162
1454 5578
3706 806
757 6287
7976 2682
1233 8704
378 7314
9307 7577
7564 5964
4635 6307
169 7668
3024 1369
6806 1014
6916 1001
108 7165
4670 8487
2325 2157
6506 7932
2718 6518
2611 2939
1827 7323
1945 4785
6176 4613
9127 5950
7110 1680
5719 272
6939 2421
1892 5138
9467 2224
6409 5218
7060 6639
9967 3784
2323 752
3871 1373
8207 9268
1054 4883
3666 7207
6000 6064
4730 3745
6600 9391
7779 7497
9315 3411
8642 3582
3497 387
9674 8446
4636 68
7323 287
6744 9842
812 9644
1359 3964
5522 1159
6275 3781
2126 8507
1513 127
1837 3109
5807 7940
4278 5788
5770 9763
6920 8266
6807 5343
3830 9297
2131 2329
3170 8053
6340 1848
1545 8038
9806 6206
4897 2791
8448 8
2915 1197
1417 3790
7726 3034
2161 5876
5498 9934
3866 979
7291 7061
968 1209
8420 2742
716 7461
3196 557
6264 3542
1495 990
9095 6648
3515 3016
321 739
6720 1935
2205 3337
5474 3777
1355 886
226 2586
5456 824
2912 5911
6629 7758
3493 9876
5757 9255
2780 7884
5732 8286
2386 1898
5955 2111
5516 9609
9848 9580
4943 9272
1525 1550
6061 9486
4582 806
2721 4576
2589 4358
5867 807
5241 7021
5568 8020
4639 2030
8850 1089
404 1407
3285 9703
8020 8603
5730 9431
8796 5626
550 9130
64 5150
7514 440
1091 1822
461 2097
7393 9813
4374 5341
4229 1911
8195 7442
3975 3401
4657 1121
1649 3836
8631 9270
1573 526
1869 8792
4234 9264
2879 8731
6880 1600
3759 4033
6574 8954
9181 2113
9790 4302
4786 1470
6482 522
5496 9735
1222 4363
4511 4154
2266 485
9046 3563
8566 616
7718 7808
4853 100
2879 2929
3668 9953
4896 9589
5984 8579
8863 6698
7181 3644
9911 7619
1271 3949
3781 4867
4213 38
9795 4577
3881 6896
1618 6288
9779 7164
2635 3980
7016 3878
8320 1757
2453 1962
5775 8087
3682 4087
4126 8641
1638 4211
549 1914
3048 6106
8261 9342
8732 8042
9305 664
5179 7924
6943 7199
3258 3761
8867 3448
6871 8525
5154 7170
7884 7572
6375 8161
5771 9360
2821 5719
4843 2746
892 1192
8053 1447
2567 464
2978 6131
4964 2487
5144 9061
9532 9002
8504 4438
2743 4114
4242 8746
198 802
9935 2629
4215 3000
5973 6127
5639 1924
7233 2536
5105 3912
1205 7565
4216 9314
9965 8716
2402 3660
9066 2923
779 728
6399 5493
2406 5042
3794 5358
7030 4438
1677 7278
706 2435
3312 6579
5665 7070
6109 5414
2131 931
8691 3935
2632 645
7774 9314
5163 74
9834 724
4046 9080
1536 6695
7738 9051
1213 2028
119 9730
6267 7656
3345 4550
922 6593
6497 8923
1963 4457
2603 2850
5843 4158
3282 6229
1998 5260
4823 2042
6435 5017
1605 3466
3306 6770
4351 3573
5661 3574
335 7755
4957 4237
3041 9977
5489 3551
4780 8915
8890 4290
9636 458
8178 8041
7887 9116
8704 8035
3686 3933
7419 684
6116 6254
1190 1859
2619 4376
2363 1779
5316 6577
2056 2292
393 3
8280 8598
7397 2426
854 6697
9159 4810
619 4560
4043 4961
6086 2976
394 7750
236 3870
1807 3956
6642 2373
4963 6766
1643 724
709 9047
6250 9846
7576 7198
6406 1992
9692 3199
2497 5813
7590 3010
3139 7300
5001 9106
96 2332
2392 5615
4101 1699
3853 6223
8456 3585
1773 8511
1827 9402
1937 8655
129 3120
3683 3612
1831 1550
9172 2267
4455 5875
9513 316
6210 9202
4073 2571
2741 5751
7682 2616
541 6195
6053 2406
5698 5372
5470 8935
7303 7611
2279 9979
4462 8452
7992 4862
4968 6522
7702 5783
9938 7556
9145 3034
1926 9965
2767 7328
7020 4798
9774 4965
4930 6349
6482 5908
44 763
4636 3441
3684 5622
5645 392
2689 1101
5763 222
3147 813
2274 7579
606 2314
5977 9073
2819 5148
5528 1892
9025 5062
9981 5576
9445 5355
4843 5972
503 2033
2549 4514
9473 7245
9018 6626
6031 5699
8802 152
8449 230
7955 5620
5668 5615
5144 5550
8728 5045
6500 8395
1169 170
8042 1518
8078 7241
5249 3766
7660 8533
6332 9816
9677 4626
5558 3125
7299 8755
1877 9784
3882 232
8734 9837
6078 6851
2121 9978
1801 8017
1223 6271
7434 2485
3065 5214
3252 1751
5211 6302
43 7832
3639 1589
8419 6103
967 2903
5189 3505
8272 9750
5243 2344
505 6741
5703 3464
4946 8019
3218 3584
8780 9982
1822 8818
6268 1386
6184 7431
7010 5258
2237 8718
3177 4004
6392 1091
2920 9706
756 3653
1098 4043
7267 6927
4414 6091
3353 6405
6190 6454
1094 3078
6972 6022
6946 407
8758 8187
6560 3787
7929 3832
5183 6754
1289 1290
3834 4788
1764 7649
7646 4442
9197 4715
849 4230
2847 3512
8282 1411
89 9436
7467 8856
5811 5631
7726 3431
440 9316
8944 3308
1152 7941
1839 3907
3089 1697
4315 6428
2468 2408
4173 6675
8461 3979
8994 2987
451 2271
6385 2207
5667 8550
8138 1817
8869 9901
9705 9326
4628 180
4924 4781
5281 5644
5939 4711
3773 7291
6676 4164
434 3403
6299 4782
3286 2084
8844 4438
2969 7076
7715 2848
3228 9794
6058 7157
1968 9896
2003 5949
8707 677
1287 2708
5665 1022
7705 8694
7916 8800
5979 879
3575 1551
847 3181
3735 2633
4640 1051
2732 5342
9350 7081
8146 4440
1398 2689
242 8387
9280 3121
3387 7710
4321 212
2251 5108
3307 8317
773 2745
2189 8180
7829 4746
225 5507
8317 201
6357 8417
1779 4005
7258 8325
1709 9184
7904 2209
5489 339
7654 6627
37 77
4175 5640
8776 8140
393 121
9097 5849
863 2339
138 5190
5213 1500
6734 1983
9795 4106
3012 1289
2575 8768
571 8379
280 7521
2322 4712
6737 1810
3330 3999
1104 9595
8465 9760
1332 3059
3247 4103
8368 7239
1697 7147
4442 1002
301 6596
2851 6420
2342 5063
2399 9329
4893 5425
3531 4769
2905 4505
1833 4871
2877 5392
6962 8630
4201 4706
9837 4578
1586 4394
7811 6822
3645 4009
376 7598
291 7623
4247 4558
4609 2180
265 9616
2087 9834
8777 9995
7863 3151
8907 9326
8096 8584
4524 8802
9029 9965
223 7421
2523 1255
4585 4138
960 3949
2925 2405
611 817
1909 4661
3758 2911
1775 1215
9856 4730
6309 2039
7846 7799
9989 2097
5401 4560
3248 4913
6630 9005
7710 1530
4937 3046
509 1658
3720 2097
9738 5841
5325 3935
1488 5500
4767 8390
6068 3311
9509 1543
5768 8819
2631 2399
5995 717
1221 9815
3642 1122
4985 2041
8008 3701
6667 5030
663 8777
1727 2279
1615 546
620 5029
2290 5910
7139 2895
240 6279
6154 5352
7324 8060
3249 8505
7449 3122
7144 986
1891 2730
7978 4760
8417 5719
3072 7533
4179 3461
303 5301
3845 4956
626 1072
6601 2568
3985 4685
841 5521
1020 2937
7854 5802
7688 7672
7090 2456
5660 9986
6228 6533
61 9161
1071 9868
5254 8352
4327 9033
7747 3594
7805 6783
7786 9033
3287 7719
9552 1237
7698 8953
3102 1156
4523 115
1440 6012
6213 2873
3098 4722
6198 747
227 5670
6706 796
6955 3514
6056 1547
9555 4941
1653 3867
2641 3275
2566 5213
5330 6871
4617 3097
6465 5129
8609 6312
3094 2308
1169 5761
7538 8148
6887 9170
4632 4515
1059 7716
4410 8757
8602 3087
7866 8342
3893 3498
5991 6792
2489 1348
2983 7170
2894 1391
2381 375
7074 2475
3267 1464
7888 5785
5779 3168
6158 915
1545 4284
4815 9589
7697 5159
9785 8540
8579 6746
3495 5348
4822 9928
3401 156
3723 2510
3710 1295
2759 6746
5175 8534
6179 5679
107 7651
9338 8943
697 9977
8354 6501
1343 6456
9277 9266
9792 6193
2160 8564
1323 622
4402 4010
8657 5471
2765 6495
9318 2076
7346 6069
7602 598
184 3929
1680 4885
2335 9121
3524 8022
3228 3794
115 4982
3863 8127
2480 1621
4056 5713
2916 2746
3738 1677
9606 2072
6636 8535
8580 6012
9103 2724
7311 2289
5093 8559
8222 1571
8382 7699
5152 5906
4324 8695
9683 2317
9566 4495
2647 5531
5056 1157
9135 16
926 2596
173 4937
4328 8180
2711 8570
340 92
4896 6358
1178 9735
3646 6218
8025 6918
1777 4709
1391 4618
641 7822
8153 5805
101 1776
9054 6413
294 565
418 6369
2382 4503
2341 127
4192 3688
1775 7520
7929 600
3934 110
7376 7937
7750 5547
7878 9416
9948 9920
736 5627
1912 5115
6270 1778
1085 8352
6502 3431
3 1612
2662 6337
7559 7176
778 8179
6764 4390
110 7588
7703 518
7686 3307
108 1744
381 9675
1981 4504
6765 1923
919 3957
1392 2619
4359 4883
8081 856
2802 5519
9028 9342
904 8016
5532 8315
5741 8589
3746 6288
4498 2637
7071 5567
8566 8066
8202 2588
8447 410
2972 5281
8334 9042
4439 7452
5103 2617
2052 4101
1021 1064
9584 2701
3279 2499
9673 6975
8751 6812
723 5209
6608 3676
9023 6083
8093 5917
7631 6832
3287 923
47 7172
4885 208
7846 3974
4627 2107
9283 3943
4407 138
3478 4227
4974 5034
2015 8434
9617 2734
9484 6401
9505 1679
7747 602
1472 8217
3645 9816
1371 7266
9505 1687
7134 592
7540 1109
6117 8113
419 8234
9580 6941
3248 9327
6801 6085
5254 1925
8272 1341
5294 8814
4730 482
3577 7483
2542 5083
6453 257
5226 5513
4087 1367
8298 9898
7154 5002
8811 5828
5946 9133
8059 744
9879 8214
7709 2403
3587 6377
8285 4324
5344 7574
5923 554
7587 4938
455 2787
6902 2264
7072 5431
3474 7743
4364 2033
7057 6509
2002 6619
2746 8740
3861 9010
6390 93
612 5255
5588 5851
6934 5591
1291 74
1675 9928
2731 7538
7957 2302
1491 3249
8185 3858
5916 4165
9953 6170
2526 435
9882 9896
7172 2429
1247 7571
1710 1663
9713 1980
8445 8898
7238 4040
6814 7431
7307 7342
5488 5064
2170 9843
2183 745
3130 1427
3690 2707
8401 4100
5524 3884
8803 5575
9239 1516
9985 6005
5378 8021
2618 5936
1800 4173
4220 631
7442 7737
9235 3666
9875 9528
805 2498
2369 6663
4497 1361
3564 9564
821 1530
1155 5588
4110 7196
3771 4617
1550 8186
3415 7816
2876 7754
9122 8041
4259 6847
9080 7509
9510 989
6089 8349
4172 9520
2093 2733
2891 3856
8971 1975
9554 1908
7954 6476
5424 8087
8936 6513
1790 1018
2508 8956
602 252
8941 4338
1879 3432
3559 2343
1443 329
6104 2633
4903 8406
5020 8669
9959 3642
1232 9721
6346 5573
9604 7793
2230 9744
5466 6787
7826 8388
9554 4776
7956 5239
8578 6574
2045 5117
6220 2672
2079 4377
6816 8619
8118 8374
6405 1750
925 7041
3023 2166
2794 2209
6579 3063
1424 1318
6856 1351
7795 9065
532 9344
2256 8317
4400 9662
5245 3031
5979 7006
9953 2820
3918 7343
9296 3831
9039 8992
8398 3777
9527 4532
1097 2647
2743 7907
1146 2053
6709 9484
1750 173
2353 5093
6775 7955
9131 4293
9295 3783
1154 8427
4096 1634
5427 4378
3537 746
9534 4945
31 9431
3133 8527
5997 8632
6996 6732
4067 3889
1031 1900
5172 4305
7970 7095
4017 3116
1255 3966
1473 1661
8218 559
2982 8973
1579 5637
8301 6437
9963 8298
5436 7883
6418 9274
72 3219
3522 4480
9615 7263
2899 8014
4621 5257
7092 3845
1980 7340
2734 8189
5118 6744
224 2200
5068 7971
5559 7092
7586 1513
3665 7286
3708 1679
8850 1483
1480 8466
9096 1875
9165 7214
1206 1832
821 1027
8001 5798
4502 192
6881 9540
5076 9366
6932 2029
9397 2659
8555 3262
3938 9969
2542 6381
1800 9034
1802 764
2650 6599
5074 7458
774 7306
6363 7606
7760 4593
8887 5060
3889 9603
190 7845
3711 2422
4060 6785
1660 6798
4663 8371
2228 8869
7865 5688
9119 7829
9126 3146
2503 6097
5123 3097
8854 8619
4746 1229
4385 7200
6323 586
9815 4353
5891 4328
6143 8585
8392 286
4969 128
8936 3605
7920 863
1361 1793
1417 9556
1511 8003
1429 5733
2284 2364
6280 6579
4655 7464
313 4790
1834 2452
6624 5674
5941 7943
120 7218
1891 2681
359 4564
5020 614
9304 7729
6628 2387
2321 5386
9735 8314
8284 1562
92 2054
536 1780
8495 6688
7789 6496
516 3515
174 825
7787 5004
995 716
3672 4917
259 493
684 5045
8590 5042
8530 9821
7597 7082
1744 4877
4485 7452
1947 2716
9957 8149
6138 9745
7895 8828
4287 6041
8090 9622
3402 5542
4754 9893
940 938
4175 7717
1490 9206
3035 9235
3462 6220
362 9347
5668 2784
9588 3374
1508 8056
3242 8883
8739 6864
1659 2980
3954 7328
974 2379
3047 1095
4824 8035
5417 3451
9314 2715
7249 8715
5292 399
2260 1499
8894 1039
9530 6188
3901 3006
6730 5176
9658 2154
4376 1200
5307 1328
9288 1939
4287 2075
3199 4718
5349 9537
7171 4474
7667 7105
6534 365
1594 1099
743 6095
7297 6316
5528 9512
4830 8282
1483 5726
9338 6945
7404 757
451 7037
9189 3343
6629 5192
7237 1565
113 1120
2608 8485
8904 2539
4753 9926
1747 5237
8339 3782
2168 4499
3109 6214
7896 4760
1443 6673
2531 2094
7668 443
4485 5718
1153 512
4136 1948
3453 8177
1271 9628
6116 7504
4050 7182
8232 5719
8087 9432
6753 3969
7936 9039
9363 9323
5298 5191
8769 1873
9335 3682
3151 863
6412 8257
4213 243
3910 9925
9415 6219
6341 8303
7836 7140
5649 8969
2975 1911
5000 6905
677 1256
7612 5350
908 8337
1498 1162
5250 1454
1412 2406
584 3909
817 6956
6 629
3604 2491
3171 4679
1975 7082
6525 3288
4510 1557
7866 6916
5735 5730
9539 6104
7536 1877
2226 9600
8002 6237
6411 9003
8969 9161
4550 855
4488 3949
4297 6809
4206 1648
4994 251
7640 8462
2483 1503
7411 4887
1293 8909
7170 6790
8168 1996
4913 7042
4467 4644
6349 9707
7656 5358
126 7701
9146 958
1740 7300
6098 3519
7405 1703
8586 6252
6649 6381
2057 6503
887 2545
2647 2720
127 2491
7484 3141
6768 5926
5410 4482
9142 8863
5536 6209
4558 6236
9841 4292
9088 764
4370 665
4138 2422
7529 506
75 8127
985 4494
4096 9563
8156 8377
1140 3118
5546 7732
3854 8395
2101 630
5885 7020
7354 5588
1989 7396
3802 7451
8715 104
4225 8102
9146 703
1255 8974
2614 4472
1399 1006
4788 3431
3436 8259
2819 9119
7473 7354
1608 2008
7594 1966
6883 4650
3771 8408
8908 3755
9219 2219
418 255
9849 2937
1039 7116
1588 4614
6270 2472
3838 3528
4724 5045
4829 5214
1830 3194
744 9365
9133 4802
1740 4074
3289 8436
4823 7401
483 775
7715 65
1798 8245
10 430
2102 114
7202 4029
8624 9943
4580 4506
2229 2025
8614 4525
8489 607
7776 7650
2759 4255
4916 7721
4644 2006
1379 5247
6300 640
2679 2415
3863 7384
9643 9154
2450 5027
1415 7560
4036 5236
4069 7233
7142 17
380 1718
742 7751
1823 6224
8033 9836
2073 9207
3518 2443
3272 7044
648 3330
6313 3686
1886 5656
5715 8461
2792 2339
1225 6271
4840 1663
2457 4869
6950 2474
9678 2604
7568 2674
2263 7357
8714 9295
7147 2923
6855 9363
6093 5007
89 9408
3997 7592
5219 1254
4373 7628
8853 8010
4822 2311
542 2182
8754 4037
1951 9585
8486 181
5156 4510
3084 8938
3 1477
2418 5350
9957 6337
5436 7470
7382 6633
2429 45
2105 731
7070 4466
6516 2925
7013 1549
480 180
8123 2315
4582 2733
8364 5010
421 7839
3666 4458
4887 6996
5853 70
9254 147
4890 3914
983 9329
372 1688
356 2681
4942 1703
8658 3596
6056 3256
3123 494
1833 7022
8336 8877
3120 779
8546 6082
9669 6563
2053 6676
2156 7368
11 2758
9738 9613
1078 9088
8078 1885
6549 8250
5869 2359
3004 3100
1449 7756
4124 8264
4496 9153
7187 5636
5818 7114
9864 2903
5976 1810
5940 4146
7599 6661
5114 4305
5282 7061
2758 1003
1458 7805
1936 8174
7459 1779
7073 5361
3611 4432
2319 7349
1586 477
4792 841
9754 2414
2280 9730
4030 4025
750 1528
8027 8861
9416 1188
8668 8622
578 1426
8826 4740
6933 7829
4465 2123
3459 4182
2686 2248
4305 640
3430 9850
3076 9856
9611 9486
458 451
7747 9329
9474 6543
2486 4329
4433 4888
3533 4806
1893 4264
4907 5689
8519 7589
9984 5692
9636 4921
501 6233
7233 8466
3129 2165
6748 9996
6821 9595
9894 1796
2078 8696
8728 5498
1759 8799
4788 6441
4214 5266
7062 1714
8139 2954
3989 1281
8614 771
7257 7301
1111 4328
8270 9323
3359 4865
5691 3258
9298 9194
669 2592
674 1316
1765 1850
4776 1672
6077 8536
9387 2123
3288 2265
4930 1300
5049 1928
2876 7682
4883 1499
5494 3215
8727 1505
2132 9440
5860 8514
5926 410
4833 7081
5757 3314
7938 1180
4680 438
3305 3214
7945 4273
9015 7918
4427 8444
3951 2092
269 8335
8827 6754
3342 9756
7246 3657
8456 3594
6132 7927
3858 9808
2843 855
908 9832
4764 9322
291 2631
9941 8660
2563 5621
9783 5636
2185 3645
4934 6944
8337 3251
3376 7550
6263 5201
6649 3972
7035 4593
8425 2341
9687 6848
9134 8608
2359 1227
3763 6641
6059 1978
9013 8611
2846 6850
6654 748
6822 4057
6938 1605
773 3197
784 3861
7595 9720
976 9082
2087 5462
6172 118
7497 8748
1871 9750
9209 7352
3200 4198
7360 2978
6829 9236
2917 9270
3907 9559
5199 5403
9886 6397
8639 8568
3759 6583
6574 7068
6780 9299
8879 6927
8059 2754
796 1763
3269 6860
4921 6768
9828 215
5291 841
9956 6186
1908 691
9186 4380
7339 4994
704 266
2724 2799
554 2277
1274 8205
5560 6469
4331 5715
1515 4619
3332 7586
8698 5061
1644 1484
7883 6776
7279 7174
3337 7813
8585 6715
1607 4482
8869 4941
2995 159
5715 744
8683 1421
2183 989
3848 2373
9697 8358
8347 9524
1948 4925
5543 8745
8044 1170
3735 4599
4518 3326
596 2761
2361 7461
921 7439
5487 2140
482 1683
1133 6441
1373 354
1503 3906
3431 2764
5460 2199
5125 8719
105 231
3919 4129
8042 9901
6013 5145
105 3689
8266 8725
4243 3178
8751 8975
7935 7128
1852 9755
1104 5118
9077 8123
8794 5080
7873 8437
6918 3172
6390 3370
8817 8436
1957 1201
7797 4388
6536 6814
393 1473
1738 9181
1618 2292
1518 8059
4424 1020
7740 331
374 4355
5106 5254
1002 6436
9254 5774
8570 7443
410 6581
3525 7987
7983 2570
4827 1916
8485 7872
8612 8372
5568 2341
8534 2128
6386 1646
5918 2806
6801 1032
2856 1790
4848 1364
1181 4301
7200 7434
6983 2679
3418 4004
1821 3071
2664 1836
665 5977
3415 129
9160 5032
2728 6084
7442 485
2442 4938
3820 1426
9325 7885
3577 7574
4797 5832
597 1963
6642 4709
8315 9381
8761 5915
7952 464
2241 3761
9222 5187
7125 6623
6476 9217
8430 7827
4751 9440
2885 710
5712 634
6393 5230
3442 8389
5501 1457
7638 778
1313 8832
2093 1113
2610 3736
7968 9705
9659 2946
9845 8771
6315 8781
6422 3261
3191 3136
4222 5638
4283 4040
5791 8786
2900 7978
9449 7472
2291 340
7629 7507
1791 1198
7381 8748
7878 6253
9210 6330
416 7231
9976 9568
1531 9904
423 1464
6784 2027
2862 4584
4007 1166
2866 7076
9564 3537
7682 1814
7139 9177
3664 937
9556 1452
7168 7731
2676 1468
8612 4868
3131 7062
4490 9067
5240 9393
330 2994
9129 7356
8483 4222
9239 4561
1685 3399
1272 7120
1990 205
2082 9660
8361 4702
1332 6540
3339 9163
4967 5120
8397 6011
7660 2553
4486 8778
5176 8886
1909 3672
8158 4256
7951 266
8106 827
973 5055
9454 972
494 3002
3319 7264
9564 286
8556 3781
4745 7370
7563 9171
8080 7989
3555 1248
8800 6301
1363 6993
7001 2490
7875 5383
8758 5751
6817 6847
2583 2684
8286 935
7111 3980
9939 85
6577 8319
3846 1482
6705 7379
6654 1608
8637 4447
9741 8944
7076 118
5459 9009
4068 5804
6159 5794
3256 1256
4091 4851
8540 7684
3590 3153
3874 1371
3552 2240
7211 3400
2945 6200
5383 7147
399 2777
3869 2602
738 88
2203 6034
5495 6779
2866 4544
9202 9075
5176 3168
9806 9188
2488 3852
6351 7027
1313 2563
5634 3085
7638 9738
184 4447
714 7527
8657 1557
3192 4826
473 7187
5841 1613
3747 4197
4414 4795
7086 4814
6454 6490
1719 2144
3598 7974
2980 9445
4465 4829
8401 687
5619 1494
317 5434
221 5440
7587 4490
5337 4695
3079 1794
7402 2924
4973 2687
741 3078
3061 6174
3821 8713
8086 7513
1372 3983
6928 5787
8096 4034
3450 4777
2475 6422
2863 2716
2912 7355
319 8530
3962 2944
332 1955
9414 275
1458 536
3459 7323
1685 2845
5662 8425
9240 6693
667 2038
8840 4587
9493 1988
5284 3343
754 7030
6872 9998
5210 3236
2359 4737
4749 4541
7900 3808
9868 7634
6471 2300
2580 6033
2427 6616
7495 4578
7948 7375
5085 2295
6634 7797
6434 3692
2542 1947
7030 9253
616 2932
5609 4489
9254 558
3374 2946
1663 7580
8496 5566
8863 2859
6034 4255
6104 3127
9106 4178
2920 5847
5795 4656
1847 6715
4411 3324
5836 3722
6799 9589
8562 5655
237 4957
1809 4253
6344 5803
741 9126
6072 8602
9512 8744
6426 8825
4188 2546
3865 5454
2593 2705
4770 186
7459 274
1258 9199
1341 6244
974 487
2957 9537
3095 6577
5008 2296
4339 4310
82 5429
236 209
5632 932
9516 523
8618 2530
3145 2185
3792 7511
6211 4988
5151 5651
1489 6096
1842 989
7174 6527
1586 653
1388 8024
1712 1191
9189 1166
6041 2223
9356 940
6082 3244
713 7123
4670 1833
1968 7212
7128 1962
7051 2913
339 9974
7742 9682
4750 7716
6217 7939
1578 9243
8334 895
3698 1985
3813 615
9628 6627
9072 5292
9237 2868
9491 3782
8201 7227
5465 4281
9237 1021
2974 4097
7741 9695
2881 5158
9276 7104
8333 9490
7379 7955
3760 2636
130 6798
1128 2493
6873 2270
6813 3253
2605 3970
3872 9777
4065 6710
4396 586
1718 635
8065 6486
3624 7316
7564 8502
9055 3493
8930 1198
1020 1014
7694 8546
4106 2121
5284 4453
8940 7458
2805 4060
6626 7188
8905 1882
1621 1694
1563 3725
3946 972
1526 7697
5075 4571
9001 1329
6816 997
4444 3816
5778 7745
625 1653
1097 498
5675 4624
4237 4537
4373 8888
8038 405
9878 1747
7081 8492
2263 7152
2147 6272
5622 4155
7705 69
7085 6329
3744 5728
5711 6043
5906 22
2323 3985
8719 3961
4710 4414
8630 1815
9012 9489
4156 7607
9878 2595
5464 5827
5190 2337
5467 1551
9164 4196
6290 8587
736 9681
4617 911
6951 4893
2911 4487
5813 6789
3148 2096
2239 5941
6611 1216
1272 563
6125 3463
9260 436
3976 2335
3073 473
9900 8174
6627 8699
7246 3466
4696 8498
8843 3731
3099 1572
897 261
1288 3692
2402 2741
5143 2632
1628 7461
2449 5776
3564 9633
8483 8760
2769 1836
2896 197
7252 4224
7520 343
1441 6933
5210 8562
9637 1048
9999 6422
1679 3463
6811 9282
5155 8830
7211 2663
8121 1439
3902 9534
6739 7120
4535 8082
2219 6030
9549 6036
2268 3684
4206 7329
1928 34
8806 8454
6302 6817
742 6765
676 8302
6977 3623
652 8905
162 501
3003 2896
7693 8494
1015 9241
2058 3939
1615 2380
2621 8489
4072 8560
8554 3379
1843 6899
4879 1259
8147 8559
8713 7215
1093 3594
752 7151
7928 8740
9118 343
8715 10000
2236 9112
7435 3762
6025 3564
7182 1915
6355 9276
7559 2937
7753 3393
1318 1485
7447 1165
124 2003
8210 5816
264 9227
2034 9151
7785 6129
5515 7994
7699 5689
4351 9015
4738 3370
2266 9926
7364 4524
9721 5852
1198 5149
2328 5040
391 6188
1803 3640
6105 3499
8947 9664
2446 6956
5254 9273
2712 5325
6427 8900
5322 5854
8178 9898
3719 5278
695 3894
1375 6200
7683 1058
3533 3984
9812 6246
1865 5929
2836 336
7624 7100
8933 9691
9346 9276
1189 7448
288 7592
8265 5500
5930 2531
8523 114
4643 1628
8850 7749
620 9750
6914 7249
8565 4634
7334 2089
5229 9743
9985 3782
4455 5228
3585 5199
3803 4808
4895 1719
4341 8001
3239 84
2971 4489
6831 2756
7803 7310
7842 5427
1189 2431
5199 9639
9097 9435
681 2054
2895 7925
8517 7143
2561 8172
6616 7480
6526 2803
2844 1946
8666 2353
8433 8447
9688 6363
1653 9256
9286 4878
4589 7349
8970 9108
7862 1090
2823 3272
3552 3178
7669 8813
8730 4261
7473 7046
4689 3693
8054 7915
12 8831
1556 9882
1184 5671
6918 9944
8830 2838
1880 9711
1780 1857
395 7090
2980 9867
3746 2659
8986 7790
5760 4587
3146 1802
8557 9282
2878 6539
7496 7179
8559 4384
1135 8971
4849 8016
2024 2892
7130 7629
2704 3985
365 2630
214 7837
8463 7771
6202 2083
3377 1345
1985 5911
2543 6686
3382 9605
8459 7166
5024 8443
651 2535
8244 3164
42 7236
3579 614
362 207
6375 8547
340 9735
2461 677
2474 3006
4124 3919
1024 6991
6543 9083
8689 7825
6071 7513
6355 3955
2192 3511
6896 5029
223 5503
6330 3910
3988 3121
906 7880
9294 5347
2805 9734
2917 1367
8026 8117
1908 6355
703 491
5171 672
6388 3816
1906 2352
704 2526
7216 8906
4588 4916
677 4107
7316 5183
3129 7078
8053 4625
150 694
7826 2662
8557 1649
5414 3140
6137 7683
5522 7297
6109 5587
8211 6487
3101 4583
7775 1673
7091 383
5139 7474
8585 3966
5996 311
4029 8409
3484 2332
7389 4948
8045 9880
598 145
6120 1857
7376 9456
3435 81
9584 9530
7646 6498
2971 6267
1411 2397
6524 6899
3538 112
3794 7624
3280 1908
6701 4585
3019 4156
6192 8562
9924 1341
5476 7022
6352 3243
7738 6047
593 9996
6514 5108
9856 4192
5427 7478
8992 8329
5278 8505
2490 2403
7237 5615
2951 4564
5824 6921
6477 344
1960 2636
6933 2263
1888 5792
1665 7930
3686 8114
7343 6903
6390 8300
3518 2768
2423 5198
6433 8520
1356 927
3040 6260
7124 8623
731 291
7888 9189
3105 492
6458 5795
9805 1556
8135 1384
6557 4112
6324 5390
8647 2222
8583 6157
9638 292
2095 5058
8719 6666
6609 6773
9136 4002
8308 5035
1450 8178
8432 2686
887 1118
3600 1130
6453 2081
6548 3532
9846 7886
476 7111
2574 3605
5370 1585
1543 9132
2313 7510
2178 6933
1106 7729
2337 294
31 290
1123 6704
5377 3872
216 3301
3192 957
6370 740
4328 6102
1383 9263
935 8300
9071 6452
4552 9539
8644 376
3066 5775
9608 4617
2682 1429
5423 6930
1045 9731
9237 8603
8899 2855
7253 6047
2944 5536
7483 6553
2068 4624
2819 4104
1868 5446
841 7324
925 7029
9039 9760
4337 942
3368 1696
6969 3588
8325 8619
4196 9945
3765 3214
787 4991
2711 1091
7918 9851
4507 5551
7680 6508
903 5557
9459 3539
2818 6370
476 6741
4928 9880
9251 3677
638 9120
6700 8271
4956 4683
3818 8936
304 164
9386 2145
2365 9485
1279 9221
7365 7509
9450 7528
2076 3185
9593 6895
3372 9601
2553 2387
9064 3829
1251 2110
7364 2621
443 6072
9872 3987
7032 5361
8131 6053
2407 793
9464 4833
1580 2906
3510 6303
3756 8232
9782 4703
2430 9636
4461 8606
9809 4784
5022 7698
2626 4990
3007 3402
81 4922
7824 7515
7617 5405
5386 1866
2878 5629
3946 8008
4999 7019
2826 1449
1307 269
5236 1478
1073 9037
9327 3460
2618 959
9004 6728
8857 8361
104 8468
8688 7748
2934 5623
1676 1737
8265 7567
2319 9198
7604 2353
4338 1499
832 9071
8712 4106
6873 7713
9591 6643
6751 1773
1609 1868
3856 5634
6091 3342
5707 7695
2385 9808
297 6299
4064 9075
9317 583
6740 8892
5244 7477
6616 7317
7420 6621
649 9952
352 3742
5875 8470
7238 8869
6240 8573
3474 8369
6186 8646
9900 8668
5691 2430
7542 1426
3381 9050
6523 1835
8031 1008
4845 272
7177 8077
3519 8484
1614 8341
2167 8099
5020 3159
9945 8690
6157 2068
7497 2114
8163 1889
6311 2780
4860 8225
9428 277
5872 3165
5211 4528
3207 3950
246 232
5789 8703
6928 474
6043 9112
7520 2080
2959 7222
3104 6364
4787 9887
3709 8901
5251 8417
4941 629
4642 393
7964 8830
9398 8528
202 7713
2912 903
3718 1661
8823 7018
2409 4104
176 9197
9006 7312
8835 3092
7246 6692
2751 2822
7683 9713
2328 1533
1643 1903
94 4684
2404 3659
4848 763
2102 1383
5308 7944
4572 14
6533 2428
3944 112
1003 325
2878 5365
6 8878
4651 8336
1090 4247
4053 6160
4133 1421
5240 8439
6994 6580
9937 6435
6930 809
4311 5606
1687 4663
3613 8458
5649 3883
6789 2331
5711 1538
3037 2015
2164 1448
9669 6308
6622 5032
8706 5438
5749 5305
8575 3599
9169 1683
585 5817
6528 3039
920 2284
3200 8545
6927 1802
8352 2230
1628 8411
1184 1090
1413 1448
4895 7968
8873 1609
4766 623
8163 8271
4541 9096
1800 664
6739 5465
7530 5950
7972 9906
3193 7973
1431 9258
8363 6750
1331 964
9053 7392
2174 1745
227 574
3851 9045
1981 8245
4538 1745
6315 3310
6648 1407
7116 4220
7595 4187
2073 9132
646 6091
5936 6860
7210 1188
3476 9482
5228 643
8853 461
916 5705
509 6421
240 8869
4261 311
9456 9483
7808 7444
2419 353
8915 1846
9851 8551
8033 7700
1068 1144
8122 3286
812 8298
1356 9022
1704 4733
2786 781
303 2041
2958 8559
3274 4251
9531 2888
4264 5296
4552 1344
5980 9774
3344 2720
7530 1711
791 1691
7440 8495
2225 9922
8770 1840
6954 1329
78 8094
2117 3871
3832 5474
2107 3807
6958 8512
2907 3538
8726 3715
2394 6332
2311 8091
4377 5604
150 4101
2439 1787
2807 9702
9711 1776
9223 9128
7177 5012
6230 9700
1032 3937
3462 6714
6863 5022
4211 6873
4122 4988
256 3625
7835 9959
3033 3989
7063 8416
9845 3602
3196 4390
5661 3463
9186 9519
444 5507
4336 4371
7513 6798
2778 5556
8246 4289
4355 3705
2753 7329
7745 5331
7726 1450
1195 5560
5701 6087
5610 9492
6370 5820
2271 5470
8469 2792
1006 132
673 6942
2353 7438
3389 3511
8431 7409
968 6071
6773 6162
9820 6049
3058 2495
7990 9685
8842 769
2797 2776
6664 2259
9456 8280
8729 4011
4179 8598
678 1623
6683 2014
6357 5509
2717 5233
1030 5904
9818 7524
5436 1374
5946 1525
4273 5192
7983 5224
8904 9737
875 5629
1683 2384
7058 8285
3223 2346
2459 7009
3292 1640
6086 8097
7986 6269
6115 1998
9021 5259
670 5052
7376 1012
2492 704
3954 2935
5476 442
6038 8958
3848 5084
7556 1397
285 9511
3448 6468
6231 9184
236 2341
2523 7308
3207 1976
7556 799
7235 8936
7908 1991
5949 1359
6561 7545
4971 3013
6943 6975
3777 8796
6057 2201
8240 1658
415 4148
8691 7285
6379 3789
8066 2599
6560 5306
171 3439
9777 1884
2121 9625
8016 7692
1537 7066
398 2087
7672 5177
1759 1048
3849 2062
591 9981
2883 209
273 4512
4140 8552
1600 246
6191 9248
4355 8745
8371 521
1843 4340
3668 2614
2642 3157
9290 4292
5968 3118
8635 4703
5629 7778
5592 553
540 1184
1439 1019
5759 4678
4526 1316
9001 8678
2222 8643
581 6638
3816 9638
5398 7601
2981 5654
7597 8921
5689 6824
3143 808
8579 3736
7310 8785
6707 2959
1820 7161
7758 9455
6152 646
1265 7994
1318 5232
7422 4011
214 6066
8350 1316
7772 5357
6917 313
8780 3110
4085 8270
7586 5918
6118 4083
5546 5103
102 4321
9750 6863
8933 9959
902 9400
2665 4189
1425 9655
7907 3355
5383 7755
3853 6754
4278 1475
7942 9288
9058 6620
9695 9512
6038 5237
9177 7665
5940 8872
725 6006
1902 2589
3355 9422
4772 8758
9361 7548
5082 6507
8156 3441
5336 9535
3433 4471
5974 9036
9055 2124
9309 2403
413 5019
7243 3026
9818 8740
8885 9947
1083 137
8862 9742
4726 1500
1284 2739
4563 2520
8691 3062
1375 8621
8070 1945
4610 805
964 4206
6470 194
8960 1141
4458 7136
840 6766
5740 5006
22 484
1333 1923
1956 5
5265 3963
8235 5120
5401 2505
3000 6261
6471 2716
2754 5716
3828 6297
6787 2806
1820 4219
1117 8727
6168 9822
3678 8850
8167 1282
1158 8891
7768 5191
8986 839
9062 8547
9850 226
2230 6368
4503 577
5395 6869
4171 66
4720 2811
8686 9798
7170 9910
8926 382
1948 5819
8073 4928
6178 2716
5070 1573
6888 4329
9471 7096
5540 7531
8605 8521
8580 9013
2841 2614
75 4953
1677 8373
2574 9125
1816 2602
2670 1526
7310 3846
5049 6430
7984 723
4908 6246
7745 4551
6949 7954
1359 4149
8600 8697
5100 7490
7558 4480
22 6206
1089 5647
2019 3400
7189 7369
8825 8129
915 8989
5679 9491
624 4068
9592 4708
6426 1865
9104 3422
9662 2739
1713 2982
5934 4268
5278 7932
3654 8517
5108 744
8057 9560
2810 9610
3459 3339
1100 7019
6506 2485
9063 8501
3755 7397
646 7485
2987 1390
7998 436
3725 585
6524 4449
6253 4609
9105 850
2465 9721
2383 1413
824 1489
5901 8098
5509 4070
3592 2633
6599 6509
3187 6051
3155 7835
6574 8236
2838 4886
1574 6589
5677 6318
7233 5596
1115 1080
1929 2858
5475 3687
668 6056
7380 9715
3187 5607
5774 288
8844 5527
1281 1818
3600 1208
1965 415
8407 2399
515 9719
9866 9479
7133 7793
5866 8098
3148 803
1079 2280
8084 6394
169 3294
5458 4380
9378 6306
7957 9444
6589 4155
6519 7482
203 2615
2718 547
4096 918
5201 5239
5456 4376
42 3327
806 4883
6038 3192
5787 6228
4339 5691
8341 5973
9456 4032
9392 7962
4743 1014
5222 8994
2550 590
3136 755
5233 5921
5937 5337
3058 5067
7860 8947
6232 5582
7631 3377
3018 4515
4323 8062
3673 7387
5666 7320
708 5060
4497 4494
8001 3006
2109 3956
629 647
4364 3323
4847 1274
7009 2144
1804 8414
8623 3121
3000 8303
2590 2965
2485 8303
1102 3431
1196 4837
3638 4295
110 4155
5974 8317
4660 3184
5238 459
5758 8823
7534 7411
8114 8725
2783 410
4708 8891
5743 7978
629 8881
3054 6120
4186 6154
4071 6370
6215 4092
9352 8245
2766 1491
8133 5165
8675 7628
2762 4523
3578 5777
2959 3868
8247 5046
6358 3082
7673 4713
6853 9060
7388 3608
3425 1479
1334 6097
7422 9671
2319 4250
30 3823
3434 8514
6702 7994
5556 6913
4919 3399
7155 4963
2528 4227
6776 2501
9059 6111
401 5652
5326 967
4654 4118
3389 8913
6048 8655
5350 3295
773 8155
2903 6202
2223 1705
9697 95
4541 4642
4248 535
2692 3731
9046 2165
5651 9240
4215 1235
1057 1027
7198 5579
9435 6431
7684 7391
5745 1841
1825 5973
2202 8031
3154 3333
1746 5689
5404 6917
6691 3116
9211 1395
6875 9934
3169 1736
8862 9602
7714 9689
5888 5880
5811 613
330 696
5322 6818
7250 8560
6979 440
3460 7314
1642 1304
2400 799
6766 508
4710 7092
7369 4212
7385 8423
7248 7744
5801 3305
9337 7170
2697 437
9648 6184
4561 9450
4630 7013
2909 3376
8258 6288
184 2505
9080 6220
7548 7730
5391 5734
6555 6470
377 1895
254 4074
8300 4087
6174 5726
5973 2243
5202 5273
3812 7225
733 2797
7948 257
7039 4160
326 8769
7319 8677
1467 2198
605 7996
2973 1020
674 6896
3125 8466
9184 3400
824 7219
9180 5573
7191 8959
8761 7781
9046 1423
6169 1276
6689 1464
8268 5448
9825 7721
2361 9256
8405 3442
4845 7372
5189 3286
8529 2924
771 5378
4118 7903
7901 9107
4536 273
1789 1734
9399 7951
6631 9473
404 3047
2487 3329
2069 7491
9991 1464
9394 755
2760 1212
507 9955
892 9125
9088 6919
8766 821
4216 3331
7551 4711
145 3709
1916 39
6528 7924
9559 7631
7183 7978
8324 9372
1674 8184
1166 2293
5443 937
9535 4798
7102 2958
1491 4789
8460 1408
8063 3602
2796 7835
5654 7252
7570 2791
8695 6777
1876 620
8306 243
1768 7786
9782 5074
2489 681
6643 2086
5929 8855
560 9518
2154 2707
5267 2845
9628 7381
9587 560
1241 9852
8414 7625
5131 7954
3681 1140
16 8952
2018 6280
6144 860
2576 4577
6311 5628
3444 501
2065 5686
906 6810
8449 9411
2477 830
4973 2216
2250 461
8387 8549
4473 9491
4788 2830
9260 7413
2606 6044
8077 328
3845 7903
7355 2300
8984 856
1998 7271
3124 999
1227 904
4148 6724
5000 5873
1827 4710
2290 1832
1603 7985
2804 863
6817 7811
2008 2003
9985 4237
8739 4226
4921 3570
2216 7923
6658 1140
7586 4585
4256 6092
7527 8127
9405 6764
652 2398
6206 9293
9730 762
7689 6040
2294 5119
5323 1199
4173 6929
1157 5707
1406 2917
2566 882
3523 9016
9778 8242
6502 328
3311 3419
8169 2413
6972 5631
6972 7335
9473 4596
8351 623
6575 3648
3014 1324
8431 2959
3115 5396
7037 9160
5439 7927
3925 1761
3635 1485
2277 4542
1560 760
7085 7737
9189 8625
819 9517
1105 6026
8299 9452
1638 2300
1835 908
7346 681
4740 3216
1354 4878
9638 4748
7721 1727
1784 7361
2596 3161
7362 3856
9228 8198
2715 1828
6482 1411
2257 2966
2467 5093
1575 8018
2309 5823
312 7836
2191 9286
3294 9065
4074 6148
4788 622
1079 1385
953 4171
2147 8924
4041 3739
1995 2381
1990 594
7983 5736
9772 1282
2132 5248
6369 2825
1775 7008
5568 3871
9240 2391
3464 1970
2934 4258
8109 6998
1208 1881
8666 479
4576 8378
5420 7075
5182 4533
1011 5124
7538 6496
3169 4725
2105 4637
2858 937
1375 7658
8071 2299
3136 9853
3457 3396
6963 9661
5065 3129
4215 4435
8519 4503
4266 3888
8004 9969
1825 8407
7311 6513
5916 5613
2954 4551
498 5039
4358 7114
5221 6129
5513 6806
9854 8069
1916 7236
3526 4777
6914 5161
261 6270
6964 7066
4532 2402
3781 3518
3179 2272
1171 6288
5743 684
455 1926
9151 1026
2687 1507
5045 728
1604 4971
3875 6853
4877 6004
8109 929
1626 6472
606 246
3457 9889
4719 44
5555 9889
2622 348
2910 6535
4446 4242
8620 4594
7797 3152
1445 2942
233 8013
3871 2172
4636 6419
4102 2742
5484 9092
9635 699
3588 1929
5935 5552
8379 4733
7483 4896
3949 4638
1633 1479
1136 4399
2701 6930
1745 7511
9168 2657
5019 5959
7430 1915
1023 6751
1677 9180
5929 5011
4204 5418
7080 3809
4319 7714
472 9396
9437 7272
3503 6448
2138 5048
7523 8610
1533 5253
7793 1830
2056 8892
3358 4744
6339 7936
4864 5637
6866 1911
1097 5869
2181 7964
8672 638
4981 2184
4386 2168
5491 2474
9093 2409
4831 4732
9327 9860
4910 5849
3527 9220
7647 7250
1767 9470
4528 3351
2471 8200
3731 1426
233 8175
2739 1090
4218 9421
6722 4499
7201 6979
7440 1513
7203 7377
6610 7719
3145 1241
880 9911
5808 5359
4567 8074
9579 5177
6366 4294
1886 3101
5050 2293
9510 7331
6044 9427
5922 3326
6630 7140
4872 5006
3689 2162
4128 5052
9064 6592
2588 9120
6094 4152
5251 7492
4444 6389
6737 7546
6634 9516
4818 4795
8858 1593
1934 9254
9524 4076
8173 3427
7828 1489
8318 2300
1846 1025
2287 5969
9115 6157
1431 4658
2894 1773
291 8976
5923 2952
1294 9305
3181 6163
7684 2404
3324 4347
9924 185
6245 5904
5723 1941
6588 8073
7807 7727
8067 2263
4693 8541
3086 7986
7452 8160
5382 9914
5183 1491
1780 7042
5183 7793
2169 3157
182 5392
2643 1968
9704 865
5269 3611
3157 8703
7658 3838
3679 5244
9771 9375
2197 3997
1600 9536
4926 3605
808 4859
9638 3408
1193 8532
2998 410
3650 5086
9518 1371
6776 608
3525 4105
9512 8184
3604 5732
5429 1906
8374 2332
858 8327
5326 3061
6620 2085
3198 2902
5657 4311
659 7751
991 1423
865 5986
7469 3087
6903 8296
7343 5786
7339 5304
5205 3585
755 8729
9694 333
4967 321
5996 388
6744 7113
8699 883
1165 1388
5821 2952
6266 9800
9493 546
3919 6110
4612 532
1790 4443
3973 3523
8043 4130
7279 5688
6685 5534
2305 8578
2545 4460
9708 7808
7475 741
1513 7875
13 4942
9762 6240
389 165
6139 9288
73 3621
2176 1851
772 3049
859 7626
4477 6536
8601 738
5585 8484
5355 9243
3709 3718
5892 587
2437 1782
7795 7509
818 4757
5682 4225
3520 6151
6962 156
7192 8806
9052 146
7819 2122
7098 9991
1460 9716
4056 848
842 2958
9727 726
1798 8105
5497 7206
2317 437
5503 4866
1783 8673
5770 1603
9778 5641
3817 8795
5934 3175
3699 4410
4159 3132
2574 4968
3815 5958
7949 9127
8724 1651
6968 3197
8233 483
7265 3809
9964 44
9531 7749
8198 1789
91 2035
8355 1240
7358 5157
4356 7384
5758 1803
2643 5204
4320 7295
1562 1849
2851 2687
2445 2707
7584 3510
2066 7036
3698 559
661 6256
872 8348
9648 2277
8080 3999
7393 438
1907 7322
2712 1750
8551 4903
332 4391
6373 1965
9807 4558
5416 2508
4838 7034
2772 8009
9851 6865
2152 3111
5313 2704
2477 5846
4070 8713
9827 5660
8185 8229
6193 4138
121 4229
5083 7176
8886 9589
2801 7126
3122 2467
8255 2217
8786 3480
7822 6257
5322 1484
491 4602
3172 9138
5910 3881
5368 8020
8985 1563
9467 4912
3409 6116
1783 6198
9193 186
5605 8773
3196 8410
5780 6135
6439 9435
6635 1572
5051 8046
6290 9347
6162 1303
5072 8012
8501 4501
9524 1544
8291 9152
4345 1824
5853 5291
1138 9504
4369 6881
9940 7683
2399 9703
9873 1152
2911 9839
9711 1300
9615 7977
1443 971
3089 9088
3587 8770
3754 6495
3388 6505
8173 8615
9999 9543
4173 4343
6437 3912
6584 493
3485 9722
3227 8833
8416 6521
2753 7754
3214 5089
277 2034
3436 3029
2975 3470
2058 8455
1709 7484
5700 593
2908 2225
3020 3472
6679 9220
656 8764
2869 9514
4066 1692
2828 1004
2195 1995
6861 4220
5964 8554
2699 3745
693 1988
435 5196
9110 9655
4176 2853
2233 3763
5297 2075
1482 2167
4078 7766
393 5108
4323 6982
5156 947
4863 3675
1351 4241
5340 8456
8921 7174
1940 5292
6026 2438
7273 7123
5262 8482
6320 5872
5195 3769
1137 2967
5679 8766
9249 5926
4074 5493
6097 6634
3991 5581
4536 4074
7864 917
6292 6625
7277 7172
2698 3019
4796 1203
8918 2384
886 2224
2381 1868
4132 9848
9888 9421
9958 9483
7429 5180
9749 888
6289 6336
6536 2618
832 495
1646 9787
84 9996
6297 8835
6360 7489
5341 343
2904 998
2463 6417
9666 920
7645 3278
7992 5264
9713 844
9441 6007
7718 8591
6341 7689
1924 1840
7066 9876
9364 2543
5750 439
2070 3416
6823 7619
1044 741
7640 6158
9023 347
231 6878
4387 638
4235 845
4865 8581
3382 4811
5960 5946
1816 9307
9968 2882
3122 4070
9884 8216
9071 6301
4234 7041
6885 5123
3700 5870
3531 3734
7372 4705
6113 9034
1940 7867
4067 8884
7648 3536
8656 282
5056 846
6480 2832
5911 6357
3449 2228
3651 3622
2985 9887
2384 3044
9291 6536
1941 2498
2089 9076
8296 2631
4977 2905
4892 2036
416 585
933 1707
8274 6705
4160 3117
217 1632
8723 155
7846 8842
8668 7210
8348 4762
8851 5880
6724 2661
9011 2414
8219 7043
5502 3305
1775 3292
7094 4505
3298 8745
4550 4673
6051 5672
7528 8007
7647 7398
9366 5581
3011 8685
7496 4420
5543 1876
3868 496
2192 2930
8563 53
462 9324
6055 5829
7855 8629
3832 1680
4071 5202
6105 4994
6049 7820
8398 1354
1287 5831
8716 458
1458 9329
6284 9003
5141 2070
6436 5359
2631 3295
4547 8781
4185 3499
3145 8137
663 2439
7762 3209
6343 6676
9333 4734
6067 930
3064 102
3611 7819
494 8820
6747 2019
616 8321
1154 1114
5033 1247
8700 6133
773 7175
2419 3785
7381 8318
1246 8150
9174 2593
5294 6215
3423 3557
142 4808
8991 8443
4079 2825
2758 8889
9079 9816
7765 9909
3201 6185
8113 5145
3073 8479
6305 266
9344 3145
6890 5251
6562 9728
8386 4697
5322 956
4563 7315
2383 336
7597 3694
4112 4579
4994 8350
2692 1488
125 3060
4769 5937
85 5681
6861 4116
5355 9786
1970 6851
9432 6608
7882 3448
2483 473
1564 4912
3449 7103
4356 1169
7361 2642
2491 7619
3042 2167
3014 1064
1419 5648
7051 5325
3753 7275
13 5751
3750 9858
2298 2060
9749 9252
1563 9863
3647 8899
1466 5423
6251 7194
6480 9082
6008 6157
7539 1149
5727 5168
8308 6747
6637 2633
479 2503
9443 4971
1290 1390
2747 1541
6083 6271
5345 339
6237 3448
4206 7455
7365 6662
2284 4772
482 871
4372 5034
7626 4848
7317 1420
1385 226
947 4300
9626 3023
9910 7969
889 4170
1481 2370
1670 8109
9615 9126
6662 4135
9896 8893
530 9921
5810 6735
8752 6735
6968 8360
1879 4597
5024 378
9648 371
5933 8615
6097 1324
1675 4
5506 5272
9563 6226
6984 1773
6139 6780
3195 8189
9523 166
9859 4186
7202 3352
423 3993
9280 2063
605 841
1353 2269
2051 2407
678 613
5472 9472
5213 2900
2976 3605
9320 4901
4785 6986
6259 8191
7026 762
4376 4438
9710 9456
2147 3356
4514 6280
8801 8356
8767 147
2966 3286
8790 634
4546 3505
3978 6887
2185 8200
5003 9065
6971 8804
9872 6692
5816 3965
3708 2275
7739 1164
7688 1552
184 1765
4898 1131
9895 9995
5750 2586
3828 5109
804 9162
779 1962
4560 6051
6120 2730
3428 5762
7835 4761
2176 9909
8813 4932
6985 7976
1159 162
1477 1408
4174 4639
8812 3257
3771 3480
9085 5117
8131 7457
3856 4628
1330 3887
920 7987
2423 1213
5618 3670
6792 3856
895 6052
5722 1057
140 8366
5975 4750
590 9825
2835 8689
9373 8681
4699 1047
8355 778
4550 2984
9931 1506
6724 5012
6681 3779
3082 9625
951 9407
761 3865
6630 2991
8103 7761
6144 9657
2871 4128
5434 2737
3656 1919
9970 7638
6366 5611
1727 8851
3218 4952
2513 9822
1489 7758
8722 1928
6575 5235
1182 1934
6715 8108
4496 9134
9762 8280
7942 8580
7735 1297
5927 8162
3287 7694
9258 6980
9150 6444
8571 5781
9207 4384
8953 8430
9300 2331
3675 7226
511 7267
8793 1391
5975 3846
207 7531
8844 361
3643 437
7862 4914
9245 923
4759 9882
213 9495
5247 6828
8377 5709
8641 9118
382 2665
3303 521
9606 7167
9447 3889
553 2724
8143 9388
5058 9308
7598 742
8947 1464
1249 8555
2212 4527
9702 1883
7305 6966
3185 9389
350 5825
4170 7943
7785 3445
2038 3095
9518 7704
7200 440
1535 6747
620 9266
7893 1295
3989 5327
1505 4331
9290 5614
981 7164
150 8668
5744 202
1389 2428
9022 4648
9062 7669
5488 1549
483 8974
3939 6579
7043 3481
8871 2938
4799 1706
1327 2533
3868 7242
5415 8961
7225 4748
206 4421
4674 8552
9091 5467
1171 8637
8601 5594
2067 571
4434 4803
6878 24
6247 4460
7531 1938
9872 2453
875 9242
8351 444
5024 128
4186 5942
8738 6059
5745 2202
9012 8285
9579 3092
421 257
5875 9648
4473 4155
742 5400
8085 3865
2259 4138
63 4532
2942 1649
4496 434
5030 4201
6488 9141
3898 5662
4609 6157
7926 7259
6044 6393
3147 3264
506 7061
1285 741
4456 6911
6687 3231
5375 1869
4438 5493
9966 6458
4338 6504
8824 1081
5359 251
1328 3892
4624 8901
212 4958
8256 7268
2310 6286
4175 57
1244 3860
8069 9096
8217 1498
6006 2401
3382 5645
7512 5649
4651 2667
6256 4893
5677 2558
1549 1517
5154 9276
2291 5439
7355 2038
2000 2460
8501 7473
340 1867
4909 4770
8458 6666
4648 128
8919 4756
1146 8306
6565 7090
911 4781
7485 9480
5190 456
3651 652
1138 9911
6064 6212
90 7668
7129 8344
1856 6284
2746 6625
8215 2581
1570 3311
5851 7943
7072 6555
9432 9732
5618 4881
922 7239
4519 3495
2976 3379
6144 5697
9309 8781
8440 7455
2881 5205
7223 9852
6830 3148
1014 3991
7601 2200
2809 8431
5727 9774
8006 337
8594 5031
4117 2451
4310 3020
2548 873
6673 5276
5239 1103
4062 5880
5434 6438
7834 3870
6629 7945
2310 9454
2980 2563
7934 1497
1621 7286
9107 9028
7148 4096
8043 2107
8379 3160
4925 6719
1878 9993
6581 7367
9316 4427
318 5106
4690 5510
3961 1924
3270 9324
7201 2734
9421 1156
4136 7828
1202 5062
9878 3767
5779 9501
1822 6828
728 4994
3099 28
7825 7848
118 3869
4167 2337
1762 8296
6154 3545
9792 7100
5690 3316
9107 2905
2591 4340
7041 55
6164 7798
9049 105
304 191
4051 2734
1437 8293
262 574
6291 2420
4208 3954
3002 8143
5124 3341
6647 3341
4198 1536
3286 5672
4922 4699
6468 1042
8083 6844
4979 6403
3698 1413
9831 2610
4911 3392
2070 361
907 3369
9694 9083
2226 833
2575 4544
3542 695
7923 5015
5630 1315
2295 8295
7505 4669
467 7126
2721 1494
4195 1079
5323 8380
2201 1372
1776 3368
2591 3892
5651 573
8656 9006
2687 9120
5977 4554
610 5180
2563 2032
8723 9814
3491 1656
9924 2032
4018 6640
6072 378
5351 6702
3083 2735
5663 4986
2562 7018
6073 2973
4089 2358
9557 2369
120 36
9047 5120
9717 7504
1517 8305
2744 7260
4315 2629
2972 3853
8890 9892
3643 3524
886 6344
6243 5305
4262 4086
2962 335
7369 1862
6939 4840
353 4359
4952 8158
7666 2514
4602 7315
8010 9706
1116 3833
7464 8246
3979 7407
3450 4562
9827 2575
7332 3910
5083 9800
1361 2190
9081 9393
592 9665
1576 4151
6804 6922
2902 7779
9854 117
5689 8826
8868 4268
9764 7420
1722 6256
1361 1344
7625 7968
8700 2739
23 4923
5173 6647
5418 3486
9827 2019
7355 3072
2221 2891
5116 8009
6217 6526
2483 326
728 9523
5958 4821
4384 7065
9043 6236
1911 6089
7519 4269
1915 6142
3523 6572
5719 2497
3733 4417
7314 7255
7810 8094
3472 8327
9283 2474
2484 7746
4395 7447
2722 6034
9132 9274
8582 3048
7963 6791
3522 9001
2180 5312
583 7165
4345 3317
1590 3388
2763 7784
8274 6624
2753 2657
6400 8548
4402 5419
5684 4185
5864 1776
5508 5858
1679 4982
9001 6853
7557 7762
9836 3125
3769 9560
2860 336
9392 9519
7130 4928
4955 8946
2560 3299
3773 1320
8256 883
6748 4546
2628 1249
2010 6468
6020 909
5880 8756
4581 7816
1602 1504
875 6702
8502 4719
9371 2192
8568 3063
4947 8688
7884 8567
6599 7621
1933 3631
4194 7619
7326 2662
2990 5672
4763 9879
1728 8939
831 3728
4606 9944
2088 9799
2057 7061
1763 1093
3427 498
8600 8093
1168 4788
4051 4428
7582 6090
7428 9627
1521 2346
813 4422
9203 9211
6962 8002
2555 3661
1385 1683
8283 3594
3899 9736
1191 5268
2231 2134
8667 7707
6163 171
6096 8697
3648 776
8550 5889
3183 6326
6447 6822
4201 9945
6011 3065
1700 4361
7879 8733
2271 7036
2398 3960
8609 1571
7001 9718
301 7079
3490 5297
3186 6485
9169 7810
9365 9476
4245 696
3670 6620
8644 8751
1788 6185
4025 7559
3543 6068
5227 788
2886 747
6961 7060
5100 2388
180 4458
5039 1190
892 6292
3048 2028
439 3599
4433 1380
9735 5408
9309 1466
4061 931
2555 2368
489 8013
4244 7531
1068 1858
715 6227
4944 6310
5083 688
5272 5545
5389 5451
487 6721
7156 3576
1340 602
3002 5345
7913 9728
6624 8998
4377 9832
3993 8018
4539 7759
3566 3176
5816 2329
6016 4885
8985 7360
1942 6135
1116 2280
6234 2310
8999 8509
8766 272
5268 1289
8562 2621
3966 7104
4954 2493
5074 716
8223 4752
1408 6015
2007 9670
7847 7747
1003 8620
2369 5177
3436 555
144 8995
4026 6898
6649 2440
7984 4856
5366 2760
5855 610
953 561
6097 4753
3263 4639
8372 5467
5027 5268
1828 7949
1420 4039
4425 1114
9888 5760
4845 225
737 8770
6056 3689
9650 9060
3683 5871
8932 372
8782 7746
5199 6532
8720 9961
5612 5678
5048 2873
2757 429
4499 6096
6521 7687
8488 6623
4820 5839
901 9634
9085 3313
3035 9761
7788 3785
7354 6164
2954 4474
4481 2167
2310 4492
7780 3669
7 1781
2315 245
2857 7768
4511 1766
8230 6064
1943 6987
541 446
5225 9960
601 4881
244 1291
2657 1760
4103 9593
3389 1984
4274 5309
3939 1095
6339 7030
2138 1923
8314 8564
8571 4662
243 9850
5745 1608
1763 6464
3497 5940
2575 6753
7565 5564
9602 5340
3377 4814
8544 1762
1448 64
8780 5354
3277 9955
6967 6081
5913 8614
318 4669
7330 4175
5612 5367
8170 5387
3657 4135
10 1985
1222 420
8318 5594
5561 1219
9218 5084
1151 1453
2485 2011
101 6228
9609 6150
2248 8743
4166 6764
3036 1003
1665 6638
8145 2860
935 952
4937 6670
3333 1403
8313 2325
1063 6826
965 9701
5966 5133
7846 2499
5311 1458
401 8414
5369 9675
1728 8919
5643 1361
5533 8884
6759 2518
9992 6912
8500 6229
3989 4650
5357 338
6630 5463
2763 8444
6051 91
8309 8500
3424 7315
8424 5774
7033 7408
5150 9740
2116 8666
5169 6098
7318 7683
5809 9240
7365 3588
1516 3729
6742 1735
2679 2887
307 6853
6842 3357
1806 1357
3865 3392
6063 9559
5243 9262
865 2478
7552 1267
9106 701
798 2543
8586 2843
3836 5674
2572 3425
9180 3906
3766 6822
652 9625
7410 8035
4603 398
5093 5409
7044 3120
8366 3256
3564 9391
7636 6164
8856 7796
2379 4687
5865 2276
7880 1185
4329 1520
8505 9745
5880 8090
431 8573
2732 2630
8536 3534
657 8447
5333 9116
2364 2358
4847 7988
2398 8704
697 1279
2618 8158
4328 201
8010 2416
6336 8585
2687 6098
328 5734
3149 2352
8136 4135
5251 302
3296 2819
9966 8016
3293 330
5870 1194
5119 4132
3859 1566
2950 4381
5163 865
988 2216
1057 7201
4379 106
4389 4587
1674 2070
3886 6841
3494 4107
7219 7124
2204 9736
7954 3454
4463 1841
2003 422
7704 5413
5769 8607
457 3049
7241 6025
9037 9049
8076 6321
2395 7512
1926 2161
9534 4536
8224 4152
3484 5154
8821 2057
2285 8873
582 3792
9917 8207
6061 2532
4012 7622
5755 7476
2011 5870
6604 2973
2735 826
3419 1278
8266 8423
4524 1950
8362 248
2638 6773
7105 4263
2257 1079
9719 4939
4843 7604
5292 3220
1446 7184
1652 5991
711 1823
7487 1531
4810 3043
4095 7094
6756 6592
5982 9433
5901 7222
786 3902
2281 3194
2768 128
5859 4497
4401 2521
962 9290
6218 8175
5142 1307
3982 9404
9566 4499
3971 4826
1781 3373
2126 1816
959 8157
9354 8441
5879 8429
7389 2355
6081 6991
8565 1503
3735 5959
4110 4442
963 1926
6631 6363
4191 897
8758 5855
6586 4577
6949 7976
7497 9035
9031 8733
8964 426
4293 6174
5077 9664
9063 1639
3412 9872
7710 230
7981 9126
9083 5373
7013 3935
6514 6474
270 5834
8233 5732
1288 5617
9095 438
919 4159
9250 523
3165 6235
4572 6647
4999 3365
5392 9973
3562 232
9750 7236
2995 1387
505 291
6887 3687
8132 9942
7270 5754
8062 3965
4494 1498
2137 167
9528 7356
994 1955
7529 3511
929 794
3240 5914
2341 38
7884 1728
8551 199
7415 8178
4855 6493
8153 8572
3335 2038
3004 6219
536 5010
2542 1729
1013 9820
2456 2323
5542 5645
3353 5414
9066 3959
6811 4117
8462 7491
3055 2952
2895 6050
3078 8946
3572 4501
7775 8917
2479 7785
7480 8015
7493 3420
7868 2670
4180 7118
6048 9518
7528 8417
3462 8821
8320 3983
6600 1942
1257 7145
2225 2742
958 3905
556 979
7314 4284
2163 9399
5341 6660
7579 8414
1784 816
7088 5977
5850 7837
5119 2706
1435 6757
6260 2544
564 5684
1705 4191
8228 7413
6358 9988
3099 792
3169 2804
7311 2081
9638 3996
4372 427
6886 798
7363 179
9871 3262
6972 2701
2210 6518
9031 7062
2301 5503
7491 9495
5834 1825
6742 3964
2289 2694
9717 808
4636 2955
4849 2578
1945 7915
5602 4900
8889 6988
6548 4342
3476 5454
8572 84
225 6792
2050 3392
5640 6413
2814 859
766 1418
8905 2582
2515 9078
7739 6320
9513 8544
7612 1080
9499 4735
6160 8602
5678 3373
5566 4132
1616 8030
920 485
165 9694
5986 179
3419 9464
8007 3380
4797 9763
7645 1906
2279 5519
9659 3126
1412 7055
3730 4945
4736 6192
7227 4860
6204 5641
7597 6018
5072 1295
9480 3658
4992 3320
6521 7892
3713 9689
2682 4854
3511 3463
7124 148
7136 357
931 5551
5993 3285
8707 1671
3130 4411
7931 8116
8239 3582
5378 5736
5487 9782
6222 3254
592 4417
7385 620
7756 1965
3309 6532
5066 9466
5764 2510
20 7349
2556 8629
395 9122
1364 9726
8781 5609
7190 1396
3761 7602
29 5743
3498 9421
8895 9685
3265 4966
8501 4343
8412 7857
9121 4133
8631 7688
3521 4201
4246 9659
144 1959
9704 2288
7817 6131
1432 3580
2651 7156
1070 1712
4633 3375
7647 3436
6337 7695
6897 7067
9447 2997
4507 9858
908 5932
6211 9116
671 4863
5612 7632
516 3520
7367 2852
715 2643
5518 5618
35 7352
6256 5396
5436 1269
5667 565
4 3190
5786 5273
4964 2579
7842 5371
3252 7800
7366 8446
3429 6860
6280 6484
3956 3718
195 8617
4619 2512
5357 9119
9383 1163
3957 897
6898 326
853 4324
7815 6875
8938 903
3331 8681
3245 640
8866 4738
3643 3804
4117 3968
3698 7084
1794 8282
3095 5044
5659 8104
6508 6024
8423 4324
6013 8651
6311 5046
2890 77
1251 1465
2972 8534
7090 3866
5332 222
4687 7814
9267 4075
9654 4644
5072 4000
3445 4183
5221 1330
1597 7579
9552 8026
3647 2802
4232 6342
6331 3931
7451 6159
9498 5529
2117 3571
8667 3135
5524 6453
25 298
1568 213
71 30
6382 4854
9234 8576
8746 9452
5747 1151
6689 3518
982 8582
6230 7054
2948 5489
172 2509
8584 5543
9120 6179
9043 1250
4960 3821
765 9823
3253 7493
194 669
2707 3279
4336 9690
5746 8957
1821 3435
2195 278
9051 1208
6754 296
3312 464
7783 3200
6146 5554
7523 4513
9976 3313
833 8851
2594 6982
1753 3151
6267 5760
2806 1812
723 6405
3760 5331
3375 223
4714 4945
8050 2091
6204 6787
2652 6741
761 6779
2079 9015
2005 7664
883 4228
5763 9332
4332 1643
4959 3649
861 2395
9532 1840
9216 277
3698 5038
6740 2987
3345 2468
4747 1485
1237 1186
5604 2026
6671 2181
2912 8931
1305 4217
8228 4311
6756 5446
1070 6696
3164 9251
7203 658
2609 5092
1620 1228
4434 9997
3944 5963
4693 4447
4229 3691
1292 8484
7168 9934
6422 4118
2728 4596
7723 5825
6009 7186
7824 604
6947 5112
1426 1542
6844 9818
5219 2260
7114 7060
3355 594
9933 3391
8520 6431
2092 9773
1152 2736
8489 285
4841 7912
100 7893
1046 5237
1105 5526
7442 9968
2847 9063
8542 7456
5250 7651
5786 1882
8630 4832
7182 5546
9529 1477
5760 6718
1154 5244
3628 3007
3720 7386
3584 9967
5067 9415
1251 8903
8702 3256
9112 2297
5776 157
8158 476
8851 5368
3655 822
2587 2271
156 4256
8397 8294
3285 6459
9863 2396
2484 9255
1348 5537
8450 1288
7728 806
8233 5389
692 4016
8844 509
2503 1410
9317 2973
9470 925
8025 3889
9783 179
4373 2176
7281 3248
6024 1074
7971 3055
1444 3415
8855 7811
2573 8105
3327 5020
1925 9980
4800 252
884 8048
9941 7794
3192 3896
9407 480
3011 1284
5271 2612
1086 9093
1976 7088
6587 6564
9331 2452
896 7697
2000 7796
8282 5403
1946 6524
2728 3637
8858 9641
7097 1018
3495 9884
4778 196
751 108
6750 7174
1783 8639
3269 8540
9013 7522
1230 7794
9547 8479
2786 340
1765 7981
1968 2823
1382 1655
9689 1230
4366 893
5919 8145
2493 9773
4972 4585
929 5531
8638 1886
3638 4575
1898 9609
1670 3484
4014 2020
8386 9109
6905 5650
9315 9910
399 8754
9960 247
2220 1107
1411 4368
3149 4803
2977 7967
5315 1746
9319 3130
7591 8952
6307 3264
1095 3188
3588 6774
9320 3156
4005 6699
4683 917
9928 1379
1267 8698
917 3884
7862 741
7991 1706
4979 544
1679 6206
6720 7832
9930 5758
1668 3970
3053 5058
9345 1751
4209 3429
5888 9592
845 8404
2051 7184
8948 5719
3440 402
7044 9776
1422 7634
1486 7929
1433 5882
6549 3583
1769 6644
5002 2197
7520 4367
8089 1553
4317 5000
7396 9335
7036 6872
1819 576
2359 6769
5472 1038
4298 2887
5510 3751
3032 1147
5056 1448
2566 8221
973 2826
6152 7799
5413 7960
4698 2410
3736 2159
7691 2826
5791 9194
8984 5211
8202 9053
7808 4661
6940 8131
1639 9301
3639 1487
4337 4438
6059 4441
5142 7251
5560 8771
748 9149
870 9040
7983 3240
2352 5577
3919 3116
7233 4120
4753 5983
4801 8756
6273 4304
6785 8004
8039 5461
8135 6953
1837 20
8254 8807
8912 6519
4458 5574
1725 8694
888 1255
6820 5520
3018 8932
7033 5900
4581 6222
2662 3260
4724 6011
1012 2133
3080 7229
2242 3131
2423 4222
9315 5357
505 4482
7462 3915
4327 325
2230 8042
9961 4663
6339 9077
3258 3534
1463 8036
746 9052
51 647
8569 4016
8734 902
112 5596
808 6862
9928 1386
4526 1560
96 4424
6123 5598
7163 889
1966 8523
8113 5698
6947 6223
3954 9147
9403 1452
9513 4417
53 2801
6127 5376
6882 171
2119 2912
5462 9520
97 3035
8786 3199
4385 1737
4606 1961
733 6317
8731 60
2075 8760
5264 4902
1814 7266
9298 5156
5244 3256
3616 7580
7812 1951
3120 8922
4157 7265
1966 9115
7209 3749
9811 2505
66 5513
931 395
6110 2478
8780 4953
1186 3074
6689 4681
7534 5685
5237 6620
5024 4255
671 7816
741 4834
8669 5190
3683 7316
2359 5864
4309 2831
4566 3263
5500 8057
9938 8713
9784 4605
1423 9234
714 7229
7889 1919
878 8240
7951 7978
6986 2308
7569 387
5815 4514
9966 4945
1268 6679
2462 3721
1000 8847
307 213
281 4657
4774 9086
1100 3427
3919 3741
2552 6427
9662 327
391 4063
8477 23
3390 1237
7404 9732
3827 9947
9252 7211
4365 8694
8754 305
4327 6576
3580 5780
739 3079
7581 9481
1562 9494
5489 7050
1464 8201
8507 5166
6898 2201
5314 7209
3042 4065
5441 7319
4983 367
7375 2633
4517 4204
4468 1604
3865 812
67 6685
6531 6794
9807 1716
1391 3064
5641 1163
1394 4055
6367 3119
2031 4708
5177 9704
6317 8055
7728 3537
6659 8573
6872 5738
7505 7811
3019 874
2832 8187
5041 9450
7294 1749
2309 9406
7723 6127
3878 9644
4560 6935
8946 2310
3605 2433
6980 3092
6478 8306
238 3054
7708 1440
6131 7718
3790 6029
368 4944
4375 9121
1457 142
7469 3053
4349 850
5619 5283
8126 6147
7572 8138
4797 3965
3955 6719
5729 7479
5781 7655
9303 7263
2611 6194
2722 4940
595 5574
745 1164
1165 9610
9023 4359
3905 146
3353 1319
5728 89
3544 4142
5613 7613
8257 9097
2534 4441
7104 4124
2224 7307
7354 9395
4495 8467
2330 317
2995 3980
6838 2507
8162 1801
3715 8350
963 3118
5256 1748
2984 5578
2827 332
4954 9397
9757 2986
6296 1697
2769 7067
7859 5995
114 2685
9333 4323
858 9962
9637 1745
3092 1762
5993 8487
2019 28
8731 4299
2432 4042
4824 8654
9454 3221
7971 4798
2124 7852
3941 5314
4963 7631
4014 8906
5120 9426
7813 6103
4889 7185
2424 8347
5759 5333
8538 2383
463 9909
276 8057
5867 1284
5213 7507
7510 8868
9222 1134
2149 3817
883 9408
8969 709
5372 2384
3243 4127
3316 4515
2890 7540
5861 277
7609 9667
7358 7630
98 1857
5119 7749
1129 7474
564 6563
6951 3525
804 7580
3544 4285
4115 2801
7620 7064
6080 9697
8507 3561
2617 9589
143 9111
1733 7383
7763 6021
8387 1030
6955 176
2480 1257
5858 7383
1496 215
7611 5221
5983 896
6102 6236
1406 7455
1776 8447
8431 9642
6120 320
9599 5738
6155 902
6490 1936
8225 9652
3010 1629
6689 9853
2796 709
1257 7181
2814 2441
7777 62
3254 3539
6461 2200
374 4496
13 2661
8148 5444
4617 2568
3781 4675
1832 4651
6864 7078
9795 9347
9964 8329
8143 4526
6435 2011
314 6457
1093 8306
4857 4640
9797 9449
8243 5504
9697 3831
3299 9467
9275 7643
5013 729
4364 6388
2482 2004
5709 4474
2381 2098
7183 2817
7818 1520
6267 3895
9107 9996
4914 9901
3315 313
9910 7551
2668 7264
8983 3182
3341 4779
102 1443
5399 2950
9147 1854
624 1580
513 2757
6217 9998
9567 189
2765 3466
1564 503
5870 4607
2751 775
3855 6964
7961 9107
5283 6244
8106 4321
705 9185
909 8575
793 4164
9312 3536
4586 5493
7105 8317
1602 4709
8630 7138
1138 169
3606 6776
5094 4291
1818 1233
4115 6675
7707 4600
4541 4275
4453 3001
2553 9638
7778 6097
3137 7536
3512 67
7886 1480
1565 2843
6881 9953
9075 2255
6064 6920
9584 8289
817 641
3516 490
8139 5704
9166 3631
4296 7821
1883 1628
8794 2430
8980 1540
3172 7068
2670 4689
6687 9200
3990 6443
8351 8207
7264 6313
4582 9969
8332 1901
7161 7542
3317 4043
2939 551
1507 7957
9328 6384
5849 2519
1744 6196
8365 370
9283 1604
7032 3319
8463 7915
4266 2880
516 2350
2687 7268
3904 9160
9973 1531
3693 9730
3095 6116
1866 7953
7792 9862
2593 2318
1369 5815
3868 6428
2116 2523
4259 8455
9105 7878
7727 9021
511 8324
8738 6310
3466 5375
369 6394
563 2504
7601 7919
7493 6002
8107 7018
9164 454
2427 5545
34 8836
2906 5629
6401 9653
5640 2849
3540 5174
5091 127
5080 1954
2162 4016
565 4686
3510 7475
2711 8344
8108 3599
2318 8757
7330 73
2469 1532
5151 7194
3141 5953
4951 3636
5458 4011
5737 3010
4855 7393
5345 1532
7497 437
2718 3929
996 5586
8726 2182
4126 7782
4761 4733
8878 5249
4550 3090
9459 526
908 8502
6049 3512
3503 7447
3928 972
7349 7276
8631 8063
4828 5549
1610 702
8338 7522
6800 1077
5431 2890
4750 536
6528 7011
7841 1400
446 7791
9114 4801
5182 107
3563 4238
7868 5883
1851 9806
2120 8313
2036 5017
7334 3943
1343 4577
1838 8832
9334 5860
5997 7263
7082 2663
9309 6791
4915 9934
7171 3846
5525 4204
9096 2511
8092 6117
9058 1258
5380 6182
2984 8213
176 1094
7025 9315
6594 5637
2547 778
6619 189
3433 7309
4951 3639
1110 7796
7418 2619
2835 4551
4181 7544
3886 9171
155 1200
4374 4251
3117 6072
9166 4838
1837 8295
2401 445
3358 3138
8531 9223
5248 1073
6172 669
492 1501
8087 4392
283 4583
9602 369
7488 2811
8946 4861
1281 4219
6946 8528
5653 1451
5364 2811
4110 4877
1530 9853
3171 7298
2087 6770
2376 3042
8712 7386
3171 8627
7687 5461
4444 6839
4448 8602
7612 9760
838 282
6895 9044
9665 3830
9890 3365
6023 5003
7116 3750
379 4383
7598 8496
