9747
22887338
6627 5318
3286 4820
2959 7477
7692 5885
8465 1939
627 9268
5231 8575
8845 2242
4881 7465
9605 1286
2800 1811
4224 4365
5942 1161
712 8124
8471 7489
9478 5569
4957 278
3908 7299
7276 7024
8198 4621
5157 1517
9420 2107
3622 4971
7133 367
1796 9355
1453 3114
9208 1705
7101 8437
2801 7517
3336 2761
5322 6856
7602 1838
5471 844
3161 9257
7867 2988
8155 4646
1117 843
3219 2336
5646 3061
2873 2918
3544 3794
5204 5884
6439 1141
5638 2692
413 214
131 406
2109 6332
7821 254
3730 6928
2193 8317
9484 8221
6996 451
7736 2319
8369 2722
8113 5475
1720 9305
932 9252
2955 4995
7503 8887
923 886
5290 8131
6984 9296
5859 1603
4028 6936
2364 366
2647 3495
3272 9798
572 7701
4648 2974
2471 7231
4974 3044
1904 8849
3302 4616
9539 991
5254 9012
4932 3182
4366 6352
751 39
6306 1391
8780 5014
9128 907
597 1208
2710 508
6132 4788
90 9024
1390 640
479 4021
3966 9700
4834 8206
3910 4837
7584 4737
6747 4687
8279 8685
8559 2171
8125 8994
6486 490
2492 633
9765 1025
5463 9232
8791 6014
2356 3658
5118 6649
6930 603
171 7146
5291 455
3917 1506
1879 2705
6184 2383
8964 1373
4621 7829
6296 3198
3448 5867
9439 3486
2264 4626
2755 8672
4088 5699
8083 3959
5200 3750
2742 1826
7507 4196
9533 1939
5112 830
8603 2283
2237 3449
9561 2177
2127 6890
2310 5839
1263 7514
2173 7209
2409 6641
54 5531
6500 4392
8643 1375
2940 3825
506 2679
5261 3147
8361 3559
1685 2749
6925 5231
9925 6775
4150 5353
9022 2923
2158 2703
9764 4636
7676 9825
827 3542
67 4643
2697 2021
1935 1744
5811 3728
7795 4613
5384 994
6532 8656
6465 1430
8155 5699
8254 9370
7519 7159
4338 1198
7756 3440
8782 1732
274 8658
4931 4639
3541 9995
2569 8003
3495 2857
316 5106
6984 1234
7068 3495
7130 1131
3050 9510
1992 4326
3704 4879
1606 5108
6281 2501
2357 8993
9707 6885
5749 4872
5736 7258
2974 7534
1359 354
7406 6362
7266 2206
3332 3462
9566 9505
3265 6344
285 3754
5461 670
1757 5916
1673 7439
6725 8344
3427 3150
6856 888
397 5423
1086 2656
7345 3507
4318 4572
9546 5333
8279 4022
526 8745
3881 3661
7652 8404
3056 1125
1992 8
4450 2247
2726 5101
7557 1460
7325 1265
8067 2394
319 4471
3497 5575
9297 9092
8280 5228
4037 4151
7301 5705
8617 326
8420 6963
2919 55
2765 7494
2856 5007
4866 5472
4833 1712
975 5593
483 4960
8246 4097
6884 1746
9958 477
2511 8274
8964 3271
4657 5481
7635 2900
8286 9558
4713 4839
9539 8110
7329 7271
9863 429
4384 8129
8689 4804
4459 345
9781 7587
8895 8911
7787 5395
2174 5220
817 3731
422 6553
8557 7518
1249 8994
2526 9997
9060 7703
1146 4073
1221 7613
2664 7942
7399 3467
8620 4322
454 522
9830 448
4198 5009
5778 7063
6570 4614
7418 4441
5840 6767
2124 9285
4366 5868
9647 5609
8995 2363
4173 843
7291 4087
6533 3593
320 4845
8452 709
6752 6125
9022 9133
6903 2007
3964 3720
2085 9679
9950 8865
7549 8452
7678 8415
4842 4248
4730 3748
1210 8981
9167 3918
4599 5442
5412 9407
9741 2554
3545 972
5441 8945
6072 5772
2252 8641
6741 3419
8310 2578
4686 2989
1102 112
2791 8565
7627 5148
4919 5608
1685 7310
8434 7076
9491 2936
327 4538
6823 5928
2928 1464
2009 6170
8304 359
3167 6816
1517 6128
7038 5856
2918 5074
545 8218
2007 4377
6067 3730
7227 5860
2462 9423
3399 9829
9964 4038
6662 7669
1911 939
5116 4855
3384 2132
1483 2696
2640 1082
3493 1618
5603 3898
1226 2210
2758 6095
5118 2608
6166 2928
8551 3162
1428 4374
5579 8627
1187 6515
7082 636
6456 9704
4897 3886
2080 8664
135 1063
810 4728
9012 6780
906 7007
8196 1874
3984 5004
3230 6568
1007 4588
1645 9769
9970 2531
5767 9487
451 4405
5366 4927
5406 2660
4913 348
5796 890
237 5771
8668 2187
8218 4670
3386 9566
1966 5268
1612 3897
1004 8320
1295 3884
3791 7595
8080 2134
69 1089
2383 1000
3124 8729
5944 8162
1891 1744
7331 7828
4657 4474
2786 2657
986 3979
1857 311
3654 5670
6324 7448
9867 1694
9785 7755
814 3263
5516 1745
7440 2676
1337 1789
2656 6
2602 3701
2576 6726
7567 2359
523 4299
2241 3429
6376 5223
4462 6624
8735 3590
5338 5519
283 2390
2667 1080
4437 3430
7282 3108
8970 7268
4173 3387
4490 780
1907 4995
6480 7809
4351 316
4278 8390
4878 808
918 7557
9640 5905
1219 7492
3716 4824
292 4005
9113 6394
3502 8571
7996 1674
4435 7985
8811 9340
1652 8724
3693 4825
3619 7282
2915 2972
2523 6610
8159 2372
5662 1674
5642 1813
481 2941
5789 1909
1297 6737
5131 993
4011 1434
4531 3281
7753 7407
2375 3863
2142 9914
6253 9249
8136 1495
255 1803
5289 8401
7481 1435
4589 530
478 5538
1542 2911
8958 3074
3907 4772
9462 6759
8536 4161
1420 5584
5904 781
5261 8680
6433 6505
5519 736
2681 2864
3705 1475
9165 2883
9266 1372
2806 9938
9624 7436
5041 5752
8168 9608
5970 8971
3371 2324
3227 2901
2833 6938
5557 3627
3472 3665
5450 2152
1821 2234
4044 8360
337 7922
7529 7578
2144 6085
9039 8473
8838 5827
2254 7743
5014 7015
4256 1745
8464 7013
5814 903
9849 5497
3644 7072
436 8812
8375 1582
9626 741
4589 1014
7802 9433
6623 1215
9636 3509
7912 6241
3443 6293
5271 2069
6099 9624
5015 3771
4374 8969
696 8679
7601 2527
8530 4107
764 3673
3998 7221
3741 7791
5768 7904
5050 206
7782 1569
7732 8117
9180 8904
8831 8923
8775 4623
2711 7053
9698 5847
2444 1536
2343 1530
2006 3523
7783 6763
4752 2053
3041 4483
2308 2172
5909 7557
4175 5977
5601 9103
4763 4937
6180 287
7190 6672
8951 2166
625 8163
1391 4409
5645 8452
3086 5187
5494 7528
3445 5857
8534 134
8839 6146
9082 9613
9307 6435
5469 63
768 3100
4755 8564
5088 6244
7398 8188
8463 6843
9730 3528
6991 4570
8414 221
126 2364
3279 846
677 8065
7899 4872
1 5192
4521 3372
8708 1152
15 339
2226 1408
790 3735
2550 1231
9243 4936
473 5907
8545 6650
4669 3731
8377 3255
9680 5532
9018 9018
7162 4588
9907 3497
6476 9508
844 4741
6995 6624
9882 9082
262 1920
9739 3816
6683 7056
2704 5603
630 5855
527 2331
2410 4427
2357 9030
1264 1571
1049 748
6071 2980
6387 4845
527 1666
8266 9979
1302 4715
3151 3028
544 464
2685 6982
2924 1729
6276 2031
9521 3728
7407 9097
7014 2767
1 5229
1577 6339
7032 5826
8794 3830
4103 6698
7694 964
2638 7598
4900 7016
7750 2081
8204 1038
5797 3818
9917 6744
2077 6479
1868 9226
6715 8552
5550 1983
9000 2383
7129 8997
1602 3997
4713 8672
5992 7381
4700 9637
6871 289
864 6029
4826 2039
7648 6646
8034 9405
371 9749
7156 3136
7737 7232
5828 1091
2666 9476
7003 8042
3181 6172
6801 4501
4001 6012
5248 880
2455 693
1264 4680
8485 6013
2639 5295
5420 3516
7166 7292
8348 6421
5264 851
1468 541
9252 6541
4927 8574
8401 8308
3694 6503
3440 1135
4560 515
7091 5412
2270 1239
8250 2172
5423 5498
38 3865
5868 8422
6995 9946
9035 3772
9317 3614
5370 2620
8402 9970
5224 7695
489 5500
3949 8983
636 1889
8089 2719
802 9944
7490 2391
5225 4571
9781 9511
3214 9854
8758 6194
9280 3292
534 9719
843 187
7290 2059
5390 9721
9695 4078
4277 9030
8882 9491
4978 4167
7794 8503
8766 4864
8338 8367
269 5270
6488 5793
9063 6954
9196 5091
7256 2593
5735 9726
1638 7882
7875 4705
6051 9037
533 2637
1952 1496
9433 6717
4567 2796
5789 3663
9069 5498
8563 960
9473 2489
143 8716
3268 378
5572 6721
6842 5129
4322 5546
9552 3604
9461 6775
8900 6265
7199 3515
3430 9573
2142 5064
8443 5937
916 5099
8016 5750
1758 6543
5895 5632
4307 6279
8784 4058
4935 4608
4644 8814
2940 9109
305 770
1619 1048
5063 9655
5611 8433
9241 1353
8010 6962
4150 6690
9929 1578
2483 9213
14 2436
3802 9898
6511 2707
3629 6297
6169 859
3005 8353
9970 6004
8313 6790
4256 4702
2395 6079
2231 2044
51 1448
9165 280
3302 1926
6570 5375
6562 8148
6496 4281
3620 2319
465 8458
138 9364
6203 1777
7613 8444
7991 2110
580 5327
3572 94
6616 9909
9843 440
7785 3077
5386 2476
620 1827
5217 9798
6543 8580
4603 1511
8113 7770
7878 2111
5556 5540
1283 8981
9060 6364
4938 1333
5640 2459
9741 1277
8318 5207
2631 4969
2201 1237
5230 5119
4081 4563
6005 6832
8126 843
7040 4275
3174 4850
8942 9402
9379 9491
28 8157
7742 7373
2350 9192
2418 314
1302 5081
5586 9537
335 8709
7497 8545
7882 5559
3067 6816
3599 1589
2388 7056
309 7764
9612 5893
8936 1680
3782 11
9879 3287
8770 806
8942 6222
8124 1144
748 2268
6945 2981
7462 8208
6230 373
4465 5903
6746 3774
6136 8641
2981 4191
6417 943
8354 559
9444 5577
8743 3191
2000 2523
2838 4295
5435 7804
1446 4431
3210 6871
2180 4265
2565 8295
1323 464
3715 2107
5868 268
915 7713
7484 9685
4222 8939
1772 2710
2220 5595
6108 5648
599 5619
6793 5299
4431 5396
5344 4808
816 1053
9041 7305
4042 3819
7153 7288
2035 2710
4379 1692
6510 2616
3415 5094
5314 5891
2323 6559
845 1355
1623 1737
1789 3341
6206 7730
3229 2496
9333 1848
2565 3058
5220 9707
7551 1990
9895 4828
8598 1268
4416 4882
5112 4907
5193 2085
3884 2678
5414 1087
2898 1323
774 7250
195 4941
9416 7896
1687 8628
6554 3667
509 9767
5803 914
8371 8335
7963 843
3785 2343
8392 2894
4255 578
7606 7419
1957 3949
265 2429
7656 9664
4527 3069
3246 4042
7631 8011
6210 1165
9557 7944
4987 5060
1449 5751
5042 4537
1818 1
2082 1478
9943 4703
8563 7759
7953 2815
9772 880
7883 6645
3596 6378
7204 2082
7251 8844
3757 8007
5531 3289
845 8396
8937 3897
4640 6688
7329 1150
72 2358
9513 923
5157 2563
5522 7988
66 3277
8270 5172
522 8751
2119 2686
9726 6688
9682 7138
1461 2259
9797 6115
2316 121
4744 1480
7869 6814
4039 2454
3241 4999
8243 9913
3234 1851
6646 7601
96 6024
8886 48
6225 5332
6582 1793
7727 2468
3639 5637
9088 4059
9015 6652
7416 2632
9868 2715
114 8927
9539 1779
2290 3062
7744 3080
8547 71
9330 5495
8860 4223
9456 5200
1667 6017
9963 1635
8300 9469
7701 6162
4245 2505
6296 6673
1880 9149
7149 877
4201 8146
603 7002
3413 2310
5725 3086
3125 6148
2427 5935
7142 9195
4703 4697
3607 8792
6191 4387
2485 8952
9258 2003
6570 9655
2837 1535
9111 8919
440 3531
4785 9692
9407 9475
5081 4181
2860 3231
1297 5807
9334 138
5027 2591
1758 3312
5833 5638
3034 9932
826 748
1569 7283
7893 4614
4454 6955
800 729
40 3360
8748 9900
9710 6255
2432 1835
7403 4586
4431 9128
7380 9026
2256 9224
8056 7558
3830 215
7419 5320
5338 8716
143 7405
9745 7769
9275 251
3550 6196
5320 6657
5478 5659
3872 6932
287 2862
5819 4872
1441 9409
6155 8517
2221 7886
9638 5188
8052 6492
4833 5197
7014 3798
8315 1734
6690 4450
4428 4275
5279 8640
8267 9944
6158 8378
4735 8618
5630 3743
6907 5937
4365 959
7418 54
9519 8286
8599 4018
543 3775
718 9792
2853 8517
4722 1460
8732 729
5278 7366
5741 1923
2196 2771
3710 5670
2510 5463
1934 5275
3752 3123
7801 308
8987 7459
8110 8505
9498 482
1639 7656
3647 585
1549 3977
6370 2477
164 7602
8890 9888
2471 1853
5248 6312
7544 1402
1790 5156
16 3243
5363 5741
3763 810
8780 3274
286 5673
1676 6894
7759 9047
148 1902
7322 7105
8920 1949
9973 8549
7268 1081
6815 1275
1888 5052
2355 2210
5549 6222
7690 7700
3251 1785
4542 1229
7932 9777
566 578
7281 9388
4632 498
1714 1427
2931 2079
513 9910
3711 5236
7059 5095
7906 4344
61 8650
2736 1216
7047 9482
6960 9878
4044 9152
120 7993
1903 4406
969 2952
4443 8257
9866 9662
4938 881
3836 7894
3470 2047
9439 811
3234 4604
9259 1676
8293 2899
6634 4419
2032 2679
6656 1447
8002 2218
7114 8986
6875 6597
3106 9818
6232 9391
5822 698
7235 4551
8333 3595
5143 8926
3225 8930
8915 6336
5969 3405
3178 3726
527 5666
7823 688
452 5354
7452 7106
7235 5538
728 3589
3204 5913
6323 3677
9449 1683
872 24
1688 7925
4842 4745
8908 1320
6745 7948
4623 1242
1615 2743
4458 9657
3143 5397
1704 147
7604 1608
4275 8699
5304 8075
9023 8165
7659 3167
5819 660
9032 557
4155 2576
1323 1968
5803 2167
3891 5555
7779 9175
618 5409
5132 5675
7719 8374
1531 452
8132 5224
853 2654
386 6328
7613 6303
1876 150
1178 7984
8180 4718
3132 7716
7405 9312
7837 5494
3100 236
7614 3811
5081 1325
7049 5268
1146 7931
5287 8110
1080 2645
5319 5887
6841 6291
7012 1360
7226 3977
482 5095
3731 5997
212 7170
3229 3901
7774 8409
5200 1589
4767 8771
5491 3830
4689 3092
7811 6671
5955 5837
6025 3826
5641 4442
9020 1010
6341 5371
2541 3288
1169 2475
8092 3772
4335 4453
1816 5139
5784 8204
4394 2336
3530 9382
2050 3041
5848 4219
4467 6776
5206 8921
5195 3996
8966 5669
691 3238
3538 4724
7550 5958
4795 9288
5345 3394
5572 4418
8181 2368
3921 9368
8336 8964
6103 9089
688 898
9078 86
5480 1372
7479 2580
6098 5049
7568 7144
6459 9134
1763 7481
4235 2469
8551 7414
8405 416
8003 3350
2634 2954
7564 9351
7209 150
9742 3905
3994 7886
3643 6484
4096 7880
4117 4383
5302 2940
4862 3469
2723 5012
5488 6050
969 3315
5803 3059
2811 5471
2737 875
8713 3235
9139 9556
5618 5385
4929 1704
7618 6815
8704 1174
5749 4297
2953 1142
2550 9798
9269 22
6172 8340
4874 2400
2682 6905
7818 5754
7036 5141
8865 4688
1334 9675
5234 5722
7983 8482
9589 6333
8678 7734
393 738
5933 4168
9169 864
9191 6500
2943 2148
5429 2921
7999 2424
50 6479
2209 7280
6585 3111
7191 5048
489 7805
2659 1938
5938 9397
5338 3077
8904 6388
5638 3686
6279 2806
490 7846
72 9692
6340 1372
2288 3189
5804 5972
9316 4266
144 4562
6614 1815
953 840
6802 7782
9235 1282
7324 2860
9385 2845
7935 8498
3165 6135
3943 9402
5248 740
3967 773
1673 9011
6081 6662
9734 617
2360 5539
1959 5638
491 559
6930 7129
77 612
8913 3557
286 2270
7004 4425
1358 9099
8937 2592
6732 4
5632 3071
7767 7251
5211 7868
1488 2318
4213 3834
4933 217
8496 2988
835 5383
174 7837
9191 2986
3617 352
7833 357
1537 9527
2218 410
9564 7108
3715 6270
2390 3204
2580 9344
9908 6948
3808 8963
4270 2986
5573 4412
7958 8534
4511 2238
5107 4773
6511 3816
5334 2123
5699 6817
8294 9288
2333 1892
9130 6827
6393 8132
2242 4159
2953 4601
199 6229
5564 1072
7181 1688
8002 1648
6891 1889
2296 564
2665 8487
2967 8852
1744 5216
8282 2722
536 6317
3707 450
8268 3860
7770 8578
6964 5259
5593 8494
6707 216
2922 535
1123 1701
893 9984
6136 2346
5709 3547
9763 1093
4157 9287
7086 7590
6082 1499
2873 1950
4725 1794
1129 8154
3359 2482
5949 254
7708 209
694 1389
7680 174
7717 7716
3301 6663
1481 2105
5491 2201
914 3715
3247 855
8626 1414
3982 2798
7134 9430
252 3135
182 6371
8836 2468
8042 6318
3582 988
7051 7699
4249 6745
7453 291
4520 1049
2812 9133
6420 9099
9067 6760
3913 5890
2072 8152
3980 3245
9717 5755
2898 6022
790 2691
8203 2236
9542 3381
6601 1877
9402 4381
4442 8948
7862 3329
3041 9065
7320 8226
8595 8884
835 2559
4353 5210
2910 7521
9079 4411
9463 7549
3193 274
1716 5832
9510 8563
9776 4313
7502 1004
8503 2972
4424 3489
4442 86
3601 1282
8719 3399
1202 8735
7902 5340
7774 5644
4 411
7775 9947
5563 8998
9216 9837
6378 336
7154 1291
631 8464
8573 3669
7263 9465
6712 1118
3316 8315
8602 4290
7151 9245
8780 9436
5473 634
5865 2147
845 335
8397 3435
2194 1057
5475 5699
9154 1060
7251 1909
6682 2156
6646 5780
830 9720
6830 8765
2053 235
1531 7397
7068 3764
5881 4075
6848 7045
9624 1600
7386 4722
942 3250
2257 9166
1759 2671
7174 5178
2057 7792
2836 9364
6735 2543
9418 9895
1198 8386
2164 5058
2275 52
8147 8855
6019 6924
224 6842
7979 7867
948 4526
4426 1528
1594 4323
1679 80
7201 1952
2197 3531
4288 5454
9620 3441
7040 4083
1975 1007
7760 5703
1150 9603
3775 4540
6984 5011
5462 9778
4738 5894
7672 4557
3184 9135
582 1028
9619 9359
2378 5713
8127 3975
4890 6281
2914 2092
7152 3542
1299 3741
4861 9653
5748 9880
7197 4885
4284 2602
8634 6701
6493 4819
9284 3120
7199 9133
8786 7522
8812 4007
2392 8286
7352 1144
9298 6471
8323 9940
6899 7007
9445 7328
533 2920
9198 3409
2747 49
5119 7570
2261 3556
9946 3395
4441 6835
8871 6274
5482 9836
135 9877
685 7724
888 7205
3368 17
2269 7599
3020 5160
7862 8696
3084 2044
8936 6316
4486 8703
6709 504
5824 3458
3195 2764
6687 347
2386 3890
9422 5974
3489 1661
3908 3280
7427 1209
4841 9119
3534 7570
119 3493
7288 342
2269 8352
1799 1195
5230 1286
1868 7412
1147 2103
5390 5843
9439 7586
1048 9864
38 9781
7093 4139
2995 4417
2006 9297
6709 406
2370 7772
3343 517
1816 1965
5375 8241
2907 4679
7612 7122
5711 2292
5827 2695
869 2749
7458 2755
8563 2306
2811 1543
8754 4192
6522 1128
9335 9538
9972 5616
7301 5125
9 5360
3925 6171
8710 9557
6444 1302
1013 8795
6386 9548
7538 8053
4717 5236
7035 8484
9559 3737
9319 8877
5629 7898
4648 2155
3121 1307
2835 980
8303 8545
5617 6758
5284 1333
5121 9808
7524 1865
6323 9278
8670 8172
3841 5463
8835 7669
5974 3892
3395 7237
1246 4629
3380 8789
7170 9045
4095 2473
1151 6589
8118 7587
4601 9222
5339 975
1908 3450
7058 1797
5723 9941
3685 3623
7927 3256
1911 1057
4255 9198
162 243
712 7066
6078 9928
2384 1179
1303 7372
4795 8541
1800 3835
5235 5427
857 9989
93 8538
3441 5127
6592 1460
3007 9038
7621 8334
8560 4124
2223 6198
9489 1434
7124 5866
7055 4568
7420 5531
5876 6531
6906 5184
3281 654
1744 1015
1743 1800
5402 2570
5770 4087
1295 3913
4360 4918
1435 7887
7623 8611
9836 1994
4685 142
8294 1855
8794 6312
3009 3455
6397 4326
831 9130
8248 3278
9679 4372
8040 7439
1465 851
9602 1801
4709 429
527 9252
2009 4018
6128 1076
1952 7388
6540 2338
3928 2141
697 5900
1455 4718
2569 2640
3364 7280
5506 821
4857 9768
8180 3449
3592 1621
8568 2868
6969 2716
771 8496
6884 2306
2091 1566
4677 3305
2219 9757
9920 3266
7111 9961
6516 3712
8600 5928
2364 8489
6906 5452
708 2033
586 2275
4961 1913
4292 224
7269 4317
1344 2269
1461 1122
4589 364
1499 2165
3616 7693
8389 4441
5360 7290
6799 7630
933 461
2444 6387
6501 4321
1199 4335
729 8671
6315 2675
6299 1331
8220 6446
1380 3254
8202 1282
5733 8181
1315 928
8299 3715
8673 9318
2770 4038
7004 5158
2340 2446
3134 8512
5644 1722
2436 7842
1546 1133
529 219
3499 6821
5365 5613
3359 1433
2407 7191
1465 5809
3380 3595
4787 4489
2051 4860
3621 4725
3491 5850
7693 8383
967 3066
4529 6721
3949 8300
8581 5048
443 6674
4953 8967
2573 9767
4881 4686
5263 7137
9036 836
940 572
4743 5817
5483 7270
5645 9412
8173 7001
6980 2200
211 3306
7672 7850
1754 8684
2468 1529
3869 7039
7222 4443
3387 9978
4086 9823
2187 6577
1962 5730
2499 6111
418 4246
3789 493
3603 701
8689 1627
4316 5026
9079 1943
6196 4415
6218 2912
7991 7123
121 6173
6003 3531
8256 3237
8104 2910
486 7431
5464 4576
2697 9064
3855 9869
250 5568
454 2807
968 7199
574 1336
7691 1604
4852 287
2314 6103
5404 9706
5407 6256
5986 9824
4203 8120
8552 2303
4274 7816
1829 6643
588 2267
1617 4919
3003 6449
5226 7868
8393 3498
8534 7305
2448 8830
4790 1438
8860 3916
3505 6337
974 314
3838 7575
4854 4614
3253 6937
8623 7612
9382 8374
3062 1450
6618 474
1571 9748
6686 9341
198 3232
4065 150
8744 1175
5413 2247
5941 3810
7599 3714
1605 8244
6660 901
8720 8446
5375 2609
4871 6239
324 2348
3748 611
919 4927
2981 3326
6668 7326
6447 322
4158 9926
2669 9968
3171 1779
2312 7538
4544 999
8609 5041
5468 92
5155 716
4622 6351
1949 3339
3262 20
2141 6366
5121 9532
6071 6601
5512 7948
7462 560
5006 4039
8598 7760
6139 7781
680 684
2485 6779
1205 5700
8021 5371
299 7388
5532 5333
8771 6033
677 1322
2274 2270
440 7769
1312 9175
3144 2323
6133 4340
5660 332
4309 5007
7499 6154
6976 2311
8939 2315
8023 1881
6757 9019
7661 6199
8787 1366
587 7049
3709 507
4740 8347
8718 507
9051 1116
3509 5210
196 2496
9950 5885
8932 6136
8358 7063
9714 7398
4946 6147
8721 8305
6127 6296
3513 5659
4747 1997
5673 7542
1215 1076
7519 3839
3912 8015
5347 4483
4620 9042
7466 9852
3259 7483
3320 1336
3427 6851
9539 9351
9838 3443
2816 1729
6298 1915
8303 8247
7702 4373
3242 8700
8107 9656
2504 2089
207 1721
3236 4339
1040 1026
6550 5492
5898 9862
6073 454
1215 2835
9879 1161
948 57
376 1541
9635 8853
9014 9523
9634 37
5277 2343
6017 6271
5160 4225
6358 590
6451 8018
2598 8517
195 8881
2108 7209
5805 5182
2164 7144
2700 5154
7230 7601
1456 688
1201 8085
2636 7425
2279 4426
391 2876
953 8134
985 7348
315 5891
9812 3504
2320 466
2700 5587
6290 3207
1051 7949
8511 1052
9915 1530
124 6170
1150 8419
1440 864
4523 4542
6163 3921
8379 1980
6060 521
12 4566
5436 8301
7715 5834
9242 3380
8400 935
9081 4466
1114 8924
9009 3139
4179 9339
9380 5623
6389 6855
9745 4170
6717 1956
5094 1713
479 7106
2551 9179
9925 4099
3385 613
1976 6816
1552 2914
9532 9255
3999 4974
2333 4791
2375 2819
6857 9191
9355 5111
5751 980
9343 5050
309 1150
5510 7068
7467 302
197 4615
6856 8165
9979 3285
9708 6645
1600 7203
5964 6853
3260 5980
7131 3055
5610 3771
7690 3030
4172 4820
4900 2936
9639 8351
9735 5817
1247 3798
9517 4373
1783 7695
4170 5737
4736 4191
6148 1889
3163 7105
5724 8547
9335 2790
4361 8974
1519 7407
4947 3840
1906 4406
2364 4848
3288 6765
8162 5182
3318 8328
9367 7162
4920 7157
1336 641
2207 5615
2513 470
3767 4606
5935 2259
8536 4538
8567 7567
1798 1391
6728 6831
4450 264
8056 883
6372 2798
6433 7620
5454 7929
3673 9455
9187 964
6713 8723
5263 5410
6754 8804
3724 6609
6928 4884
8166 928
8770 2368
313 8710
4695 9478
9783 2020
4484 4152
7103 2203
641 4216
3439 3768
3868 6498
6271 3031
5287 4667
5651 6533
1515 6171
8509 3434
3835 8930
7738 9855
2947 5855
4778 6838
3029 6740
2337 5769
8991 6452
5646 9156
9018 6821
7414 7357
1743 3031
8966 8917
487 3471
9931 4797
8861 2069
8966 4847
5112 6206
2612 7812
8344 464
9108 4972
8624 9388
8484 981
7286 4073
1330 8554
3745 7831
4662 8164
4128 5185
1072 1846
7028 2918
5813 9356
3684 1336
6718 5925
2132 7635
1596 9516
9671 1943
4515 4866
8428 8313
2485 7617
2285 2318
4779 3107
7378 5280
7917 6040
2882 8583
3490 9145
1355 3401
9238 1651
8725 2294
8105 7765
5641 678
438 1177
2431 793
4905 6663
6575 8670
1979 5307
8394 2378
8529 332
4689 8514
3187 8320
2397 8639
1240 8629
3728 5125
7047 7614
436 3239
9418 8969
8693 3824
5192 7547
283 5748
2329 7730
6348 1763
4043 6659
9907 7140
6160 5900
8065 3862
2327 8841
4217 578
4816 1387
9037 9633
2360 3786
4181 384
5871 7265
5189 2797
8876 3669
6176 7271
9094 1759
5024 692
8850 4566
3268 1152
9432 1212
5779 4015
5631 1957
3719 68
3054 7107
8879 7102
6913 4970
1109 6587
5123 4203
7592 8110
8142 4604
8789 803
6747 7304
6004 7932
5988 2538
9293 813
4675 4669
4729 6546
6190 2968
2795 3877
9482 6987
4783 8558
6692 8681
2451 4202
2604 9943
1892 2418
482 1254
4440 7295
9545 2164
9923 8797
5112 7314
9066 257
2678 1733
4551 4289
1173 2317
3711 2680
8878 475
7215 8927
9092 2326
9577 6981
5850 4129
8372 8063
2347 9130
8094 1032
8713 70
2781 1951
376 8790
7098 6933
569 2043
3853 9933
8836 2369
9888 8501
5453 462
2287 9943
2926 1478
9749 4439
3617 7906
8882 3574
3597 9572
7408 9173
9579 7778
7223 4641
4093 4999
9260 1716
6107 2451
6814 7778
3182 4220
9360 5991
3531 899
8040 3748
4350 5663
2250 5848
2261 8637
171 8437
8583 7030
388 1596
1263 4938
9187 8376
8222 1596
1867 4434
8317 1062
1809 8346
5680 2860
4822 4491
903 1756
3134 9494
1366 7917
9994 1582
167 1312
1044 8533
5398 5563
4459 1860
5601 5991
1707 3399
7819 7647
3696 1909
2084 8322
8174 8175
1247 6449
7323 7499
524 3376
9246 2302
5705 9001
2692 2804
9740 3741
2739 7456
9770 4762
8767 3538
4201 6842
5909 2856
9250 7111
4136 9098
8413 3613
6301 1762
7037 1411
7337 4826
1778 4614
8037 2971
3379 4495
6924 3335
984 801
7767 6836
6914 3071
5895 4270
3160 10000
269 4668
5887 3110
3213 3798
6546 2749
1705 9696
2799 242
2635 4576
7087 7445
6026 6225
5309 2092
7006 6128
5696 9477
3447 2102
6469 2898
3415 6677
1184 2909
123 6239
4248 1323
905 7855
308 4227
6061 2710
1260 3843
6637 485
1514 9275
2708 5631
3131 6356
7652 3596
4576 5811
5337 4711
5057 7721
1323 1242
9277 4223
9897 483
3907 7790
9575 4534
8103 8443
7151 1876
2339 3173
2460 2467
908 9304
3635 4360
3175 2830
968 3933
6442 1673
430 7944
5812 7642
4559 8262
6094 1832
1362 2028
2319 3860
5107 2244
9817 6054
963 3314
7237 4271
8548 928
6319 391
6610 4088
9435 4538
1021 6648
723 6974
979 5827
7832 436
6063 1174
4827 3342
1495 6856
990 573
8360 6001
740 1686
3004 2447
4526 4925
1984 3255
8910 5045
8396 1187
8139 8159
9534 4288
2191 3874
1167 8989
8286 1366
2457 3453
8370 2525
446 8345
6378 8668
1927 9168
8080 5289
4373 3363
6428 4618
6333 1149
5632 9364
2827 7439
8488 1970
887 9758
9242 4529
885 8449
1749 736
3576 2967
9064 3730
3669 6402
9034 3772
6285 5789
6823 311
6470 4241
3791 6852
2037 5354
664 9520
1810 8365
5734 1505
1980 6227
519 8439
5147 7321
6525 8642
6869 6843
7032 2737
8084 6832
2764 8348
7872 9845
4364 2673
6358 4787
9899 5660
7361 4970
7804 8480
45 1321
8333 161
3249 9909
1787 8066
1606 8122
5003 8117
320 3624
6530 807
4009 2939
6431 3027
9036 4574
8461 4084
8757 5940
70 6734
4991 2879
2639 2197
4571 2972
3340 4809
848 8672
6085 4230
8280 8824
6454 9825
154 1371
803 7484
1789 793
3482 339
1833 6823
1897 843
4980 7708
4946 2666
1906 6775
2545 6146
6604 1818
3832 2151
3259 1193
5760 2130
3182 1285
2779 158
8581 1037
5558 1877
5329 2557
1267 5656
6425 477
2382 8043
367 3081
9077 1981
3238 6246
7603 5700
9957 5279
449 5750
6932 2514
9962 7859
3945 1565
1980 9820
248 5253
4162 6436
8210 7851
8058 4568
1230 7229
9687 3618
8976 7557
9162 9464
3118 4939
3646 1292
5702 609
990 6871
1619 7710
9050 9677
6174 7668
6430 3512
1286 8655
2408 7313
7902 2707
7862 535
5276 3058
5545 6973
1162 6753
356 4817
1190 5281
8260 4381
5931 8499
5428 7882
1067 6493
115 8569
9258 290
2033 7589
1538 3341
8653 1409
6179 1824
7443 4448
2800 4900
1666 3107
9050 8830
9238 4
4296 1494
1294 6209
1496 7704
3279 5318
8337 1201
4769 4887
9273 9928
7159 6235
6741 3340
8901 8828
750 7410
8451 5892
7800 1177
7557 2807
8093 4301
7745 6851
6181 5985
2629 590
3045 8540
2338 5725
9074 5855
1709 9600
694 3190
4408 7455
1260 4299
8414 4168
8017 6054
7881 9261
6560 2773
993 714
3098 1474
2943 9388
3943 5027
1073 396
5085 9880
3268 4020
563 8018
3628 5280
9639 7509
4367 2217
6870 9878
553 301
3618 9661
7129 2327
6814 5707
9046 3287
6839 3289
2613 1065
3981 3364
9770 1214
6637 7936
646 9445
1643 8863
2735 578
5149 2562
8156 385
9017 8069
5179 4198
4083 936
2335 3642
3826 527
7567 4210
6411 6727
4038 2781
7660 4965
8045 8027
4200 7006
1909 8329
9501 4431
2597 2202
2169 8784
9431 7930
6969 4345
3001 4208
2157 7386
1219 4876
1433 9796
329 1968
3475 3221
8818 978
630 952
3817 8314
6089 4458
5534 1944
345 3471
6212 2303
3761 6187
1884 2853
6010 9403
7311 5456
4846 1553
8897 877
8093 2629
1220 9427
9002 4995
3073 6146
1332 1469
6484 5190
2412 9614
8544 5338
7033 2839
4956 6152
8633 7097
7695 9156
3592 8516
9172 1041
7138 3560
6298 5216
7894 2584
1472 9203
9382 261
9226 8407
3638 693
857 4415
4822 7720
3908 5956
4938 8331
7364 1346
3598 1965
5556 3945
8970 8760
3088 5483
8288 7175
7907 6139
5638 5529
1377 5068
7323 6364
2227 722
4886 3117
4523 3956
2015 4860
6981 2503
645 6549
2886 7821
5384 8254
2279 7669
2139 9885
6202 668
7420 2123
928 9981
562 1682
3279 4303
3703 5520
4317 5060
6880 5342
8604 8659
8564 8384
3330 693
4091 3176
6744 577
5735 9504
2235 5560
6765 579
1963 9595
5474 3416
7789 1889
5864 5362
3026 189
7617 1403
6364 1754
2126 2686
703 4742
2867 6706
6611 2945
6984 3750
6077 5875
7669 3856
8907 5446
953 3917
9904 1550
303 9749
5737 3898
5914 4825
117 9143
9830 7375
298 3469
7423 2974
7657 5029
1104 3583
7728 9706
3909 78
8922 987
7860 2027
7345 6466
2730 2257
7427 5255
9934 6278
4527 2859
8387 5165
6185 9001
6004 5398
8960 2209
2476 3400
5503 9012
3657 8841
9712 3253
1112 4316
7993 8826
4009 7310
3077 8975
1628 3410
5445 3359
7455 6950
1080 4351
6530 8782
862 6599
5443 5090
403 9042
8809 8984
7633 6149
788 8482
2219 8018
4028 8989
9526 4034
551 6330
8487 9190
7486 9643
9738 3361
1008 5886
7258 4200
4628 6573
4314 2326
5465 1746
7237 3666
1309 9427
5970 34
7687 740
7961 1578
4209 9470
1001 5350
8450 1075
6301 3404
9038 5136
4514 5297
1354 3325
489 477
3297 952
3646 1896
655 4879
1887 6822
2033 3283
2732 9032
3512 4982
8228 9689
2184 8563
2712 4465
9730 5873
1351 6969
3584 984
7964 6034
7353 4380
1926 7040
9733 2717
109 1444
3480 9136
8766 2052
338 8987
6258 901
2398 1124
4618 4959
4873 4697
2083 9288
3775 7001
8469 6116
9059 9453
7149 2191
4248 3245
6323 1715
1136 5750
4739 8629
366 5971
3259 4215
6661 3211
7965 4648
5043 6037
20 5433
2247 8059
1693 8882
8968 6946
6849 1613
4619 8833
1158 4483
2486 6642
992 8681
47 7729
199 3332
4700 8902
7106 4999
4582 1818
7415 7836
6867 4288
9238 4969
6842 1385
9716 8473
1628 8505
9022 8776
8959 9780
2570 1852
7274 3213
3900 2945
226 9596
8404 2667
586 2578
165 1144
427 5902
4618 2850
8228 1569
5181 9447
5039 6714
7853 9908
1028 3296
9150 3760
132 5834
9920 2136
5384 5051
9474 5397
2307 7467
9408 3345
8514 3766
8989 814
5839 2215
6549 6755
9199 9475
2312 3377
4932 2901
8285 345
9889 2635
6478 655
848 4383
1153 1145
7721 301
7234 8884
7866 1979
8772 6883
3525 2408
4367 1662
6384 9254
5365 6893
5355 7426
2718 7172
1454 9348
1723 8765
7878 490
2419 1124
5717 9839
6115 276
2535 2197
3516 5227
2526 1330
4283 745
6499 5167
7442 3490
9642 1297
5752 6557
8600 2094
3298 1747
2988 2857
3235 4801
700 3731
7738 1422
2167 495
712 7276
7918 3397
3734 1076
7842 430
4382 9315
6441 3100
2871 3997
5138 7467
2384 7178
593 2983
900 2671
7793 7150
1324 2397
535 8681
7461 7653
7571 4789
867 7533
5147 1598
6820 617
9092 8423
1760 8379
7277 2193
6683 8172
5373 1599
9737 5075
5071 3453
5226 2204
7939 327
9267 4783
6463 9871
801 4685
3953 2034
7236 1976
5507 448
3554 6125
2056 333
1156 9416
9509 3243
3532 3576
3578 5047
8566 747
994 1090
648 6872
2497 1765
9903 2090
9661 4252
1186 8588
8209 377
946 1551
611 2734
3834 6101
8741 1665
7911 4341
1067 3049
9948 3967
8902 2300
3252 7844
1891 2238
7863 2351
2268 3501
2462 5401
1970 7556
4999 5164
6299 2133
6751 1717
321 4197
9124 5166
3278 5971
7949 7788
5266 6095
1127 6680
4954 2377
2426 9855
9099 465
7053 9614
918 1113
5353 9631
3434 3442
1426 9811
8911 3455
1683 9402
8878 3228
3265 2737
9652 5556
9345 2455
2785 7994
1907 3189
8632 9590
1181 5623
3101 690
3736 9942
8689 1502
165 3511
6076 5070
4475 2123
4320 3356
4403 7415
9743 1830
8273 6448
9755 2041
2647 349
6146 1397
6892 8283
8912 1049
2935 6807
5216 7432
463 8057
2632 761
8430 5564
3363 4194
8031 8982
5270 6725
4544 1503
698 3774
3006 117
5369 3065
8974 7503
4636 5707
3909 7151
8890 2749
6789 1147
906 7937
277 6171
3019 8218
2961 1924
5541 1477
9195 2638
1474 3864
5270 2478
3820 6000
736 2716
2563 5163
60 2545
3169 297
9351 5547
5446 4977
6677 2632
7713 4152
3557 7250
9561 2570
3489 839
3662 3170
1154 2597
5147 9872
7534 9687
2866 9463
244 9464
8944 7852
7366 6872
9963 2026
53 8245
8873 853
4574 4573
8964 1744
7481 7176
7772 3083
7007 8260
3001 8651
7026 6825
6772 5467
4567 2334
5869 4003
3001 8949
853 4527
189 6653
4470 2683
1363 6595
597 3819
1240 1625
3251 5831
7078 2073
9231 7301
5478 1597
2323 3177
5728 8918
1260 5367
3670 9147
9968 9963
7662 4353
7830 8084
6876 8306
3878 7225
4982 4472
5430 3741
9102 9761
2660 8696
8916 4332
6560 8198
6072 9303
7747 4359
3768 8083
2763 4950
8622 27
1258 7926
442 209
2026 9784
2474 7055
8874 3182
1647 9059
7930 6605
5488 5622
4365 7736
4955 4296
9770 521
5129 3535
9162 263
5942 9076
776 8751
4721 9584
5383 8352
7121 9519
8184 2129
1912 6313
6428 6483
4050 3807
8422 4162
1832 6010
7687 9945
7812 7660
2898 9222
2860 9371
9182 8213
9934 851
4841 7179
5393 1410
1266 3865
5489 3838
2513 946
9990 1462
1310 2973
4298 9617
7945 8327
8766 844
6206 3747
6009 8456
1982 2829
6242 5325
3871 4583
4350 5578
2812 6181
6290 7544
1387 2616
8882 9659
4395 875
7133 2275
3750 8454
3212 2398
413 8876
1338 685
9086 7670
5169 9069
6813 5397
9593 7332
2448 8475
3052 7012
5619 2940
6400 9239
876 8682
6928 3938
3066 3397
7809 2943
7661 2239
1247 773
5668 8798
7791 8279
4553 3112
9470 4046
2421 2685
6815 2708
7581 5397
5044 4735
291 9851
9464 8271
7682 5715
5800 9292
5205 6862
1947 3166
2075 5605
897 2150
2275 8526
8364 7684
4750 8336
1782 7021
194 4668
5752 4133
1865 8572
7977 496
8314 4381
8937 2648
9528 75
2345 8790
946 5725
3842 2432
2159 2448
8109 8413
8763 555
7617 3536
9964 9617
2269 8736
3384 6808
1542 6106
1335 3325
4112 7925
731 9507
1463 5904
9371 1626
1306 8664
4804 4939
251 429
5939 4436
9348 2720
3784 230
3213 3189
7190 5773
5890 1527
4256 5838
5849 4503
7418 7367
8549 6034
4132 6893
8089 8511
7925 1732
8530 8999
7466 6016
8416 3162
8485 5918
8670 2483
5303 3346
3055 7661
5515 9439
7524 4840
2863 3472
7527 8203
3206 3524
7961 1302
5397 6105
7780 3475
8176 2499
4101 2944
4998 9787
3830 8020
403 588
3127 1109
6862 7491
8138 8345
1773 6638
8888 2185
1323 8422
7993 640
3651 9544
2976 2989
5340 4976
7294 1627
6274 8412
9745 1648
5430 1353
1707 369
4115 5242
1019 4546
8304 4656
4574 375
6750 7772
7148 7187
3772 4520
7821 1303
1283 9622
8330 3025
4888 103
6204 8604
8011 7882
462 7243
5259 8183
7545 559
5333 7701
89 2995
9779 6644
8115 7335
5289 8205
8954 8185
2948 8469
5051 7302
2133 4533
7613 4596
8213 1852
3603 9768
5899 5826
6292 5460
4609 566
2070 896
2123 6717
3741 5228
3761 764
4493 1893
1365 6922
8455 9715
339 1426
5092 7269
2208 760
7560 9462
3474 7764
6499 2664
6814 7041
1980 8901
7480 2296
7349 1022
9764 66
7708 6971
3673 3510
1292 5222
958 9231
8290 7749
7068 6821
1294 4785
1653 7411
8299 4286
3023 2459
940 9058
3077 4625
8789 7504
4836 5781
3554 5965
932 2363
5717 9599
7102 7056
7098 7440
398 3656
7741 7524
3819 7787
7833 8832
1444 4435
5065 2130
4879 7984
1126 6313
5107 7848
4540 5121
7397 5672
9578 1951
2063 4999
2453 6072
6853 813
8870 6560
430 4326
4210 304
9950 2830
3305 6157
4717 5968
7863 3641
644 6549
4003 4256
8186 4898
1109 9884
415 8139
7843 7038
1208 1805
218 6825
2192 2040
3933 900
9146 3259
1082 7769
8926 3714
5814 7207
3798 4783
4848 3893
9845 7193
728 5763
9556 8717
825 7791
6779 456
7115 7654
4244 9118
9907 4481
8980 1396
2787 6174
8078 1370
9851 6016
2202 2712
6868 2349
984 8116
7081 3638
4879 5707
9070 5718
3020 8621
3859 8740
4258 5031
1990 3645
6167 2525
1806 1230
8294 4762
5756 4696
3492 4205
2122 4454
77 2569
7123 9841
8848 2592
6593 2175
4540 343
3884 8834
4013 5531
964 8714
7820 6080
4742 357
999 9182
6624 8760
2534 8744
4299 4652
8957 2906
1474 8092
3144 9456
1058 897
5555 7431
4707 2419
547 8290
5094 746
9410 5423
2366 2957
1396 734
6621 6063
788 7461
952 8475
6781 1506
3987 2742
7079 1644
3525 7319
1279 9041
8061 2010
2234 4227
9939 8911
7974 3583
4251 7074
2506 5561
3065 7318
5677 416
5724 4377
1015 8004
2073 5189
6713 4878
5819 8854
2538 5648
7231 6667
3891 2499
9958 3064
4600 2924
7117 3633
9366 6803
4926 4500
8546 4864
7731 9839
4790 4138
6889 8364
1002 3390
4899 1120
8437 3130
8294 3614
8084 4779
7738 7439
6282 9207
1004 3979
5961 7526
6679 4223
3599 2347
7890 6002
804 851
7870 1112
8887 8415
6572 753
6968 395
2011 800
8199 7020
4318 2426
863 5208
2655 2852
6677 4068
5449 8983
4051 3982
7090 4127
1888 5747
187 5664
3160 4644
4879 5902
8184 5199
1854 8994
4838 7333
9601 1679
2159 5981
3082 3327
5092 3282
836 4923
2698 3545
8754 8255
3416 4774
8755 8243
3789 8782
3225 1776
3267 9402
9347 6429
6851 9861
8353 599
5323 7083
4101 2885
3789 5611
8352 6308
1305 6732
6182 5517
4472 4265
4226 3792
1624 7089
5699 7003
2563 8037
4866 4663
1555 315
587 418
8426 7282
8286 2660
8531 1607
5908 5841
6608 2784
3802 5835
2580 9036
9561 1387
1200 2646
1529 9779
8578 3721
8001 2666
8818 6301
1625 7219
5905 4955
2035 9274
6199 4986
8844 7714
638 3083
2785 9596
5129 7356
3104 8036
5678 4424
8883 4909
9075 6745
7979 1054
8197 822
4559 9707
8884 1227
6120 1725
8590 4114
5961 1275
4397 722
7213 5188
1343 7211
9505 8322
8649 6463
4843 7781
9206 1670
1816 2827
2695 5142
7013 7507
5464 1781
2163 8817
3163 5974
8728 2332
1060 7662
6787 9705
5734 9456
3964 8910
8187 6923
9812 702
2427 2141
3270 8565
1405 2690
779 3785
6190 8529
4207 9031
5366 5189
6720 3040
5394 7381
1486 3668
306 7549
8546 3936
6635 1311
5783 5473
9158 6330
4020 7428
6704 6239
2847 2203
9900 6606
7948 8235
264 9246
794 815
2304 4379
2970 6058
776 7766
4228 7926
6886 6022
7286 4838
243 1042
2744 5370
5817 5852
1628 6262
8030 9271
2162 4449
2982 5697
5300 1367
6673 55
256 8383
1953 2847
5247 4879
9196 6575
302 4055
1872 2571
8264 295
1769 9475
7227 7898
8878 1873
2559 9524
2958 1013
189 7233
7622 559
4784 91
3945 660
6540 4627
7491 9249
3619 6189
7244 9573
6909 2528
2113 1683
4933 8624
6607 7797
8922 3115
8307 1761
8930 7945
8947 6230
836 9935
7233 1136
4491 3887
4699 1658
4140 9815
4502 4957
226 9471
9257 1191
8139 9751
7534 6371
8335 6923
3572 2292
4139 752
8257 6491
5414 4929
6047 1284
2558 1001
8750 1309
7749 3719
5599 3337
235 4788
6185 6706
850 2705
9381 82
1147 4867
6903 5910
9964 8666
6192 4689
9958 7883
4396 7994
3076 4587
3254 4592
3759 2652
70 547
3085 8828
4750 7964
2797 558
7370 2082
2296 8272
4164 2489
6806 6403
5195 242
904 7963
4921 2226
3414 6454
7890 8373
300 77
6066 7687
2914 7655
2582 7971
857 9333
1519 24
176 3713
5425 9296
2249 241
8523 7542
3126 8037
2857 2718
2839 6973
9230 529
7816 1778
9019 5929
2260 3578
3791 7356
7116 6538
9125 4456
3521 6214
3544 5254
1447 8226
1453 9550
132 3185
1033 1019
2554 8860
9607 3458
747 8938
5350 3571
7170 4070
2027 4040
6010 576
5969 3219
8730 9088
2816 4996
5644 7417
1955 1074
7630 7844
352 7973
544 9051
3132 7153
6426 3384
4021 9377
6606 4522
1729 4444
3322 8137
821 4750
5997 6565
2035 3556
1840 3337
4652 3754
3300 3976
9708 8506
4778 7970
1655 2359
1368 8991
6386 4541
3274 4855
4942 5914
1755 8455
8574 5922
1011 1279
7041 812
1742 2381
2211 975
3887 9632
1226 1505
2244 5582
1947 766
9884 6382
2829 3949
3351 7107
2490 9224
7302 4864
5075 3629
7249 1169
3855 9917
3149 9256
905 9690
8790 2300
4400 9246
5977 6116
7847 417
3361 5799
1243 7238
5086 1405
5453 3146
2604 1154
7390 8346
3003 5867
1053 2049
4444 8880
3734 4714
2957 9393
7852 2496
5512 1832
6638 758
9014 1342
4201 4920
7026 3684
3919 7866
9601 4290
8504 5254
6486 8223
8009 3178
5826 116
6897 3192
5661 5309
8948 7100
1511 4598
5979 4164
8645 9380
9038 6850
3034 8385
7428 1824
9614 836
1106 5955
7905 6261
1932 1531
2966 1369
9484 2097
9502 9890
328 6157
6935 5518
8336 9349
1499 3466
934 9352
2555 6743
119 2128
3745 3393
4643 3168
816 9743
7937 2344
9392 3998
173 4271
1005 9482
5460 7195
6744 9428
5718 6969
1113 7877
1511 838
8940 9906
5409 2636
1117 8155
4577 3944
4120 3747
5676 7310
7516 8525
1770 7027
6761 4100
3667 3755
9317 201
9070 6731
6880 7907
7880 778
3485 7090
9349 5735
2799 2342
7263 128
5113 8361
3730 4019
3239 7683
6196 1242
7664 1452
9858 8936
2847 4868
5844 2637
6471 8363
4710 9676
7954 9056
1722 6152
6246 8033
437 8427
8421 1349
3501 7291
4015 2170
8175 4538
5827 352
2113 2817
1301 7490
5982 3211
3850 6301
8982 525
1350 3445
66 86
9353 2966
3027 7920
6581 3100
3254 9735
2346 3489
1207 464
1958 8255
8334 4081
8634 7546
338 7695
6560 2129
332 989
8429 1770
8532 159
7491 9250
1764 5931
7818 136
6494 7973
1043 6271
5413 8405
7150 1349
1863 2820
3904 9678
1439 4697
8692 4085
3350 1395
616 8236
3630 4495
3726 5103
4747 1667
1921 2637
3736 3807
3640 9511
5873 2142
4774 7223
727 3876
5804 8614
3423 2821
840 6938
7036 3091
3735 836
3817 38
9949 7953
9386 7923
2355 2560
8160 1963
4539 5760
9758 7999
6236 3469
4448 4937
1057 255
9987 9532
7939 2080
2656 724
7150 8234
468 7064
572 8732
580 4885
8792 8288
5352 987
9759 9626
1228 6971
7709 5697
5097 1275
6812 93
4783 2525
3033 3650
4702 8260
2459 568
6495 789
338 7472
5110 7038
9984 64
5753 886
1180 2861
8828 149
4588 6147
285 141
6049 1790
4271 3778
4499 4068
8746 2359
1671 9136
3478 1940
1954 2608
766 91
7343 6015
3046 1086
5161 2202
3433 678
3117 8536
4875 2367
9730 5336
6419 6601
1036 1648
6669 2823
2159 3778
7939 1975
5547 9810
49 4479
9151 9581
1162 5373
9331 6554
7780 5981
3042 2008
188 2887
8610 6406
6208 720
7907 5484
9625 932
531 4655
6048 2007
2761 4477
1518 4820
2159 9726
9596 3123
7783 241
6016 8855
2817 8344
1575 4232
3549 6303
2168 2851
2855 5877
6004 6272
6505 1966
4698 6600
1766 1220
9145 268
3285 6676
7484 692
1870 3367
3940 9619
4793 2509
9712 4985
1402 9596
4578 7968
131 1750
1551 9774
5264 3451
4502 1312
1489 126
4458 8688
5496 7421
4382 9043
5409 3436
2603 9440
4429 7441
9828 9973
5495 5627
1670 2485
6340 8634
9228 408
8149 6852
4957 1754
2794 5901
9671 1624
4600 8143
4551 8731
665 6478
9164 9750
9845 869
5493 5287
4008 6606
6231 5155
2124 5988
6593 5230
7710 3075
3423 1235
1672 6655
843 5400
4387 4869
9055 9219
8876 2802
975 7700
1863 3186
6285 1643
4969 9424
3310 8187
4328 5110
5518 1983
5917 5658
4610 9504
4284 6677
9886 7722
4254 8346
9145 9860
4440 4093
5392 4065
5974 1115
3125 209
1024 6741
7163 8698
5230 2902
4028 7422
8589 3471
7901 76
6316 7831
7613 6467
5851 6215
7314 4249
2916 7274
9855 405
9440 1774
4721 4517
8338 6409
4294 1888
6817 7881
9540 8811
4745 5274
1182 5516
3396 4000
7735 3454
9544 9167
9383 5921
9855 1038
4318 8528
8287 9036
5222 5729
1094 9429
5982 4793
9743 1597
3178 8357
7805 2252
9315 9986
3438 2658
2362 5845
3421 4764
6883 3495
1603 2024
6050 5157
4898 8549
8701 9707
7868 5802
484 8844
8843 4418
7573 3162
5339 8168
4103 6851
2164 3610
5660 403
5209 4964
895 3
283 4375
5457 3433
3397 6313
1267 7033
2499 4315
1099 7891
9626 9312
4078 9538
8200 6639
5789 4865
9886 3726
6622 9004
3453 532
6962 1689
4956 3005
9395 2680
3112 4603
8146 4670
7096 5331
8076 3255
6606 9418
5819 3586
9069 6147
8177 7955
3694 4188
5064 3124
5559 6062
157 8272
8234 5830
2427 537
7516 9012
3817 5123
2100 8264
1029 3424
2291 3624
6522 5757
1632 7969
5120 6114
9180 5390
9591 2643
744 9525
8502 195
4928 7570
8670 3131
5950 7933
2472 1959
5569 958
2184 4282
49 9971
6370 6973
4252 8637
8439 6908
6091 1196
5870 3409
5237 7713
3060 6233
6145 8871
8693 3171
5205 8677
3505 6721
7552 6006
6369 5089
601 6998
5690 5236
9574 8106
3338 281
267 809
1794 61
7610 989
5103 2018
2437 6127
7625 3451
4746 2154
3479 6986
8999 1709
5027 2912
6240 302
4248 4709
7251 5826
6389 7973
640 5185
4761 6554
9645 8601
5544 2514
2341 467
1891 4702
9754 8113
2795 1542
7666 8602
6130 9071
9091 996
1528 2282
4378 6149
1059 3539
9524 5609
2855 2533
9177 6701
3664 4987
9499 7069
8028 8251
8803 1461
4121 3758
930 7486
9348 9556
5054 7581
6763 3340
6106 6239
9680 7586
4406 7416
5031 69
9316 7246
1615 5024
1269 153
5280 8569
7212 1142
9518 3409
3317 7824
593 6280
6683 8405
8369 37
6181 9826
2944 1720
4049 8537
5869 4886
3307 5105
8005 67
19 6845
8510 633
452 3175
737 1968
5031 7146
9388 5666
4499 3171
9026 2546
8956 478
3131 8131
8120 5786
4600 1745
4669 9505
5850 7141
1231 6090
6184 2794
9261 3633
6960 5916
6466 3894
9580 8385
7543 5540
6637 392
3451 352
2887 3340
6077 9997
9019 7841
8263 6952
2795 663
7443 9590
461 7110
8314 1639
8890 3600
32 1770
6 3920
6332 9987
3436 5604
6254 4230
1226 5646
5353 4045
5522 2194
4605 3678
5264 3214
3949 2936
3818 5784
7466 3546
362 2544
4780 887
6792 9584
73 1489
8233 9589
9579 2428
3942 3482
7606 9164
2700 6134
4293 9772
4964 8742
2856 4432
5262 9130
996 806
8335 33
3013 8013
9782 5561
9578 2294
9487 4841
9179 1365
2919 757
6200 3974
5434 4271
879 5775
3780 9946
4123 2952
8443 6678
2695 1499
2415 4985
3844 8472
5289 3232
2714 6917
3886 7632
359 263
8864 7231
5732 7312
4253 1642
9922 8870
9937 3107
5900 7069
9136 7280
3576 5109
8033 9504
1329 7384
3251 318
7215 9656
764 8567
5846 7295
1550 5272
6410 9381
4667 5362
1472 4471
3900 1779
1458 8641
1767 5044
7988 5462
5471 497
1364 890
5941 4346
3633 3151
3638 5893
7319 1998
3232 5454
561 4532
181 6703
9078 9409
5144 4764
9359 3051
3761 8184
4777 3039
4261 1651
846 977
631 9385
3673 7550
1627 5543
9183 8607
1269 175
8076 2680
3639 9071
7267 5784
7607 6438
7909 8410
1948 4538
7883 2837
6205 4878
5188 3647
8430 774
8922 2695
4455 9355
6662 5425
5332 8210
3276 4432
7737 2086
5597 5232
9295 8509
9723 8301
5671 3791
964 4773
2040 3979
6217 4217
7746 7777
1124 9866
6538 4681
5574 3449
2649 694
440 5194
2656 7865
1541 9649
2982 8244
4537 60
7199 4002
1258 5011
9408 5497
5024 3404
8212 4311
9313 2073
4112 6412
5367 5907
7762 1968
7688 5460
3016 8338
2856 3033
3622 6069
5819 208
3839 7494
635 4087
8177 9604
7215 1302
5862 7140
2159 6547
8095 3413
4455 3048
3015 5225
3956 9052
1556 5457
4626 2240
5340 1513
5041 3450
3501 2426
4430 1993
7301 8160
8506 7295
5918 5765
4991 7655
4514 6560
4546 7791
3649 7815
7890 2803
442 3939
2855 1346
9611 5389
9647 6715
2452 8006
4653 2085
3788 4981
6006 5492
5868 2452
3635 9777
4122 5955
6675 5003
7546 8432
9330 1100
2885 3670
3787 7918
3838 120
71 8235
9358 9459
2266 3547
7214 7507
9044 5262
735 7605
5132 2708
842 1394
9696 5203
6575 3617
3953 2286
4156 1250
8690 942
7525 6549
4922 9526
8567 7280
2706 2728
9945 6794
1978 3383
6582 8502
5998 8422
6952 9867
3795 6527
6632 6776
5005 8761
9803 7200
270 2671
1334 2731
8271 9958
7974 4153
4410 7497
8917 7052
2443 5615
1204 5480
7242 4773
9927 1178
4743 7071
3584 6064
4380 651
5327 5519
7483 6637
5887 358
7817 778
8654 9703
6701 8747
5745 1034
4469 4290
9139 4482
7235 1554
6489 9733
9049 2000
6122 4404
4968 5586
7597 8012
4365 7301
1075 6957
2291 3500
9444 4909
2476 307
3522 5936
9130 3804
7756 5587
8081 8873
7823 6497
6992 1936
8595 647
3627 8914
2383 9664
2675 8904
7383 4360
3182 4333
2439 6832
8674 6822
4079 9744
4095 1317
6269 5576
6870 3271
2297 8734
744 2484
3647 9975
3662 5495
7740 5458
9712 9217
8171 8249
7924 2441
7628 6090
8195 8980
280 3897
2555 2474
3987 549
4869 8428
2146 8252
8972 3770
2085 3396
8785 1452
637 4337
1921 4431
5022 7397
6593 7909
1993 1227
6637 6350
4165 9598
8602 4716
9699 6548
6309 7664
1 2904
9662 8074
7187 1118
961 884
7510 2278
1893 3611
6247 5330
7329 276
5907 4520
1356 8946
1673 5476
4036 4354
3441 8137
9410 7124
9887 7429
5943 9671
8238 772
1935 5139
8851 8231
843 4284
9777 1259
30 3849
1313 8053
2720 3627
4173 83
8099 9942
4418 2320
690 9313
9168 4447
732 225
7875 9907
8646 1624
2051 2763
6600 6668
8160 565
9613 533
5932 7909
3150 602
8766 9300
1494 8014
7145 8215
125 2588
9129 8205
1502 9437
1141 6044
4917 5172
284 5640
946 4209
781 6846
7759 1655
1014 8424
6378 4005
5528 8265
5871 1005
7390 489
466 1386
942 6622
9486 9380
9683 7769
5196 4229
8677 842
5118 4115
3762 9806
9018 5215
733 8421
423 5708
5138 6079
1 1412
2985 52
8986 5112
5651 9640
1083 993
8690 9434
5898 9690
1867 5193
1155 9079
4359 9435
8047 9212
9244 5541
8791 9180
6995 6030
9996 3999
355 993
1563 4481
5014 3397
3944 9176
5270 5098
7097 8727
1274 4550
2939 6249
6045 8903
1646 1647
7803 5249
8161 8363
3260 414
2980 2241
6615 5948
7030 2191
2796 1753
5988 8632
3718 3987
5320 6848
5806 3412
4918 523
7967 2223
1983 6179
5458 8350
7069 2799
1962 9511
3218 9310
1045 4184
9108 7084
7120 3641
3772 8445
4327 8071
6295 5862
163 7760
9835 5346
4393 3002
9765 4476
9528 4607
3519 9698
2721 757
1536 2155
6201 9161
5486 7478
1593 6881
6387 2361
5532 1321
9506 9079
8677 4697
1515 150
6472 9366
9504 8722
474 934
3154 6578
9627 6588
7218 166
1688 8102
4298 4842
2211 4401
9621 9292
9224 7073
3289 2792
5026 6568
7698 7061
4653 6772
151 7461
5477 468
4034 1933
2228 6525
3998 4991
3857 8196
2612 5060
4707 1948
4118 6635
1000 5685
6992 8838
9702 589
8943 8593
9735 1250
1989 8941
1949 4625
2766 9806
8002 2590
9235 9930
665 7772
5357 3950
9542 2765
7067 1397
7294 432
9052 18
4003 3270
5936 2023
2742 4296
4895 306
3361 8901
1789 8781
4464 188
6587 1005
900 1223
3468 1367
1648 3708
5452 3069
7444 108
9257 5888
775 1187
6521 8295
1083 9021
4029 6494
7877 9671
6487 2702
8277 870
2158 13
8099 8260
5834 1798
5241 2639
5946 2121
7926 2187
8354 3895
2562 8602
9818 5249
3134 3748
9938 1055
9029 1491
869 4467
744 4038
3553 6245
738 7206
3710 3866
7237 4999
7247 4386
6759 6905
7096 8831
7474 5442
3497 2530
1744 7201
3406 5471
8176 9809
1907 4787
1939 4810
8952 808
7108 7825
7085 3511
1085 1699
214 7561
5336 9057
7162 5194
9681 747
6251 6018
1096 4142
1402 2217
7962 7382
3800 4120
5619 9650
2721 4052
5065 5542
9737 3193
9631 4739
7660 2162
6045 3682
902 1727
961 644
8514 7213
5757 8891
3881 5979
6541 8955
9594 7070
324 9743
8097 9629
9331 889
3989 8212
7431 5199
9774 8292
6004 68
6715 6878
8726 6304
1289 3236
148 4178
8428 7817
2941 2555
2825 3761
9825 754
4047 9382
2876 8392
9249 2344
1806 8700
429 5689
3031 631
644 9815
1539 4409
1392 2302
678 3667
9604 8649
2324 6767
7128 1014
7535 2368
4922 1041
2034 6069
2289 2196
2945 7340
5557 6748
5838 9134
402 7100
4211 9097
5920 3124
6813 5898
864 218
4686 8407
4342 6456
1480 5422
3298 7852
4011 7098
2327 5773
7127 6139
8530 6682
9620 7612
6189 7146
1857 5454
503 1202
3483 1872
3866 8867
755 7136
9724 8525
36 8005
1170 3860
4884 3805
8623 6168
5298 2699
4065 2131
2967 9761
3286 7636
4066 3751
8069 1036
2518 8190
5999 3738
3375 430
3622 9867
7240 5250
9979 5937
2150 2067
9116 5717
8995 8915
5292 3933
4304 3360
4585 8976
6506 2809
3345 7406
9467 4085
516 6289
5737 3178
8818 1034
1016 4664
6728 8018
8625 4264
6655 2590
5573 4516
9683 5123
7187 3504
831 4946
2857 6955
2939 8352
1019 587
2601 3387
1057 6691
9789 1947
8321 5095
4905 3690
1041 51
8386 2574
4811 7248
9785 3396
1047 7691
3465 5903
1043 9774
1694 5205
8838 3359
5491 5490
4481 4158
9494 7465
6653 8112
9497 7186
3442 5776
7929 2348
1140 9042
7381 6185
1969 1311
2067 5524
914 7644
2646 1590
7319 5939
9088 3775
5516 1456
8441 7650
7973 4980
5463 7082
3089 2276
22 7653
6718 8231
7980 9339
9775 4132
449 490
4200 1629
3220 5468
2198 5427
9460 9265
4571 5766
2986 8919
1162 4153
6767 4309
6524 5783
8339 779
9534 8558
5612 3368
1859 7487
3159 8686
4282 19
1995 9676
3334 7403
1175 3662
1237 3713
5906 420
8082 3044
3052 3139
6137 3422
302 9460
1408 3494
7753 9454
1208 1691
3585 8673
3141 4473
2004 4885
6634 7194
199 6454
5446 4283
6394 352
23 184
1094 615
2742 7009
7979 3621
621 3546
8791 9816
8932 8538
6056 3932
7134 6787
2477 1523
8995 632
1666 9742
5575 9212
4353 5536
339 3414
2119 4567
4901 1918
2789 9685
6704 3395
8806 8373
9868 8471
1479 8773
9584 7917
8014 9510
2794 368
4913 4701
9580 1315
7357 3744
8928 3687
3085 5809
2401 9476
9608 4859
8869 6425
8676 3868
459 4657
8216 9666
9288 1401
4148 5145
5425 2765
7402 6623
2406 3552
5238 5974
1653 6405
222 4285
7606 3809
5796 2337
909 5855
4483 154
1518 1686
754 3696
6762 6612
5334 9150
8657 5481
7351 4543
6461 7951
1105 1989
9053 7903
3195 6951
155 2908
8346 3157
3910 2224
8838 5683
124 1264
3759 7459
7736 677
2130 5961
7482 201
4318 8780
9019 272
3596 3687
7930 4093
687 6400
8686 778
7865 1651
6265 8845
8219 4666
59 4737
8920 2490
8899 4465
9821 5656
9016 971
7009 5662
1164 5952
3650 7499
5316 7476
1949 5421
1748 8209
9419 9894
1919 1069
1639 2280
2521 780
3480 8448
1628 8332
9180 832
4587 7251
2567 6978
1516 8250
9928 7415
4300 4659
1421 6858
6962 1127
7556 8600
2219 2947
7789 5047
1058 2622
4932 9434
4091 5054
3183 437
1778 9550
4610 1855
8392 185
1406 8519
1716 4240
3680 5200
520 5285
598 550
5336 8625
2061 8459
2800 3932
6466 9934
7514 2406
2323 8447
5546 6835
7082 8034
7274 2133
5844 1900
5104 3807
1905 1291
7253 2625
7230 9358
5415 9029
4240 2687
1560 6646
3664 6869
2060 4957
7733 9327
7989 6811
4304 7621
1896 4385
8130 8650
8049 3800
1538 6997
2375 7761
8081 1607
5657 4556
4260 4208
6397 9915
742 3494
2272 5
1383 1115
5209 7021
9621 2772
7650 8645
1778 3934
4405 1571
4909 8519
1897 20
8718 1013
1886 853
7456 594
2637 2593
7043 6286
3747 8578
7332 5835
7879 9809
2222 5114
5158 1328
6243 5333
9557 538
3969 4151
9760 187
8927 5114
6275 5664
8099 4445
8260 4222
4694 6781
4852 6468
6201 156
998 5530
9057 6304
9571 7094
6402 9039
415 9787
6350 5945
1598 4546
8255 1908
4496 9295
8715 2322
1561 3927
5680 7173
8 9628
1710 6784
1332 6187
8805 7897
2926 7778
1820 4575
7649 9209
272 5051
6046 6826
9534 207
6121 1101
7265 9539
4189 9888
5960 8430
7878 9783
7882 2798
7856 7804
6255 5522
4586 4493
1756 6779
5664 8255
9752 947
4725 5297
1544 6908
2926 2999
9973 4276
8497 6427
5517 5828
4107 3016
8577 6360
6778 107
1196 557
1106 7516
5950 3394
6751 7179
129 12
3294 2205
7124 9649
6886 387
9639 3818
2330 7341
6356 2103
9002 8130
61 1957
1065 5985
5595 1913
9163 5883
3653 5791
3343 3308
8038 3075
5142 2743
5720 5331
2954 3583
8999 6030
3392 3361
1746 705
7813 7172
8860 7774
5755 1439
4272 5775
8880 6105
5683 4903
3949 8585
8772 690
6207 5067
6564 3976
6561 1885
6870 3182
4090 267
223 8590
579 3599
1158 6051
6995 9927
8341 4018
7356 4016
6191 8768
2410 1540
4156 3187
9018 6156
6930 9710
9184 1541
7635 3791
4273 6356
5250 6360
2236 3604
6734 9844
7806 7044
593 3447
8827 1223
2807 3877
8238 1733
4572 3058
6397 8458
2798 1726
5448 8275
1513 5727
8540 6622
290 9622
8463 8483
4570 3603
2040 2096
5767 5869
8306 6377
1801 7643
8935 4293
889 8957
6851 454
7519 5577
2957 9769
4200 9137
9126 2131
2989 9130
2597 5587
9176 5698
8209 2441
2465 140
2993 1280
1748 3229
8907 6551
8335 4308
8821 9558
4151 783
3356 8692
2650 3531
3290 8082
4139 2599
6742 8995
7416 8926
406 1070
8914 3416
7751 456
5914 9769
2582 9322
1377 5925
1812 2581
436 322
8361 4824
2980 1020
5490 5774
2948 6278
4524 2833
8606 7168
2743 926
8631 161
7860 2494
6999 8488
9434 5286
5171 6451
2186 3391
6894 992
7316 376
6223 2707
194 3064
7957 8224
3609 2527
3706 7779
8787 6168
2021 6273
7093 166
7486 4494
695 7926
1102 2454
491 6822
3264 6233
8585 9538
2424 1109
8611 9454
999 3416
2868 4759
1248 5301
9452 6457
9672 89
4727 1007
9406 8243
2238 7598
1748 7171
7026 5026
8406 4167
9650 6406
5000 700
5263 943
5581 4096
3145 1364
9424 5447
8444 377
5651 804
6064 655
5592 418
9801 5733
8237 3261
7765 8799
7992 7687
7447 188
9444 7552
801 1726
6767 8601
456 662
2358 1001
4495 5107
7849 4355
6910 5271
8241 4446
3622 7178
4589 1739
2386 7128
2061 4473
2875 129
257 5013
1697 4455
4829 6237
9918 8539
4917 778
5919 9192
3013 554
7799 9051
7314 4095
4157 6630
6167 2258
7643 5502
4474 1961
2131 5217
1006 9514
5609 3196
5609 1627
9888 4357
1190 8585
9199 4774
9913 5924
5231 2259
7662 8942
8207 2699
7984 7545
9540 8939
2865 6573
8535 1351
2548 9512
1063 2554
6818 1231
708 4682
269 2543
8513 9172
8527 8108
1115 6493
8139 8948
2730 4038
4692 7851
9950 263
9019 8115
5250 3388
9390 930
730 3972
7883 7259
6831 2467
3961 1318
7542 8526
5364 3485
7528 917
2499 2092
7114 5991
9219 7129
5814 3739
5719 3528
3991 9834
8845 8367
9416 8833
1493 8418
3467 996
4718 5313
9535 2006
3635 2059
6019 6062
2134 7389
1215 9032
7212 6121
1694 4070
9155 3265
7543 4327
4194 1522
5341 2126
3419 7912
3805 2967
6336 303
3732 5320
2430 2171
6626 5449
1494 9892
1824 6828
179 4856
3467 8663
6535 5655
1605 767
451 765
7762 2886
1070 3244
3300 5255
8181 5670
5799 6617
8229 732
816 4994
4228 3216
3429 6661
2747 1890
9085 1668
5913 7354
4793 9959
1936 8900
1867 6327
5272 2868
1969 5642
8630 2322
9052 2072
6269 7287
703 932
5706 4326
6281 4916
2401 8850
1917 572
6435 9716
1124 7115
6336 8504
8736 9943
4977 4717
7981 7852
4409 3886
3770 6966
9277 8546
4352 1901
9330 217
9821 4690
3912 9709
3318 4809
8285 2893
223 5169
601 2764
6130 1149
8728 2051
3302 7657
7877 6099
875 778
6545 8253
2672 1770
3262 9434
6774 8953
8661 7109
5182 1040
6133 9306
3024 7375
8168 4172
6744 4085
7335 5217
6777 2069
7353 7929
2083 695
1679 3532
7414 1864
3142 6646
3892 173
5632 24
8857 618
8622 3784
6430 8668
7962 9209
5924 8025
1863 6818
5994 3205
3421 9858
6051 2726
4305 9147
9388 2454
1997 5972
9492 435
2626 4413
1428 9068
9991 5940
9355 8287
3265 9388
7474 6951
6890 3850
3233 3400
8783 1231
4518 3765
3497 263
3172 5348
349 3184
2018 941
5965 1449
8289 6446
3503 3650
9612 1124
8117 1403
4141 3013
3660 8433
5028 5782
178 8967
472 448
314 180
6161 816
9063 2729
9792 2917
4095 565
3718 6499
1334 50
379 4384
1688 5220
9368 1981
7473 8571
5677 544
6428 9466
4020 6009
1300 4867
1976 3227
509 9760
1981 1055
9691 28
5233 2544
5736 8254
3135 2337
1159 6576
8929 5998
5866 2966
756 7092
3344 1064
4445 3675
9874 9360
2411 8025
3187 8378
1313 3743
5589 3863
1558 6252
492 5871
7998 5800
611 401
7618 6781
636 5911
6558 7712
1729 7444
9239 1755
1644 7310
4390 2724
547 8552
5477 8925
6284 8916
6474 9601
5173 4143
7245 737
2027 4537
9442 8707
5559 3972
1976 854
3432 9362
2513 232
4125 4314
5411 8971
3315 7120
3954 747
5174 6689
9980 6267
8857 4892
9262 2125
8324 8945
1414 8526
8062 8208
8151 8316
7786 5826
7586 1380
5975 187
8975 7967
6107 4000
5330 6111
3133 4494
1238 391
8748 4478
6332 361
1822 6115
1083 2447
7831 9147
8233 2745
8662 9113
7903 472
2267 2263
1340 9914
528 4015
752 9578
2971 6107
283 1828
2491 801
7457 5164
8637 7190
1424 872
9021 2428
7133 3900
8797 2499
8343 9347
3216 2787
6557 8600
5302 3998
7167 5744
3700 457
8910 8906
9223 8970
8108 3598
323 374
2805 303
9690 9967
7092 1518
7609 7095
1443 9948
7807 1352
6879 897
4203 7900
2073 9592
7873 7010
2175 4349
607 3233
5393 577
1538 7414
5973 7505
1958 8470
9067 259
3177 4803
2837 5762
2179 8951
9814 9900
8828 6437
6541 3825
9766 3870
9923 545
2469 9407
9187 8018
1254 3213
7898 825
2697 1275
7782 1815
2519 1891
1093 7739
4207 787
2735 5705
6303 605
9645 3953
5569 2785
4895 353
711 3744
5766 1537
7916 4660
1768 218
4495 9400
3489 7956
387 5201
850 2248
9847 5286
961 1513
4789 9815
2240 532
7265 9935
7094 1879
5345 7011
5730 7835
7340 8346
8459 4978
721 8143
1071 2303
1080 4068
3467 4232
4100 5514
8854 2428
8 5476
1034 6163
78 5622
4814 41
6899 5711
2681 1767
6336 5288
7069 1417
14 5192
5759 6629
4663 865
4487 996
3798 4428
5655 8749
9358 6562
3829 8112
738 6661
1744 8168
3116 6511
174 3339
8691 9246
9286 1754
6097 8467
5834 889
8415 9531
5310 8136
2380 9149
8774 2898
6127 7041
8295 9083
1627 3285
5255 9275
4093 9130
6180 6225
5743 6955
1197 3543
2901 5890
8724 3930
1220 8099
6631 3991
7768 1334
7555 4006
4818 8306
1271 9862
999 103
5317 4500
4447 6342
5784 8416
3413 7677
6652 6050
4676 4508
181 6607
1528 4049
1463 315
7100 27
843 9539
2433 2520
8481 5611
6072 3381
564 4611
6506 3694
9251 9686
1378 2202
3427 6050
3615 7350
3588 2697
5341 9425
4991 402
7400 1365
5104 8036
2643 7350
489 8141
1729 7715
9794 6383
9053 5735
1232 4549
4366 2523
9499 1225
7045 8288
7839 4808
6810 6308
6097 9464
2256 1637
5442 8774
9818 2051
149 8491
8272 4905
3165 7809
8560 1754
320 5861
6626 1317
5984 1731
3500 3133
3409 2102
2847 3814
5206 3558
2020 1272
666 9938
9439 5682
612 6370
2860 5621
6748 6701
3741 730
4195 6393
464 1470
1107 1658
8476 6824
7207 1258
2735 8984
8241 7848
3790 6237
4126 49
4879 2786
1721 5190
8816 2054
6950 5797
6242 9465
908 5088
9112 2087
9280 1646
9255 16
6723 52
8342 8684
217 5472
1752 6776
7868 7078
4344 855
1007 1597
6922 889
2949 7029
3539 8121
1909 6422
1148 1332
3670 5654
6125 8662
6466 2110
4449 8849
1659 3852
6805 4977
7309 5867
4911 564
1269 5633
9191 7389
2442 9658
5824 9179
3541 4087
4599 1487
6524 8288
9018 1439
6814 9041
8924 5380
9683 6120
9956 4057
7993 507
7770 185
9889 5116
6182 5422
9440 2527
9628 6019
5454 8537
7114 9724
3894 5950
9453 7148
2638 9110
5133 5415
4485 2857
9007 3959
9403 5935
2168 6240
5553 7000
494 931
487 3799
3633 608
1636 211
8790 2113
6603 8129
2439 7404
7668 814
97 9561
8534 445
3744 5870
191 6176
923 7453
4984 2897
4177 8378
9131 5331
6881 1584
2920 4201
2314 5546
6827 6440
9222 7636
3425 5350
2634 8354
9101 9286
6130 9948
2244 1300
6980 8879
9971 4981
3821 9246
4920 1216
3554 6554
6509 5658
8450 3507
6845 8558
2594 8152
7063 5682
4543 7755
6312 9051
3912 4863
7075 7592
261 1555
2788 2993
4075 3519
9888 3518
9742 6953
297 6270
3627 1092
4517 7409
9973 4364
3183 1362
8235 1849
9125 9761
9039 8964
6954 2957
9247 5100
8942 4290
7708 3137
2356 9004
7973 9518
6071 7554
6193 3991
7949 6556
1290 6524
7035 5022
9192 4079
4634 9230
4730 3748
2862 3350
2229 9545
8319 4513
2217 6168
3650 1331
7719 6540
9088 2891
2584 4531
4735 2010
4414 6150
4643 2314
1731 3045
2531 9458
4602 6962
5589 8255
3443 7170
9663 3832
5573 104
5089 6149
8449 2362
9588 1268
5760 7603
8073 9467
29 4843
2082 3224
5035 4161
9726 3235
4436 3642
8602 6708
1100 5478
1458 6086
1511 2494
6738 5254
6017 5816
2044 5772
3475 4991
55 9619
4909 3752
508 409
7767 9327
9502 8212
1913 4822
1569 909
6236 9627
8472 7773
7910 2889
3168 1150
1705 8378
8173 7670
2724 3165
331 163
4994 560
5326 3574
5661 8956
6414 7707
1871 8596
1554 584
6772 9642
6275 7064
8626 9258
7848 6228
8846 8688
5823 8493
7669 1666
230 6021
3874 2444
8815 5500
3394 3234
6127 6438
3639 1186
5622 1753
9140 4359
1875 6532
5619 7630
9258 9289
1061 2796
7418 6001
1591 337
810 7739
7318 3414
8284 4999
1364 9712
6562 1172
9334 8800
7150 6435
9063 8536
9135 3410
4256 7789
1731 1640
5601 882
8428 8966
6776 5094
2415 8659
6111 983
5781 2828
9109 5914
6858 2786
6808 1544
7781 9219
5093 3317
6031 7314
535 9469
5863 2618
931 7066
4056 3816
7159 2096
7613 7334
5770 5236
8347 9870
8836 3872
5303 3537
1406 1971
1573 1110
6393 3564
5711 2741
8474 6248
183 5426
8041 3783
9705 5124
6177 9577
7975 2559
4291 5827
2002 7725
7583 3916
7139 1403
8291 9352
1114 3700
1940 2549
6420 2443
4349 7559
1118 6256
2503 4737
498 5893
6983 7203
9331 4322
8138 4889
4062 4285
580 8242
288 1427
2900 4641
5500 2736
1674 4482
8766 3322
6404 5705
6482 4692
5283 8443
2987 7839
3447 616
478 3997
7292 6976
484 3785
8684 7340
8440 4250
1155 2603
136 3835
6662 1440
7861 8656
7185 5568
2962 4675
6467 2180
8145 2877
7227 2344
3348 7617
7110 6477
1797 5173
1327 1846
7163 5146
7236 4986
5443 1474
4987 8333
3004 9122
7735 4001
1213 18
8019 5774
8506 6846
4925 3966
7594 1152
3673 4659
5487 8078
467 4349
6971 8937
4022 6176
1806 2367
1341 2057
9165 3286
2810 6970
6817 426
5344 9917
6226 9995
8104 8799
9727 4376
7588 8459
9536 6011
9090 8387
1460 4567
2234 9408
3331 9342
2388 6226
4092 974
2266 5988
6342 1603
9944 562
2786 6248
6850 1512
95 7227
7599 6883
9696 4812
4733 984
1146 7488
9748 9840
6113 1690
6500 9
6760 6399
4750 1556
1103 5004
4205 8736
3939 5203
7487 2993
9083 9292
605 5813
1710 1544
801 8557
8561 8787
9901 9050
6161 4621
4684 4669
5615 3718
5103 4130
7263 5011
9767 2695
244 3482
9251 5326
1494 9289
561 7712
577 3165
4724 2199
1330 8317
6184 768
5165 7576
8755 3157
5414 8590
4699 7067
7424 9522
380 1251
8364 767
4375 7801
6060 9573
6910 1781
1481 9154
9097 6245
3930 5715
4764 3536
4353 8754
4015 1744
9033 7369
2370 7219
6350 9227
2956 6751
9932 303
7231 6684
5452 6205
8127 8468
1098 9204
2627 5811
2046 2647
2583 2623
986 2780
9573 3921
6250 9841
9113 7280
7522 2848
5237 2404
8466 7463
8459 4285
4071 8228
9960 5365
5748 9839
7004 9951
3207 8426
148 7962
9941 8527
3161 2652
7185 5032
9428 2137
8309 3555
3984 7565
7928 3873
8208 9558
1889 2096
834 6898
7200 5706
334 2132
2330 5829
2362 4712
8146 9585
2399 979
231 7417
4478 169
7154 9792
4606 5804
1015 8753
7318 6762
567 2016
796 2357
9260 8749
7481 9134
6718 6624
8861 3233
3082 180
2496 372
8186 2133
4642 6506
5580 5270
5861 48
9949 6106
6151 2267
1539 9835
1877 8283
3210 5147
3391 7402
5513 8900
7903 7851
3534 7635
5235 1533
9413 4251
6716 5906
6081 1376
6144 2000
4208 537
4602 2059
3997 6473
5243 1045
4046 5476
693 5243
5836 7305
7633 5908
6717 6650
3680 9359
593 8052
8694 6648
9966 9603
5824 3798
3197 5792
6602 2946
8372 4160
2365 8881
6553 737
4786 1795
5431 7275
718 7089
9785 1662
3972 4081
1104 6551
902 7491
7802 7189
5788 6906
8453 8528
7759 1292
8228 5978
372 6133
6073 3908
7071 6603
6013 4219
9546 4330
7769 4824
8440 2021
8402 6475
1851 4684
4216 2770
5934 3564
9410 2723
7767 6212
5684 2281
5962 3618
9612 1138
9208 3860
3198 5893
8114 7624
1992 9745
1471 7938
8839 3582
5287 209
1005 1340
1787 4666
1807 7265
8935 5873
8127 7734
452 9642
5701 6780
9941 3842
9917 9913
340 4022
9192 9349
5917 9296
8654 472
8948 5041
7959 5132
6187 4291
421 7061
2992 1351
1903 1358
5025 7193
4262 1138
1018 2872
4768 2912
9052 1646
5223 3856
7012 1305
5968 8079
5356 9640
8295 1005
7303 4251
7745 6216
7192 6877
2459 7060
6700 1520
7817 5593
9838 8199
9403 7677
6236 3874
8060 6392
9283 533
8097 2333
6867 5440
8641 3957
9704 6212
8176 8628
7354 3094
2001 1849
9404 487
3623 9132
5167 5197
6846 6123
3945 2763
5789 3492
6785 1537
5824 1008
4099 8616
9594 3240
2603 6085
9627 1913
5055 8815
9205 3174
8125 8242
3729 3267
7112 8641
4944 2941
176 951
5133 6189
7378 8384
1309 2076
6029 7583
4370 1050
6582 2243
149 1790
5101 1103
2617 3975
7072 5436
3863 6111
385 7687
9502 8288
1736 380
2940 746
9548 1221
1103 4792
3874 9019
1804 1434
524 3325
4983 237
745 6841
2794 2905
4048 2987
2319 4445
4008 8963
6341 4806
399 3521
5414 9703
7963 4398
7863 5150
4409 6611
1764 5647
4329 5710
2683 8798
1450 623
7662 2533
4191 3985
885 7630
5092 8813
2601 3151
2733 8474
3824 7915
8901 7293
5572 449
5988 5659
7732 1917
1361 2426
9600 3528
124 5688
4676 8269
8539 401
8464 3126
2991 4290
4151 6721
1707 6981
5374 2152
6648 1046
2736 9433
3714 6639
1194 1285
1518 5810
9209 2420
4585 8902
8007 7672
6196 9776
9489 9944
9277 4564
2395 788
3115 8805
1997 3674
3085 3445
408 8372
3460 3558
5081 5844
5625 1986
1813 8004
690 586
1880 4190
2533 1343
9752 6251
3337 4301
2881 4834
221 3489
63 9315
8944 843
4496 1720
4954 6480
6482 3201
8617 3377
1620 7889
438 8055
2302 140
3831 6952
7553 4466
4947 8857
6336 9783
6478 4776
3630 6917
6317 757
3093 7133
8143 296
134 1610
5365 212
3735 5072
7290 2385
6608 9629
9978 804
5564 2417
3668 5022
4793 9102
9893 505
4093 3013
1578 2628
2065 3940
7778 8323
7100 2838
5824 239
2423 9714
6160 4990
1799 339
4717 9610
387 8141
2248 5647
5393 9163
4032 7831
7860 7396
8071 859
1703 3501
3041 4669
8090 67
1458 4573
8691 7123
1364 3403
371 595
2310 4545
7034 2701
5770 4117
1547 9360
9244 7455
4814 9475
318 4944
4404 2905
9012 6657
5284 9548
3372 5039
3166 1839
5415 4614
5207 404
4218 1484
6060 9367
985 9837
7597 6899
3683 678
2280 4609
7728 7036
7591 6795
5723 4750
5222 3959
3265 4815
8726 8879
2433 9721
3343 9726
8522 1078
9104 9409
4588 2038
6670 4101
6260 412
5301 4986
6073 6004
4893 807
4883 901
8525 5967
1685 8743
3570 6130
1801 5644
965 6991
2652 7965
1482 8254
9708 7353
8091 4010
444 7117
1642 6882
9120 8467
9572 8725
6445 918
6346 1794
817 406
9848 5621
7643 8102
8327 2002
3718 5835
6564 8346
8012 24
1736 2269
5686 9489
3532 4983
7826 5041
1062 2233
4426 4287
6007 3343
8651 5979
1754 6962
5246 6020
4995 1390
7475 939
8651 3223
6333 8161
2021 3306
4907 3059
8646 7870
8992 910
8038 8385
3105 2549
5511 2292
386 6443
240 4809
2708 4748
1075 4863
9754 5969
6497 2572
2714 6164
3653 526
1749 5953
2790 2622
5097 9444
7662 2824
7369 8466
1409 885
4435 5881
9086 218
5709 9013
9794 7705
1094 9394
9530 5166
5122 3961
6434 8047
8486 8801
7986 3617
759 5893
1434 3629
5319 9945
4008 5618
5855 2186
8544 5975
6364 8431
4466 272
3270 6501
7717 7513
5661 2040
3247 3393
3892 1853
7776 9835
6965 2453
4216 6540
2846 6710
3826 866
6146 5937
529 8038
8198 6599
650 5207
7746 1038
9910 5558
1053 4323
1496 82
7672 6589
3941 5152
1510 178
7258 4808
9662 6556
1114 6521
964 783
7256 6296
184 8430
5911 3815
6808 1262
8171 3213
8438 8214
1164 5994
5400 3965
1028 8201
1852 364
3687 7392
2907 260
1515 6423
7143 1239
950 627
5605 4694
7330 5604
9556 8904
524 7759
1051 1103
2908 4220
8360 7147
4442 8936
383 701
6299 880
7746 7902
6272 9891
9046 4177
4390 2063
259 6082
660 9539
9419 2917
3697 3545
2978 3357
595 3179
9810 8163
1686 1201
3957 9062
3236 3868
1707 1743
3253 2955
5706 9092
2969 4382
3883 4945
7485 4755
9336 7185
6803 8103
2003 2931
5660 1768
506 2140
8662 2291
9278 9077
6930 2335
6184 4315
1831 5652
3847 8112
1908 1099
7744 278
588 8377
6540 5466
4165 8857
3564 412
1205 9439
7864 185
136 2121
8445 1476
1229 9327
7499 9081
1479 8525
1912 2931
2611 1156
641 2146
3499 9468
365 3077
3604 7376
5225 364
5979 7179
3814 8518
8232 8384
1493 1848
3233 6318
6781 286
9401 1199
7791 9846
4557 9170
6576 9503
4059 2373
3011 6989
7174 9470
9014 1388
3514 9814
9238 1469
8003 6867
4756 6651
2843 3644
1772 450
3761 9207
5167 7268
9482 2466
4282 7049
1730 3262
3808 758
1226 2075
9392 2587
8797 9916
13 9090
1447 6544
6325 6273
480 8844
5171 721
7235 1243
9928 4569
504 978
7418 1005
2493 1102
1178 4805
5079 7855
6117 5119
9355 2244
878 4885
809 3114
9672 4816
3304 6781
3495 4653
1755 4738
1006 2456
7452 8248
5075 3720
4843 176
4816 1630
3833 2241
7038 9735
3982 3311
4216 9817
8539 676
1144 7902
342 2010
3134 4707
3763 7810
87 6530
8719 3062
2605 5420
6864 2831
6041 6758
8783 6019
124 9532
8138 8771
5368 2242
7810 6763
500 3283
8077 5124
3662 8828
3290 468
6108 5018
3234 6263
1463 4815
5233 3068
722 6569
6634 2788
822 5356
6719 4497
1373 3318
4643 1417
9343 1097
6404 1945
6706 3712
3723 6803
2437 1447
4821 5192
6304 9092
3736 8444
4894 5737
7120 7566
2647 1154
4819 4462
8863 3065
1350 8415
7297 9489
9623 5253
1181 7757
4005 7934
6782 7133
431 6932
5297 2323
7199 1164
621 9960
4610 9693
2664 255
5988 3826
4269 7467
6093 4953
5923 2093
9071 6621
3653 8159
3960 7473
2932 8164
2969 2089
2648 4146
2942 6772
3700 9703
3960 550
6849 1576
6623 8951
1458 491
9741 9503
4266 6793
5678 723
2854 9860
1210 2275
5181 2746
6163 2468
6544 8765
9927 6081
8321 2160
7118 7076
1450 2920
2999 8483
6604 2162
4821 1041
2109 2367
4007 727
8922 295
6023 7784
5520 9938
5037 8576
6050 8033
9884 973
1743 3271
6752 9401
8561 3114
2347 69
1899 5789
425 5269
5048 1240
8799 483
4089 3663
5038 5180
2840 3883
6464 5694
8669 3929
412 5945
4038 3121
1468 6005
7331 4350
9739 1285
4078 6254
5397 200
8447 4651
35 9104
3517 312
8625 3046
6680 7372
6403 5307
1026 5418
9517 8993
2829 1263
2334 809
5155 218
4700 4104
3512 9915
6150 7972
8057 3931
7748 8268
6596 7825
9246 8842
6059 7879
8645 349
1758 9919
1629 6551
6492 452
8858 6057
6474 6945
6360 5206
4989 5844
7768 314
9122 5163
9955 679
4215 6372
3056 7583
4363 2788
1649 4398
6632 857
8603 1961
7021 2357
2578 152
5704 6089
1436 1459
7466 2544
2619 9776
834 6434
82 62
1683 7360
1751 7821
3304 3492
5680 8466
7658 5584
7603 7643
4772 1879
2176 1110
7646 7555
2218 2943
5967 3087
5454 5664
6141 8341
7699 3535
5868 481
7459 8653
300 1237
5121 723
7151 754
9485 2866
5961 5741
6522 6780
8139 7079
5645 1552
402 5305
5601 402
7869 7265
1125 7491
7197 6744
9380 1954
7418 2764
9125 2673
7164 7997
4353 9467
7792 9938
7875 1092
9672 9210
779 3929
3524 5254
9253 3474
4613 9749
4979 1311
186 9537
9981 2116
3079 3059
9640 1307
4486 1679
8486 7243
1878 4026
4527 4020
2716 5088
8210 499
3543 6358
580 3313
3991 7336
1493 2345
3923 3826
8034 1683
5046 9429
263 2221
1230 8888
601 3976
6939 9402
8030 1993
3451 4699
4060 2890
3402 3381
9205 9804
4018 9913
813 2104
8285 8446
9001 425
1122 8290
6359 2652
1854 4020
3636 596
3025 3771
5759 8028
4220 4440
3729 1498
7897 8363
4647 1627
9997 5657
3144 9067
5113 2074
8734 3709
5459 8212
4112 370
5510 3203
6932 8949
5534 9304
6268 4793
6200 7609
5104 2195
1673 216
2744 5744
8957 8535
8281 496
737 7398
72 1929
2276 7296
2239 6050
183 1047
9128 8399
6012 522
1324 2864
9019 8519
2957 5418
954 847
4505 3290
1435 2523
8145 2294
9738 7580
5387 1350
4854 5170
302 9118
4361 6478
7418 1283
8608 5960
5654 3392
6828 45
3381 4398
4568 3637
8498 8947
3157 9868
5209 6186
9792 338
2762 3567
9712 8917
6364 2044
4620 9370
1381 5316
14 477
3430 759
5263 5384
9422 8951
1875 3165
2912 902
7046 8554
5424 8925
9225 6162
5070 1010
3441 7822
6207 4198
2544 9084
5265 3697
1416 5872
5881 2129
7417 7067
3886 8933
3334 7911
6520 5272
880 4078
8046 9771
2378 2000
7151 7297
5085 8291
8485 2336
5888 1923
6797 3945
9244 452
6772 4999
8983 3200
6692 8876
2236 7844
7068 8138
6777 1203
3380 1892
6489 8407
324 9549
7147 544
5087 9356
5303 2073
1963 6292
3425 2626
55 4925
6003 6012
2687 9405
582 5470
4339 6776
4036 9687
9021 7582
5660 4314
4276 3637
6484 749
40 134
5185 157
4570 2712
7077 6277
302 4024
3247 3976
1878 5452
2075 2182
8643 870
4933 7307
110 3155
1952 3145
1464 2870
7525 3951
3435 8049
4028 1555
5488 7460
7946 908
5138 1472
7889 7176
9133 42
158 1433
9339 3121
8199 3443
1638 7800
6280 825
1558 1404
7908 8196
6925 9658
2671 6031
9514 5507
4757 9733
6698 8619
7494 1810
7104 1101
2730 1028
7585 8399
8741 4669
1899 5644
4658 962
1266 2550
789 9880
7900 9624
5404 4403
5703 5039
6441 6648
8817 670
6904 1983
7303 3327
2796 1225
3684 9756
9306 8987
2289 7649
7578 6638
9134 9077
1430 3325
5044 1040
3053 1905
9584 6143
1060 4851
8057 466
9361 4490
3780 4893
636 1194
1928 8986
3870 7575
5287 620
9349 7122
7209 7017
639 9982
1961 3252
5254 4082
1033 9679
2074 2613
3728 5923
9434 6041
5385 62
504 6624
6606 8788
23 5818
9002 5406
7714 1209
5072 6283
6196 153
8183 1546
9967 3636
542 4236
6990 8446
374 2410
7556 9435
7488 3427
5803 1629
8790 7696
9536 5742
5723 2196
4020 2526
4762 6626
1538 9112
5320 5824
6630 7945
70 4545
9421 8100
5047 4614
7014 6142
8374 7615
3342 2321
3524 458
4687 7366
3269 452
4129 6395
4206 4658
9391 9566
3858 3316
6696 2318
3224 4119
6629 2742
7056 7412
9741 7103
6707 8409
6324 7677
5566 4813
6858 3472
490 8396
7129 4662
1087 5003
3256 8472
7258 1562
3441 3960
433 7754
2925 44
2713 4651
2447 7361
987 5728
4102 4151
2079 8944
4857 4257
1562 7927
3143 6183
1056 5351
7568 2911
3652 1241
3022 6219
7202 6282
3419 9086
6896 514
5074 5787
747 2062
6394 3750
2108 9726
8423 3829
5621 7736
7493 7269
3896 1345
3916 1177
8431 5073
6552 137
6502 1086
884 9153
1871 3212
4086 5811
1516 2384
9556 2671
8772 4437
3132 1612
3681 5283
826 2296
2171 15
8116 4796
219 8360
4007 8930
6978 6866
2498 8984
6608 5909
9029 1199
7348 5034
7994 4143
9885 6098
3677 7827
1887 6116
1182 2679
5288 3748
1943 9097
7041 4176
9349 5985
264 92
8057 7172
2973 9284
2841 8282
3988 122
2644 5487
2858 5067
271 3840
7307 5976
2943 4557
6639 4244
5902 6275
1983 1054
5292 5757
1649 2693
1541 4169
6039 1328
4092 7752
6780 5769
8409 2472
5081 8378
7379 2837
1250 5993
1839 8025
9662 2121
3127 5778
3601 9317
462 157
9697 4456
509 4736
416 5089
9986 7408
3957 1250
3262 5542
1457 8387
7048 6309
7477 6631
3337 6308
6249 6916
2538 5252
3110 6575
8506 1392
9337 4836
7729 9422
4874 2002
6342 2722
8840 3597
9925 3285
3980 5924
3216 8678
5891 4281
8160 3248
5770 3947
9223 5361
9568 5565
4095 1449
348 5360
3177 6131
8360 8255
2618 4605
6710 7475
2583 795
7829 7705
9350 2156
6126 2511
7207 887
1162 1607
5326 1195
8585 7160
147 7535
1768 2401
4624 2474
5995 7954
7355 8393
261 7955
392 5297
6796 838
1484 5345
574 4669
8240 6268
8477 8372
352 319
8374 3702
1685 515
6308 6996
8185 238
216 4268
1777 1574
4679 4945
1504 4056
727 8692
3998 4670
2930 9621
8662 5180
4598 5323
3350 6067
6309 9334
8271 2271
2763 7040
1940 8276
9574 4717
4640 8248
7788 2325
4781 5790
2412 3186
2999 5061
5627 8223
8158 1143
2952 2117
1524 5775
5857 1207
6570 1995
5830 9506
7126 7968
7329 5557
1106 8061
7569 9789
1731 8170
536 8919
5226 9961
9714 1606
9107 1242
5210 8159
3645 9948
8603 9262
7938 3672
239 6729
8909 4985
7824 703
9173 884
7084 3331
2509 7371
2720 831
9202 2409
7057 4554
2418 3756
5508 3865
5139 4186
7172 8676
6451 3469
3318 2858
6876 8722
4347 258
1138 1643
2943 2557
1804 7870
8761 3524
4319 6167
4433 4470
5607 1597
1150 6585
3653 5218
3139 4853
8691 4836
3392 5172
7386 2868
7975 4597
7789 4558
5075 854
7158 9016
2549 3898
9922 4269
2404 7996
6953 3778
1924 3542
3519 176
3111 6329
9809 9213
2694 8565
750 3057
2671 2513
102 8223
2220 6504
3418 9649
6329 7739
7799 8391
6540 8554
4412 7399
9833 3177
6438 3100
1761 8397
9441 4696
4001 568
9665 4476
1881 5177
992 9757
366 8746
4844 3232
2568 161
7138 5422
7032 5367
4556 9244
7299 7307
3095 418
195 6012
9811 7439
9406 1943
1541 9263
4646 8921
3181 309
9102 8153
4881 5310
5338 9771
4761 584
3691 3048
9820 6482
3622 5759
4578 7293
9409 677
4843 8971
25 9735
1979 9873
2352 4235
1034 9170
1832 2899
1062 1808
7713 9601
5637 6965
4326 2338
6324 1556
1708 6997
1576 1813
9144 7881
2460 4724
2676 9138
6056 3805
6530 1426
2239 2048
5912 5694
8428 5593
382 4024
9552 755
6461 2362
9146 4657
3945 7787
7437 3221
4110 9963
3693 5461
5009 9728
2287 4994
4963 3945
4801 7688
7679 7201
2857 7569
2967 3998
9132 8055
6209 1633
5710 2453
4925 8757
7008 115
1294 4127
5682 8733
7441 7015
1020 9225
1360 6950
3725 5078
6009 8786
8864 2200
4787 953
9802 851
1417 3129
8211 3201
1363 5499
6213 3680
2145 9048
1716 4778
1121 5315
2169 916
1165 9573
5716 4276
6284 4464
6838 3188
7297 8871
3920 6964
5398 7928
336 1838
4721 5682
5970 5333
1648 2457
7777 3398
4635 5681
7719 1749
7611 7792
3825 8435
2617 8853
4784 3050
2808 924
1866 6787
5050 3303
9030 3491
6273 8990
207 1640
2145 6601
8705 7260
7971 5234
1042 18
30 2575
399 8441
3964 1223
9167 6891
2032 3403
3078 7639
3709 2404
1996 261
2290 6067
2801 8425
9067 1778
9116 1782
6590 8206
269 907
8658 4732
7015 4159
436 7351
7854 9765
5907 5330
1436 8029
9221 7254
4743 7837
3739 1650
427 9268
4009 909
2923 6012
1254 8001
1281 5241
6581 6365
7302 1583
5400 1277
1370 7779
3522 3877
30 1421
3509 3350
3384 1750
261 7717
4297 1761
3600 890
798 5299
4702 5023
3137 1559
7671 6898
4474 4580
1692 101
5209 4832
1476 2318
7979 4881
4040 4130
6295 6175
5138 5656
6187 8184
3041 3519
5298 1141
2951 4142
1833 2691
9558 4797
8245 2460
2142 3876
6368 7721
7138 7246
3807 3658
6805 4958
9637 8134
7681 7019
5131 6657
8512 2676
6771 5663
5048 8095
4841 9648
6006 4311
5676 9482
6511 2057
7697 4313
6686 5850
6207 6079
7899 1591
4312 9831
5779 1390
4436 9376
3663 5231
7009 7740
5623 6533
9199 9590
1221 6593
1125 7154
810 2231
3767 5737
3629 2790
4589 1473
2562 4906
7195 9874
5688 4432
136 8123
9815 630
9484 7846
1027 3569
1451 1168
3032 1986
4886 3386
9912 4092
2154 9574
44 5023
5563 6370
1609 9013
5659 1300
5296 8964
1071 1687
797 8295
814 1754
4624 8448
4808 9424
9881 356
7521 138
4203 3227
9115 1240
7151 7420
1767 6685
2569 5992
9354 8669
3160 5802
3960 9816
2885 3633
8793 1050
9763 5282
8222 3967
1525 9722
2790 4689
5757 88
7272 329
8414 8470
1409 4908
3299 5051
7942 2939
9053 3679
7204 9085
9314 3997
1862 3018
1917 3464
657 904
1143 7661
4690 4718
368 4819
2786 4789
4149 1078
5724 2153
5932 9091
3581 9177
2757 8924
399 8560
2150 5258
2557 7974
9004 6447
5513 3998
3491 806
8559 9706
235 2531
9483 6042
7923 9579
632 2934
7679 2946
9053 3449
2109 2297
721 7829
6811 4295
9550 6951
7395 2882
5396 4759
4793 7528
7849 9590
9376 529
6849 4398
4738 2695
3171 5917
3989 2175
8790 7885
7235 2429
1763 1227
6011 1303
4635 9698
9963 9339
6022 9255
742 826
3431 8462
1530 4208
9532 3814
7386 3464
5087 615
3339 8153
8204 5581
767 5667
8366 6499
9306 1595
9745 6357
984 1976
690 2392
8725 7916
2981 4937
1930 9485
279 2687
7025 2999
9421 3048
7057 9200
2783 4471
9394 5356
6785 4170
5215 5610
501 6103
8251 6146
3973 9738
5149 2634
753 7749
3803 984
6503 4161
7968 7882
7108 6015
8443 8884
7701 3869
2529 9675
6970 1031
6746 9567
6454 8571
26 5436
3278 2477
6692 2588
4446 175
1118 1670
1850 3978
40 1533
531 983
6337 9720
5776 181
8051 6019
4259 4169
5124 901
5231 2908
8418 3221
7254 1309
8413 3229
782 2203
7119 7893
5283 9266
4263 3002
3207 8230
4214 2434
3149 5126
2575 4915
9156 587
1330 8163
1393 208
7372 3980
9642 5913
212 9205
2416 7375
365 2588
6481 3808
8041 8550
3238 5392
1 4424
5924 4307
2427 8320
8603 7822
450 7224
2984 7816
5049 5745
82 5994
3231 8756
7085 4982
9533 8852
6386 2537
663 348
7117 4819
5289 5901
5511 9020
2358 7566
7728 8785
7476 5110
6554 2002
9403 7568
7214 270
3945 3962
3340 417
3545 9009
3145 6365
6881 9656
720 5261
3666 7618
6234 4376
3333 5442
1759 2002
413 7864
9819 8816
5382 3517
3797 822
5858 7883
2461 8969
8673 6935
2762 6734
956 1230
2971 9263
2300 6537
1000 5415
2958 6468
2810 9615
2346 1325
6208 5782
2029 3634
8203 8682
3996 8748
2238 9953
7422 6090
5007 2368
3204 1771
5937 6745
6335 9951
7689 995
4585 2922
6988 6740
195 9677
5276 4469
5894 5483
4745 7851
9756 4482
2106 5792
619 7180
9068 2044
1458 8733
764 8674
1557 1196
649 3073
8943 5436
6992 3886
4172 1131
9127 5190
454 3398
8743 7751
6852 6280
2639 897
8528 3048
3915 5799
3040 2399
7887 9662
802 1089
4282 4282
8293 2
906 9400
6411 4192
6467 3003
4891 5423
8972 7718
9367 8159
197 9144
7985 7111
7476 4416
2291 4561
9322 4389
2162 3243
3198 4000
8157 2971
6164 8698
9918 2643
1440 8610
2687 9114
4957 1757
7914 4108
3465 8181
5168 3406
2846 4536
1508 6603
4545 8222
7709 6116
9886 1310
1599 6
9064 8226
6475 2051
6560 5797
8441 598
4896 4462
9703 9061
9593 8776
3291 4662
3220 6329
5 5112
762 3030
7682 1033
3083 7340
2793 647
9072 8826
9609 4676
6191 8015
5012 3141
309 3752
9286 258
478 9098
2028 5320
1821 8849
2890 1577
9370 964
9646 6800
7302 7391
1498 4640
1638 4244
5100 2089
955 7300
6471 7120
5059 7617
9813 5349
7805 7427
37 4357
2474 7418
2470 240
5202 2358
5596 9364
973 8704
4753 658
3811 8589
5294 9092
8980 3158
8681 8741
3099 897
7524 5972
7070 5503
9244 1368
9240 4818
33 3474
2461 9175
500 3062
2894 8637
5180 8927
9332 8314
150 1601
8291 846
2177 8237
5583 9996
2477 5180
2125 3
5563 470
5488 4830
8847 196
2537 2066
7037 7559
5980 3274
2941 7183
6520 6543
1242 3875
4672 2004
7897 5215
7358 735
5059 1054
8099 8035
3235 5762
8597 9878
9659 2518
6967 8270
9362 7948
6365 8562
4162 4743
8627 449
3745 9276
1047 6755
2792 1316
2889 1416
173 3441
3272 8165
3331 9254
3771 6666
1801 4699
8703 1249
7479 1606
6377 761
5973 3200
5893 2089
7326 9970
8169 6088
1001 581
3441 8188
1005 9235
1088 3499
6823 5522
4772 4185
4010 7821
7151 2209
6352 1923
2115 2449
1567 7877
1405 2481
565 7029
812 3671
9958 9432
1303 3402
2890 7699
7319 2752
2897 3083
5484 6108
4629 648
4945 870
4777 1088
1245 5732
8517 9354
5210 333
523 4123
2741 2575
803 4919
2898 353
3830 5999
5974 9809
2223 98
6576 868
2269 739
5565 7044
1533 6838
111 3837
9841 6680
1613 4709
6664 5760
7441 991
6950 9921
9596 8134
7425 9945
9991 3890
6368 4806
6312 984
7917 3557
2932 5834
6748 5539
6419 2885
59 364
8185 1099
4838 807
6172 6686
5681 5797
3741 2018
9735 7687
9343 413
320 6361
4520 7319
4748 7077
4891 3717
5246 8203
9297 576
5969 4823
6468 5793
1584 3421
3366 6734
8936 2954
1860 1812
5121 3029
3066 322
7334 7166
5129 8173
3055 9544
3275 9341
2008 4082
8474 2513
9769 9840
5816 9040
4583 2444
120 3181
4504 6463
5377 6035
8994 6302
8125 7283
2924 3161
2098 8176
4929 6997
364 6464
7185 4997
9182 2916
1072 6871
289 1870
3298 6403
1236 2745
5177 1264
1598 1726
6713 8187
51 1577
6596 9550
7922 2929
5264 346
1832 6648
5528 3118
3889 5077
7010 7561
7620 3283
4336 6969
2352 922
5602 4726
2512 6484
1246 9446
3676 7839
5074 1456
5646 894
8340 465
3311 4962
6846 3926
244 5610
979 8375
9331 8970
5931 9793
3506 5377
7211 2112
6111 1877
8478 9800
9249 4964
2986 2021
3460 1207
1626 3516
9142 6554
3263 5544
7900 2346
7934 2427
4116 3372
4781 3300
4786 7636
6241 4541
1820 780
8808 5817
3070 6961
7316 4370
4078 5295
4874 3386
1227 1463
2262 4933
7509 8955
9796 9706
3926 6944
5272 1016
3850 705
1174 2308
1709 4805
5715 175
6872 825
6357 4631
1344 5642
6573 7890
1578 4714
7723 3729
6094 6274
5088 683
3687 4411
5212 5172
8966 4499
9661 4666
4779 756
8356 9752
8838 9803
3624 998
8164 7784
6452 2760
5673 5926
4175 6960
8074 4859
9856 2253
215 9321
1605 7463
4920 2720
9539 267
1232 7317
9492 8609
8929 2032
7982 201
6070 8536
1466 621
6104 6986
7739 1914
3865 555
4278 3825
4834 5445
8254 9275
5181 2689
4487 6424
1083 8613
898 9095
5068 3358
2471 3625
8148 3044
6576 3576
7770 2929
1587 2429
5605 8728
6282 1852
1995 9358
3753 6227
2051 6730
4472 7186
4167 7270
1496 7288
8447 8029
7404 8155
97 8711
4941 1687
6210 1354
352 4427
5299 2005
3494 9486
2318 229
7328 4477
6974 1361
2561 1877
5476 9497
4042 9088
2540 9008
4461 2722
9295 1806
5447 1810
4732 829
4968 9773
9132 4182
3674 7689
8175 1584
7892 3304
894 8682
3202 1191
8874 7454
5482 6322
913 2857
3696 1041
8486 2949
1143 2443
6269 7131
9207 5998
281 469
4794 5095
5385 7420
2517 2980
3737 3176
240 8882
4962 4271
5567 6853
6138 1796
2671 9212
2534 3619
2729 3936
2975 3931
6552 9991
3487 3878
4068 8893
4236 6759
2515 6983
2004 1862
9530 5583
2876 6108
9845 7447
3259 7031
2051 5809
322 2031
7399 7827
1890 57
2708 1395
5627 2356
4020 9782
5408 6384
6072 3003
9819 5066
3163 6525
5595 5880
2484 5998
2156 4050
3723 4770
3890 8891
4882 6548
7436 2957
6454 161
4943 5176
3544 7097
150 3035
5864 6613
6158 6994
2743 2325
3149 4642
315 3583
203 1452
7303 9806
9839 5525
7204 958
671 7471
6106 913
5987 1493
2066 3494
789 6777
1376 1359
4860 4180
3568 5561
7080 2697
5552 838
9918 8182
4056 4697
2427 1269
527 5018
9786 6560
2019 7893
149 7046
2869 194
8337 3266
2947 5829
1746 7879
9024 9092
6386 2672
6547 412
9624 2191
3178 6790
208 9060
9535 734
1895 6886
6170 1373
3439 9757
5937 7258
1538 9976
2089 6142
6708 5921
1276 4804
7844 7155
450 7857
7380 9838
4348 7782
666 2837
1400 4136
5988 9202
1730 3239
8221 3346
3813 4191
7696 5110
8830 3014
2520 3548
1989 5310
149 6164
385 260
9492 1045
8738 4549
4378 3032
9474 4988
5283 4781
6227 9893
6885 3795
1180 4751
2891 4106
2181 8544
163 8964
9463 2676
4656 3759
3622 1211
4823 6383
9839 5367
2580 1191
9296 3603
318 2734
5639 8375
4245 3821
3849 3910
440 8466
5370 3374
9696 8631
1756 4682
4893 5882
790 4273
8608 4922
8238 1054
285 2802
8671 6445
5184 1059
727 4091
6753 9156
1562 9910
1604 439
4955 4138
2438 5139
5818 6012
2567 1407
6936 265
7191 8209
6895 2774
8718 5482
5586 4314
4537 6268
9818 5305
7867 4960
2812 8548
3133 7949
4990 7958
6783 6202
9102 318
5549 5780
3204 2166
9947 5838
2117 4187
2461 7504
5295 5326
9951 5953
8247 6389
5651 8405
7180 6579
5860 3953
2692 3237
2571 7891
8275 3192
9830 7483
2497 3932
2510 8461
2568 8241
680 9174
7357 6165
7935 6304
9566 2206
3478 6013
3309 4106
6156 8748
8835 3021
3571 4922
7343 539
9000 1787
3954 7247
6856 4928
5285 1176
3661 9033
1535 4874
1559 162
1752 4034
9116 196
158 1611
1214 6877
6635 821
2902 6942
791 1559
7585 4063
3031 4862
7110 9623
6641 3078
4898 8912
8467 5606
6568 2264
1342 1592
1352 5899
41 8587
9769 4744
5798 2975
8394 8438
8675 9193
2495 6604
9586 5888
3309 8120
8653 589
8071 9311
6317 4853
6153 5210
6013 5670
4278 7625
74 742
3715 3578
7090 2767
5797 2837
289 5388
4519 2442
615 6381
7819 5027
1379 7931
8789 7709
7251 3737
5574 5809
2833 3786
3623 504
8967 2248
2667 9926
563 7710
6467 3412
6450 1002
2081 6196
5586 4374
343 8543
4801 883
9715 1699
156 1858
7375 9011
7897 3479
2473 7206
6972 150
3136 2020
900 6226
6599 4028
955 1804
8925 4480
5576 6433
3621 3520
7155 6022
8681 2131
1692 9594
7709 2803
5576 7108
236 7957
1387 8787
2556 9715
5740 3602
705 4781
1651 3273
8099 5506
991 7624
3940 1751
7394 8282
3462 8032
2125 357
6128 9332
5353 9030
4497 7712
704 638
3132 3844
8613 4930
6692 1273
5468 8580
3373 6646
3534 7573
9987 3390
267 8776
3014 6469
2184 8198
6969 3594
2926 9142
5084 1649
7991 1327
5474 3473
8190 981
5728 3085
9200 2649
6537 886
7585 4531
2888 8650
7420 9986
7208 621
8905 1859
7916 3024
5868 6199
3558 1802
954 4044
5959 9337
9206 7392
9457 3784
8521 9889
1695 6446
269 547
4730 8948
4500 581
1574 9813
3050 7492
1255 4600
2723 4208
9026 6573
3508 8681
1738 9805
7576 8581
4090 5219
6905 991
761 4430
4937 569
2025 2898
4383 2729
14 8429
2648 2900
3668 6150
2486 8382
1498 8747
2527 1324
3447 6039
3856 2169
8751 5231
2580 210
8124 6268
5951 186
6149 8776
2302 5986
3148 3393
9994 12
5718 7471
8259 66
6018 8413
8566 9289
1555 6902
8392 4335
7976 7818
5226 2297
8085 9569
1308 8332
6331 295
4360 4457
3654 7382
8498 2379
4357 2893
7677 1004
1370 700
517 8631
957 3630
3662 2487
3298 4714
5075 9723
7712 8704
424 6543
2136 7845
2190 4030
7630 1757
5529 8804
3464 5931
9893 6249
7809 6927
7529 3949
3089 7566
6110 4990
2575 6987
9029 6445
2559 4445
3077 2369
4927 6028
7981 5494
2272 5141
4554 3919
4234 2950
3109 1897
4630 7702
1703 5861
4635 2844
9080 6027
4636 8289
4624 6640
7499 3336
909 4057
152 9419
1877 3832
5600 3712
1312 835
21 2564
7786 1890
6055 2481
2821 4761
4905 2145
5531 3794
4336 5044
1596 6657
9155 6780
1101 8435
3917 6638
3180 9388
6284 3092
3361 3115
7909 7629
7850 4129
4821 3284
6298 8372
4312 1165
8275 7854
6159 595
3439 7766
9092 2949
3045 2137
2756 1099
4296 725
3747 4000
6314 5507
692 3338
2103 2732
6120 9304
9198 6314
2406 6452
75 8584
3546 7407
9321 3411
5121 2818
3523 9421
8664 9047
6128 520
9861 2844
5975 5528
7200 5383
9414 1201
4401 514
8065 4532
1173 702
1200 9106
1069 6420
2021 3940
64 3800
4284 2152
2962 9736
8878 5920
6637 3115
2910 3741
6921 3162
1844 9348
5936 3506
4989 9266
3990 4088
3382 1778
6569 371
1469 4368
6335 6373
8614 2609
6917 232
183 9508
232 3418
6693 5492
9079 3512
6456 1797
7602 4283
3892 6935
5327 1375
1714 8682
6211 9773
218 2077
3708 1994
9484 2486
2924 4436
8775 6744
5966 5190
542 5063
286 3631
3720 5381
7708 5920
4134 2787
7541 9148
7848 8223
3281 1366
7525 484
5689 7880
2778 7328
2555 4319
2817 6634
2009 8364
3250 8000
3185 248
5531 1774
8807 3693
8498 3597
816 5298
2007 6745
8224 8585
4661 8771
8236 5362
2122 9721
3726 829
9767 3552
3410 2304
7086 4304
1398 6971
6060 7809
5540 7679
8401 3988
3985 4773
1140 4674
889 3471
337 2912
6794 7543
4693 6729
3609 6726
263 8378
4751 355
7047 7340
4037 5126
2988 3962
466 2211
5249 977
2109 1216
9958 6308
230 8373
8245 8096
6402 1534
3339 1310
1927 9835
5662 312
3645 6606
690 8525
8360 9162
3239 246
9143 71
1462 2965
4540 2104
6954 949
9124 1766
3248 331
7510 1870
66 1190
5023 4745
4719 3243
219 6737
5731 9903
4550 1130
7044 4657
7240 8748
5451 3441
1691 1241
2216 9313
1849 6976
2198 5949
6371 2521
89 7664
9809 9167
5901 2720
1654 4122
9906 4716
1581 57
2183 8572
1200 5347
5888 8267
5223 5521
6886 85
1511 9886
3138 6743
8122 9093
6551 6360
160 5583
6287 2835
782 3559
4385 3665
8999 8304
947 7556
8071 451
1933 2171
2012 510
7090 3029
6974 7782
2272 6187
6690 1130
7003 4045
4689 1359
4705 4731
8355 6111
4492 9417
295 8336
7947 2172
5906 2622
4773 3763
7415 6428
8940 8602
6375 214
2761 3564
3718 5561
7903 934
5022 3844
2905 929
4473 9491
2462 3187
2716 9114
7246 1323
8125 7911
4889 3625
7749 7038
2844 1008
6891 8234
8759 6977
8368 5925
1915 6949
1067 5426
6292 8414
7629 9667
2995 3216
4503 5212
7753 5632
2666 5906
1815 6153
5169 1918
4746 189
639 2740
2145 703
956 2690
3843 9924
6906 5556
5730 1404
9089 5914
3834 1756
2658 9960
6691 9671
4589 334
4741 1649
5611 7914
8115 1370
5566 1193
9790 6055
5004 4202
9394 2153
7312 2466
5361 1800
3886 7729
7818 8301
3145 3227
5963 6078
8486 3930
2527 1196
7430 2976
5738 559
9063 6881
9569 9983
1870 256
3286 3941
7048 4288
1602 2909
1714 7940
5560 3590
228 6666
1300 7936
2261 7108
1606 7691
1820 8399
2836 6197
8475 9625
5440 445
3051 6962
607 9236
3445 6130
7326 9882
3695 8902
8797 3186
5165 1839
2020 1564
1960 2143
512 2005
2378 9259
9620 582
6430 1183
4119 8920
2808 8143
6031 1696
5898 5379
4484 9110
1391 7228
3115 8838
7767 7276
7560 8145
2120 6430
3786 2624
6170 5035
7035 9457
9836 8290
4245 7485
7280 5046
3688 8990
8948 8259
2318 8726
2080 7821
7925 4108
10 2447
7839 3828
3901 8083
749 3356
3781 8553
3199 977
673 5519
8708 1414
7154 5912
1662 373
5611 6202
2041 1167
1031 1351
794 9835
696 1794
6225 1918
933 9987
2423 4396
9693 816
6921 7678
9039 4223
7886 1888
7201 523
6555 9406
3650 4373
5486 4587
8640 4291
2302 3275
4189 4453
7773 8531
6172 7543
4264 6457
4031 6477
8444 9257
3957 9643
4324 8980
300 2290
9648 6743
6665 4399
7003 853
4940 982
5043 167
632 7048
729 3148
9133 3395
4943 6208
7467 7760
4322 568
3581 3149
7028 3837
5428 8260
1762 8615
5722 8423
8947 4059
8635 8700
9269 1717
7482 3875
5214 1316
2133 9278
8136 1291
3619 3500
3533 7081
870 8228
2191 3701
63 3728
830 2561
1784 5173
592 3171
3083 5695
7412 1457
3241 4394
3518 6951
8733 542
9900 8862
8803 1629
883 3386
7343 167
6064 1177
7495 5552
4798 5379
1711 3320
8039 1391
6099 679
4513 1988
4093 3970
813 4268
9704 7436
7156 8761
1295 8217
6021 3820
6590 7244
733 5478
1323 5063
6600 6601
5868 8358
9292 9349
3752 7103
1628 5657
3083 8381
1550 1329
4586 1989
917 1404
3733 8903
1271 5497
1661 9311
8924 3320
5471 477
1147 3303
4820 4040
4699 9453
6959 7734
8528 5121
7569 7711
2456 2737
5177 9512
6505 5210
9364 6765
6831 2538
7780 1924
526 632
8362 6917
1652 2910
2570 2819
9325 6653
6623 964
2036 2162
2286 9910
1300 9875
8705 6084
6775 1438
874 8667
676 9563
2494 1657
9089 5183
6741 8244
8890 8603
346 5553
5392 5063
2980 7602
1651 1964
2250 3693
5325 1152
809 6239
2833 2298
2514 3991
7588 3831
3529 4633
9634 2811
4358 9048
1486 6984
8327 8565
2341 7731
4686 9863
3370 7402
3915 4564
2956 2626
6189 5660
6130 1501
9102 1954
423 441
1977 8095
1520 4276
5391 2180
4860 8918
2538 6645
5297 5679
2818 1624
5516 3869
6133 8749
4934 8138
5804 4735
8076 4532
76 2970
7108 9314
4185 9316
3706 4132
4084 4336
9935 3908
3802 4811
7174 4631
594 765
794 4231
4249 8118
3747 6678
1478 4816
5972 2703
7808 3414
9619 2007
2927 8703
2877 4507
7760 4266
8788 3554
8546 5069
63 7814
7787 5596
7997 3253
5825 5909
1214 9734
1700 8365
9385 6125
6837 9082
1636 356
3326 5574
2687 9149
3258 1929
1956 416
234 9046
7343 7198
3948 6136
1270 7135
7491 7552
592 5587
6522 1755
5171 4730
9353 1784
9596 5538
4958 1819
6165 7458
7738 5163
6349 777
4150 5787
2030 7175
2000 5258
2159 5619
3004 3952
1974 1981
6908 839
8417 7864
7852 2778
6678 3361
7453 505
6361 6310
1947 6587
4749 8823
1799 7330
2870 2263
1593 6272
5761 485
2231 9679
2343 5232
542 7873
7656 783
9697 3234
9160 9207
5150 4466
2950 5756
5784 4756
9464 1137
3799 7267
1477 8415
2529 7645
9291 1868
7119 4316
2548 6669
9484 2089
9698 7165
6721 9786
9136 3733
2397 3722
6681 780
7898 5613
4975 4639
3230 6798
8323 3441
7435 9481
2184 8309
1830 5005
7809 9436
3198 2907
5897 8397
7846 2831
5150 9593
4162 2938
6912 5232
2463 8666
1069 7025
687 7899
8270 4554
1245 3589
4056 9160
1067 9977
568 5905
6893 5829
259 2685
8407 4873
3243 4126
1 495
3295 9618
7445 266
6608 2738
405 2072
120 3819
8640 6246
1961 9761
3098 4897
4973 6131
7906 2482
6590 5857
4083 5301
9310 8281
8081 8084
1869 3115
4121 4451
1718 3116
7187 5459
7273 2597
8731 3898
3371 4448
5426 3203
3353 6648
4401 5352
7586 4919
685 2433
3428 6095
7569 645
1596 999
6703 994
1708 4978
1487 1556
5817 2749
8680 4208
1403 8890
8427 421
4355 7967
8279 3809
6553 7654
4731 8477
3490 3325
5504 8794
6921 589
4301 1690
5724 9841
5029 9093
2520 3602
5197 7964
7590 9970
5699 6901
7638 4468
9597 9591
6662 7811
7824 7229
8767 728
3958 101
725 9905
3467 5497
7361 8695
4197 2391
743 96
7935 9437
8273 3124
7654 2808
3757 7151
7024 5083
456 9658
1531 8007
9069 6267
2798 9356
8158 1925
1617 7666
2398 353
6875 7680
757 8275
1405 7454
8206 8608
9771 7967
8348 2170
3205 2347
4749 9693
5691 5934
3193 4334
9467 8719
9283 461
6225 8929
7566 440
5172 2973
2098 4520
2541 5766
3511 4021
1217 6291
7132 8414
7022 3883
380 3295
9173 9005
2272 4021
8377 6732
4962 6913
3837 3806
6815 155
9171 9316
7033 5443
3737 8451
5098 6031
7191 8375
1031 5744
531 2878
2314 4949
189 5146
8842 759
5231 2212
1712 7397
3263 6566
8637 1251
9046 8242
5038 8403
9092 9996
6282 2737
4591 4036
1207 8134
7481 3445
2526 5892
8812 6854
7207 8978
5543 2346
8005 8505
7586 183
6954 4821
6629 5261
7456 1080
702 9043
2030 6074
583 4023
1039 4877
7557 8395
7790 8677
2176 2165
5048 2332
3823 9055
8152 8263
3566 7974
7703 3302
5081 9642
3100 5436
6038 451
5077 7891
3375 1373
9049 4523
8686 3791
5480 711
581 6447
8585 4056
6553 9216
3870 2549
237 1210
2901 2189
7308 1446
1365 7884
9693 5221
3343 8476
8418 8823
3832 6470
2343 7486
4409 676
1423 8172
1299 178
2872 2672
3002 2103
2688 2307
2336 172
6904 5401
7835 1013
7538 1650
16 4674
954 8834
7601 7910
3233 6736
2113 7067
2397 1005
9631 6341
2652 9972
8026 1463
3988 1965
4573 8226
4789 1087
4447 3095
6672 798
6856 573
8112 2487
3388 9845
434 1932
431 3154
6285 5398
7669 3240
2402 3855
9454 6202
1822 6378
7965 7168
7044 8109
9137 6390
1390 6777
3084 7754
2334 2630
6532 8270
4182 3376
2204 9280
1762 9078
1620 5479
177 4316
1263 447
4055 470
3309 2317
5276 5994
9130 187
2773 3335
7892 4834
603 9579
1505 3519
3034 7193
6499 4383
6714 7729
251 8973
6561 9483
2613 365
5980 6425
999 1047
589 6687
36 5251
5846 1811
2608 6863
2498 6109
6967 6579
4678 9090
6202 5301
7452 5884
6603 6962
907 1941
8416 7718
8158 3485
4298 4341
9318 5693
394 2489
7080 4817
6551 1284
9488 6401
4788 3521
9662 1611
8124 2797
3042 3749
892 3391
4822 6170
476 5592
2484 574
3550 1868
8855 7764
5157 514
255 1254
6213 5321
4896 2931
9444 9392
8813 6877
8796 1793
4721 421
9268 5162
1443 3610
1364 4855
6525 8272
9001 4412
8924 7868
7593 5532
9537 3483
1103 8155
9034 7798
3446 6159
966 4806
8911 7847
6304 1918
9329 2541
3901 1304
614 6213
9033 6023
7855 6416
8020 6264
1652 379
8590 1172
7781 1112
850 549
9650 2074
2841 4096
9744 1629
859 7868
8980 7288
7721 7021
8529 7415
6205 2516
7341 4576
5239 1321
983 9640
7557 536
930 9306
6354 130
9333 151
4224 1355
831 9827
824 6564
3241 5282
1696 4387
1990 1818
268 592
8877 7319
2159 7137
8787 2186
5794 7886
7935 6794
5803 1717
5850 5417
8764 33
6025 4843
6559 9391
5918 9231
567 7783
8257 1008
6553 8833
4011 7522
6559 2266
4109 5136
8736 5152
335 862
9722 9447
2831 5526
3876 7543
2325 8819
4525 8441
4686 7335
1424 6672
1429 3560
3450 7029
690 7262
9593 5598
8928 2611
2101 3464
983 2840
9601 7699
9691 4948
2664 8533
8853 7140
4239 3557
1466 3110
9704 8886
4594 4875
4750 3067
2027 8521
3370 9172
2317 1527
5347 7859
7505 9610
5304 3582
7988 8107
3314 4578
3146 8317
2670 9398
7384 7868
5679 4207
4992 610
2740 3109
9297 6929
6692 3910
5444 7629
7318 4633
37 6151
125 8642
3629 6462
754 1813
4261 3817
6303 6738
2107 8519
528 7954
5829 2188
8985 4860
9370 5626
6980 1908
4190 294
3792 2488
4187 8802
7851 3758
524 8628
3916 1257
2020 7515
2253 3546
6039 7502
7319 6840
2561 4913
9700 5817
4552 4504
5045 3588
558 8695
1791 4078
9626 397
2162 5148
1909 3141
7919 2918
5145 4247
9549 5214
175 6697
8024 5419
3081 8854
246 5490
2716 8034
7975 7398
9962 1484
3427 6186
8950 6052
753 3215
433 2729
9693 4720
9571 5357
8825 8898
3596 4773
8393 1303
3251 8521
5459 1896
3667 5024
8874 8282
8926 2042
5126 7125
612 3896
4404 3349
8939 9984
2156 8025
9716 9659
5407 7259
9181 8481
6763 9475
5190 6752
7245 7156
2273 3908
7239 7871
9806 9392
7038 1051
4299 4254
2689 7651
307 2672
1577 570
7638 5960
871 7138
3964 2594
2581 9766
4959 2481
9385 461
7811 1705
2323 6886
5207 3928
6325 35
3338 2219
4819 502
1026 23
8071 3484
227 1585
373 9511
4770 9693
3854 9592
5450 4037
1552 6542
1372 9244
8388 1303
8615 9281
8689 3801
6961 8884
1618 2519
2354 5182
5855 2757
1251 356
7533 1495
7552 9829
5876 1460
587 6812
4773 3766
3189 5692
