7720
829179
1298 3159
34 69
13 45
22 49
57 15
39 83
4 16
18 71
76 68
54 3
33 71
39 23
100 74
91 70
22 82
29 46
31 28
12 27
17 14
18 58
91 39
26 71
16 82
66 45
59 75
4 11
83 56
36 51
94 91
19 6
75 45
30 8
3 34
89 80
97 94
65 97
82 99
56 99
57 66
79 26
37 8
86 59
68 31
88 93
17 16
35 87
98 60
48 40
23 70
83 40
50 87
54 57
59 57
58 12
46 94
70 89
53 41
89 38
12 61
37 66
33 2
11 89
62 89
70 59
94 46
39 39
29 59
54 58
5 54
48 98
44 54
48 82
42 70
82 61
37 63
41 4
6 21
35 75
52 33
45 21
8 99
44 100
13 47
60 16
44 85
19 30
7 49
4 70
17 31
44 11
49 38
27 50
42 52
92 11
47 100
42 1
57 60
92 84
75 57
18 21
51 27
34 4
40 52
21 74
71 81
7 24
67 55
77 87
55 31
61 56
34 37
75 99
98 17
81 85
90 70
38 16
72 66
5 87
97 50
82 73
21 49
90 82
90 69
93 70
1 90
8 64
33 68
99 16
28 33
5 98
55 32
51 84
70 20
34 19
9 78
49 51
56 63
32 85
49 32
48 56
4 91
58 28
38 50
53 63
59 70
22 61
40 85
11 81
67 19
54 63
81 92
26 50
99 3
7 96
41 73
57 86
48 74
29 55
56 22
56 86
6 59
85 43
82 16
56 12
37 57
1 12
94 67
72 62
34 51
87 44
81 63
5 36
80 24
13 44
26 14
12 63
47 56
33 18
65 86
54 76
35 63
71 83
16 84
59 96
72 81
94 67
52 66
94 13
94 5
86 30
39 2
52 77
93 32
11 85
43 39
64 62
80 62
2 48
10 30
55 65
71 29
72 17
95 36
85 35
20 7
39 96
91 65
22 9
33 29
47 94
66 32
50 39
37 73
44 73
82 42
9 70
1 78
21 49
5 47
1 18
30 34
63 6
40 21
98 61
15 78
81 34
15 71
17 71
76 6
54 23
29 16
75 71
70 10
28 53
35 36
5 20
11 73
59 100
34 62
40 69
48 86
4 79
11 26
43 16
16 30
50 54
31 49
52 84
4 61
58 51
74 81
81 52
17 62
44 58
67 38
89 65
21 21
22 100
18 83
10 57
85 8
10 98
98 23
60 30
59 61
60 72
28 63
55 70
18 10
74 24
58 75
74 76
60 55
27 75
95 45
93 7
33 12
54 4
62 13
13 66
58 92
63 91
79 77
86 81
34 81
10 96
77 91
92 24
58 21
23 13
37 24
49 85
99 29
33 98
66 58
97 72
92 48
76 30
89 40
70 37
52 48
51 48
65 30
12 6
70 52
31 33
37 81
33 36
28 74
74 39
90 79
76 21
27 55
20 49
21 37
88 63
48 12
26 24
63 48
77 52
52 48
42 96
92 31
79 43
49 85
36 23
68 97
4 9
10 32
64 26
25 14
92 92
32 7
78 78
69 9
56 73
75 39
3 18
5 82
19 77
48 68
40 41
55 84
86 77
31 63
41 27
34 55
17 39
54 77
53 6
2 79
13 53
36 82
19 96
68 54
51 53
97 90
24 84
90 77
83 34
79 82
83 50
16 97
87 56
12 98
36 36
76 97
12 40
85 53
18 100
56 34
44 99
70 96
84 93
61 40
49 6
71 11
98 49
96 65
3 62
24 89
85 71
1 35
37 64
60 73
8 70
14 14
86 34
31 51
4 30
90 81
86 22
5 3
94 68
49 80
72 36
60 45
57 80
74 72
55 95
97 28
38 79
93 84
71 100
94 4
95 33
68 90
49 10
41 55
75 67
16 72
24 71
79 22
78 59
6 54
28 27
27 7
6 48
67 92
23 39
17 14
13 13
62 2
49 25
67 77
76 29
9 98
27 88
78 84
86 34
81 19
45 50
24 77
27 12
31 27
14 68
85 12
16 84
98 36
1 19
59 10
74 4
68 38
42 100
61 73
15 32
15 25
79 81
91 19
63 54
98 43
82 93
74 69
92 96
80 7
89 2
27 60
94 16
99 68
73 18
66 73
23 54
58 14
76 51
55 71
100 45
73 11
25 95
18 13
41 53
80 25
79 55
10 99
68 65
13 86
78 27
30 92
47 41
38 68
75 36
2 71
39 10
82 37
42 23
38 65
50 76
75 6
38 7
89 28
27 5
52 47
63 30
65 26
32 83
42 24
5 60
52 76
6 81
89 13
62 37
27 30
77 26
46 38
64 29
60 24
21 89
45 19
8 15
18 21
59 94
45 41
40 25
18 56
64 45
25 47
99 72
59 63
51 18
61 49
82 72
6 70
26 10
90 52
63 43
37 17
36 57
46 45
45 6
59 58
41 59
23 79
5 45
94 60
27 4
25 14
13 93
50 88
54 3
54 65
66 41
64 48
97 10
91 69
95 19
80 44
65 33
34 12
26 93
50 84
21 16
45 68
55 8
37 47
4 48
87 42
62 61
13 26
92 49
71 96
38 40
22 48
21 66
7 30
39 53
52 90
10 18
84 44
37 62
23 54
41 71
51 40
27 13
20 21
53 7
20 3
85 99
79 44
73 66
55 17
70 14
81 9
23 25
26 35
7 59
56 33
45 6
54 10
38 55
58 80
50 70
79 86
62 44
86 75
24 24
49 23
65 15
29 78
66 47
44 31
58 38
17 26
24 67
82 83
30 54
87 89
73 35
84 95
72 79
26 72
42 52
78 9
79 32
63 49
44 12
20 32
64 72
18 33
33 97
25 17
69 77
64 80
98 41
46 51
60 5
88 93
43 71
40 37
80 54
40 68
36 3
100 49
69 13
47 73
30 86
17 41
100 9
27 96
83 47
31 15
91 54
6 93
42 53
91 74
89 30
6 13
17 48
99 50
48 45
9 45
61 51
81 77
41 93
84 71
95 39
65 34
82 65
48 7
92 73
43 38
16 35
94 1
75 29
63 1
12 13
91 66
88 98
99 61
57 18
85 76
49 80
14 46
45 77
78 38
63 79
54 81
92 17
91 22
39 22
89 26
91 56
58 74
79 79
50 77
32 68
47 7
7 78
87 19
49 30
24 50
69 52
54 28
32 79
8 5
29 15
8 67
45 25
49 43
61 7
19 18
78 35
70 79
98 93
45 93
19 28
7 18
66 100
53 4
32 62
35 48
92 59
20 28
72 96
98 61
25 50
69 42
62 1
5 2
8 4
78 92
19 79
47 58
43 4
97 71
30 36
9 79
47 58
10 67
45 88
70 83
74 32
68 83
67 33
84 35
11 72
60 5
80 11
20 3
66 80
19 64
51 92
34 6
48 68
67 54
54 84
34 13
96 47
70 91
47 80
41 42
87 74
90 83
95 8
95 16
65 47
86 36
59 76
100 43
28 43
13 99
5 85
48 99
70 97
48 6
62 23
39 74
16 82
64 30
83 69
10 8
87 47
20 42
90 96
51 29
23 39
17 14
14 79
25 38
96 84
13 56
99 61
57 91
23 69
11 43
14 19
7 85
86 42
47 48
66 20
38 40
2 4
69 64
85 76
18 43
55 51
6 46
13 10
87 92
59 87
58 63
20 50
66 10
69 98
55 93
87 100
45 58
64 96
5 47
20 24
4 21
39 20
36 96
1 17
7 29
17 29
48 7
39 2
66 80
75 86
8 31
26 31
70 87
60 67
10 40
47 59
88 16
9 31
66 52
78 43
98 11
72 44
94 40
86 18
64 54
53 64
12 23
62 57
50 49
89 20
97 89
25 94
100 5
82 6
31 66
63 8
66 63
5 100
60 54
29 34
27 16
4 31
26 42
36 17
17 3
13 1
11 76
2 33
1 28
33 92
22 26
47 38
29 57
95 45
58 80
18 78
48 97
59 88
77 20
79 81
65 85
15 76
82 69
93 59
67 27
43 3
36 45
25 99
1 3
14 4
31 69
55 77
27 30
64 4
41 45
49 71
85 54
40 24
27 100
55 3
15 83
7 13
90 59
24 44
13 6
29 56
10 35
1 21
9 69
9 38
5 11
78 23
97 24
9 43
41 38
99 93
42 26
45 83
30 9
75 20
80 42
52 9
5 17
92 31
58 93
55 16
20 67
5 11
49 14
1 97
77 4
6 31
26 92
29 36
69 4
3 75
53 24
5 36
29 61
89 56
84 39
16 32
15 91
26 32
88 93
42 38
60 61
29 90
77 43
25 2
57 6
21 71
36 50
8 80
59 3
64 13
35 66
79 16
13 100
71 43
46 41
51 5
63 37
22 81
78 13
50 30
82 68
13 25
99 40
57 69
21 73
36 85
80 61
44 96
62 2
49 56
57 73
85 45
13 15
61 30
65 19
78 68
48 74
50 86
22 90
53 6
84 29
100 89
39 62
14 61
53 64
99 45
89 14
97 15
94 64
25 69
76 71
49 7
53 8
61 36
57 74
3 89
58 50
100 28
49 58
84 18
35 9
93 58
53 14
49 48
26 97
29 2
72 39
54 17
75 75
12 34
53 6
54 26
52 26
70 11
70 58
70 44
95 61
59 52
45 28
100 57
80 7
5 32
14 53
77 74
54 77
79 83
5 36
23 94
87 78
35 87
57 94
55 12
56 9
63 87
14 31
38 16
64 45
16 24
40 57
45 59
48 83
7 99
73 86
37 33
66 62
8 86
84 31
88 59
4 81
61 18
14 39
93 15
5 99
50 39
74 11
28 79
97 61
46 88
99 98
100 25
33 75
8 18
19 97
43 21
11 83
34 24
42 50
15 71
79 80
72 35
97 46
70 40
60 51
63 41
37 96
27 66
60 58
95 14
71 36
63 89
28 54
29 83
55 17
87 67
54 83
38 87
50 42
9 94
58 83
91 80
94 85
91 85
47 8
3 83
24 54
44 21
98 68
43 43
5 57
4 71
11 53
15 100
24 41
98 8
57 47
80 46
34 44
52 8
33 98
89 58
83 19
32 82
63 97
50 4
82 96
22 35
35 35
54 14
100 33
80 25
25 85
35 79
79 90
1 48
47 92
53 96
77 72
13 95
94 100
73 91
61 8
97 66
40 86
90 12
12 54
59 76
84 17
83 65
1 70
26 74
96 58
39 18
89 71
70 42
6 81
24 84
59 76
67 58
36 11
64 36
62 57
22 46
2 5
37 83
100 48
48 18
41 98
97 18
22 4
5 78
58 2
98 61
70 76
72 68
15 27
20 43
74 91
30 83
4 27
23 22
25 1
87 48
34 3
84 38
30 18
79 42
99 58
67 77
3 15
14 74
15 92
24 4
41 54
19 52
49 3
74 43
11 59
12 44
14 49
17 42
14 78
57 54
52 89
24 38
73 85
56 33
5 29
13 48
72 89
76 31
33 91
75 55
40 95
29 100
97 94
63 86
46 95
45 94
31 1
69 18
60 42
29 24
95 91
44 85
71 57
52 17
63 53
100 40
74 96
62 35
58 55
69 77
48 98
54 10
44 76
13 74
82 57
99 45
78 16
92 39
55 52
71 30
86 34
17 6
80 78
20 91
24 87
90 73
38 96
2 34
57 9
68 15
16 56
22 26
61 67
46 11
16 12
89 50
27 53
67 43
77 43
39 93
100 35
63 8
14 83
98 16
3 81
8 4
39 43
87 72
64 42
41 24
82 91
48 30
83 50
45 27
26 48
55 87
75 54
35 83
18 34
11 84
74 99
48 16
70 69
45 66
91 73
70 88
10 99
5 14
4 83
85 55
65 92
96 1
85 40
100 61
94 52
2 50
64 36
28 57
66 44
26 70
24 6
31 6
93 48
59 95
59 74
99 66
73 22
83 55
9 90
50 43
62 22
90 2
6 77
40 20
33 100
43 42
22 44
5 42
79 48
58 31
91 51
81 20
69 12
39 71
5 14
12 61
77 68
53 67
11 76
93 97
47 6
95 78
96 44
94 36
93 94
27 55
9 40
75 41
56 65
28 14
1 81
25 72
99 21
46 67
8 81
33 22
22 4
79 68
32 53
10 89
78 85
15 77
68 65
70 4
36 88
7 63
89 1
75 2
57 63
73 55
47 73
25 73
79 48
16 41
71 35
43 38
25 21
77 21
65 64
26 58
27 92
77 3
60 100
62 70
3 62
86 41
64 35
87 68
37 28
54 5
67 57
29 98
34 77
77 62
99 9
23 65
52 42
57 77
62 49
96 38
60 61
34 75
31 96
94 17
86 21
67 6
47 2
92 37
42 73
34 4
10 32
90 47
2 48
39 61
69 13
23 70
84 45
63 44
10 61
91 44
38 71
34 89
37 42
70 35
61 67
39 90
26 78
26 39
18 84
63 69
75 8
71 80
11 65
18 24
53 94
65 69
24 82
64 37
91 5
14 89
89 94
53 88
52 18
80 24
48 56
49 68
90 38
83 60
13 59
62 64
90 59
44 96
45 34
19 87
21 11
34 4
42 7
26 50
45 6
92 47
29 20
41 9
56 61
40 52
62 3
29 96
47 95
88 34
8 38
96 98
53 39
27 77
47 5
68 67
29 31
60 29
82 22
41 7
59 48
25 49
20 77
22 19
27 36
46 2
67 98
97 37
91 9
38 69
32 13
32 55
34 48
19 66
13 3
98 11
24 91
50 91
91 52
52 63
77 77
71 33
70 81
41 93
55 54
25 1
96 41
56 91
22 42
11 79
52 71
16 30
71 6
14 40
8 49
12 81
84 52
67 79
84 74
73 81
26 54
28 54
86 88
63 31
80 69
19 92
50 48
61 88
3 9
45 71
30 61
26 23
69 88
60 3
5 45
36 25
68 81
45 56
22 14
45 36
86 83
76 3
19 10
51 58
90 17
15 8
41 88
45 7
29 55
3 60
3 15
47 22
12 24
76 43
36 10
84 25
50 67
75 35
29 68
9 40
46 34
77 35
95 3
1 65
55 72
68 40
82 7
80 86
70 67
69 88
51 14
89 98
76 66
32 74
47 74
88 34
68 96
29 86
66 51
17 8
31 87
2 20
89 85
2 14
7 2
64 92
5 41
92 78
62 52
79 40
41 80
1 69
100 68
16 68
26 42
36 40
83 16
10 78
20 32
26 50
48 87
51 71
59 26
68 98
87 10
11 28
64 84
65 57
16 87
86 66
18 34
15 1
57 18
78 60
47 24
87 26
33 42
5 76
27 19
8 26
30 5
28 12
4 31
99 61
6 15
36 92
28 81
44 70
53 58
73 58
26 60
85 33
99 70
42 9
45 42
45 100
57 13
10 59
71 48
37 27
10 54
56 45
68 95
35 42
4 51
15 47
20 33
81 95
18 92
13 8
17 76
51 21
57 26
51 38
1 48
59 1
23 38
91 54
82 64
16 7
1 26
99 19
86 71
22 60
62 58
81 23
11 31
82 46
92 61
79 52
79 77
79 91
53 26
22 79
65 95
38 78
50 82
42 43
23 9
63 89
21 30
87 11
7 50
86 59
51 32
41 99
62 57
83 69
75 7
70 7
35 42
90 29
74 61
12 90
22 19
61 99
47 17
20 77
94 83
33 99
31 53
92 58
65 93
54 98
36 96
43 69
85 11
69 25
19 30
72 24
56 63
34 10
28 44
68 88
2 84
5 81
94 77
27 7
93 25
80 39
71 46
66 57
66 98
58 60
50 40
32 6
22 40
59 98
71 55
23 61
64 53
69 53
33 22
51 91
4 52
78 19
93 58
94 38
26 5
76 85
35 87
5 90
32 45
18 57
36 91
93 7
29 38
68 24
13 20
11 13
100 72
34 69
83 26
46 59
41 65
62 95
52 33
38 95
12 31
60 63
27 22
49 31
46 53
24 38
30 71
11 29
5 1
53 6
86 22
46 76
47 10
87 22
26 76
66 92
15 93
95 67
80 51
46 55
85 2
86 68
92 71
58 61
39 98
80 8
36 85
5 2
21 15
66 32
99 49
74 29
85 70
76 1
50 6
55 73
99 29
18 90
26 13
86 48
22 88
65 40
9 68
67 3
39 88
5 62
10 58
76 41
48 6
18 37
27 78
38 32
63 29
92 39
32 72
87 43
21 73
86 17
21 36
26 74
59 87
23 11
95 38
82 32
18 48
25 6
22 23
76 49
13 88
26 24
34 12
69 87
69 46
100 31
68 87
42 6
55 73
69 19
91 86
3 6
99 7
37 38
59 7
75 59
96 9
19 73
34 94
33 72
90 84
7 3
78 88
2 51
3 66
59 49
65 25
7 34
79 36
45 10
79 88
41 97
2 94
14 23
68 47
32 59
40 31
27 70
77 46
7 31
33 34
85 63
39 83
1 75
48 56
22 32
95 21
65 4
53 7
41 59
9 52
37 70
16 26
58 7
19 49
27 4
96 88
88 52
22 54
89 82
88 71
69 44
84 7
35 7
41 100
99 68
90 8
92 1
87 10
38 25
27 39
14 60
40 35
2 31
44 4
95 87
30 29
4 81
96 85
54 88
47 26
49 69
34 83
77 55
72 66
99 21
71 71
59 1
64 79
25 1
7 29
92 15
61 74
54 10
76 58
94 50
22 6
29 23
59 99
49 36
21 85
78 21
33 83
34 63
77 16
86 98
97 90
79 94
6 92
36 43
31 51
69 28
32 43
99 93
79 9
36 71
57 56
85 8
71 70
68 79
27 96
90 35
16 27
7 1
45 49
87 85
29 87
47 19
30 45
97 20
68 37
82 29
53 31
11 30
39 42
58 96
48 61
70 99
44 90
99 66
24 6
51 54
4 26
15 34
28 86
93 19
41 88
1 49
45 36
91 42
80 59
28 8
94 81
41 13
92 24
65 10
9 46
16 96
76 100
9 91
51 17
85 80
76 52
14 19
41 16
82 27
23 17
96 28
2 26
70 87
64 99
78 48
2 8
83 74
79 53
69 42
46 2
81 43
55 94
83 28
65 52
99 80
53 21
39 47
33 94
29 57
72 3
70 27
12 32
88 91
38 47
10 28
55 38
91 77
41 50
5 92
26 94
23 57
4 4
30 57
33 1
60 47
27 100
24 11
9 65
51 87
76 48
68 29
6 16
84 25
88 5
47 76
96 22
64 57
81 26
48 74
89 54
35 61
60 65
57 39
8 97
16 30
55 78
46 69
27 23
96 63
74 8
5 86
25 8
74 60
75 20
70 90
49 18
36 64
13 17
87 100
35 68
74 51
40 7
61 23
44 20
36 98
70 17
15 29
63 57
53 5
11 83
66 26
40 33
34 60
31 12
53 24
56 43
2 6
92 12
2 90
26 61
70 77
74 56
43 27
100 44
82 53
75 40
100 71
15 81
8 87
89 39
81 13
92 73
52 5
47 79
4 6
36 70
100 57
27 32
65 98
6 68
20 61
4 85
15 26
17 61
60 45
71 61
27 93
18 66
12 34
23 37
19 58
18 23
59 28
20 43
26 72
13 65
32 96
66 23
1 72
44 28
99 6
57 48
29 72
24 75
66 73
94 21
94 7
58 39
51 33
42 52
13 28
79 65
92 16
18 68
31 46
71 91
73 41
83 99
61 49
55 13
87 77
8 31
22 15
22 10
56 45
12 18
36 32
100 41
20 61
22 18
86 53
8 66
32 61
76 93
31 28
100 96
59 18
41 48
53 43
41 97
16 24
76 73
34 59
36 97
4 93
15 58
40 5
59 2
1 88
71 43
40 12
6 6
4 1
23 66
47 5
31 62
47 70
11 48
37 89
22 86
82 94
53 72
2 52
5 48
88 44
38 89
50 47
80 89
52 67
11 19
96 78
64 76
74 19
18 49
76 4
96 66
21 79
75 31
63 38
78 25
68 21
16 79
29 98
52 21
58 8
47 9
43 29
80 83
61 19
61 95
40 90
100 64
9 40
34 77
52 17
57 21
14 69
41 58
33 22
88 20
9 52
75 16
9 71
99 25
84 12
23 6
98 54
58 66
51 8
81 52
33 91
47 86
92 29
64 68
48 76
29 66
1 1
68 28
51 52
78 9
54 87
28 35
82 29
21 60
44 60
61 37
97 58
7 75
41 52
17 86
58 46
62 96
6 27
39 36
33 46
40 50
89 25
27 3
23 100
42 66
73 46
87 81
86 99
38 45
15 42
19 90
62 35
42 22
96 55
35 95
45 42
99 95
34 97
68 56
19 91
67 52
22 94
95 72
46 78
60 53
88 37
95 18
37 5
42 24
84 43
14 29
54 83
91 76
11 93
38 26
59 6
58 96
32 77
66 1
71 75
17 58
69 85
65 32
55 91
36 33
95 7
39 10
80 49
71 37
38 95
11 5
47 28
33 93
48 82
40 25
95 7
48 11
66 80
33 55
56 68
27 69
10 17
46 40
52 46
96 7
31 33
31 13
9 92
54 2
43 80
8 14
74 32
66 75
22 9
96 75
23 7
64 54
6 44
56 19
5 27
89 33
47 80
90 62
74 79
73 78
38 44
7 31
64 95
59 19
6 93
75 5
59 48
44 32
67 36
46 90
97 93
56 29
24 47
52 66
77 3
47 99
25 16
13 33
70 25
20 60
47 100
20 77
20 63
75 29
94 1
51 9
38 54
85 54
6 24
38 90
71 89
76 23
26 19
95 40
53 67
32 50
87 64
33 53
93 53
17 95
56 27
1 30
54 26
58 80
67 18
35 81
47 90
55 66
63 1
23 37
20 56
6 53
1 24
63 31
39 45
65 52
42 23
8 43
6 5
75 85
56 43
98 15
100 8
34 61
95 67
96 49
7 78
38 2
88 92
39 55
33 79
5 90
94 44
10 64
40 9
30 12
94 99
64 5
94 44
79 74
57 69
35 35
44 78
95 56
56 31
15 21
22 19
88 26
9 31
91 1
24 15
47 21
27 46
59 38
25 81
49 57
15 46
74 77
64 60
25 34
77 76
67 65
69 41
99 4
95 2
39 67
21 80
70 29
44 20
11 49
50 18
4 97
18 100
90 20
38 30
11 16
35 55
21 5
78 59
99 20
73 82
23 44
44 38
74 59
56 75
22 98
61 50
58 88
24 87
40 16
93 55
8 5
66 39
69 67
74 7
62 69
19 57
25 51
92 34
22 82
58 59
39 38
74 4
33 36
24 89
100 45
10 83
39 41
75 99
74 28
48 7
69 27
55 46
66 97
89 46
53 51
12 30
85 80
88 62
61 9
30 45
63 67
46 36
15 15
47 90
60 86
19 7
81 18
24 45
23 71
19 35
33 53
20 53
48 42
1 70
2 28
39 54
12 95
46 65
47 91
86 60
30 71
76 82
100 11
20 33
58 98
24 51
20 9
49 100
64 6
23 65
61 76
56 29
55 93
80 55
92 39
68 88
36 35
97 74
20 82
44 47
44 70
79 76
22 67
23 40
2 36
71 57
9 38
48 43
45 53
39 81
95 25
14 59
59 36
99 47
9 24
35 59
80 80
25 61
96 25
99 8
69 51
41 99
75 45
16 73
76 75
92 81
45 85
19 78
13 46
2 3
94 38
43 85
5 59
71 41
34 29
77 63
27 67
41 95
72 31
52 75
81 47
75 61
74 100
90 53
93 100
81 41
63 70
97 53
90 28
70 55
68 15
53 30
83 13
87 2
86 31
28 32
46 60
8 27
34 98
32 82
59 69
17 85
2 52
94 41
17 5
27 74
63 24
37 59
89 10
22 64
52 68
25 75
7 11
23 49
26 93
70 52
93 52
21 33
64 77
46 19
6 50
100 89
12 84
95 98
30 41
34 15
55 99
100 51
95 34
44 57
58 38
41 71
78 71
80 4
4 41
77 48
59 67
19 94
87 44
30 26
96 43
56 32
35 39
75 55
59 92
5 2
30 41
81 76
53 14
42 32
63 41
23 60
79 66
22 28
60 100
45 30
99 87
47 73
69 80
94 70
38 46
5 77
7 36
54 80
56 42
73 20
54 56
6 26
74 17
22 58
89 39
31 28
61 72
15 89
77 94
22 63
99 29
89 94
23 99
84 17
50 55
82 22
31 68
26 66
94 82
33 97
7 80
6 75
3 75
36 36
18 73
63 81
64 11
50 26
5 1
56 52
90 10
13 98
59 54
42 92
2 60
30 72
91 73
69 48
37 53
15 37
24 78
93 30
68 56
94 38
85 64
33 47
67 100
59 3
83 21
92 22
47 38
40 63
37 11
16 100
3 44
4 89
65 89
25 53
28 48
33 24
27 57
49 63
74 33
62 35
25 31
33 16
59 12
31 23
29 84
82 20
23 12
65 46
5 17
52 10
36 84
50 43
26 98
100 19
20 67
100 67
12 98
64 61
1 99
15 53
12 16
52 27
78 44
43 23
93 84
58 100
31 16
31 37
47 23
51 34
66 48
66 96
14 81
73 86
72 23
84 56
100 52
67 24
38 88
94 99
71 2
91 73
55 40
81 9
86 66
75 56
69 26
91 34
62 13
99 22
54 75
19 49
40 62
19 81
25 3
26 25
20 67
64 87
61 40
9 49
57 68
66 21
48 21
44 85
71 42
82 69
52 76
24 99
65 62
69 83
27 15
85 4
48 45
78 53
12 74
30 73
63 14
21 1
12 19
49 83
81 27
23 20
19 95
64 14
45 90
77 70
72 71
87 50
31 63
55 52
69 87
77 10
25 92
73 55
42 34
52 79
15 65
55 74
62 97
20 39
79 48
48 4
100 32
76 92
4 52
90 70
1 51
96 75
37 31
38 20
100 59
82 64
20 58
76 89
45 28
50 7
2 6
12 19
39 16
11 10
87 82
21 72
35 64
61 32
48 75
28 15
12 86
30 2
2 62
58 51
91 78
86 98
55 61
91 74
35 40
73 42
62 37
12 45
47 96
17 3
69 63
87 78
75 14
42 78
21 67
28 66
6 34
4 38
92 40
66 73
74 52
93 83
78 16
72 6
45 7
19 54
83 55
63 43
51 29
98 62
30 87
51 82
93 67
33 43
94 87
65 89
31 5
13 42
63 30
62 4
16 68
78 63
25 40
3 51
66 14
20 80
28 64
89 45
58 15
88 29
66 57
96 89
87 61
53 78
49 19
35 10
58 20
69 90
39 54
67 35
30 92
37 78
4 6
77 15
69 22
6 25
32 97
62 74
3 73
61 66
70 5
97 45
3 10
72 55
93 55
26 20
69 38
76 56
47 13
20 33
99 43
45 50
42 100
57 23
38 52
59 86
53 26
72 8
44 46
83 81
9 77
27 31
61 39
38 18
88 10
43 25
95 62
33 48
69 69
27 62
96 28
19 26
5 39
22 63
98 32
80 45
58 51
66 82
25 73
65 81
31 79
80 56
38 100
32 92
80 50
44 35
90 99
46 96
54 65
97 30
36 52
3 14
6 70
25 44
50 58
54 33
23 40
24 32
81 78
58 14
88 98
84 50
54 73
17 77
2 30
24 22
79 2
17 64
50 90
25 64
34 21
14 61
64 67
26 82
17 36
17 24
19 82
27 75
43 74
68 15
3 37
74 16
34 51
40 72
57 94
21 34
77 36
17 60
70 60
96 31
94 90
73 10
91 29
57 3
38 18
2 54
66 12
48 39
98 84
79 73
69 52
59 24
26 39
65 61
16 14
21 54
30 39
10 89
38 81
29 51
71 91
60 8
49 68
86 95
27 73
72 64
37 61
59 30
92 47
28 17
14 97
4 7
79 81
75 46
85 48
65 26
51 9
47 31
52 31
73 54
23 99
13 49
77 90
32 45
48 27
68 30
77 27
51 47
91 47
81 85
86 72
92 66
67 45
6 49
88 6
79 59
77 27
91 55
56 21
70 32
65 97
3 35
65 68
93 5
22 16
29 57
87 15
76 1
89 75
98 78
90 38
99 34
46 34
90 46
9 54
6 5
52 34
66 61
85 64
68 45
32 38
81 65
67 31
96 19
8 78
93 64
25 22
29 74
34 65
4 41
93 86
55 53
49 68
3 28
68 3
51 77
22 91
81 95
93 28
68 84
39 37
40 71
70 91
61 16
98 63
91 55
27 68
42 76
16 26
9 3
91 97
3 4
91 93
19 54
90 22
51 2
88 3
96 27
64 75
78 22
21 91
10 65
3 8
49 15
20 92
66 96
42 51
2 86
59 39
60 96
35 55
65 93
61 15
27 37
86 100
77 8
4 19
57 30
70 16
55 13
94 76
64 32
12 79
84 35
57 39
75 96
28 42
73 9
58 67
70 43
96 99
44 13
4 9
100 92
53 44
49 34
63 45
14 85
6 45
95 96
68 65
13 3
38 39
8 36
54 49
35 77
38 54
95 44
8 48
23 44
8 79
50 46
67 83
79 8
79 83
37 66
17 5
76 94
28 69
13 93
40 21
85 5
23 84
4 38
34 54
17 63
57 12
99 14
64 5
10 71
82 89
97 55
73 66
89 21
61 69
57 84
4 21
81 87
31 47
26 40
32 57
46 72
7 67
51 56
4 11
61 57
3 33
57 97
4 9
59 33
90 16
50 28
1 5
64 82
73 78
50 63
7 81
98 60
69 98
25 9
66 66
67 44
91 15
79 87
67 39
57 59
78 63
90 97
98 67
29 73
52 20
24 76
86 1
44 45
70 73
30 64
45 34
90 79
52 63
24 46
62 46
44 22
48 21
4 49
24 67
44 81
93 58
9 28
23 83
10 23
4 73
13 59
68 65
20 82
77 60
64 82
48 9
55 55
92 13
19 91
92 78
33 83
35 78
69 19
9 46
3 54
54 78
47 76
9 84
71 55
79 100
20 4
63 59
93 14
89 41
61 53
93 54
71 100
9 89
3 98
24 3
53 38
40 66
63 36
54 10
76 96
80 19
41 75
50 34
28 15
61 57
79 88
29 74
58 45
21 22
50 6
8 66
78 56
87 64
85 13
54 2
77 93
28 73
88 70
62 7
60 11
26 85
23 75
57 94
30 26
16 69
42 76
38 30
3 86
11 91
90 60
29 1
32 90
47 63
14 3
42 23
7 27
3 18
18 81
55 26
23 93
76 52
29 93
44 77
21 91
92 48
55 72
51 32
44 79
54 23
6 100
68 24
7 72
42 29
87 6
35 14
98 61
37 88
79 48
84 56
37 31
22 69
38 62
80 48
95 35
81 96
44 45
22 61
99 66
3 65
75 88
54 15
86 13
76 39
20 2
52 66
64 1
100 74
74 26
9 23
35 34
73 36
81 51
87 86
52 13
15 69
45 47
61 62
97 60
99 18
79 51
95 87
19 10
17 56
82 69
36 57
60 72
38 10
32 53
84 26
93 99
15 21
56 53
32 20
46 41
70 79
29 80
41 80
6 39
34 72
13 97
55 69
37 97
14 64
25 85
44 57
75 73
85 100
85 21
25 39
45 95
25 36
90 45
14 87
6 11
19 90
47 51
82 88
57 31
13 6
30 49
39 30
84 16
74 40
31 80
44 60
42 14
66 52
51 73
18 13
12 46
78 62
75 66
4 18
1 81
34 22
48 73
92 75
11 68
22 36
66 38
71 32
1 16
39 58
61 90
32 89
25 35
25 78
83 17
34 42
77 98
81 86
19 51
54 47
29 71
77 62
43 12
5 15
92 97
23 36
67 45
81 55
95 77
56 10
16 58
98 2
50 71
68 75
23 41
32 68
7 13
79 4
27 67
95 94
27 28
1 66
30 72
98 65
47 74
60 39
29 96
58 59
55 60
15 1
92 32
57 66
8 14
33 20
32 8
2 68
82 25
76 9
40 33
79 30
56 27
99 70
4 98
43 8
28 80
30 62
65 59
23 77
78 32
60 63
74 66
68 79
83 82
30 77
42 85
9 89
61 75
72 20
59 69
5 97
40 28
68 97
78 92
85 58
70 97
87 56
77 39
74 1
34 82
15 52
25 29
81 24
20 98
7 42
78 88
61 85
27 30
3 15
14 45
5 77
14 19
35 92
64 76
33 68
7 16
86 96
55 6
18 78
44 56
63 91
41 81
52 85
92 56
5 98
79 80
100 70
92 27
66 1
31 49
97 84
49 73
57 32
22 100
21 50
4 16
17 65
35 73
97 84
69 19
77 79
55 7
67 32
74 7
53 23
53 9
65 78
98 69
82 86
31 60
22 21
54 57
85 98
73 30
59 23
85 15
63 53
95 4
42 71
92 66
68 13
87 89
73 60
32 41
43 41
96 18
91 30
61 80
23 88
66 29
11 99
56 49
98 89
12 74
62 28
94 79
52 67
7 74
57 53
39 7
89 84
8 21
36 74
55 5
47 7
68 2
73 44
37 87
72 49
26 23
42 25
62 12
1 22
5 19
79 13
52 73
87 91
63 23
17 28
10 69
48 72
5 35
10 69
70 73
66 79
70 47
76 22
71 86
92 99
34 2
81 15
2 28
50 28
53 62
68 2
88 95
92 11
45 86
48 36
65 19
34 18
99 2
63 62
98 44
94 80
85 88
1 52
51 94
13 22
94 65
74 63
12 24
5 46
38 88
22 41
11 81
71 19
76 70
74 29
74 54
60 26
67 94
34 19
57 21
86 68
49 62
43 28
9 64
52 99
40 50
23 72
3 99
26 47
74 60
13 56
77 33
84 64
73 55
36 9
24 44
24 58
97 65
65 33
4 31
54 52
56 32
86 4
68 71
73 84
27 57
4 51
17 28
53 34
24 43
18 18
62 92
12 88
99 86
62 90
33 40
65 16
57 76
83 44
38 13
61 37
88 48
55 1
15 89
71 54
99 91
59 6
47 100
52 68
11 28
23 15
89 42
8 100
61 74
14 3
14 45
46 45
61 15
18 19
84 85
71 20
71 16
33 80
53 50
24 86
34 45
50 51
40 16
25 90
20 58
39 97
63 29
25 89
83 58
79 75
29 30
86 79
90 25
73 20
32 91
23 47
5 54
64 34
87 78
22 91
25 5
11 100
15 31
42 100
5 68
48 23
68 87
62 65
53 95
92 7
18 25
25 13
58 39
66 93
95 95
27 98
27 77
97 74
86 73
10 37
13 50
8 36
56 86
41 46
68 55
30 62
4 3
17 81
14 70
91 79
78 5
79 68
45 57
51 68
81 1
45 53
11 97
14 38
55 69
26 50
5 83
44 27
38 8
11 71
13 65
22 22
17 38
45 91
51 86
90 11
55 18
32 66
98 86
49 6
1 94
35 78
19 42
63 11
90 53
99 4
25 38
18 71
79 56
13 94
75 48
58 59
79 100
29 48
61 53
69 24
40 45
78 97
38 53
23 3
12 91
93 11
63 56
14 22
27 33
46 81
91 95
21 73
61 73
77 100
18 35
71 32
19 31
6 35
64 49
85 28
2 11
67 44
61 2
34 70
66 45
6 69
57 69
82 58
33 85
46 53
54 31
53 41
89 66
51 95
2 94
47 9
57 12
60 52
18 57
28 63
48 33
67 45
62 96
32 19
48 48
11 100
58 97
62 70
80 29
31 23
97 50
85 41
16 100
33 70
13 5
29 68
11 7
64 86
51 29
7 45
2 18
98 70
78 2
1 22
97 10
17 10
63 49
53 52
38 73
35 66
86 21
21 69
35 89
51 77
69 7
60 47
45 50
45 95
89 14
99 8
24 26
77 15
3 23
2 92
74 96
92 36
30 56
40 25
35 22
75 44
21 1
99 52
67 22
2 87
37 12
81 37
77 12
70 97
95 66
90 69
52 43
81 96
86 88
35 9
37 9
24 8
77 58
87 84
38 47
28 49
60 14
35 13
55 1
49 99
28 31
20 72
73 73
53 79
17 64
55 91
40 52
13 11
40 88
71 99
4 86
99 7
37 77
37 48
67 39
36 99
2 27
3 38
68 25
99 62
98 41
10 87
22 99
5 99
46 11
4 80
98 70
34 11
85 90
56 73
29 3
93 72
40 26
91 17
33 18
46 1
93 53
6 40
17 39
53 20
56 74
21 59
90 35
69 43
17 26
22 95
33 67
35 93
8 70
49 66
52 49
32 74
7 9
54 97
7 36
7 69
44 54
86 71
43 94
98 32
97 82
2 12
96 68
4 66
48 86
70 29
60 70
10 88
31 41
20 21
25 31
80 7
8 37
83 61
64 19
41 42
96 3
86 56
42 42
20 69
24 50
86 73
95 53
46 84
41 22
91 21
16 77
63 67
64 98
92 68
57 65
8 90
69 98
24 81
66 42
67 31
74 53
36 93
89 20
52 9
82 5
19 38
100 64
91 64
23 28
91 21
71 81
35 74
25 74
52 60
45 16
36 91
37 89
78 5
15 15
67 91
94 71
27 47
31 95
68 94
37 47
13 86
57 3
6 86
65 24
71 98
55 52
5 95
84 27
5 13
88 14
18 29
99 29
40 10
64 15
87 42
41 53
25 60
98 56
100 1
81 8
63 93
8 65
11 90
14 97
77 5
86 85
28 3
27 6
98 61
97 57
34 19
7 98
95 9
98 97
40 46
71 11
85 5
88 38
16 56
7 68
97 12
17 85
41 15
100 41
79 81
58 36
46 67
4 79
13 84
6 18
91 77
40 10
59 75
46 93
26 29
44 14
21 47
28 13
35 75
11 36
95 94
99 42
96 44
57 9
24 17
65 96
38 3
39 24
32 74
84 25
40 100
56 17
66 26
93 45
93 14
12 69
70 80
9 99
74 7
18 12
99 63
27 58
94 92
37 60
26 97
92 53
18 34
23 88
48 7
95 78
50 12
98 79
97 92
67 69
31 62
48 4
92 44
44 46
74 61
78 26
90 65
35 16
16 21
10 55
75 18
24 36
20 95
96 5
53 47
99 41
20 36
65 22
81 7
95 14
63 79
15 53
4 3
1 39
30 53
27 20
60 8
59 56
7 37
50 89
29 79
75 17
32 34
14 63
57 8
27 23
62 27
49 49
8 40
41 1
76 21
28 20
88 76
41 25
37 45
85 23
16 11
94 42
78 100
73 84
9 7
98 86
92 49
74 20
14 68
77 95
26 76
46 57
92 63
41 20
40 94
81 34
18 42
78 22
95 9
87 88
25 44
55 36
18 15
64 28
75 68
19 10
47 47
32 99
70 90
71 93
64 97
70 82
49 72
92 61
66 34
9 67
77 25
76 73
40 54
28 73
16 66
22 43
26 54
61 86
38 31
40 23
48 68
82 93
16 41
4 97
81 34
1 21
44 24
41 89
27 56
78 52
10 28
40 50
51 30
84 39
17 79
23 58
24 33
94 74
73 83
24 79
61 74
71 97
71 57
40 90
54 73
75 93
22 68
35 87
23 67
22 36
37 53
53 63
22 85
17 75
21 93
23 47
82 34
99 54
57 42
58 19
8 35
13 87
96 83
81 19
71 68
88 92
91 72
75 51
38 43
16 48
59 1
4 49
49 89
2 83
23 94
93 86
95 45
95 11
6 74
31 9
62 3
42 26
25 33
100 31
35 78
6 95
40 40
74 17
65 58
44 66
32 38
34 35
48 28
76 34
57 81
37 53
24 79
100 40
27 5
74 68
99 24
75 33
64 83
56 84
95 56
54 37
33 58
45 57
53 75
56 97
35 22
51 24
46 22
28 10
35 88
43 82
57 62
91 62
46 96
3 42
84 51
71 73
31 43
96 12
18 91
80 70
4 7
21 82
70 97
63 31
89 86
6 33
62 31
90 65
98 84
49 96
19 30
60 59
64 73
81 86
10 15
27 81
25 8
48 99
31 67
90 17
44 53
56 11
100 53
77 38
58 46
11 51
31 90
11 6
26 85
67 97
33 52
29 24
36 78
71 12
3 72
27 32
7 1
40 88
33 58
38 15
27 76
97 86
13 40
76 53
4 79
78 18
84 81
76 54
86 62
32 58
50 86
77 25
94 12
95 1
82 70
2 50
35 61
29 6
46 28
83 41
82 11
20 73
15 32
95 77
15 11
87 14
84 57
61 19
38 8
72 12
28 29
89 21
58 90
32 40
65 73
45 41
35 51
88 72
15 12
29 17
60 69
6 70
66 16
9 83
96 79
75 9
62 59
63 57
65 73
17 61
4 55
31 58
85 30
83 42
39 24
99 81
58 34
65 95
94 27
57 51
94 7
99 84
90 35
74 26
63 87
51 45
63 73
48 80
100 93
78 67
61 13
64 43
86 2
20 19
23 35
81 79
63 54
99 12
34 7
3 48
16 94
25 77
62 27
80 68
46 78
81 96
99 8
93 40
96 17
58 1
24 72
68 16
87 44
11 68
11 5
87 88
6 4
95 42
17 86
83 36
58 61
91 70
31 32
50 39
54 44
96 8
46 36
41 68
38 77
83 31
74 51
17 25
45 44
54 3
71 75
100 33
49 53
54 33
41 72
71 80
2 71
18 25
62 35
11 1
74 26
41 17
100 69
33 37
90 45
48 70
35 52
16 58
76 65
41 82
27 30
76 10
10 49
72 16
40 59
3 22
96 4
96 51
91 87
63 81
70 87
20 41
66 67
59 49
12 69
19 41
76 61
14 80
86 15
77 19
23 37
88 85
31 70
29 98
64 47
43 4
90 86
37 5
60 75
21 23
76 20
22 85
62 19
7 50
67 63
70 28
79 2
54 15
39 80
69 27
93 38
41 38
32 80
99 96
23 19
27 77
15 11
91 15
31 33
67 63
29 73
23 55
75 37
100 77
69 42
61 4
14 1
17 45
95 29
1 83
79 43
87 29
63 65
67 22
99 9
79 96
80 47
87 15
20 33
14 24
75 15
6 89
26 70
26 93
89 73
86 42
56 70
13 60
32 61
32 53
53 97
46 14
42 96
37 33
91 1
83 43
14 43
12 59
78 21
98 67
92 61
31 25
45 25
14 27
74 42
2 92
50 29
5 55
29 11
76 2
5 77
37 13
30 32
41 64
38 47
15 39
18 76
60 97
69 8
22 76
81 53
72 49
39 3
2 71
39 36
12 9
44 26
38 88
69 65
11 89
70 83
38 52
4 13
20 22
98 88
26 53
41 33
19 40
35 52
8 12
59 55
2 32
98 88
84 47
63 36
47 90
8 3
97 2
30 71
68 72
21 91
97 51
22 64
98 79
46 64
71 96
66 16
15 70
10 40
38 70
58 88
1 31
100 18
4 49
52 76
71 58
25 30
62 61
66 57
37 27
26 53
17 69
58 86
42 90
29 14
85 36
98 67
55 76
21 6
3 59
46 25
95 99
67 58
73 9
19 94
21 61
20 9
97 54
18 12
20 13
26 78
39 13
51 92
16 17
25 35
6 25
34 48
31 36
41 81
50 11
38 54
85 62
96 33
62 44
87 100
71 49
18 17
38 48
72 87
68 28
66 59
98 77
20 32
85 2
69 15
66 49
44 86
52 80
55 17
9 32
40 35
24 67
30 4
33 81
41 93
34 97
83 23
41 9
9 65
39 49
61 26
19 85
14 13
77 58
24 55
29 66
41 50
94 33
95 80
82 89
67 6
76 65
23 63
53 51
45 58
63 19
44 27
25 52
26 37
36 47
35 91
96 26
84 96
67 54
33 17
48 2
21 64
62 65
16 4
64 7
65 59
91 25
100 54
9 24
58 28
28 41
23 6
40 79
32 39
29 48
90 1
4 89
37 25
13 11
12 8
16 55
1 37
35 47
92 42
6 95
75 79
85 35
41 50
66 62
55 14
75 94
44 70
43 21
76 94
62 99
10 16
11 61
39 85
85 75
72 74
37 67
98 62
96 5
17 97
89 69
36 8
59 64
81 1
35 79
45 100
2 19
47 74
74 83
42 85
1 66
91 38
88 98
73 67
60 32
81 1
13 87
90 14
68 19
71 25
63 47
86 82
76 99
40 1
66 8
62 36
2 42
63 60
76 18
71 48
86 62
22 66
25 62
30 7
50 76
87 35
93 54
1 55
35 98
28 21
4 48
92 64
41 33
4 4
27 31
71 86
60 59
68 62
68 34
27 71
8 79
81 87
68 78
28 35
11 77
33 99
78 92
64 16
42 45
65 21
88 54
55 1
77 6
44 99
20 29
17 40
98 78
43 89
74 17
72 100
6 21
51 66
12 53
1 29
77 67
64 37
3 19
72 30
8 62
76 22
10 52
81 6
42 55
51 78
68 76
85 19
95 20
86 3
90 78
80 32
33 83
12 2
88 59
91 100
41 42
37 92
61 88
51 8
10 49
72 54
7 57
40 42
63 63
15 88
5 12
99 76
71 77
13 100
16 40
24 23
11 77
26 46
84 2
45 74
94 19
9 63
34 73
17 30
48 77
65 16
73 19
20 1
50 100
27 90
100 15
56 93
20 33
12 58
46 21
67 33
56 54
3 74
27 48
73 85
55 53
67 3
7 32
3 24
87 55
13 71
4 53
19 35
50 96
19 95
22 80
90 45
100 69
7 85
92 67
78 87
42 21
94 95
74 69
64 50
73 98
68 7
9 67
9 5
19 70
23 22
18 21
69 10
49 37
69 29
33 9
9 79
14 48
11 90
49 6
13 89
84 42
10 97
72 77
19 34
30 35
16 93
4 95
32 50
23 96
74 33
65 9
81 19
67 35
55 59
33 35
37 92
83 25
8 1
87 27
78 62
66 16
9 45
2 37
63 43
72 18
1 19
46 77
63 12
68 91
86 86
18 4
79 90
56 64
25 18
16 60
73 11
35 72
85 17
80 99
71 7
56 25
72 77
28 69
100 1
63 79
46 88
66 7
13 56
27 22
97 95
75 76
62 36
4 42
19 63
85 52
12 68
98 80
40 49
4 96
56 28
58 34
1 57
40 36
98 87
60 44
38 50
58 11
47 75
86 27
48 81
21 51
34 14
38 13
58 67
34 1
12 70
87 23
13 93
88 40
90 16
44 97
33 30
42 92
68 96
97 42
89 86
39 85
80 12
15 56
40 35
83 80
20 17
18 78
14 71
37 68
19 22
46 18
22 54
40 41
20 86
79 62
72 13
92 75
83 29
56 5
45 22
79 40
58 91
12 67
91 52
66 96
43 30
71 46
23 43
75 24
6 32
86 4
26 26
74 43
24 83
65 65
53 63
33 75
86 88
78 78
39 97
77 80
55 22
97 18
51 7
4 56
27 4
48 77
49 48
42 68
1 90
20 80
33 39
83 81
3 75
10 41
48 100
79 31
10 9
3 52
28 20
64 29
16 56
46 15
58 68
45 57
82 64
67 38
91 74
54 81
24 36
54 26
47 58
60 92
16 80
24 26
20 96
31 7
6 68
26 70
61 49
87 24
70 71
49 49
85 2
44 51
60 89
66 33
86 53
10 2
79 59
59 72
8 73
33 3
31 25
33 63
27 58
21 74
96 87
2 83
39 46
92 89
27 95
15 24
71 81
59 15
12 70
68 40
16 81
47 85
33 93
71 33
17 90
94 73
11 7
34 45
79 38
4 25
81 99
13 57
25 72
20 10
59 21
30 8
83 91
7 36
20 27
21 79
44 94
13 30
6 63
90 96
36 44
55 19
44 51
16 13
82 8
84 15
83 34
57 68
31 1
55 21
56 3
12 25
66 30
12 21
63 19
48 7
68 75
61 97
65 87
4 35
80 26
4 46
12 70
23 38
24 75
39 15
94 25
34 60
77 85
30 79
50 4
6 98
48 52
43 80
95 98
2 78
24 84
61 53
51 92
52 5
67 24
36 41
1 94
98 92
1 79
47 33
20 59
59 55
34 91
89 97
100 1
54 90
10 81
42 31
79 9
26 38
55 26
65 79
49 87
69 8
59 30
29 65
70 42
89 89
19 91
49 58
85 90
27 19
40 63
62 10
56 51
50 21
21 44
28 3
16 89
28 52
48 63
61 52
52 50
84 71
71 92
84 48
71 75
7 91
73 47
57 51
1 68
30 38
32 30
61 32
8 55
17 94
27 87
77 99
31 19
30 69
32 48
40 78
39 98
41 30
22 43
5 74
25 35
22 71
1 87
70 68
66 13
28 62
100 5
3 32
66 95
95 37
17 95
47 100
96 32
23 42
13 96
85 25
59 55
9 100
49 61
57 25
13 12
47 95
78 30
41 91
57 3
21 11
45 58
69 23
70 7
48 50
60 98
59 27
69 80
58 40
27 40
3 55
95 22
13 39
51 52
20 100
37 32
80 27
48 74
14 7
18 91
60 43
59 8
58 42
92 95
72 33
85 54
62 87
37 20
43 28
61 98
35 79
36 58
72 87
25 18
67 67
4 81
90 11
7 65
94 53
23 11
70 50
52 66
2 60
3 19
28 10
67 52
88 38
92 94
47 94
67 50
26 32
88 97
50 23
83 51
41 30
32 55
85 4
64 22
75 52
54 48
22 24
23 71
99 34
20 70
52 46
59 21
19 42
54 40
40 51
66 86
54 69
48 22
93 60
83 6
57 89
56 33
12 65
100 37
90 57
9 63
83 56
12 43
5 21
90 84
38 74
34 72
26 99
4 91
21 15
70 6
14 95
24 81
92 84
58 26
1 69
74 43
53 56
28 99
85 32
89 13
38 79
89 93
14 50
7 49
75 56
29 93
78 86
68 95
93 15
34 5
78 56
92 85
53 56
83 12
95 42
31 71
12 21
5 95
36 11
80 2
7 27
15 34
66 67
42 77
51 92
22 90
94 28
95 61
96 22
42 50
69 52
31 26
9 32
89 40
13 67
77 99
6 30
57 87
46 97
31 41
31 5
93 24
62 38
50 83
30 33
15 42
56 49
3 33
78 29
95 75
75 69
94 68
44 12
43 74
28 53
49 60
48 21
43 71
55 74
51 80
16 10
87 28
48 10
65 85
8 15
49 3
52 20
11 31
93 27
26 34
75 55
99 76
21 53
73 59
90 38
74 80
57 28
88 40
52 36
98 100
63 83
97 10
93 63
10 66
48 80
100 99
46 90
75 25
20 9
51 95
84 18
77 76
9 57
91 80
51 52
50 9
88 23
95 15
96 68
42 54
31 84
88 80
44 68
11 70
30 25
8 88
6 1
99 58
52 92
58 65
24 64
40 33
62 24
75 43
55 37
21 40
27 23
33 88
59 35
84 94
61 54
89 60
42 96
44 18
7 52
68 64
58 76
45 68
38 60
88 12
8 85
86 3
10 31
88 14
58 35
16 9
68 2
38 80
6 39
69 5
24 1
87 3
50 58
79 21
65 61
86 38
2 99
72 21
96 97
66 85
35 48
34 4
61 9
19 50
44 85
53 11
43 96
52 10
71 90
85 23
65 66
85 69
24 23
55 73
55 1
96 92
83 81
32 52
5 80
1 42
57 79
22 69
99 98
89 1
87 10
43 75
27 94
27 99
80 5
2 99
20 23
24 30
95 43
97 8
89 67
20 9
46 94
20 17
11 59
28 77
29 71
47 96
4 80
12 83
70 48
94 97
26 5
51 96
53 27
36 23
15 49
53 9
40 60
38 99
60 43
51 12
28 86
63 85
24 9
19 86
85 100
53 79
43 89
100 49
90 84
87 47
53 73
57 53
67 57
63 87
73 95
10 58
74 7
93 80
99 11
83 64
94 28
47 67
16 1
80 85
22 28
82 28
39 78
50 21
6 71
49 99
32 51
64 66
9 38
16 67
74 51
23 16
95 54
55 48
43 69
49 40
47 40
11 23
94 100
38 8
49 6
38 7
90 41
80 75
5 50
98 29
26 91
99 71
17 16
62 15
74 81
67 79
71 64
44 81
39 8
54 66
59 81
18 41
29 72
62 72
9 21
51 4
85 52
4 11
62 66
94 71
97 9
78 96
54 81
6 13
56 1
71 100
12 30
13 85
15 55
42 9
74 72
66 18
82 1
17 68
74 4
24 14
25 19
25 55
52 97
2 41
11 10
34 81
27 100
21 54
100 45
8 88
30 3
13 80
55 90
79 15
53 53
72 93
20 93
72 25
27 68
37 22
18 39
63 82
50 28
57 28
38 87
35 27
75 43
19 24
100 39
54 91
25 92
50 68
91 61
90 42
32 96
89 26
26 32
66 67
93 24
72 36
36 15
37 85
41 6
33 35
82 55
79 17
22 22
59 10
84 18
95 66
81 99
90 100
78 75
24 23
55 26
39 84
88 8
79 26
3 92
75 11
42 27
54 82
30 71
56 3
72 98
40 88
72 82
72 69
38 12
1 7
23 14
74 19
89 79
42 77
87 82
86 32
7 29
73 58
42 7
75 35
3 70
96 47
10 17
22 92
58 52
88 27
45 64
88 35
93 52
12 28
24 87
47 39
12 94
97 50
68 3
38 45
37 79
44 71
66 100
64 49
17 20
71 25
81 38
7 83
7 94
40 28
62 25
100 26
88 25
17 15
33 63
80 78
57 93
44 58
81 69
9 53
35 83
51 72
80 55
41 68
92 3
63 50
28 21
94 6
75 100
44 34
62 53
26 38
100 73
13 30
52 32
64 33
11 19
98 98
35 78
32 63
79 78
56 67
28 69
36 30
20 63
91 36
82 42
40 53
80 28
43 23
94 27
90 38
11 98
70 36
43 38
40 24
31 9
8 82
90 42
16 45
37 22
97 50
54 26
63 15
25 61
81 20
2 68
13 17
72 15
1 28
6 21
3 51
55 59
64 32
54 66
44 47
64 82
19 58
37 52
83 61
52 9
64 68
19 84
55 13
84 75
18 91
9 28
27 4
72 71
92 12
65 97
99 98
48 99
9 11
19 12
34 26
42 75
13 36
69 28
69 1
79 14
61 71
93 53
37 26
66 98
20 41
89 77
36 96
13 50
1 25
27 28
90 37
11 76
74 80
12 97
52 28
9 81
84 65
27 13
100 74
63 15
64 39
89 67
20 13
85 34
16 32
38 77
43 100
81 41
82 51
13 97
90 4
51 51
60 8
2 30
4 41
38 86
67 100
17 66
93 85
96 73
72 21
46 95
43 36
14 97
39 91
15 100
57 6
98 46
55 64
61 38
35 64
59 47
74 21
59 70
66 55
72 100
39 49
97 77
5 53
63 100
12 9
14 94
65 82
18 86
5 6
23 67
61 59
65 23
54 9
83 56
86 57
38 92
61 56
69 34
36 15
64 31
81 13
28 3
40 82
28 31
29 91
45 75
4 90
58 76
66 82
59 59
12 68
11 19
40 69
99 82
9 64
97 2
70 43
64 66
77 27
25 83
50 19
80 63
38 71
76 34
98 47
33 35
52 37
28 57
5 35
33 10
13 48
10 51
59 63
78 32
10 35
22 46
93 17
21 20
55 62
74 82
12 77
63 96
71 7
38 22
81 55
60 59
99 63
49 85
67 100
17 29
95 96
80 37
36 40
26 4
67 9
13 8
100 55
95 41
85 22
27 62
69 25
84 31
37 23
48 73
69 38
32 16
16 80
93 83
45 16
8 42
7 21
51 52
4 21
38 76
66 20
75 30
62 34
76 20
4 26
44 89
94 30
52 34
52 37
56 65
22 7
77 25
19 22
65 95
31 18
85 91
12 35
19 57
24 76
58 29
31 6
72 33
91 82
31 86
88 27
36 31
8 99
48 38
86 61
53 42
74 13
44 90
97 98
29 20
3 16
28 28
60 55
99 53
68 97
41 20
98 99
71 47
38 24
56 7
6 56
8 83
21 72
92 84
77 82
45 29
31 89
39 68
84 19
19 95
39 64
40 52
60 48
66 59
98 91
19 21
49 55
21 33
21 4
40 84
78 64
65 42
53 69
48 98
37 40
70 81
70 1
90 20
14 15
14 78
51 26
86 49
26 88
80 12
53 62
93 91
54 34
50 22
1 70
99 23
3 47
61 39
11 31
90 3
52 95
5 94
6 48
71 67
76 75
9 66
24 84
39 90
74 86
84 88
42 13
58 77
73 31
62 79
75 71
74 21
82 76
54 100
75 31
77 94
71 83
33 33
70 78
51 81
85 32
97 92
60 71
67 64
43 72
59 96
18 12
33 29
34 52
37 70
52 79
86 86
90 31
21 40
21 63
99 20
8 51
40 9
62 6
10 45
11 39
85 51
46 2
64 81
25 36
84 72
22 31
5 65
81 70
27 35
76 42
43 88
88 29
85 91
94 36
7 14
98 87
4 55
59 78
75 10
13 70
35 8
7 25
58 81
70 28
21 84
16 47
43 78
11 41
34 97
74 91
43 65
74 84
30 11
25 82
99 83
39 19
16 31
8 29
91 63
94 19
72 23
52 1
34 24
89 55
99 87
36 78
84 72
12 11
8 77
11 43
92 80
62 29
37 90
60 20
19 27
1 64
11 9
70 69
41 41
19 28
86 37
90 89
95 56
62 1
84 2
6 90
30 72
58 84
81 33
96 76
55 79
19 21
80 57
55 26
8 36
92 59
56 85
99 9
96 5
100 81
59 94
85 87
73 10
81 10
5 84
42 81
16 45
57 84
76 42
49 75
61 58
83 41
95 27
15 20
75 30
40 88
3 61
86 86
99 35
45 49
46 45
57 38
84 44
3 6
14 93
45 76
51 4
68 54
22 82
37 66
71 22
6 65
96 49
27 11
38 48
81 7
33 42
25 79
67 63
4 96
38 98
21 54
39 87
9 58
35 37
4 99
64 10
90 76
5 99
13 64
61 21
96 60
17 36
14 57
59 72
58 4
72 15
17 65
46 83
14 14
43 24
89 40
77 32
27 85
89 81
65 27
56 47
17 32
94 9
23 88
96 75
47 62
48 15
10 46
29 50
78 85
55 9
46 46
2 100
9 98
38 95
80 50
83 65
10 97
4 46
65 3
13 22
43 98
45 10
98 11
42 45
17 80
16 97
90 7
5 43
70 9
96 93
30 30
2 7
77 40
65 25
58 72
21 96
19 86
17 36
35 83
62 10
84 74
79 34
99 93
93 34
76 27
47 73
47 100
12 88
9 71
84 30
19 52
76 30
98 5
64 96
53 23
48 81
75 10
3 36
72 59
31 59
50 19
63 57
24 49
70 57
96 94
33 72
8 64
72 25
87 50
59 94
81 61
3 35
74 50
82 36
57 62
59 21
96 38
64 91
48 28
78 42
61 53
32 2
96 81
39 86
68 31
81 79
40 77
54 93
91 78
75 94
74 15
30 50
31 100
1 63
46 57
43 80
22 77
100 43
12 17
54 84
7 11
52 22
38 33
96 31
3 10
37 70
29 80
30 76
78 22
16 97
2 14
90 16
67 16
24 85
43 23
4 92
2 98
73 66
41 43
61 62
63 74
88 8
16 78
29 23
31 58
7 69
58 57
67 100
90 43
73 1
82 31
19 69
26 63
6 32
71 58
43 22
97 38
14 37
13 91
82 30
74 86
11 88
59 77
13 30
19 76
41 88
62 9
80 49
23 53
74 42
83 92
68 87
52 69
5 68
29 31
66 28
78 1
83 70
73 75
83 67
47 64
36 89
18 56
97 69
94 39
79 63
91 41
69 30
40 68
92 16
48 93
1 5
52 85
39 10
24 25
51 1
17 83
30 20
45 81
31 90
1 77
83 83
40 48
10 40
60 16
79 97
99 87
45 96
82 60
5 44
2 2
66 27
49 24
28 6
44 62
83 60
44 20
8 94
92 14
42 56
59 52
12 12
36 27
54 7
7 69
21 91
68 43
26 62
14 33
48 52
61 44
57 1
27 66
47 35
28 30
54 5
62 15
75 62
53 37
72 94
55 22
2 36
25 65
22 20
18 7
43 23
11 59
52 75
69 42
100 41
21 80
87 88
7 17
3 17
82 57
73 4
17 51
19 95
54 70
73 23
85 42
74 10
93 80
9 49
75 76
95 4
2 32
20 66
81 92
18 82
2 69
49 64
11 41
24 14
95 28
57 20
19 31
22 66
49 68
3 87
25 98
5 100
96 71
39 64
81 98
11 48
55 37
25 8
40 49
3 93
24 60
46 72
80 4
40 34
7 55
63 3
61 18
75 84
50 26
55 51
83 91
60 85
96 69
29 22
88 38
64 53
69 81
34 63
58 8
46 15
11 70
91 90
41 49
100 75
34 96
76 95
65 56
27 18
77 50
57 30
44 16
17 98
38 34
47 50
46 94
71 16
36 46
78 2
74 37
39 55
80 51
73 99
59 8
6 29
45 69
69 27
38 23
27 77
24 65
87 8
52 12
62 12
15 52
69 78
79 89
51 53
64 98
38 84
26 81
22 1
74 31
21 19
39 38
99 61
82 85
31 65
56 10
51 44
38 31
80 61
26 90
93 13
43 85
76 36
39 73
35 74
52 55
96 75
48 46
45 36
59 46
87 55
39 42
44 4
33 94
76 15
28 13
57 21
67 12
36 76
62 26
99 97
48 16
83 100
78 36
56 16
77 57
71 64
94 80
29 88
16 63
4 42
32 6
56 95
46 59
80 83
75 85
14 37
78 36
94 55
44 25
65 54
26 40
35 80
33 2
19 87
80 15
19 69
65 65
94 66
43 74
32 66
80 90
88 18
43 61
100 69
100 69
38 63
43 56
29 83
32 76
63 77
16 45
70 97
58 9
72 77
18 75
100 45
50 60
44 4
99 84
33 10
49 61
94 32
66 23
87 1
50 3
27 19
27 43
98 10
88 1
19 52
28 79
88 43
7 50
30 40
13 91
100 65
52 44
60 7
67 64
91 34
90 75
55 44
29 58
70 32
23 21
26 14
75 46
26 10
89 42
36 28
59 63
78 55
56 15
72 22
46 51
41 89
50 89
67 72
53 9
38 18
93 80
85 62
77 19
56 28
33 67
83 11
26 21
40 4
11 26
28 51
44 44
16 95
38 54
86 69
52 7
3 69
3 86
74 77
93 51
9 2
94 34
45 72
52 21
14 49
67 81
4 17
1 69
81 42
62 12
67 75
49 52
39 27
23 67
1 83
99 17
60 19
85 94
5 49
86 83
81 48
52 51
82 59
93 8
7 61
30 56
31 32
70 62
99 11
9 88
68 47
45 18
51 73
77 68
46 7
89 2
50 23
77 84
35 17
60 93
66 26
58 41
59 8
96 8
87 24
35 82
23 72
66 81
6 23
48 17
43 85
46 3
4 74
25 89
86 1
87 29
39 82
81 34
60 32
18 21
95 21
66 64
59 41
36 14
75 83
73 27
27 20
28 91
54 7
58 70
16 79
90 56
17 13
6 53
15 88
42 72
6 47
26 96
27 25
83 78
90 97
93 60
36 2
3 78
78 85
13 47
69 98
72 69
59 83
68 82
64 15
44 42
63 64
92 52
87 31
80 56
99 12
59 24
61 30
79 92
72 51
56 41
97 71
42 21
1 70
79 94
78 32
87 65
94 67
49 25
88 29
74 67
33 91
80 1
71 19
81 22
18 5
33 12
85 61
85 86
46 73
39 31
97 69
63 24
48 24
11 12
40 69
74 94
36 91
66 20
91 96
44 86
31 51
64 92
13 98
86 76
64 44
35 24
63 46
28 12
47 7
42 14
37 26
92 21
48 67
76 84
26 93
32 14
80 9
48 59
35 74
32 24
26 55
22 31
11 64
28 49
61 4
72 26
37 99
63 19
66 58
78 65
28 73
14 26
71 37
59 21
39 82
40 61
53 83
74 98
7 84
8 56
19 65
80 57
60 80
61 31
65 6
30 89
10 28
14 49
74 76
62 17
70 37
64 21
45 9
90 47
38 14
8 41
76 77
89 41
14 77
28 66
57 66
53 14
78 79
30 73
15 37
16 86
17 22
98 30
42 57
69 23
73 44
29 75
99 54
77 31
22 79
90 34
69 18
95 10
12 72
27 95
54 16
90 37
9 53
77 42
18 89
43 18
17 95
64 1
90 42
23 67
60 69
67 59
20 61
84 84
75 83
64 75
46 72
78 14
40 24
89 13
66 99
67 55
33 69
7 69
83 87
46 59
36 62
60 94
71 21
94 50
71 5
65 44
75 58
43 42
27 74
85 3
38 12
69 21
44 40
17 55
52 100
78 100
9 58
65 4
39 97
1 7
20 84
5 40
15 28
57 34
24 90
7 8
42 19
20 4
87 2
48 47
11 28
21 16
97 76
45 22
85 4
49 42
47 69
16 52
100 17
61 81
84 65
98 38
48 47
17 48
58 4
14 99
16 38
17 14
71 88
94 52
97 40
51 17
5 8
77 76
92 17
35 57
64 54
37 81
81 61
18 40
22 83
42 92
31 100
10 10
53 37
62 17
84 57
48 35
32 19
61 37
91 6
18 43
10 89
86 35
39 6
53 41
49 20
30 13
75 89
24 26
8 21
31 25
62 15
65 56
18 4
66 98
35 88
89 17
16 25
37 56
59 98
18 22
26 92
40 20
27 38
62 14
91 52
6 60
91 27
90 76
19 29
73 81
99 78
7 60
18 40
58 36
15 8
100 96
48 81
59 92
64 90
39 73
69 71
53 77
50 68
64 80
45 33
77 75
47 29
59 80
71 43
97 55
82 11
44 84
39 97
45 47
10 49
40 13
40 100
54 67
69 73
95 28
98 60
48 71
69 2
83 38
56 77
94 67
12 29
93 84
58 26
42 28
57 7
69 84
11 85
56 12
48 21
31 91
16 91
2 42
50 56
81 1
80 15
84 90
94 82
98 86
80 47
36 88
6 80
54 64
72 9
36 4
80 65
76 4
22 43
98 29
54 79
14 17
1 5
50 64
56 48
28 35
86 12
78 98
20 61
28 6
16 86
92 34
60 67
61 45
79 79
60 9
68 90
30 68
8 47
86 3
75 62
2 6
5 80
51 83
62 28
87 72
3 23
49 25
4 88
79 29
67 77
64 14
48 11
69 83
24 87
14 58
88 78
71 28
18 77
23 57
88 1
44 32
77 67
13 96
86 74
24 89
16 43
6 75
58 86
43 56
84 27
46 10
30 39
47 51
6 22
88 64
88 95
23 11
75 70
29 83
92 33
46 27
4 97
46 23
33 82
29 74
56 20
52 75
68 93
14 58
54 17
63 26
18 25
93 78
99 61
82 28
73 44
24 100
56 13
41 49
96 15
71 29
29 76
75 5
52 31
8 38
83 76
19 7
27 66
78 29
13 29
73 33
89 65
95 30
54 98
29 29
77 91
70 29
46 38
35 3
62 38
100 83
48 29
68 78
86 38
71 73
47 72
44 68
71 88
51 99
51 72
75 46
7 81
6 43
58 28
82 88
97 24
8 13
70 14
77 13
37 38
81 68
71 43
66 79
69 12
46 37
26 60
86 82
12 5
46 69
75 65
49 11
21 97
42 69
8 26
18 16
44 99
69 54
97 12
23 95
83 88
67 11
44 13
12 79
75 35
96 16
58 59
74 33
68 13
12 60
82 38
67 93
12 91
69 35
63 7
20 43
77 67
17 37
68 69
19 64
2 64
15 59
52 21
47 73
25 29
62 13
27 33
71 23
54 65
75 7
48 34
15 42
81 2
34 28
84 59
77 88
4 59
72 14
20 53
67 82
98 97
43 99
17 20
48 1
52 75
35 33
20 98
47 89
80 18
46 34
63 24
31 6
67 58
64 62
38 75
60 12
67 51
79 9
75 98
80 35
31 93
8 23
48 37
14 35
53 50
54 97
79 21
75 77
36 47
71 30
39 69
44 77
70 9
49 21
68 82
65 20
2 76
34 83
99 69
8 41
69 6
79 37
73 85
98 75
2 82
4 87
52 93
24 71
40 29
2 56
22 47
25 56
72 66
75 99
8 54
99 17
40 21
43 80
41 41
14 94
54 53
9 44
91 95
87 62
2 82
52 87
76 2
83 62
46 39
29 42
87 49
59 2
7 16
74 15
64 60
46 6
30 58
9 67
37 1
16 42
28 76
20 58
85 49
22 74
49 4
95 19
36 80
32 45
51 28
82 97
72 91
21 73
8 98
50 85
27 24
50 92
65 97
26 38
14 5
23 3
18 5
83 87
40 15
79 23
90 7
63 52
48 68
27 12
93 86
29 24
28 67
32 37
66 67
54 1
20 88
77 15
19 67
88 90
31 21
86 10
42 48
14 95
3 8
15 3
20 61
71 58
83 68
99 38
93 95
52 93
15 69
51 44
91 70
35 4
10 25
42 87
48 72
100 88
78 62
98 51
12 28
66 18
98 31
58 31
95 64
42 65
47 17
90 31
27 32
40 18
4 3
81 76
2 13
76 60
96 11
65 4
97 97
54 10
99 4
81 61
50 88
1 4
14 26
27 9
23 81
8 24
75 55
8 69
47 18
70 33
65 67
88 1
37 85
30 84
13 21
67 81
71 5
51 87
63 28
3 71
25 35
59 17
24 23
20 73
24 21
37 18
16 26
89 45
7 18
80 6
17 9
78 58
70 85
23 52
18 82
74 54
44 34
100 49
69 21
57 99
6 50
73 1
95 4
31 58
27 72
79 5
97 41
38 45
64 40
51 82
87 1
98 98
51 60
30 6
40 89
79 28
56 94
7 27
70 48
74 97
91 50
22 44
54 67
42 79
5 34
82 63
53 90
11 90
40 40
68 87
81 46
62 70
24 36
97 88
66 35
79 27
52 52
80 51
31 37
10 54
44 30
2 45
34 27
12 82
64 61
60 82
32 16
13 70
90 64
30 82
5 20
100 39
60 76
56 38
48 66
92 44
28 36
37 92
46 33
65 96
78 53
5 56
57 7
26 20
68 99
49 49
15 27
98 5
73 29
88 6
97 91
99 41
61 18
84 33
97 8
3 58
69 57
31 57
44 59
20 73
20 44
50 18
74 78
90 69
5 42
35 55
10 100
80 55
81 43
61 39
24 5
52 5
1 19
52 58
16 39
24 26
16 2
42 98
79 53
55 71
49 43
80 74
56 98
32 43
26 3
20 60
31 46
83 31
23 72
33 38
12 65
49 56
64 1
60 56
3 69
11 68
68 51
62 7
54 96
38 94
33 96
29 100
36 38
14 34
31 8
88 31
92 68
59 59
