9685
79014502
784 2611
3304 1148
9784 5882
991 385
5536 2875
5724 7477
7094 9459
3737 3957
9192 1814
4956 8390
6295 9466
4861 5931
101 32
6070 381
5909 1482
9580 8819
5206 6680
2923 6392
7962 659
5613 4878
9063 5500
7957 5774
9182 4593
994 366
7012 8414
1651 2999
9494 3156
4345 6190
5201 1197
3602 9991
1179 4666
5366 1505
2904 3702
9876 5595
7680 5183
9130 1406
5987 8651
5162 7426
669 8566
8576 9166
6036 5928
9802 6362
6582 1027
1522 7442
1906 8297
3774 6407
9796 534
6550 4733
5059 2348
3555 9651
9686 3173
6704 8562
5950 4222
4287 7552
976 1287
6289 5000
6632 718
5127 495
5945 4608
7290 5064
5103 2441
2980 2396
6836 8312
6263 4537
2747 9733
4373 9675
7329 9514
7728 2401
3066 8616
7267 8710
389 8935
4626 2305
4196 2771
2324 3227
7549 5179
7478 7606
604 2320
1104 7249
7834 347
1958 9182
5397 5457
7775 4771
5733 9431
5487 9592
3976 4578
9197 4491
5821 5159
9630 8455
9864 8463
145 6054
6329 6155
4057 8468
8772 1724
2019 4128
1530 6754
9618 6442
4786 7045
9447 2700
6730 3233
2548 3719
4867 1034
8574 4280
2920 178
3789 206
859 2378
6491 4890
9997 7411
5619 3940
9510 8418
1797 6379
6822 5861
961 4580
3207 7053
6309 4865
4502 207
8471 2040
6082 468
2351 1641
5800 5772
458 8735
3524 2482
8853 6792
8874 2463
1033 9099
2942 2890
5209 8355
417 5266
1130 1816
9787 5086
2755 6711
2733 1510
7186 9649
9515 2448
2722 1923
4863 4039
1425 9872
7670 5458
2760 7009
9670 6530
3526 6630
2000 8861
4550 9874
4921 3707
7590 3180
5368 8832
9910 3009
9993 1261
4669 6080
704 9777
4740 1076
504 7044
5275 5513
8926 8950
1001 7051
8282 3400
1014 738
5336 6163
3139 1695
6527 9867
4001 8690
6606 5995
118 6085
8484 9194
5059 1656
448 9416
5138 1087
8335 7637
6843 4279
3624 1692
3612 4745
4673 2660
2844 3395
5466 8396
1774 6957
724 8988
9986 5103
9399 7833
3006 1564
460 2246
2598 7322
3963 9606
2449 9891
3928 4818
7406 3967
1270 8233
5469 8508
8840 803
3608 8358
3285 4214
4200 483
4283 2830
8234 7787
779 9173
9189 7613
3156 4594
7825 6417
7431 3355
2867 5603
7354 8207
1205 103
3870 8428
413 6989
5866 8346
1295 6890
2868 8183
2757 7505
2696 3148
2548 2875
6353 5639
1067 2121
8201 8004
9292 9321
9593 5531
6764 5042
3545 463
7700 3120
9128 3758
803 9834
294 6704
331 9439
9376 7380
7618 9416
3846 9472
6175 592
49 7773
1331 6829
2385 8623
1351 319
1638 4904
5763 5547
9495 9191
3491 722
3475 7163
5054 2737
8731 4678
4412 517
4788 2286
9421 3195
4824 2820
4540 6418
272 4838
9769 1914
8814 1517
9075 5543
3308 6191
2936 1291
5597 118
5054 2243
5333 3255
5052 1615
1701 7073
7 8956
5928 8760
1233 5104
2187 9279
7376 3255
960 4822
8443 5512
2264 4751
4882 4582
7129 8156
8042 2404
7853 462
140 6941
6861 2853
658 2673
6833 5573
9372 4117
5868 3911
8128 1036
6316 5596
955 5212
2301 8198
9548 8949
7966 3692
5601 8726
286 3025
5562 9582
7355 9698
7512 1635
4958 2986
3878 7276
1030 6160
4640 73
5045 7264
7074 1826
1584 4113
9834 999
893 2
4393 9596
5836 3853
7778 2814
4215 1413
9305 6345
2209 895
6143 6553
3926 4583
7423 4975
5278 2482
9302 5119
4784 8507
6404 130
2469 4022
5778 4710
6613 259
2827 7078
2453 2942
5481 7642
8508 4575
9074 6890
2027 2824
8963 331
3654 2475
4977 3501
4142 8353
9550 9426
982 1312
4562 5349
2790 8653
3394 907
4906 6594
6199 3300
8769 6176
5204 1120
3669 2626
1530 4823
8911 4146
1863 8853
76 3922
9909 2106
2993 9737
1524 3868
2321 5634
9114 5831
4049 6378
8706 1298
2018 853
6997 9544
6784 5836
9505 6777
360 6539
5715 4659
7436 1035
9161 5338
147 1620
9342 9402
1394 6105
3748 2412
1280 1409
9484 8607
5380 3738
680 724
8195 9540
5558 8603
4793 9413
7946 3183
700 1166
2459 9428
4047 9772
5245 1308
493 3802
5344 6123
9947 3037
1426 4421
8211 529
3633 5409
5474 2674
6429 5211
7995 6184
250 2348
865 3070
5272 3556
9677 8402
1860 3128
1599 3500
3503 4873
4406 7459
7214 5740
152 7865
5906 6482
7390 1350
203 8806
639 6436
8022 3558
7557 8085
518 3391
205 9747
1953 7720
3465 8659
5616 258
1334 6055
3285 7508
5846 5831
7948 2135
2323 6273
7263 2104
5711 1711
7779 7531
7860 6802
2448 9671
9399 8318
1784 7798
1988 8673
7154 2507
2340 5960
8715 8396
5511 8700
4972 9006
2662 9139
8963 3652
5591 9934
4628 1811
7727 5560
7477 5675
5902 6135
6621 3587
9285 2439
7868 681
3941 1733
5759 2039
5218 2330
1687 1853
2953 6315
8695 8697
7544 1761
5148 7531
4240 4947
8920 7194
5594 6507
4799 1861
2806 6148
4172 6531
4272 401
9627 9229
5558 8282
6239 6380
8325 1325
8732 1398
1083 7688
1139 5019
7211 9739
8827 5793
5916 6464
2706 4781
8232 4652
7723 9599
7938 7737
7571 4438
3765 8907
7075 7804
9137 3012
1518 4989
4535 1287
7693 3658
9865 6577
4288 830
8165 1984
6356 8432
6626 1247
987 5641
1521 6627
6979 9778
6463 3652
831 9234
8174 9571
147 9823
9973 9546
9067 3895
6463 3622
8865 4240
3403 7075
6805 1511
4209 1430
1427 9950
185 4609
8080 1613
2560 6290
6475 2769
1419 6686
8948 3568
7158 8820
5896 4384
3211 8001
9540 7957
1283 5442
5133 1079
6617 7207
4294 7390
9352 1513
7212 6929
4331 2310
890 3515
1123 8377
4705 2979
5181 1023
5163 10000
1845 6608
6298 9189
5624 8839
6413 5409
7754 7133
1904 715
7693 2068
7204 1129
261 1314
8507 6569
7574 3722
2619 729
916 9664
2074 5415
2683 6281
4430 295
1303 2338
3890 1126
9585 4396
1072 5772
4241 6501
8700 6359
3459 4477
2435 4259
9867 2195
393 2470
4748 4368
1720 8919
6812 3549
4475 1765
3847 3234
7377 5250
6006 2400
6212 1960
9643 5596
136 2661
5396 6403
1706 1699
6659 1543
6591 9726
7846 8965
442 2065
6152 1937
7212 7822
1453 8741
6399 475
3364 1299
4871 3897
4290 5744
4467 471
3303 871
8424 467
2138 8826
824 4175
7269 2543
7412 6581
6087 9335
8852 2877
9586 5210
6560 3751
508 8498
7614 3196
2951 4484
937 2684
3600 1327
3809 8284
1593 3799
9994 3867
188 3645
1818 911
7999 6749
9870 5290
2395 9806
9505 2322
541 8231
8358 3794
9951 7931
1640 2766
2114 1059
5134 3311
1088 8610
6252 1312
8946 5343
9556 1145
6750 8408
6473 9624
4984 3940
37 4347
1072 8746
2129 6490
5647 8308
5556 9640
1400 554
8488 9975
5764 7242
4267 4843
4023 5488
2904 9203
2752 7220
4155 8294
8802 7841
3802 9925
7214 8431
3911 5058
6377 5021
6384 9383
3509 3756
3263 7597
3407 7520
2624 6025
6602 9223
6890 1535
3463 3797
8950 4394
6221 1345
1062 2518
5908 5861
4272 6707
6774 8318
9964 2490
8024 9369
8336 7120
3737 8338
8008 4746
1607 2749
7791 4898
6992 6862
2189 4872
4540 5045
3393 8757
9537 907
2190 2768
6162 9790
8636 889
5156 9667
7453 9692
985 5165
9061 4242
1543 5749
9031 929
1687 4798
9171 3575
6658 5035
1882 408
7409 8886
3340 9534
3992 400
7858 2560
5638 2192
999 6342
2965 8668
9478 2941
398 8953
3863 1687
1738 972
203 6309
2564 4638
8305 3673
6334 5487
3962 8393
1284 79
1981 2581
5570 4682
2364 3043
958 3182
159 2375
7202 1278
5830 3510
7462 3302
9044 2354
7244 8162
770 1741
9084 5284
759 7008
8595 7870
4926 2501
5781 1253
5552 5028
5957 3752
3613 8934
996 6659
4300 5040
1670 3814
224 4730
8056 4407
3328 9379
8679 4434
8980 4393
2320 5616
1342 1786
403 2124
3929 8215
2207 3280
3214 3553
1022 9598
9657 1198
1716 8054
2565 1165
2134 5788
266 4068
9493 5025
815 6141
8321 4857
2750 1698
2572 512
5854 4289
9174 3404
2569 8383
4706 6856
7780 1209
7459 8159
3509 9883
9696 1844
4687 9310
1664 4891
2207 1085
8795 5070
8976 5336
1933 6864
7883 4435
3441 6591
4602 6862
6720 5928
1241 7823
5684 3164
1161 1205
4521 3297
4919 5472
5375 5608
6847 8343
6848 5282
5482 4285
3709 7663
630 9850
7831 6445
1817 3412
5979 2257
4203 440
3179 9785
8926 6518
6388 1345
2714 2649
8376 1813
5744 1091
1255 5960
6869 390
596 5536
4971 2950
1745 211
6355 7165
4953 8809
7356 3606
9087 2704
5741 8436
1745 7020
4183 5651
6745 4764
2828 3747
8755 4528
2052 6646
8538 5302
1601 7729
9272 6799
6482 9240
5334 5877
1968 8829
5300 989
7959 7172
1303 3624
8577 7059
6680 7859
836 2769
9565 8213
743 5642
9274 5940
5285 2642
46 7029
4703 7128
1244 2829
3747 2642
2674 5803
4270 1481
5649 2943
1840 8783
1163 2697
5605 6815
8822 3115
996 6295
5864 5266
3156 3416
8071 5738
1044 3859
8316 5789
360 9291
4235 733
5289 6409
9864 154
4074 1232
222 1333
3274 2563
5318 3566
4267 2207
6081 3578
7269 2789
2025 2909
6494 3946
4975 962
6789 2825
5609 2403
4926 5961
9044 6619
2729 4241
186 4137
9236 2783
3855 51
9555 9607
742 5282
8133 5092
9982 3742
1977 5747
3733 5468
3401 593
4787 529
1383 9407
7287 7351
1538 9971
3013 940
9675 2289
845 1548
8411 208
1987 3824
4620 2157
5520 7637
4396 6945
6043 6568
3648 3864
5643 7895
4512 3021
451 9739
2810 5210
5516 6417
4636 5583
6661 7961
4281 6679
2023 7997
2052 1431
9075 1643
9818 9272
2613 2549
8946 9749
4846 1385
1922 626
545 8840
5338 8199
1746 4207
8846 6883
9488 7925
4639 8160
4239 2680
6119 5872
7566 7521
1121 8460
9473 9405
2466 7925
6595 1167
1063 4186
2524 6495
3290 147
3981 6341
1862 5821
7408 8652
7394 3243
6255 486
6730 5413
4320 8858
8975 849
3857 5701
6078 6240
5491 2369
6277 8659
2942 5569
2785 6482
2493 6966
6784 7832
2203 1639
4422 6761
1559 9368
7920 4400
5749 7480
3440 6718
1924 8364
2891 6152
9313 893
874 5205
2192 5633
5120 7948
1680 535
2942 4842
3929 7273
6684 7375
8922 1747
9752 994
4756 1598
6252 9362
6966 527
2000 4496
6620 1815
1122 238
4422 4931
49 741
695 9419
3335 5645
4967 544
7474 2993
8574 1855
3177 9904
7044 9252
1994 2841
644 6567
6495 876
5442 8968
8726 1744
4183 6943
6324 459
7409 5653
3725 6081
8021 3343
151 5715
5122 4904
1367 9975
9395 8438
2750 7288
7601 8847
7045 6302
3999 6490
6781 504
3018 4095
6938 8099
8899 6857
8640 9754
3031 8715
1217 7927
7494 3634
6720 6070
3538 8472
701 2501
8931 9005
6029 3225
9147 6393
7970 2782
88 4922
2590 4771
5276 7581
60 6788
4526 1567
7132 7151
7944 6791
8144 4874
7249 1861
786 1893
6025 1016
6193 3292
6392 5592
624 3422
2516 812
1345 9483
856 8630
5451 7478
6095 1214
7371 8425
3001 7830
8365 9110
9745 6898
8724 1377
6938 5541
754 8531
4305 6698
3939 6849
1102 9957
3189 4556
3741 9983
4737 2701
2910 2208
4103 5448
7184 9306
3914 2071
4747 8665
7407 9280
5484 5661
1992 8141
3326 5884
1839 2723
3849 8752
3399 7909
6801 9179
1468 2614
713 6085
3021 9340
3199 3571
8132 301
740 7810
1333 4059
1013 2415
5694 9261
2404 1620
9042 5522
3249 9066
1706 9434
8119 2796
3863 8951
8142 7461
5626 8945
7129 8336
862 1351
1380 4761
7568 2621
7926 6935
758 8740
6864 5625
7791 1886
7821 9683
303 8220
7032 6225
6266 621
6768 106
9712 9557
2080 4703
4714 5607
1670 7120
4699 5677
2430 2420
5300 3468
5600 8106
4265 3468
1685 1056
6694 7195
4783 9718
6439 916
6366 5569
6375 1548
3659 7630
5496 6372
6758 9740
1550 694
2327 1506
4523 7230
1417 9403
4602 1347
3673 6078
8342 4413
3325 342
2981 3127
1950 5861
7906 8308
2596 3412
7517 3184
5157 9398
3445 4475
7742 2662
8589 1707
5103 120
31 1984
559 6412
2116 7845
807 2784
2045 9660
2367 4301
3990 2348
3723 4765
691 4871
1982 4677
8432 2655
8474 3596
428 8087
9492 6949
5376 7296
1474 4090
81 8778
3422 4908
3032 5004
10 8694
7824 2557
2493 1772
1454 8321
198 8925
9962 2702
6537 8319
6158 6997
9498 6795
8412 103
4131 4050
2905 3666
5860 9333
1767 7323
5633 5493
2984 9992
389 7970
3162 5688
552 5762
7243 3672
7714 4101
1511 6436
4826 6479
4293 9447
8152 90
2933 1239
4309 817
904 6578
666 8776
6598 7131
5209 3440
5267 5420
8149 6039
1098 3561
3115 7600
8976 1600
2109 2593
3006 2256
240 585
1500 2154
5585 5307
2327 9552
6446 2273
9537 3765
853 1578
2123 7510
4016 3311
7665 2846
6487 358
4462 1576
2585 2620
2240 1247
7106 6223
8820 813
924 9593
9007 8009
1739 5247
4717 1860
6809 3413
9672 6401
9151 9049
6184 5073
6976 9213
2512 5650
8357 7192
914 3203
9280 7995
1537 8489
5716 8643
346 8609
1704 8425
71 6888
3317 3557
2909 5904
4623 8427
5346 7918
4445 2967
4775 9086
7151 7122
2860 7369
8550 5930
2799 4892
1845 9640
6686 5155
1379 7064
5263 4852
2323 9949
55 6881
2409 1529
2882 4165
3859 5501
5426 7654
2563 4085
1806 3881
3148 9978
3292 6754
7420 2278
1180 6199
2796 205
5281 1113
9805 4608
9201 7433
7896 7383
8371 2111
9321 627
3064 9897
325 5700
4105 4717
1256 7724
1060 6766
7569 2686
722 5548
2639 8624
1095 3622
3352 3024
1182 1145
1629 5442
4771 8173
3753 1910
2159 6283
5150 390
3394 5352
4848 4293
973 411
4280 4741
2210 3528
6010 3339
5349 7161
4124 777
4040 9615
7144 4469
323 356
6912 7384
4988 6621
6059 2272
7314 7038
866 6186
4277 1923
8235 3077
4158 8566
8385 5281
3802 7416
2760 6663
5877 5601
5943 5035
7439 3581
911 3039
6758 6912
1416 2248
1612 9887
2196 3690
371 5554
941 4173
8073 4055
8287 7948
6114 8195
109 356
4734 8784
4883 1123
6343 1852
5925 5906
2932 2663
3256 3591
8311 9318
4765 1393
6541 9835
6337 9960
9782 4151
8952 1192
257 3200
9447 4781
2735 9030
4748 5577
6887 4035
8098 4403
557 5711
7541 8805
8240 9666
2185 1342
292 6074
5195 4290
4858 4879
1177 7834
2053 9587
7916 3680
8482 1543
6835 8401
7585 3635
9822 3271
7792 8246
5061 656
8461 5081
8395 1362
4643 6403
7696 5396
2824 4864
6609 6405
7719 8539
9793 6469
6858 2222
816 8931
6686 6658
3164 7046
3766 6650
3862 9878
8182 7989
1495 8625
9722 9575
1294 3037
725 7628
2398 8001
7353 2933
6852 536
3078 6763
2123 8577
2897 2297
8681 3548
3856 8284
7524 4634
7315 2718
2662 578
3431 7282
5899 2152
5325 1811
3086 7582
1210 3933
165 931
210 9621
5592 6147
1134 895
6615 76
5821 6372
3021 7138
8904 2826
731 8631
1885 2615
3847 7143
6787 7655
4850 8171
6521 9229
9453 3834
6820 9332
8550 1441
8874 1107
1809 6491
5333 3157
4506 6058
1732 5541
7038 7985
7253 3770
2628 5974
2870 1527
7515 5074
9741 2875
711 8241
2282 7448
8308 8189
8783 5073
1749 921
4011 8337
3698 6381
8078 3792
3457 1203
6080 2488
4032 909
7895 2613
9622 2775
188 5595
5945 772
2006 6657
2846 2874
4276 8713
6738 7801
9504 8028
2637 2581
6410 4312
6966 3866
4857 1473
641 9080
5664 7708
1429 3524
8675 3875
7920 8472
3980 5567
5361 1323
5074 2583
9136 2606
9111 9885
898 9978
9492 6665
9858 1419
4074 2483
5571 7406
783 3713
2445 790
8438 1628
7006 7460
2697 3028
839 915
6133 375
7787 7254
4216 5392
917 2359
7364 4778
4767 3139
8194 3604
3571 6944
1293 6551
4933 6153
2507 8941
2015 315
5487 2453
5733 3472
5322 4914
7334 1186
9939 5929
4767 8749
7383 8862
5834 5063
6444 5432
8160 29
6449 8991
3949 9814
5036 8575
5304 9626
6607 8516
5008 9437
2803 8927
4499 5905
5511 469
5344 5757
2256 6565
8144 4536
4225 9528
6517 3580
301 9277
2415 4293
2451 9152
6070 5385
3142 271
6519 9199
4998 6073
8068 4202
6157 9132
1278 1597
5899 4468
2297 5761
3929 4878
1209 9853
4532 2964
7660 4763
2641 5708
8350 9292
3492 8608
3737 253
7702 3875
9537 3816
2807 396
2365 3779
9795 3596
5437 417
2366 4590
1691 8215
3009 4798
6321 9961
1638 9256
9897 4694
9832 8383
3184 1886
7628 1955
9804 1131
5614 3976
9305 8039
1300 7425
9128 3085
3767 1154
6277 2651
6637 5299
9345 9598
6335 7281
7958 5896
5291 6038
3074 9565
1339 3521
4013 7067
4431 3949
3478 8678
3580 9902
6382 776
3415 7181
4002 4260
9508 7952
6774 129
8363 8106
6080 2966
1696 4085
1645 7290
4469 7540
5770 4714
4571 4869
7865 9567
474 5679
9105 7446
4052 1163
5679 4785
2909 5603
7952 167
8728 3275
6827 3425
1791 1636
8763 2229
528 7811
2800 7793
1870 8966
5132 1339
7287 8296
1272 3079
8177 953
7601 3806
881 7683
8467 5103
8863 976
8581 6131
8222 1235
4147 5765
3694 9785
5915 1713
3631 2585
4060 5710
1734 3138
1161 3328
859 8965
5790 4071
1680 2259
3848 8062
8319 7317
4571 9505
3222 2390
4391 9862
5081 9944
6570 1226
6663 5103
189 380
5842 2905
274 8193
1740 1824
6565 792
7584 2824
4070 6537
1650 6141
6519 3825
7041 2673
5824 6463
8926 4544
2186 8754
3944 4954
3349 1429
1465 6274
8439 8274
683 6247
2395 6027
1528 1479
4664 2120
6428 7294
961 2405
1776 5025
888 5470
6898 742
6124 8770
3464 6160
6219 1903
7677 2107
3059 391
1406 3741
9596 962
9312 3017
8373 4845
5044 9164
5181 1159
3848 6358
4477 3376
9683 7329
5864 2802
7849 7897
6380 4238
2809 5221
2126 642
6544 375
1858 9813
6373 4337
89 5147
5952 8050
7956 2964
9713 4244
5527 3897
9962 998
9459 7955
9307 4845
7292 3937
9698 5355
9184 9789
1022 1767
3125 4177
2515 1303
9153 3481
2511 8436
6480 1303
4887 5618
5409 3301
2485 3371
1089 5127
2855 4577
1562 8931
7338 8137
8952 6458
6215 3452
2127 6187
5120 5894
980 4943
662 1715
7394 7385
373 5002
492 6024
1534 8357
9932 8333
2988 5442
1977 3221
1618 7551
9902 7892
9104 6539
7430 5279
9615 1822
2162 3807
4067 5395
3055 7595
7336 7371
7632 8791
455 1514
1109 6877
578 4682
5695 5104
2226 4555
3481 2338
7651 604
3037 1735
6180 5276
9477 635
6116 9186
8742 3744
2736 4548
4586 1562
5814 9551
5200 5214
8701 3639
7162 633
2091 1531
544 1555
6106 6915
103 52
8423 497
1711 635
3837 5076
6704 6540
6629 7055
907 862
1284 2496
6719 827
507 4702
5474 8804
3564 4875
630 239
2759 2086
7426 4972
7776 5332
7484 9812
6867 1602
3258 8683
2922 7407
4230 2527
2818 6771
6976 9777
3989 5626
5828 5167
9847 9068
7608 193
3003 4899
7510 4950
8083 2722
2685 7806
8022 9693
3741 3255
8589 6862
2791 5524
6052 8427
1874 3293
9208 5729
4107 3684
8817 8723
9034 2483
4557 8190
3644 5422
6784 2367
5545 4896
2791 7540
6720 5330
2934 7125
7878 6298
2820 8392
7907 3008
6965 1114
5937 3644
3142 7386
4287 3303
1938 5380
5056 4096
1634 602
6534 9153
1975 8250
8304 1666
4895 6445
4877 246
6747 1406
1066 8706
28 2487
5476 3615
3453 7561
8440 9476
6457 1275
6154 731
1672 3918
7703 1164
7721 8372
7214 7146
8640 4929
6882 5756
7815 4288
6555 514
6704 4226
5676 3088
6827 3059
6871 3421
2221 740
386 2225
8809 2994
1051 9602
3805 4107
750 4544
8265 3822
961 1094
317 9508
781 997
1278 2323
387 4864
6049 8692
2456 8948
5057 8483
3604 2148
833 537
501 9040
7410 6571
5956 1885
6149 8510
3659 4693
3583 2769
8622 9047
1816 3599
3577 7204
1780 6534
3595 2876
6642 6453
6507 7763
5966 3689
3364 3460
7708 460
6126 3686
5536 2960
2000 7550
6399 2821
2036 3688
5763 4822
255 5853
6940 8454
5770 4987
2304 5086
7737 6671
1549 10
5581 9026
5337 4272
1247 7209
2828 7850
76 2609
9041 614
9635 5681
3189 7436
3208 1506
1711 7117
9712 4745
8212 8306
4209 5100
2649 9039
9108 3636
8075 1145
216 5755
3735 7681
3543 1445
3733 5482
3052 5432
1702 3269
2653 9533
5484 5130
8475 7483
2356 828
9976 3285
3978 9722
6312 8840
3810 5180
207 7034
2111 1135
2075 322
8366 6187
4390 2833
3347 4940
2185 8875
2183 3516
4731 9339
8386 8986
6421 2306
4265 666
8646 2704
7936 3327
3341 750
1151 9436
5071 551
7710 8382
2807 9184
2395 8288
2111 4152
8273 471
6432 9921
6518 5132
5543 8815
2135 1726
4948 5817
2535 3619
1270 7935
4162 9446
7849 5621
2470 6473
206 6709
5141 7156
2086 1042
318 2139
2048 5186
9266 3976
8863 784
7357 9456
8737 663
3690 8844
2362 5438
5585 9074
4544 7413
2584 4226
6207 2199
2484 5689
7540 4705
8352 2257
4863 2426
5227 8192
7541 5215
3640 1989
5403 8532
6444 754
1127 7790
200 2413
2030 1885
3315 4841
2687 1055
6734 3706
3939 4998
195 5559
346 2181
3931 6694
5066 6145
9188 67
9538 280
9782 8753
43 2093
4879 2657
9294 1644
5506 9751
4483 4948
4415 2996
1923 4554
4843 5345
8972 4724
4062 8510
1336 1770
7423 4751
4192 517
6163 6878
95 8768
8936 9590
3823 8859
7180 3783
4796 1491
1960 7862
2636 4384
4987 1935
4344 5856
8398 4036
9225 5920
9494 2075
9785 9911
84 1433
7952 1680
3935 6989
5106 6278
9238 5769
7931 7360
6739 7243
477 9346
9751 5497
8357 7902
2475 8280
1971 6312
8557 7463
170 1000
1452 7135
9602 2481
7837 6349
4500 9870
7148 1148
4284 5112
2569 6256
4688 1545
1352 103
4614 8225
7892 8386
7389 3045
2983 9746
3336 9129
1212 9151
1352 2221
1251 1898
6224 2537
6634 7657
8518 1008
9150 4790
2189 4939
8236 119
460 2318
9744 4785
6662 8387
2415 445
4434 5442
3523 8641
214 9492
4698 9303
4500 858
5923 2241
4607 8878
1028 3077
5527 2680
91 5469
5307 8363
4735 4464
5067 7350
2502 5915
9416 5434
9670 7292
1658 537
4046 9853
4940 6702
9688 4187
2114 9289
2098 2987
6730 7876
296 3104
2544 3267
6913 224
251 1412
9700 7497
8341 9985
5217 8802
2043 6866
7387 3646
6730 74
6218 3838
9607 7364
7128 8295
9716 8983
2713 9890
6001 3541
9017 7988
1076 145
6498 3990
847 5329
9355 5047
7505 6886
8013 1110
2389 1874
119 9639
5380 5111
3802 1992
4354 3557
9787 1965
6360 10000
7332 8814
5829 3917
9557 7648
9509 9269
384 6700
1339 3885
5120 6940
5118 71
9850 5656
3194 2056
1382 5704
6640 3353
9131 5241
9332 2003
7046 5220
334 3606
1257 804
8551 6459
3309 5799
1723 3120
6953 5911
602 1476
7168 540
491 9690
8722 9003
7445 3893
2953 1881
2931 9579
5404 7774
1556 6188
3681 1526
7928 9443
1107 856
9765 3148
3506 6517
9719 3573
6862 2895
4676 3505
7412 2330
1000 3542
1207 3562
195 9431
3916 1077
2951 824
3135 4219
9570 8605
7440 2074
7299 2695
665 8406
3262 5531
3584 7598
7723 2179
9541 5701
7808 767
8399 7349
3698 3633
1481 6808
1006 4421
9034 2834
1005 5756
6074 4389
8282 9216
1366 135
3075 8361
9202 103
8014 188
7528 4115
5237 8222
2132 9261
3879 6201
7525 6685
7059 7629
7059 9948
69 7396
6031 3244
2171 5874
4505 8107
4215 1542
5839 788
5586 645
4356 2585
5848 2057
8762 7330
9532 4979
6655 7387
7528 9014
9960 3261
8159 7017
7602 472
9050 6004
2727 4310
97 9087
8569 3831
6979 2540
2689 510
9907 1525
2169 8924
1932 2356
1292 409
2518 8421
1678 6699
293 6490
5236 9614
5123 8598
8851 2660
6917 6894
2901 3214
8798 6659
3911 5275
3947 3890
311 7239
4575 6288
9358 1087
6962 9047
4998 9268
1514 7864
3758 3953
7227 5684
4764 9187
3667 2438
7083 3371
8719 5726
3118 6722
7033 9609
7150 6969
7589 4461
8763 9322
8768 4508
300 5979
4046 7230
3439 9503
7850 4896
3472 3747
6394 2076
4244 1547
301 3367
1483 9416
5080 427
2884 851
826 8964
5635 8578
3177 2637
8043 7622
7564 8995
3007 1189
1429 1548
8793 9432
5157 947
2229 7907
694 57
4103 9418
1541 9627
4644 9172
8618 2275
3112 1268
8676 4738
5925 7513
8659 343
6020 6067
562 1332
8881 6348
1843 601
7742 9732
6486 9205
8244 9792
2337 2190
5109 2025
4697 1494
6253 7316
3959 646
7466 385
9812 7951
9397 2205
3884 7706
7130 6419
1371 522
9018 308
5157 6401
7223 3461
3220 6616
465 149
1827 1780
4129 3208
9541 6578
7055 7554
8570 3381
7639 32
197 4125
9292 3404
557 3182
9259 5311
3784 5808
2966 6447
4128 2439
8114 3172
3892 7080
8271 1995
3167 2444
8926 7958
8006 2184
9973 2229
5430 9995
8223 1524
1503 4683
7700 5368
3656 2123
7699 6267
2875 8337
9670 3974
9552 7333
8998 2917
7410 5645
4696 8370
5153 4071
1986 9996
9900 8511
3883 8692
9692 7582
1484 1661
3777 7141
9876 4173
5828 1362
4168 5624
4847 9806
7171 6104
8175 934
5521 9883
8122 5433
3530 3855
3998 7827
6583 4516
6905 3555
5344 420
9973 5548
4597 7596
4946 1129
4332 1558
1956 5350
3998 3223
6877 7974
8978 4616
2950 3408
682 8802
3622 3423
6590 4962
7236 1877
5915 8994
5789 2469
8095 4982
6311 6629
2329 5151
2097 8572
558 924
8044 7870
5752 7266
8649 897
6350 4999
6093 5141
2950 4015
9879 8407
7107 1247
1423 9569
3127 9595
704 854
829 3461
2326 6807
2904 3953
7249 6211
9951 4550
7588 7273
7196 2393
7977 9276
3978 7742
6253 2754
7420 2696
7691 7695
7079 8021
9326 9451
8244 5938
3108 1118
2615 5189
6473 9884
5652 1911
7068 4616
38 6743
3419 9679
6465 3469
5436 3991
1468 3929
5605 8535
6668 5465
6677 9789
9770 6408
8814 1438
4833 2927
4695 2468
2360 4713
2016 5331
9975 3083
1443 9466
2509 394
7207 21
416 7418
6843 2251
3026 8837
8445 3354
5681 8311
8402 3095
9101 7699
7905 3848
5263 5163
6056 3839
7578 9454
3481 132
5481 6505
5614 7225
6754 5950
5919 5558
4049 2125
2876 1706
1460 9648
8395 761
572 1257
4253 9947
3013 8325
3851 2299
6465 9692
3220 2642
6420 9203
9738 4697
7706 7457
4771 4040
9472 649
3832 1947
4653 7113
2950 2145
9950 507
9825 3012
7962 1292
9291 7053
4969 40
288 3110
2474 203
1994 5630
4708 6238
3070 6820
564 7004
5666 5615
688 9369
6549 3726
9027 4805
5956 8317
2247 7713
4935 6606
3945 3711
202 1727
7484 8324
66 2418
7430 878
6993 6558
2625 4969
6348 1409
4923 3300
9110 6285
4134 5768
4437 1947
3642 1524
6458 5452
5763 3172
5839 6163
4183 8869
411 7677
2089 2100
3722 2498
226 9099
2423 581
5381 4889
3090 6571
4895 6501
4113 7157
5505 6415
681 8511
9234 3912
398 7587
3383 3619
8078 5637
7316 2158
1522 2297
8780 2701
7286 5125
9886 9163
6965 4004
8142 497
9162 5846
4430 4457
6459 9360
5726 8486
6157 9550
5525 3849
7054 7896
2569 45
1335 9384
1062 2097
2872 3642
3347 7828
9482 300
3017 4540
7544 6724
7182 3590
7738 4531
3406 3054
7327 8934
4375 3278
9566 8283
2157 7058
1546 9127
7595 7783
2513 6858
3050 4237
4444 5569
1179 4604
214 5754
2294 8940
3351 6757
4651 1899
7890 2551
7499 5478
5101 2885
5770 3930
582 2850
9589 5662
9170 933
374 5622
3009 8042
7287 4721
1160 3332
8288 4502
8633 4520
1395 3157
8786 7726
7881 1692
2991 1378
1287 8647
733 5763
2562 5405
3882 5001
4501 9010
5741 3533
6542 3985
7534 4188
3517 8424
7623 391
6672 1546
8037 4114
4954 30
3379 5454
88 3986
7858 3522
8943 6886
9761 7169
2911 8484
3811 4783
6457 974
120 2707
4611 7134
6039 7813
7796 527
7700 4717
8131 7011
8402 765
8750 9119
4135 2003
2411 826
9251 1215
7782 6822
367 2885
8255 7392
7939 630
7413 2469
3737 3822
277 4449
2803 3250
3184 7382
9616 5346
9190 8869
6571 2235
9241 8103
2045 2287
779 2253
1158 860
1990 8386
5116 4840
4732 317
1432 378
5945 107
7393 8096
9644 7155
8647 3475
5322 5163
9798 1037
1841 8454
6485 5955
8987 6970
3105 4522
2565 5690
1585 670
6199 7807
9811 9211
9363 2637
6782 6277
1454 4753
4956 4391
7853 3754
3387 7981
7133 3293
4654 383
5667 4474
4637 9683
6980 4521
7379 7738
5809 9015
7345 824
3633 358
3343 3062
1789 1027
4796 6998
1583 2428
2065 1577
2283 7034
566 7834
3719 4700
8425 9160
8456 613
4291 6882
6980 7267
8690 1049
9408 7605
9274 3853
7489 1599
3792 4752
8411 3362
5954 8727
852 8575
607 2277
1352 7165
9844 6698
3832 1379
4138 205
2377 2641
1394 5670
2164 3368
1491 3069
1144 7276
4746 3275
5037 5278
6668 279
1848 4835
884 1879
5016 8327
1290 5234
1593 5165
3507 7943
1626 3384
6681 9846
2763 8732
634 5484
1094 1709
2332 442
8354 4404
8186 4454
2842 8302
5405 3236
8419 2448
9624 7911
864 3194
5437 387
3192 3821
9923 5398
1371 4180
3704 2130
8513 6911
5231 7548
2563 6924
1554 9762
8512 4083
14 2907
6649 506
7034 889
8764 1258
8070 5695
1369 5235
9027 6282
7290 7363
8184 1311
5758 8034
7395 7355
8261 1032
9559 9531
7351 7569
9884 2726
2902 5274
1008 3148
3425 6243
1410 6555
4777 6292
5280 6488
823 2831
9882 7713
7766 4685
234 4687
6786 7770
1061 922
2553 528
4247 6750
4627 4140
3973 2510
6552 1328
1466 8556
1297 3441
995 3589
8298 1526
5948 4589
7328 9558
45 74
7232 5712
6126 6735
1948 5396
1839 249
3100 9689
5669 7723
6449 5169
5712 6437
8864 3177
9254 1882
1708 760
2611 5007
1621 8877
7469 8314
7103 8515
6083 6548
4305 2681
8623 6161
2939 8337
4067 4049
8992 8746
6713 4392
6735 8540
5537 1509
9664 6500
8181 8185
5185 3508
379 5585
3251 28
3269 2294
5670 718
5282 9413
1317 750
2528 1609
5231 6872
7520 6069
8600 979
3560 6460
6110 2268
9414 456
5155 925
2676 7346
2732 6622
9595 7075
3118 4535
7134 3907
9355 5910
545 1801
2737 173
1052 2314
7539 7810
5779 6505
4007 4001
5990 79
1161 245
9211 1218
9530 3845
9091 5322
6886 7148
9421 6692
3260 5735
4732 8310
7832 4318
7925 3790
4686 6528
8499 4987
927 7051
4699 1676
987 5716
4637 6117
8298 1945
2283 609
5547 996
1863 7302
775 3098
1289 9651
918 1032
4153 5263
4467 3626
1910 1316
9964 8233
6982 8914
9442 4536
7660 8615
3640 4860
4274 7695
2259 6185
3809 1216
1917 9275
6363 7534
9833 3656
2656 743
575 6247
3296 9556
8318 6130
6184 9312
4441 4654
4672 8872
8710 9009
3078 683
8413 9323
4764 7630
1896 534
3668 686
1851 2941
3279 7727
828 5587
5662 3595
4823 8566
4458 3618
6500 2074
7545 2267
1164 6833
2966 2899
4961 9914
6100 1044
6087 1640
1924 3017
7537 7519
8234 5410
1958 7884
3487 5776
9739 1531
1529 8330
724 291
4046 4507
2480 6764
2982 8179
657 6594
7034 5678
1169 2871
3301 510
8353 4395
9334 3937
2659 6647
4159 6347
4779 7794
3957 8835
5994 6866
3474 3906
8475 9062
4492 429
2166 9305
1941 6892
6623 8525
4140 5351
9959 3913
3673 1870
35 3046
6694 5843
579 9364
7750 9256
1440 2723
752 80
1739 1824
514 2325
3193 6828
752 9146
9971 6603
3699 1885
1313 4188
9379 2491
2415 3259
5598 9098
4233 5203
2073 4238
2988 136
8301 99
8605 4748
5843 2801
9704 5859
8691 6196
3636 5480
4636 1873
9114 2161
7729 2053
7110 9335
5135 9356
9783 9417
2281 3238
4884 2780
7926 8927
415 9320
7247 525
3965 5719
675 7187
2353 2330
8401 6531
6076 2402
315 2091
6099 655
6026 1899
7911 9547
8509 9924
7327 5434
4275 6870
1349 7261
842 1473
9924 93
8835 3716
3270 9852
5362 2765
9294 6230
4865 8041
8470 2526
1143 9993
2869 7063
5430 8086
7626 8014
3749 7428
2446 4885
1349 3200
4262 2121
6449 2124
554 7047
1529 1869
1927 8808
5417 6637
1088 8592
7392 8679
2663 6696
3055 4104
5693 2707
4521 9365
1060 4086
96 9383
7325 5788
8548 1393
2863 4485
8768 5820
5638 3895
8093 8847
774 97
8164 3286
7108 7406
8547 681
868 8828
4976 5457
6578 8345
5222 7906
2998 8812
8241 8053
8902 3965
5162 5907
3403 2918
7022 8315
5223 3405
1038 3860
2660 5807
9786 3620
1577 6245
304 3318
7317 9799
8375 5440
9672 1102
8574 3265
2428 4987
4273 5795
776 4146
4202 5968
1066 7747
5357 43
8804 1006
7219 6715
8084 1469
9059 9494
3063 1365
7309 4692
7099 9720
6182 4632
7469 8889
7237 4316
2804 9172
3574 6561
3581 4320
6453 4740
4326 7038
9696 3757
2191 7357
1285 6098
2456 9766
9767 8662
3025 3800
1923 9230
3348 8981
3168 9816
4481 3163
4071 7514
8417 3473
6058 4994
2625 3657
5724 3637
2056 5375
7596 3424
4772 4428
5813 8368
2256 8167
5141 1519
3321 2713
8903 1984
17 3194
7622 7495
2321 2479
5358 1973
5862 3072
4345 5240
752 2399
3533 3460
6524 2657
6767 6234
8556 7727
5843 2360
1500 7761
8480 62
1919 9353
7710 7635
8176 3091
3834 869
2090 4086
7323 9499
7256 641
2265 2607
2418 1013
3640 971
1620 1041
2400 7555
6530 6386
8831 182
8823 8825
3064 1184
1819 9727
424 3845
390 9411
6793 1499
8598 587
3216 6976
1014 7779
3254 6108
242 5816
5100 7541
5172 7435
4735 7157
9670 6173
3006 7756
9219 4866
1549 8119
9299 2026
7262 8721
1621 1722
6745 3076
9984 1196
7680 653
2258 658
6629 5467
2554 3282
3419 300
9755 4335
7247 8576
4331 1190
4718 9636
9753 8966
2499 9907
7950 5168
7889 3395
827 352
2099 5662
6354 9194
1317 4941
2921 4367
1407 1045
6641 8583
4682 5820
7429 228
7501 7020
9188 9330
288 5389
4826 5474
669 9118
9517 8256
5306 6924
795 8900
6342 9857
8891 8162
5707 1898
8675 9827
7603 4760
516 5869
9819 9923
1736 353
4331 331
4514 4308
4940 2843
5481 9248
1024 9962
7202 7683
7984 7205
1581 9642
6986 6640
8332 8226
5258 8061
2683 8871
6684 6936
4541 4815
6928 4595
8457 2943
3803 7733
3329 4342
1872 1094
3512 1664
9651 7715
26 6704
3414 1080
3483 4344
2582 9766
9496 7087
669 3011
4949 5626
4569 1119
8991 7781
94 2450
6005 5839
2083 5259
4912 4708
1736 1113
9040 7931
291 5002
4988 1647
9018 3251
9271 748
2035 1135
2521 406
8490 1400
5479 7767
4630 695
3775 1447
3174 5580
9744 3554
3654 4474
1450 9715
7710 8318
2912 3284
3693 6519
7772 6019
8974 3123
6585 3716
413 1023
4093 431
1170 2589
9790 5086
685 2711
1573 6912
9827 7751
2220 5355
4707 638
277 7816
5693 4062
6680 339
3996 440
8742 3366
240 8003
2442 1686
7478 738
5149 6243
9787 1143
3174 6552
1405 4008
9043 1761
6921 9239
4827 8047
9236 8452
3396 9513
3185 7761
2044 9557
6312 9694
1393 3593
4729 7902
6429 119
251 7420
7489 8465
6397 8885
2473 7662
1507 6620
821 3480
2676 7893
8861 9154
9811 6266
9982 2977
776 6836
1765 3324
7297 8516
3157 611
8961 5667
4303 2025
8992 5541
5271 8110
8857 65
171 5150
4094 7376
1611 936
1042 1733
4856 7324
3275 7218
1529 3095
3909 8435
9166 7925
3181 7591
4681 87
3444 7112
9144 7194
9439 9127
4102 6179
8628 4253
8789 322
3633 3992
3878 641
1378 7372
3201 7557
4359 979
2835 7563
992 733
2322 5437
8942 6832
6301 3352
578 7432
107 3803
3604 5069
4852 5283
926 3656
4389 4462
7903 7950
5268 3731
2146 5855
9407 2016
2937 5780
342 8523
2346 8479
3074 6869
1783 7298
7281 298
8893 3103
3686 3510
8174 3986
3951 7231
5442 9361
7992 6811
2686 2945
7858 4572
9589 9932
7144 7507
3850 6024
398 8163
7764 3373
6416 2475
1246 7491
2357 391
5203 4968
5310 3641
5707 5675
1986 4323
8812 5433
7427 1639
4244 4702
2644 936
4624 9621
9997 52
722 4156
5247 4282
4684 1787
6581 184
9401 1041
2793 4417
5628 7400
7146 7927
7846 1241
5235 8450
129 8884
6345 5275
322 3410
9967 2857
319 2283
1166 3425
533 1469
5470 8088
331 545
1318 1000
3587 5554
2950 4863
3079 7673
3501 602
6642 6977
2469 1018
2991 58
3865 5056
9469 6495
8924 2911
1348 9044
1232 1629
7136 5322
4455 5405
7966 7922
11 1116
9377 9357
4909 4466
7475 5114
923 2949
863 4679
1694 6135
5419 3240
7578 13
5384 7263
6247 7843
7469 7930
7265 4224
5760 5485
2860 3403
2980 4623
8805 7744
7257 6610
1037 2137
5194 7979
4142 3317
1306 5639
1151 519
4295 9712
6279 5753
969 4188
9287 8244
5706 4248
1392 3644
5307 5379
360 3599
9364 1984
2954 5490
5008 4768
464 404
528 1657
5008 3949
3517 9299
2989 9394
9801 6303
2538 5611
7130 8563
9272 260
372 9485
730 4766
6274 8743
9799 7400
4212 4848
9663 4925
9095 4329
1637 5271
3778 9807
2992 9460
5953 1617
1225 6321
4595 5090
4679 3816
1532 6313
9291 9422
7734 8396
3384 6782
3898 3504
2006 6886
5315 7562
2765 6473
1771 9791
5395 6167
7047 6155
3860 9431
1659 1838
2600 8130
6095 5886
6869 4193
6630 6390
1030 5365
2860 7775
3246 8940
1744 1502
308 5185
9260 4821
1513 3141
9183 4941
4767 8400
5218 6053
3936 3797
3042 2008
5783 9901
1498 6702
4885 8825
8304 2909
9261 4933
1780 8629
6260 1892
9337 8279
5712 473
4924 1423
3368 4131
5020 393
8850 6561
8898 9667
4455 5270
287 909
5357 6381
2868 7766
3075 429
7594 1924
6966 7562
4180 1396
4569 5732
2194 9439
1572 5164
5745 1691
1233 8205
454 3944
6 482
4546 3191
3801 4774
5640 3899
4377 567
937 9579
4454 2214
1265 3515
6797 3967
6144 7779
7197 5972
7910 5126
1077 7048
1153 2603
3524 167
190 1577
5026 9847
3387 8716
139 8521
8748 8614
2131 821
8669 7330
3548 6244
1310 7854
6879 8169
3744 6619
7047 2222
6957 7699
808 4371
9035 593
6233 3632
1119 3784
1078 4387
6086 5088
6836 527
3456 7723
2753 2726
5157 9467
9606 3122
1290 7063
5041 9256
1326 8579
8983 47
6197 8336
2526 8880
6116 3547
5439 172
671 9042
952 8598
8778 4612
8221 3306
777 4817
8028 7288
3773 2786
9117 595
3715 5446
4320 1135
5248 2098
2382 9156
4440 4824
2629 8828
3459 457
6080 5975
1823 7234
4625 615
3388 8798
3081 6992
1193 3405
9314 8288
3627 9451
7419 5658
8836 1864
3238 7
2387 9486
66 6926
3611 7915
4780 9786
6951 3117
4382 1185
1904 4521
9816 1605
107 4955
957 6242
1072 1300
1862 5038
9133 9881
1162 9352
1465 536
858 5292
1990 8195
5904 5307
9014 4004
1039 8064
2427 2134
3709 4441
8063 3149
9144 6236
9281 9681
892 5290
7321 1524
4531 5064
9314 8863
3828 3640
537 1201
9899 6006
8985 6076
1266 935
56 2426
4171 9438
4832 5251
7147 3006
8463 9561
4921 3840
6026 8784
2879 9787
1408 9110
9590 6963
6588 29
2985 6560
5848 9706
8624 546
9637 4147
8533 3503
7392 9256
2046 4973
4310 2190
8345 9129
4205 5441
3562 9266
5162 7942
1862 8914
3037 9025
9408 4218
3937 4452
8923 5177
3385 1519
6053 748
4513 5918
1854 619
9608 4529
9871 2002
2749 1112
2248 2497
6074 1539
1467 1604
9421 5597
6761 4294
2618 3061
7089 7330
1221 8792
4928 2721
738 5658
4934 4881
5712 3325
6054 4437
7822 9092
5754 209
4223 644
3566 4953
9172 7946
6328 3391
1512 5547
8537 6327
6531 2009
1120 4085
7327 4257
7643 3183
6391 5980
8748 8980
4630 1149
737 1105
5947 4557
1844 68
291 8487
3407 3012
6426 6974
9072 544
823 9486
8093 1362
7780 9004
5547 206
6903 3154
8757 3379
6366 9517
9806 3457
3883 831
7908 3812
353 5699
9075 2262
6611 7418
6430 7873
4496 4206
9681 492
4351 7336
7665 3853
3730 7950
5055 3710
5933 8964
4675 6687
2855 6487
6933 1541
590 8691
2885 8468
6466 8723
3384 2320
2510 4953
9508 3149
2939 9004
841 2686
208 4790
8069 5369
639 5038
4372 187
9113 4567
9272 5906
839 3874
2959 3721
5886 4680
6593 1496
4035 7382
8876 1182
7901 2781
493 920
3852 57
7402 4625
7469 5170
1411 7193
4115 112
4423 7395
1458 7503
9103 8088
3972 2178
1733 8354
859 9463
6925 6512
9252 5579
3811 8219
5552 8384
6514 7360
942 4327
646 4969
3221 1420
2242 2052
4197 278
8804 464
1585 9823
9585 6902
8759 4379
5421 9623
5700 5220
2627 1788
1948 1715
530 1632
3799 1296
655 3109
7853 7397
3717 8664
7778 6490
7067 2354
9913 2892
2552 7801
6712 5480
7838 294
261 7618
6471 3538
9770 7977
3676 3549
3089 421
8279 8181
4029 3090
984 2557
7045 9155
9280 6086
1547 8656
2739 1940
6741 1176
9257 9070
6149 2677
6447 9299
3546 8491
1165 3272
3763 3604
3827 3513
8756 9792
4719 7681
1216 8799
9933 5305
8225 6583
6502 6987
842 4920
7146 3283
6666 8917
8508 5373
55 6696
4294 5520
737 7802
7172 4056
2645 3729
2776 92
4386 1529
9732 9138
9687 9784
5390 7413
4150 1522
6300 5738
2339 1439
7209 6138
1128 1171
9428 9747
7432 1387
5362 425
7346 7592
5498 8972
2258 6573
7911 1953
7683 7203
2714 2298
7225 1683
7688 6983
6705 9739
6005 5046
5565 6170
674 2851
6266 4880
2374 9685
7930 7366
9788 9864
8623 4840
2229 3173
7721 4933
5719 7646
5033 5384
9005 2855
4080 3241
502 427
2391 8313
3551 3345
1519 3824
1786 9274
3953 2989
5809 5499
787 7193
7536 2890
3347 673
4068 975
4937 1485
6528 2670
2577 6058
2930 3766
1569 3347
2650 1133
846 5345
600 9745
7213 7460
2304 9582
8053 3417
6161 5010
4834 6377
6711 1406
3285 3881
7273 7
5132 7002
1444 4109
6997 1532
9094 7704
2336 4609
9189 3422
5086 4390
8830 2862
1598 7767
2162 834
7762 8528
7533 6795
1157 454
9928 4842
7526 5815
3877 740
7651 2751
6426 7442
3577 1406
4315 5050
1021 4695
1032 5813
8968 3213
6799 9542
6767 5028
7306 6676
1111 3431
1339 2114
5335 1116
2755 9230
1743 2930
1683 7158
9142 7213
2832 7389
6749 6275
4450 4600
7916 7153
4398 5487
6108 859
5279 896
5102 6800
2141 7721
7087 8569
2923 7331
9631 7836
5914 6173
2766 5767
769 114
3385 6780
6168 2316
2532 1180
2448 2531
3924 8210
465 7143
6517 5420
7322 2822
8673 3606
223 2926
2931 9703
6583 9922
5207 4436
2720 2865
5620 9222
3464 6538
6121 649
8216 7898
827 305
6311 9424
7400 252
512 1206
2930 6997
9468 5945
2318 5362
7590 8601
3306 543
1589 5966
2415 5374
9117 7074
2804 2663
2518 3956
559 434
8534 5741
6572 9056
5689 5747
6140 1522
7455 4389
5983 5128
9749 6059
4737 6302
7430 5690
4866 7559
3708 1169
6318 1872
9227 4104
4627 8361
8910 4247
9783 3193
5309 6154
7751 4987
1419 6819
3892 3080
4234 6578
2736 7531
4731 1915
7478 7389
9509 2189
8600 7814
5948 8027
4638 8689
9222 2123
9252 7493
4119 2345
2540 9677
2214 4017
3681 6010
2435 2123
9183 5638
9196 7145
135 2728
4872 2642
8346 319
4671 5746
442 4866
8758 9323
5055 6333
443 2530
2846 5398
2075 1389
1211 4849
6471 2669
8507 3850
9493 8081
4320 7588
622 4023
659 3508
6796 2578
174 3130
956 3508
4245 4955
7402 6987
3947 2137
8572 6967
1406 9741
1473 5263
5666 9266
1925 9153
2450 9790
5787 4487
4422 7613
6921 9456
7906 2051
7380 610
7933 3530
1235 6816
4139 1528
3312 8075
835 2791
2239 7380
5773 8704
8627 2259
6334 6066
5371 4057
7902 2636
4777 2188
2767 3465
8207 7004
9368 2328
8584 3466
8454 7218
8804 5928
7528 6981
1031 8054
6134 8816
7531 1635
447 7520
9689 7167
4800 5717
4378 6946
9205 4684
1179 1752
7021 5374
5950 2261
6375 2039
9677 2739
6358 1495
3134 5687
5797 8758
3179 6040
5188 9607
5878 4557
243 5962
5252 713
4240 4490
7149 8792
2800 148
1023 8391
3416 7105
3420 7930
7377 8426
4904 8379
4722 7961
3684 5241
9708 8390
6457 675
8724 3580
6797 8009
2832 5041
5343 6906
594 933
8216 123
5338 2467
5877 965
8058 8356
3191 3391
7665 4000
1965 2600
6059 5779
9918 8771
7865 3281
4703 5030
3665 266
1103 7416
7398 2905
2599 3395
2219 2735
1171 8957
2207 7493
3609 8856
4131 7011
4601 6694
7332 4969
5399 4790
4773 3842
7774 2073
5150 6015
4087 7391
6382 3274
8005 2890
2780 3759
8373 1926
4579 8322
3760 3215
2592 8001
9892 7735
2424 7942
8795 3013
4570 1949
642 8193
2175 291
254 7062
4383 146
6659 1530
9359 9988
3818 2805
8291 8705
6277 944
6561 8505
1305 9189
571 9744
4172 1468
1782 4217
2261 162
9905 6072
5651 2642
637 6670
8805 3910
6641 2481
5420 2476
886 6132
8962 8890
8785 7548
3271 7093
6644 5250
8195 951
3072 145
3018 5764
5833 2120
4952 3031
2352 5119
6714 7793
3208 890
2962 8006
9982 1540
9917 286
5882 9106
3646 2033
1577 3667
4282 9692
7556 630
9881 7722
9488 7905
999 6934
5374 9207
216 9823
7507 9473
7587 2387
9640 7407
2875 8687
4396 6809
7483 1741
8660 2748
7544 8075
7218 8498
4146 6935
4467 3031
5209 2288
7507 9541
8697 1223
317 5599
3890 2440
5809 1780
34 4267
5740 1216
4784 825
4300 3053
354 8180
2922 9257
994 7401
3425 53
9787 4654
8414 9803
1431 4513
2006 5544
912 3585
8906 1040
4893 3045
8342 5895
1663 9789
8869 9668
1118 8555
6475 3442
1014 8328
8375 4445
275 8202
7365 4284
5615 5718
1271 8226
7910 1812
1997 6578
2834 3848
6947 3581
2223 922
1833 8456
957 9745
7346 2855
7851 1727
4196 5257
867 3861
1226 1440
2033 3597
61 2000
5444 9420
299 4138
1544 6037
3837 3171
1840 570
4688 64
3963 2873
1349 1648
4773 8398
8292 4094
2516 466
1189 7500
2470 8137
8259 4756
9177 9256
4469 386
6090 6263
8543 7021
265 1774
3691 9207
2392 3954
9013 8590
2029 4792
3328 2171
9104 3198
1648 4533
1966 3686
6213 3603
3051 1199
782 4216
1647 539
7512 7841
3498 7949
3120 769
2772 5092
6849 1587
2574 781
8245 2313
9592 2936
2072 4527
645 5194
6087 7835
4313 3630
5700 27
6997 123
530 7327
2362 9438
8021 9754
4385 5661
1316 4329
4225 7270
7232 5373
2571 3810
7432 8464
3702 5383
6052 9158
477 4764
997 2199
1027 6490
235 4456
3731 5040
1393 1353
5043 8320
5550 513
6020 2281
2928 9622
6501 6075
6695 9868
2047 2266
5829 7282
6784 1704
9519 7913
3567 7491
6505 8778
8738 913
52 6881
3420 97
3843 8853
9445 4779
7555 6434
6130 2324
4424 7512
4551 9443
9019 8024
3772 4407
4670 4649
9131 9275
5224 7905
6613 8976
4804 7967
8794 9375
4131 2333
2473 8179
5991 9984
365 7802
2113 7359
8085 1711
94 8307
2528 725
4023 6276
1661 2985
3016 2342
7346 8098
8884 2476
8284 8356
9946 9598
3431 2695
4168 5921
2268 869
6129 1922
9018 1136
8681 9099
3250 6887
7377 5286
4376 4028
4752 891
2705 6651
4466 1462
3970 5364
3451 831
763 2929
167 7958
9461 3990
361 9109
3774 7211
5987 1178
9300 716
7839 5313
4413 7522
1956 1470
2025 292
1170 651
4264 2181
8153 3724
1597 1956
8394 5872
2303 6917
1947 6243
8230 2232
7992 2353
9191 7207
2630 1182
1385 3088
4344 7782
6790 9392
7322 5456
862 7434
88 6160
2285 4673
2005 5955
7059 9656
6194 251
6265 5821
796 4613
9594 5718
6486 8803
7032 6966
3152 6317
5980 2230
1265 5369
2176 5837
3161 5007
1142 4221
3626 5574
2050 9399
5260 8362
5244 555
862 1838
2867 4841
2730 44
8099 4328
3359 5376
5904 1103
5276 357
2027 2078
1507 5096
6353 9399
7412 9
8866 6714
6461 6927
8026 4733
807 6913
7530 1394
5153 4025
3681 5232
9529 2286
8206 4463
1840 6772
7791 9552
4107 5029
9125 5771
5788 313
8814 4414
7678 315
9083 1050
4838 1727
3245 7702
5072 9824
6642 6519
7528 628
8139 6835
7998 4394
2784 7433
658 4530
9894 9824
2405 8403
3993 4417
7907 8161
9323 1259
9357 1266
5436 1246
7605 766
7241 5920
8679 9073
2896 7564
7634 336
9107 8563
1491 1397
6009 9922
6567 533
9359 1576
7159 5358
510 7930
317 124
5793 6190
1621 8327
7166 9177
7614 3587
6719 2463
6747 4565
6482 1014
3345 4777
7084 2252
3070 140
6513 5599
6386 8350
314 3657
8861 2624
4955 3595
9446 3914
4441 2835
8698 3026
1847 6884
3307 3857
529 2632
3587 1834
6853 7633
8673 498
8004 3008
1533 5837
504 5338
3603 8075
379 2392
8844 117
2432 6820
1731 6667
8416 7187
1412 9304
8880 6141
2908 9492
4545 6198
3654 9772
373 942
7572 9416
5691 8188
9074 6423
5655 8543
3697 4518
1869 5339
2968 8303
2032 6388
3688 2756
8810 9009
5301 1977
3171 1126
165 2836
1032 4030
3289 7198
3541 3471
5532 2063
2545 7230
2180 5716
3007 7595
8387 1015
6817 6119
8474 7771
8410 7175
9147 7344
456 8077
7637 3679
7256 252
5201 9334
6674 1965
9610 3598
8070 3111
5516 7307
4492 7116
6629 8509
1009 4447
2013 5003
3384 3827
4542 7193
7606 8427
7196 7461
9265 5151
1205 5288
1492 9412
1150 4153
6516 4098
4789 1783
451 4017
7352 5065
1589 8558
8866 5082
9635 3764
7795 402
1536 568
255 4436
8640 5071
7339 9669
7522 8575
3673 1440
4448 6941
555 9008
4166 7750
7246 4068
6319 6057
5652 621
9253 2594
6071 5211
7042 9996
3943 9563
9340 6341
6519 4509
9051 6988
4686 1019
484 6196
6881 811
6194 613
8866 4875
9449 9348
2714 1792
3011 9688
2948 6009
9085 5459
5421 4902
4208 1541
177 8894
5226 3429
3189 1494
5210 1271
8798 13
218 5584
4776 3174
1629 3108
3266 4378
7019 7453
8353 7107
8049 7501
1373 1016
2516 233
5131 5830
2283 99
568 6403
209 9588
8801 3812
8158 2640
7415 5464
6462 5591
3963 2795
1951 2181
8389 972
6235 3244
1140 1939
5078 2971
2712 3655
9087 8856
5507 2539
7060 1192
1186 3947
9144 3489
545 1479
5805 4131
2925 53
6005 1045
9852 4296
6683 525
2222 6176
2389 8308
5381 4319
2995 5693
6234 530
6936 6472
223 9263
7317 6161
9557 5208
5905 1586
7014 2126
8377 8106
176 7742
1690 9497
7798 3926
1951 363
3550 4245
3398 1975
4474 2278
9495 9244
2819 3679
5379 8573
1248 8126
198 6564
4529 4549
1027 8338
4596 8324
666 1528
463 1235
2887 7552
8158 6568
6236 6755
3098 1318
9641 5317
723 6876
1888 3384
2661 4846
5706 732
7133 8382
1866 7113
5248 70
4067 1610
1707 8474
8689 8077
330 1533
213 7119
4776 7939
5123 1036
9439 9937
4045 8851
2439 1740
2835 7569
100 6269
1556 3040
6868 1434
9125 5056
7256 8696
9918 5169
1536 5705
7484 1166
8407 2906
813 9870
3749 2178
4250 5104
3153 2650
9353 1963
3954 8195
4586 4749
8572 1462
900 1240
9291 290
5784 1765
661 8319
892 6451
1323 6655
8125 1657
2551 1858
7020 9688
9203 2676
3888 8741
97 2210
5604 9087
6881 2778
1382 8739
4335 9769
9112 9200
1795 3682
5996 6792
1520 4073
946 4084
1808 8197
7399 1225
8619 2525
4251 1368
4143 4364
7367 3539
7612 4990
255 4110
8193 1901
7281 1908
3439 2445
4259 8747
8467 5423
8767 2444
9355 6546
4172 5366
2999 458
4614 1493
7727 2717
3660 9809
2514 4025
3433 678
3804 4821
8331 6206
624 5974
7182 1134
7411 6576
6770 2751
2696 8454
5409 9538
5136 3847
6671 4373
5873 7264
26 1434
6545 5732
3709 1658
3107 2429
2400 3915
584 9150
3375 8745
5961 2506
3561 1528
4267 8865
6819 4705
464 1780
8317 9746
2650 8905
2533 7852
6107 9378
7368 6460
4957 5756
4940 2285
9722 1444
6804 3068
9451 4824
91 1087
6119 8525
6878 9618
632 3087
3185 2923
4332 7313
2028 7152
9872 229
2765 5843
4183 9153
1736 3762
3945 1832
3815 5450
6246 8126
2575 7132
3821 1861
5259 1556
4764 3256
9633 8129
625 9549
256 4429
28 5721
3161 7003
8379 3377
213 2039
344 3152
6048 8202
278 5576
4798 2583
2635 1854
7129 3757
4569 311
5175 7889
9855 2305
2110 6667
1590 7250
9345 878
7838 3684
2950 1691
8885 6327
7856 56
4544 5301
1942 9956
9558 2712
5566 6376
231 8133
2980 7794
4472 5826
7870 868
5334 4677
7973 9131
44 8044
3179 3094
2758 9918
724 3564
4989 2726
1225 2236
33 1978
5515 210
8065 234
3428 6355
1263 3180
8581 866
5332 5325
3670 2743
1089 2230
3321 2947
6878 8998
8036 9560
8025 2339
1638 3154
927 5215
6516 3968
8749 6018
6049 2969
5589 5876
4604 9652
8061 8701
5029 2116
5531 3179
8903 9864
9736 800
1353 9218
6393 4870
9837 3732
3816 1861
4121 3411
9626 1824
5555 9403
4884 3217
6696 8467
6162 9701
3134 9194
8717 1085
4153 5065
6431 2344
3916 6781
8729 3372
3910 9245
5114 3755
2761 3518
9363 492
8944 78
9940 2224
3477 1094
5130 2010
2978 9398
2217 6803
7882 4158
9541 5438
6379 5867
1145 5374
8442 8095
8619 1697
9750 9332
3687 6741
914 7667
1915 6519
2958 6960
9762 5778
4031 3465
3947 9858
7412 7772
1720 9304
3742 760
4715 682
3341 289
9298 1543
5864 4273
4218 9769
1897 859
492 909
4611 1151
7690 9419
8857 2737
7269 5265
7232 4128
6062 2581
4286 5795
1593 5704
1889 6875
4106 407
3734 7071
6393 1101
5897 4479
1823 4025
7953 13
8720 345
7882 8499
5022 3455
8813 4537
8865 1185
4306 2973
915 5251
3506 2343
409 893
2521 7527
4530 4141
8493 8116
3151 4564
4143 6080
1044 2254
4192 3888
3590 1156
1695 7390
4916 8882
737 457
3248 5196
8053 6098
2125 476
7823 7158
6278 1843
4719 1231
3455 4136
1440 5034
4337 596
5612 9698
2989 5581
9642 7487
1024 2304
511 2734
5961 9073
1793 3249
6574 2641
5575 1499
3143 4601
8594 1653
2269 5250
8486 537
6491 5685
5867 5537
6149 4071
2855 4411
3449 879
3358 429
6956 5131
4902 3146
5243 2958
2837 8560
6671 6695
3884 1691
7254 9652
1824 9008
8947 1702
6484 6090
6611 4411
7234 249
7931 4461
3015 8666
5506 2139
1487 6647
4561 6521
8942 7902
7181 996
8951 8479
4589 4222
4170 3295
5279 6914
3875 5411
1710 4232
2393 2420
2558 4340
7624 6595
1595 8143
9635 1580
5629 1255
6823 1169
3463 6837
4627 6941
9397 8939
4695 6082
813 3780
4790 5403
7602 9126
6613 3955
8802 6359
3618 5120
2994 1034
3210 7310
5732 8659
9691 5478
4589 666
3064 9463
4092 1083
1510 8380
6559 792
2417 3113
3293 7694
416 8274
3156 9284
8340 3552
616 8635
2934 1552
3882 9097
8453 6558
2074 6938
8280 5530
47 2990
1854 2496
6301 4212
8664 5806
4170 2809
4495 9952
8724 2524
7645 89
1906 1081
8110 7457
1961 6633
8150 1708
9347 1232
7945 5964
7278 6636
7192 2517
29 7124
7445 5719
9997 5934
1997 6668
9143 5216
2191 9027
7110 1313
279 2812
4087 369
3336 8826
9850 2973
4920 7670
4645 7745
4997 3220
3563 6274
1590 9336
6965 9226
3153 732
7001 2343
9512 9541
2189 4096
7757 5170
3159 7449
636 2493
552 5765
9111 8459
7007 817
3289 8148
8446 4971
1125 6531
9141 1812
8978 6153
9526 5489
282 8238
527 5482
4117 2100
428 3858
4008 9373
6800 5237
9369 1005
3622 7885
3129 6282
4354 313
425 3251
2692 4359
3999 7510
961 181
7226 2830
4788 7920
2952 5161
1898 6482
5766 6414
1791 8156
1693 1847
9835 3594
4273 2425
4946 7345
8850 2265
4463 1761
4390 2440
4041 2977
6881 7606
4215 1308
9938 4576
3265 739
6368 3241
5886 3436
8019 4649
8302 9583
5645 9094
3159 6922
7766 2625
8255 5883
5571 2228
9830 6125
6821 6156
3653 9717
6752 8220
1329 9404
4610 5415
3439 8504
6223 5572
2043 343
4130 7025
4803 1705
8800 9513
7970 8035
3800 5425
3425 8228
270 1127
9319 4151
2583 6060
621 147
4942 5931
1593 2933
974 4540
2833 9856
5264 1282
8130 3074
1505 2247
8228 4178
216 1865
7739 9747
2167 738
1266 8860
9011 742
9004 8626
6386 1670
2630 6052
7453 9681
7835 2051
7354 9532
1154 1122
6184 6245
3100 9160
3112 5439
2791 3949
1177 1956
275 2620
9079 3044
7690 1373
6686 3148
5188 7508
7032 5820
8305 237
1570 3124
6644 9814
5129 9141
2271 7563
1 6002
3408 3631
7802 9049
486 6305
2247 2882
3496 2262
8688 8544
8474 672
2210 2394
1527 7801
6815 9509
8066 592
8345 9592
8077 8893
4287 1344
6168 8840
5360 9330
4967 4323
3022 9350
5158 136
1161 8382
2329 2260
7785 1839
4618 7267
2283 7533
3493 7937
9828 2911
4137 9908
8407 952
9975 4138
3043 7016
3918 2210
3172 1130
5549 9435
9549 5780
4202 9268
7756 4722
9417 3634
624 2777
5076 8143
3085 9353
637 4112
930 3406
4288 8763
639 9810
7642 5738
6163 8633
2762 6475
1340 5513
5452 5844
9707 3442
2781 4955
636 7474
1381 1390
4136 2548
5592 8113
4543 5568
5902 4810
7934 3636
4304 461
4995 7661
1130 7400
6691 589
3536 1130
1892 3351
8557 9746
3683 7145
2828 1670
604 1364
6936 6218
9446 1560
3617 4877
6049 9856
8308 9380
7469 3155
9704 2562
324 2271
1491 7852
5663 5594
4720 2209
6307 7079
9689 2183
7135 4545
586 8587
8171 1432
3476 3647
8336 3009
6256 3610
8484 7461
2313 984
3310 6496
6614 1815
3296 9699
1773 7932
7663 9555
6336 1940
6617 1004
1403 9561
4537 5940
9985 7293
1492 7566
2166 8948
2486 7985
9525 261
1823 5932
3659 3176
5668 3752
2833 6895
6076 6411
512 4325
8242 1429
8687 6070
9875 4551
2906 4866
4297 3285
1042 2325
488 7029
4310 2656
2574 6654
941 4335
545 4078
7214 436
4497 9853
6892 9231
1139 6387
2732 1471
2068 5662
2553 9515
6036 5681
8677 6827
9555 2523
6832 5153
8725 8490
2198 4180
7763 5397
1267 3818
5827 9123
8760 6878
8079 5465
4119 7970
2705 934
5826 6680
7642 4270
2833 8570
2190 6075
6020 7919
6824 7857
3142 7000
2730 359
1681 5961
1084 4194
8959 9097
2400 7387
3673 140
2071 9576
4282 6669
6243 4829
6907 9767
9557 4463
7055 9681
5905 3057
7038 7959
4824 6417
5700 2860
7656 2210
244 8324
4888 6989
4148 7514
7715 9182
7807 7715
7453 6303
1276 417
124 4857
6113 4975
9833 2180
3808 266
538 1112
3205 1848
3519 5104
5015 2875
1197 1858
6260 4309
4656 1092
117 8170
7986 6682
3606 4360
6413 8480
1059 7789
8943 9311
2876 320
9286 6551
399 2020
3812 8696
2526 5181
6648 4779
1337 417
2704 5580
3437 6157
785 6061
5437 1610
9424 5201
5237 1562
649 1813
7787 2332
8411 3383
6802 7257
2833 7132
5717 4944
800 2581
9624 4835
9382 2091
3486 324
2536 3319
2145 7311
766 7913
1049 9113
4316 4080
1107 6253
1287 9087
4860 1836
3578 9993
7288 7248
8192 8241
3912 2037
6675 7916
5558 7296
6021 1640
9931 8210
3275 1331
5332 6822
9715 586
4067 4127
1532 790
7638 2729
3768 6751
3257 6956
7200 2511
1173 2623
6281 5256
4596 6673
8791 7555
6555 2448
6707 6248
1934 7635
585 5957
5416 7396
539 795
2858 8097
4694 728
7164 1969
2936 8879
4573 2753
6843 56
1313 7206
8855 9621
7494 9728
7518 9618
7270 5798
8672 4687
7874 8195
8934 8739
796 8338
9266 3872
5333 7686
1840 2921
1250 4377
3240 9159
1439 5856
244 4243
5169 216
6091 6344
4262 2888
7446 7191
1886 5342
3950 9396
8338 8776
8727 8292
1112 474
1918 9889
7451 6644
6757 3835
1390 3007
985 4900
3664 4580
478 4727
4631 3026
3467 9011
4469 3858
3652 1303
5842 1878
2863 7411
2506 4117
4448 3605
5704 7512
3270 2873
3216 9942
4854 2562
590 7294
3760 2249
432 71
9255 2265
4335 7293
7433 5899
2245 7004
2548 1008
9619 994
8484 2376
9667 8264
9744 6891
3394 177
6143 1630
2143 6936
3088 6288
6991 5102
4905 8341
891 3786
9941 2078
1119 3517
3873 4715
674 8365
5736 3036
9513 6439
2123 6389
9631 8426
2917 2765
4646 829
1029 3918
4584 3690
2406 985
155 5527
8650 1474
9498 2890
8226 3095
2853 5665
8213 232
8947 4620
4987 2455
829 9188
8621 3074
4139 3664
6136 1161
1347 1684
9627 3816
4873 3814
4717 6896
2022 1567
3210 8560
7157 2527
3548 1074
2074 4650
6712 4143
8300 6365
2321 9925
1344 3771
3809 1513
2448 6061
7113 4900
7010 9740
5222 2254
5274 731
8013 2524
7169 4749
7074 9057
5539 6175
5533 6327
8527 3846
9406 488
4160 1650
3655 7170
7260 9852
7074 1498
9471 3847
2519 8475
7168 7939
792 1766
5609 4378
5861 4080
4843 2428
8504 1418
3216 4191
6121 6153
7296 7837
7767 9354
4154 5418
3763 9572
371 9901
3209 9445
2505 4445
9384 7668
1980 2949
3850 8534
4698 1789
7712 7255
3668 7137
1791 244
2429 3812
7868 9033
2957 9154
2981 4867
3497 7046
5221 4756
9437 4956
7376 731
3932 8420
9942 1285
8797 8355
5165 3731
686 9992
1911 3369
507 6625
4754 9723
1751 7961
1624 8163
1654 3932
4719 5006
9679 570
3455 5433
5610 8624
4848 5545
4256 5992
519 606
3088 8352
7013 610
3638 6809
2054 2498
5795 4671
8277 5115
6781 4171
6718 9560
8202 8214
8713 9183
5325 6330
9497 9826
400 7431
897 2172
431 6340
7015 1263
7727 4527
4219 399
7441 6228
2644 1370
4556 4692
1827 9929
9664 2278
4552 8049
5337 1195
1443 8273
3666 8030
3176 576
7594 3614
5860 2745
9715 1869
412 1428
5614 3430
6219 7030
7339 1352
5740 509
7564 6190
7586 4264
1945 7445
2526 6992
6709 9055
1423 9802
3417 9981
6212 8330
3089 1459
9654 5142
9341 1527
3120 955
5860 4683
1927 9579
6408 7392
4571 6142
117 6229
715 9707
6484 2421
2681 1137
5177 965
1452 2194
8546 9210
2782 6006
3168 5949
6782 2517
1976 3984
8029 3320
3483 9829
9900 8047
4593 1682
7009 4148
8839 851
3406 7023
2998 5408
5366 7573
2062 9850
9847 7840
3269 9538
2941 3164
7042 3154
7656 3015
7100 2471
7809 1776
550 8760
4782 7412
2945 3277
1868 3743
6029 4658
3745 7029
6250 835
1275 6271
6563 5967
2823 4048
1284 7718
244 5878
1575 6730
712 2953
3832 6603
4948 2858
371 9488
8860 7460
1772 9236
2681 4628
5571 9761
285 7081
9531 7177
2730 7239
7645 8742
421 4239
5901 9444
5866 8269
9976 273
1880 1739
5443 4544
8494 3816
487 7978
5474 859
2645 7888
2715 8846
894 4551
1422 120
7184 9418
7353 8102
4150 7062
8884 2651
4569 918
8586 4540
1485 5581
3615 3503
9737 2855
608 5739
7404 5430
8060 7394
5963 7565
9766 196
6199 4940
5832 3931
4897 7900
7140 479
4555 8675
6370 4795
4044 8569
2592 592
4302 4910
6758 3335
1884 3626
5012 6417
94 7625
5322 1812
3863 6443
3693 8205
5851 2227
1891 9143
8659 5890
4504 4831
5036 8661
6696 7641
9938 3359
724 1387
2382 3973
5740 9804
5680 764
2003 1703
1170 2136
6174 5294
8328 9056
7918 2149
1357 3198
3267 6010
4169 347
7002 5711
6873 4113
3825 4233
4298 320
4978 3844
9737 9817
4223 3315
3982 5904
6370 5356
4363 4195
5634 8313
4298 6858
4800 2090
6658 7366
178 8605
4066 206
7292 6491
2412 4333
5708 8036
4600 5484
148 1786
160 5693
1231 5492
6019 8030
7150 1443
997 9800
7175 2434
1008 6450
2259 2804
1471 8305
5064 9113
1626 4736
7991 9535
2807 1609
9561 7678
3832 7141
3983 1677
2478 8385
7988 1902
6534 9751
1021 6161
3462 4970
4948 1489
5984 1759
480 8995
2592 7490
1040 1590
2532 365
1193 3791
3070 9864
7933 7569
127 3202
3093 4427
6973 5845
5428 6118
4770 2817
3753 2726
416 9410
6508 8830
8418 5572
761 7997
5417 2061
3721 2050
2997 7605
3860 2233
5459 3792
3893 2169
4904 7113
7016 98
9146 5241
8242 6213
2479 5833
8419 5707
4676 5168
3986 1890
9583 9197
9927 9066
2037 8603
8935 9966
4206 2818
7601 9597
9324 7479
1051 6779
3129 6743
4612 2424
8571 2349
7661 5446
3000 6473
7263 2861
5549 840
5330 226
1896 3752
8989 9320
8681 3966
9034 3000
1232 2527
6283 2089
1548 4038
949 2771
755 6638
6414 2683
2437 5803
8479 1687
177 5186
3153 6142
3489 6957
7832 2931
3800 2986
2932 3797
6258 9946
620 6609
3327 4035
5989 3805
3825 4423
5792 6980
4724 1226
7386 5028
4177 998
4531 8693
2395 6794
6758 2991
2537 872
1586 733
1082 9019
3777 7974
726 6033
3102 3434
7789 2803
9208 5311
9338 6908
10000 9818
6229 3803
1262 7546
3732 2513
8346 8370
9336 5322
327 9726
965 5731
7945 4476
6780 1646
6291 5647
7341 9641
5307 3441
5453 164
5573 6293
7287 9091
922 2029
9604 1689
5966 7638
1330 1833
5117 4273
2299 3740
4243 575
9754 9495
681 4184
2529 4197
5239 3572
1176 5045
266 9043
1490 734
750 303
7913 1445
9496 9575
1852 2196
8333 518
4567 9329
1229 4933
850 5963
5098 2918
5558 6460
2734 4602
6406 1699
2111 195
9536 4078
3757 3725
5708 8090
3664 8717
2789 2880
4659 5366
5326 900
3831 4577
7285 1636
8125 4187
2565 3556
7084 7411
2352 3886
5536 931
2265 1530
2155 453
1174 6234
6437 2655
949 123
6436 206
9531 3424
6097 4751
3309 1829
8844 2903
1215 952
2821 7379
7096 562
8585 9704
6724 7450
2449 5220
5498 3856
1966 6157
9137 54
8650 5621
1614 5884
8895 6844
1026 4549
1416 701
2506 4489
4336 1722
5214 2110
304 4319
1073 4227
72 2765
2767 1252
1127 3979
8597 5664
1882 9074
6956 4771
7670 7935
6186 2377
2693 3104
381 7780
2850 7033
2739 6221
910 2727
5908 3359
3105 8902
7815 9277
521 3403
355 8390
38 6085
8365 2339
8289 7365
8923 2607
2940 4409
3416 3176
5751 8792
3260 222
6463 2499
2913 126
8098 5295
4380 5486
752 9444
2275 3430
3096 6439
3416 6503
4137 2172
1367 4015
2417 3037
1490 7182
6009 9617
6743 3380
6585 316
4407 463
5924 4541
7034 5381
9588 2399
3896 4804
974 6356
9109 6016
2130 3626
8169 180
8820 7337
9879 8542
8886 6231
2253 4142
8253 9917
9748 6050
8833 8868
7646 4351
6238 9956
9108 7610
1568 3278
5305 769
5156 5347
9614 5470
8281 4758
101 1922
5415 6859
7739 3608
4377 3323
344 5526
7062 4999
2756 5611
2673 8924
169 7828
7189 9540
8308 4456
8715 4426
9992 3122
7270 4997
9471 93
862 3272
5537 6207
8824 4535
1039 4990
5953 4175
1166 6701
1127 4106
5758 1984
3301 977
2391 7498
2831 1397
5639 8289
359 6210
5434 5005
8227 8600
2166 2693
8686 5721
8580 3013
6414 5037
9748 1165
6614 2622
6633 5203
8329 8949
7145 239
8529 532
1020 3976
5509 1921
53 8016
3861 2706
4180 3083
4349 1552
7215 2834
5133 7217
5144 8507
4028 9198
7895 5054
7123 1398
6556 530
344 4099
7253 6392
1681 6579
9365 4729
2310 9073
4989 1518
1235 662
2811 8964
7077 6781
3218 7475
7324 6311
9031 3024
8045 3163
1729 5795
2606 3107
4204 3158
567 2749
2430 155
1581 9204
8342 5819
4420 9412
1629 6675
1303 4167
810 8032
9508 5957
4431 512
9382 9288
3459 1290
3803 328
2870 3222
592 156
2396 6349
3314 4398
7023 5816
1234 4276
7403 6818
2095 105
1485 6651
9239 9692
6012 6283
5765 8679
2478 7207
7312 803
7480 2168
2071 6421
3866 2100
2658 5666
1557 8014
674 2298
7273 6249
4830 9439
4512 939
5625 7572
7596 5324
2490 2255
2766 4880
7227 3695
4809 6042
9053 8257
322 610
9001 9106
9636 1435
805 5761
7817 1078
3559 1166
8210 5570
8811 5578
6423 6125
5025 3035
8087 5968
54 9414
1367 500
5225 3616
9416 6823
5323 553
4477 7423
9492 976
3343 8164
9898 7234
7363 8059
8188 8756
5060 7662
3659 2418
3024 3170
2503 9373
24 5339
8840 574
1644 7383
9421 6793
6866 2928
5611 3271
5388 7569
1716 6426
1510 2847
2396 6392
6396 2774
6135 3266
5988 9564
1315 8361
272 1123
4593 7282
4214 9972
2234 1057
3242 5222
4890 8013
6133 5671
8083 2627
1662 2489
3988 8599
2373 9509
2550 3966
3765 1454
8132 4757
1738 7426
6441 9137
9838 4396
6801 2328
8249 3958
8670 2742
1701 3767
5391 7332
8018 2449
5891 699
5037 8996
2547 3465
43 850
6122 855
5575 9380
2158 5509
8437 8212
779 7603
1194 734
3584 4384
5240 2546
2166 8808
4005 3924
9145 9715
484 8431
1361 52
9572 1311
7626 214
5762 5661
7713 6719
54 5090
7913 763
7945 4505
2733 798
4674 449
8485 3643
6744 3357
8329 9301
1293 1400
287 4267
8398 3738
3831 65
4261 4653
7311 3374
5728 135
2104 5055
2092 4387
6836 6846
9744 1785
4640 3881
8488 5933
7292 8974
4234 2966
721 2634
4362 3396
5673 2990
4937 7807
7512 2957
7335 1394
4270 5212
6098 8701
9821 4019
4853 2783
2231 2459
2257 9771
1678 1714
6040 5254
2231 6242
944 5415
1095 4809
638 640
2585 1856
2709 9360
235 9992
4468 8139
9679 4692
2155 9427
9608 3880
8327 8336
6740 8720
2899 4418
7814 7601
7221 501
4753 3295
1631 1148
8857 4407
8669 6417
4795 2206
4496 4533
5182 8559
1723 8972
2526 1826
6466 6896
4649 3291
5835 7119
4153 9712
1518 1703
5741 6528
3480 6790
781 7864
8506 2709
2352 4685
1726 8871
6369 8075
2905 6297
2972 652
4943 5332
1085 9951
6263 7078
5403 4742
7903 1711
1069 6613
4987 9999
3803 5750
6229 6656
3791 3170
3448 3931
9991 191
3491 7800
6856 559
2255 7735
7892 437
591 5042
8503 7510
9065 7578
3965 3580
281 9954
485 2554
3711 4094
7316 1069
6320 8099
4269 8781
8536 1424
5912 5557
2813 5619
1503 9055
7288 113
784 2859
3506 5899
6081 64
9290 7512
2703 3986
1542 7691
1115 6476
8776 2864
6900 3541
266 8569
6697 6853
9251 5351
9372 4829
4761 8133
2944 3586
9987 9514
5660 308
5062 5656
7141 4413
892 1037
9688 7166
4415 4969
2744 7479
760 1061
2434 9691
8183 8861
6946 7776
8265 7967
2091 8845
6445 3522
5840 9542
7629 9138
9556 7888
8323 670
9381 1912
5999 2226
7791 4274
2043 5416
8212 8503
5473 3964
7188 8612
1068 3056
3656 8965
8207 1702
8899 3390
8433 7090
3746 6739
1805 6069
9208 3730
9339 8656
5226 4766
9474 5875
8435 2154
7584 1524
9595 939
376 5109
839 7761
9467 5655
9262 4033
2905 9830
3348 7432
6550 8489
7648 5134
310 6847
5918 4595
5826 7124
7415 6124
7528 6692
7692 1249
2688 6481
4888 3655
3420 7640
5653 4629
4161 1758
8440 4137
761 6521
8087 2263
9645 92
5326 8624
4932 1817
2550 2391
8717 4009
4714 8142
3340 7192
619 3070
166 1378
3928 8389
7574 9759
4519 6210
181 1670
8814 9265
6787 3710
8561 27
6490 6201
5698 7719
9396 1201
6714 7702
9100 9150
7310 2590
6086 9779
6891 3953
7916 2952
4158 6666
478 6522
4549 4757
5023 5742
1188 8492
8215 8642
6340 7638
1523 6055
5036 2380
3879 521
2173 3719
759 276
5662 6523
8878 3059
8684 9280
3561 5823
3042 7188
9999 9133
5098 9344
6813 6515
3416 483
267 5934
4360 3934
4988 6143
1301 86
4007 5452
3170 3842
5727 5593
1567 1738
3665 6034
1440 482
5120 5263
3947 8265
7837 4348
4508 3723
8981 2940
2200 2714
9938 6125
4844 7556
387 9245
2952 8874
2087 4521
6993 1844
7952 4707
9828 4642
3380 2965
1880 5408
3026 2507
4489 404
935 2511
3051 9047
7654 1919
6478 2537
2078 9695
2615 4173
710 1521
8335 4863
3210 8692
2811 185
931 3089
7867 9003
5353 6987
3122 7741
5953 7238
540 6457
3345 1647
7022 6673
5162 3001
8874 9943
1840 3952
7482 356
6823 3348
6858 1420
8613 7566
2209 2456
9947 4126
4439 3179
7678 142
760 3425
1896 5983
4812 50
2145 1852
4724 7143
1066 9874
3918 4935
4212 3392
784 6802
9783 9982
1059 7334
1677 892
8790 9153
8954 3276
1649 2048
8088 571
1014 7744
9940 7147
7360 3171
3439 5439
3567 9329
1454 6392
2769 8111
4342 6210
9086 6325
8918 4164
1065 869
4042 9882
6471 761
4240 3826
5381 5935
1652 2730
6138 5730
411 977
3568 81
7413 6557
7354 4646
8980 4447
1212 5897
242 7244
3003 2131
1209 6543
8504 2549
5384 2552
3695 4707
8058 4305
2075 1750
4632 9524
4336 1418
7086 3334
3392 2476
6250 4047
4563 5538
2372 2910
8647 6350
7998 4398
3544 9351
8712 5014
5423 3218
1684 2655
1908 1592
8222 1554
3924 7250
3427 3396
9265 23
6778 7916
8706 5626
3220 1560
8345 9106
4835 7824
4110 450
8551 4024
9560 3397
6481 5334
8607 2250
7668 4763
9545 499
9288 4528
8238 9329
9067 3226
5348 2138
3170 8139
7 8997
2186 4292
8229 3563
705 8047
791 3993
6783 2017
8749 2942
8810 7272
8217 539
5409 8902
1284 7170
108 4999
6916 6178
1679 2598
4114 1686
3493 4138
1992 6961
3989 6769
4557 8980
6384 5433
6033 323
1708 9837
1271 567
4424 4979
878 6376
3514 5708
7955 4512
9941 9173
3949 5488
4595 6056
4886 5525
5399 1542
9163 2553
9043 6416
4995 1645
3972 1319
9137 4248
567 4671
3923 4441
8360 2186
8796 6559
373 2008
9175 3688
5530 3544
2221 2535
4781 8677
3294 8733
3706 2538
638 7988
2521 4804
6564 5846
6177 3742
8958 738
4405 9069
9614 689
3208 1627
1643 4792
7371 3236
6208 9363
7966 5674
4761 9709
8634 8862
2650 7644
3036 5550
7146 190
2624 8957
2906 1512
3115 318
4357 1851
8753 7717
8194 6327
2957 233
9113 4320
685 4293
5320 8454
3119 6632
3046 1465
5960 2201
9980 840
8109 7603
2687 4775
460 8075
4559 9807
783 1240
4505 6073
938 6110
7275 2658
698 8308
4225 156
538 1147
4194 4015
6911 9651
1079 2972
7833 3054
2042 1270
7632 6487
1460 8846
6009 9815
7820 7374
441 5912
8395 2666
6936 4960
2907 1107
8094 1363
5046 7522
4305 9417
9447 3441
6297 9289
872 586
1201 6338
8998 9713
7732 4182
3173 5106
1778 3566
4443 7016
680 3196
4232 4619
3491 5497
1361 7803
6893 4663
9446 5744
3602 679
7731 9158
3629 5001
5409 2884
4336 201
6507 5708
7098 1312
6470 6221
396 145
8246 6200
6871 6274
2018 6392
8119 9342
4137 5751
8563 3505
6060 124
5084 8984
8418 2098
1957 9232
9719 3681
5915 2255
8329 1545
2005 5226
7218 1884
5446 9625
73 1443
7108 6491
5021 7046
2671 7713
603 3968
8688 4468
8956 8060
8847 6461
4896 12
5774 6724
6618 6391
2847 5258
5514 523
571 2121
6596 2596
2951 4935
9844 9463
1610 4446
3603 6130
5734 2542
5058 5800
2849 8907
5634 7517
4952 4346
3794 8206
7690 6412
8901 1005
6652 9153
8996 4034
8017 6402
4442 4936
5843 6317
7533 8249
6108 9667
3879 2634
8648 2421
4729 8313
8525 8164
2334 4330
9436 1731
5706 1667
5261 9487
2904 5409
8330 8458
1519 7442
307 9436
4897 4583
1886 2330
1627 7472
3803 646
4564 5521
2185 5424
9000 4437
4840 1780
9773 5264
424 2810
5883 5408
5581 8535
6637 8565
9369 4831
67 6406
389 1509
7496 4521
2875 4148
2992 3622
7897 1308
6866 5289
168 1532
8030 5316
4221 5442
4558 5496
8477 118
3065 881
4309 9516
7758 775
5642 869
3334 2689
3988 1555
8919 9558
7753 9433
3407 8777
5088 9290
7588 7977
3230 9673
4806 6823
4988 2306
8343 4795
1122 6862
7602 488
1143 7836
2540 5004
5542 8002
7272 230
8783 5677
8872 6612
5697 5304
7263 4851
8241 5881
3535 5334
9481 2940
2066 1870
1967 2869
2674 5736
6166 8359
9019 622
6903 2314
8963 164
8509 1440
3051 5483
897 3299
5327 4076
2696 8138
578 5445
5888 2909
7095 5635
6157 1723
6464 8219
3150 612
5060 3875
4621 6031
2815 9942
254 2607
1147 9904
5948 948
3370 3912
4073 7600
4377 6270
8876 1872
5994 5474
443 6264
6129 6920
728 4509
4912 617
8523 7679
4146 566
9770 7486
4618 7160
6471 7774
6633 8726
6591 3408
9195 1744
7755 9394
9914 226
1737 7757
7020 4582
3155 2490
5744 4789
233 5728
1136 5942
4412 551
4786 5395
6742 1183
2993 9840
1123 6503
7240 2668
5122 8040
9538 3773
2761 6917
1914 4152
180 7820
369 6312
4771 2368
9860 9020
9327 8805
3582 2146
4196 5177
1343 549
4812 1105
3140 3757
5882 3729
6890 1405
5147 8903
6626 1045
1286 9922
9088 6839
9022 2856
6402 1511
6109 9165
591 4260
7351 98
1920 712
2672 869
4207 3120
5949 8501
2690 9936
1900 6398
8219 602
8428 9297
7014 638
3036 9424
4741 3663
2663 6299
5039 9941
5042 4205
1910 2156
4793 3184
8996 927
9397 8195
8719 1702
2022 9886
7024 2616
7484 7545
5123 8181
5716 4936
1675 8965
5962 2755
9377 7512
3037 5830
119 371
1030 4414
9152 7017
6037 9950
9815 6137
6198 1557
5816 2766
8697 2910
1905 1548
2959 4917
6291 8113
5294 1724
3887 1132
8109 637
778 2796
2030 7399
8163 8866
6108 4901
1983 5990
6024 4929
2554 3981
9965 8925
984 270
1340 7397
2259 2527
213 1861
1062 1102
7654 3779
1581 1773
590 6210
5218 4553
2791 9935
3857 2769
5223 2002
6381 3374
1752 8352
8406 2621
2816 7049
3875 769
5995 126
5437 863
4205 7262
4395 3501
8005 2824
7646 6422
1018 7950
3579 9309
6944 7131
1075 9640
863 6808
2666 8559
522 4551
6002 495
8332 9889
9476 7001
8525 5607
7911 3913
6910 8612
8065 2733
2031 3398
512 5851
7547 5804
8504 3277
1287 9534
3520 9030
6793 3253
8229 5257
1467 2828
480 2612
4007 4532
9842 3968
1804 3999
9544 442
2465 3143
9261 7085
6112 2298
5737 738
8087 6944
5151 7333
8022 7681
1306 9436
4788 548
3051 791
680 6777
6650 3224
5881 5592
8548 8095
602 9487
167 1211
8254 9052
6901 6595
1175 8993
6672 7431
9539 4658
3303 7501
3837 1300
5762 3316
4274 1782
9220 4920
2522 4198
9870 5426
8330 1031
4528 1827
7800 4078
8056 6559
6560 92
5837 1885
9558 3640
5803 8258
4211 3851
9212 6949
2221 1670
280 42
6142 9738
5250 4277
2400 5635
1769 3095
8291 5107
2575 3250
8992 4096
4029 7284
6205 1044
5681 7228
7795 8729
5046 8706
9681 658
8168 2599
2812 6888
8322 868
1872 2781
4602 3594
6569 7336
654 4114
1985 2671
1742 9552
6973 7024
7175 9452
1358 1794
3149 797
3308 7339
9886 1854
3830 941
6769 9662
9072 3315
5720 8322
4766 6604
6248 5850
5151 3046
4440 4718
2524 3502
1308 5182
6703 6588
9094 2419
7291 7699
327 1579
5318 9274
7389 9001
1210 5275
2921 7422
4999 7315
4466 4965
465 7732
8803 190
8618 4606
9807 7637
9500 2434
9030 2795
1129 2553
3382 5699
4794 5041
7622 6395
5610 8222
8920 4022
995 7378
3740 7422
7073 1372
1449 1218
5319 8001
8952 2815
262 4749
2205 59
6884 3224
4323 8915
382 8856
6263 6159
6170 2968
225 3853
2310 2124
5622 5608
3367 7332
4865 2923
1341 2529
6360 4129
8314 6584
3873 4142
2620 6077
5380 5732
9562 9137
6140 6025
3884 9828
9768 5157
5391 3636
1737 2955
5543 1197
3124 9212
1117 2606
9061 2604
1796 5980
2216 3252
3585 5406
9101 808
7427 8689
3605 44
9166 8389
9881 3259
8600 1699
3994 3852
7243 7285
9123 2610
372 8166
9478 4578
2162 3773
467 1511
1750 9923
3668 6910
700 3343
9897 8114
7216 1794
2575 1354
9068 190
9660 7068
2056 706
7669 5701
5695 959
7662 5496
5954 6365
9959 647
1029 6874
6255 6528
4684 8079
5347 5586
46 5348
8646 1523
8680 3522
3515 5309
8697 9272
2056 6079
1288 4340
2633 906
2709 7944
5394 7864
9589 7546
7662 5221
7546 1442
8703 1616
1560 2297
3544 8546
2442 9244
1499 451
7111 6528
4315 3422
1330 2509
828 465
8307 8366
2727 9241
1890 8629
3802 3217
227 3592
4585 119
4564 628
8651 9661
2229 9459
9898 3255
7253 4175
1344 3689
4077 3700
2902 1892
3963 9773
6922 7044
4081 3869
2712 4495
1267 1378
4124 6406
7901 1706
4697 9909
2793 3211
7359 8544
5873 6163
4667 513
7354 6450
6539 7745
8039 2685
9964 165
345 8208
413 4020
4418 2576
4127 7354
4728 2138
60 1648
6490 747
7960 5941
9151 7349
8382 6347
9560 1377
770 3149
6280 3518
4989 1629
3288 4429
3130 8658
6380 8609
8239 6050
402 3506
8966 251
2171 8030
2571 9802
2833 3815
8738 1412
6636 789
9766 4976
2831 7774
1823 3225
6843 6940
9816 3573
9084 3979
7243 1641
5308 5213
5049 7180
9359 6484
6952 4809
758 6241
3116 8288
2722 2343
6914 5489
6490 8759
3667 2975
3042 2431
5404 6333
7303 5373
2878 3772
3023 8361
31 1005
8272 4077
2623 738
9242 8137
1327 9895
208 49
9461 8991
3030 1955
2508 6275
5775 7430
5955 5490
2734 1427
6472 4732
6635 940
698 9913
8009 7119
6605 1456
2774 281
8053 5090
9007 1277
8276 2609
4079 2283
2337 5596
1170 8601
3562 5939
9637 830
3360 8102
4174 8152
1260 7505
5549 1871
6276 851
956 1845
6618 4360
5547 4636
4934 6707
3850 7234
9988 5576
8112 9387
9002 9986
3762 8878
5861 6896
4283 8274
8448 9511
9156 5947
920 6679
4850 2003
248 248
7879 6919
7059 3255
5588 3861
2675 683
5277 7204
1138 9864
2463 8581
339 6413
5828 6114
1931 1733
6647 3085
9093 572
5102 5337
1921 4518
2994 429
5322 6409
6048 1209
7192 2970
3166 8223
2366 871
3368 3003
5347 784
7714 757
5610 7927
5348 8486
3411 1283
4620 3760
9744 3506
7577 6253
4120 2972
8498 5909
9659 8478
1320 3509
8122 907
5707 7494
1321 9620
5888 9032
9779 3226
233 7999
3744 5377
5389 2549
4152 3679
9012 6616
9840 2509
6203 7387
5739 9326
4149 7941
7932 2563
5997 1882
6804 3057
6557 4437
6470 7264
5403 8369
7753 9256
5441 737
2359 9523
8205 6111
1002 9374
2209 6290
9795 4663
1802 5312
9096 9078
9710 6655
4673 3199
6338 670
1515 6326
6583 4650
3996 210
1907 7107
10 6847
8802 7911
8746 2949
2757 3242
6369 8687
3664 4985
4599 7712
5334 2456
3629 330
8752 8955
5960 4326
3370 6375
5031 8727
8088 2804
7962 9420
5888 9594
1645 1008
9186 899
7583 4999
7404 904
9981 1191
1646 761
106 461
7834 2860
7676 6485
4048 5142
5450 4816
4071 2552
7562 8144
8010 8109
2858 9043
9121 9414
8462 4711
3569 734
1988 1008
7657 8646
4594 980
6040 636
76 3433
2614 5107
7738 8244
4930 8883
2875 223
1297 4574
2731 2224
6434 5558
3065 2770
4757 6195
3845 78
3624 326
7514 6533
5316 4529
6550 9538
1607 1986
7692 8400
9634 5881
8114 9302
6193 5769
10 9544
9154 5726
5368 268
2995 4149
8873 8985
3317 7339
6254 8230
9303 873
9355 4279
5263 6816
5302 9681
1987 3962
2634 8402
9422 248
1300 3914
2609 6445
5926 2085
2839 5510
708 8983
1861 1784
8458 1239
7854 7522
1026 1774
9168 168
4477 7775
8825 4418
8256 3775
4734 5868
4772 8393
1878 9073
4718 9790
766 8286
8794 2119
3712 9463
7495 5851
4130 3094
7734 9700
2863 1934
9985 2908
3697 1323
7242 4963
3175 7388
3386 1140
7108 3857
8201 7652
9636 6421
8184 341
1206 677
1942 6675
279 7055
7421 5227
115 4229
1157 2732
3724 6931
1252 5283
3963 8226
9024 8864
4040 169
8799 3371
9966 6941
7503 8504
226 3777
4198 6117
3362 1040
9174 3543
9025 5594
8779 635
4740 9451
5486 8813
2059 681
269 7035
8593 2157
6528 6352
7302 751
3608 2459
5562 4701
5893 9419
6680 4481
8895 4717
7204 7062
9381 316
147 859
1983 7701
7435 2266
1578 8330
4527 8623
1810 9990
7182 3992
4264 2980
8906 4456
1875 4978
8368 1705
1307 6431
4958 9567
8188 8959
7793 7381
1570 2735
4809 5230
942 9874
8695 2890
373 3140
8740 2181
1414 584
594 1938
6956 8139
2392 8533
8457 6786
1623 9821
2877 4565
5385 5606
2256 2824
2013 1319
8171 5125
7884 5418
3290 5446
3824 6995
9737 5678
8880 6400
4013 9708
5470 4423
9722 6207
10000 5250
1731 5612
3399 534
9168 1810
5896 4876
4071 126
169 3341
1584 313
1258 5703
6964 9963
744 1722
5424 6003
3456 1677
2349 3417
2137 4688
6452 765
6594 4031
1597 5594
1726 9581
6056 214
4675 4502
3944 2640
4817 5679
4034 7776
9848 5220
1015 3102
2526 2327
2187 2329
6528 4089
4107 489
178 7680
440 5675
2331 6914
5651 8161
8403 9537
3585 7290
6869 7043
4500 6809
1359 9153
8897 2831
5450 6086
2286 5858
2907 6756
3203 1800
1209 7944
9833 7636
6703 5222
5686 8226
4067 252
537 2348
893 842
7701 8736
7292 5295
4672 7235
7694 555
4863 7727
6032 5209
2032 8677
6770 4410
3931 2241
8837 1259
2124 8408
9600 3439
4678 681
4829 1514
2880 3244
760 1200
5007 9744
7649 4207
170 8114
4329 880
9853 4640
2001 3116
5715 879
4010 1504
5408 1488
9525 1999
7131 9689
9053 4227
2928 458
8699 984
6145 2079
9261 1355
5327 9626
2165 7380
8111 8271
9221 6961
9767 624
3810 4531
7338 1031
5046 2056
5813 3551
3106 7036
78 2455
1852 7257
2772 6002
9085 6709
7990 5021
7854 5337
6943 5862
8452 4387
9216 4502
6773 1903
5864 5255
9289 8938
1874 6960
6031 4174
5730 9954
74 802
7894 3818
4267 5341
9098 1765
1467 3952
275 2117
9570 7431
5550 5564
5094 1421
3609 4948
2985 8204
445 383
201 585
3044 2127
2107 204
8225 6525
7408 8411
1047 1356
586 6859
8199 8977
4005 4278
159 4837
9496 3353
9289 4818
1104 4944
6308 8065
5405 5378
1527 9693
2435 4875
6438 4032
7061 7974
6412 2665
595 2516
9626 3651
6579 8005
78 5500
4224 7173
252 1786
8031 1349
7588 1614
372 3298
6325 8587
2573 2000
6730 6279
5312 439
9811 4123
6316 6722
1709 7361
2257 7819
2402 7178
9470 1075
7936 6910
4547 2147
5234 8298
1770 7673
8383 486
5166 4452
8350 4229
5148 417
9511 9899
9096 9691
1380 5251
8530 9643
4560 1644
4340 231
4350 7390
8038 6134
9036 3431
6046 2774
3611 1068
8252 2812
559 7515
4382 7407
1174 6972
7946 260
3733 241
9372 9398
4897 762
5701 433
9661 4174
6727 5535
3043 2075
7403 1818
9547 338
3941 95
6340 5543
5449 8927
1466 13
5577 6452
7100 3428
4197 5205
1589 8247
7103 695
4615 8353
7413 1738
1272 5018
9206 1879
7273 8673
4070 1956
4365 3717
2471 4266
6595 7375
9970 7546
583 7447
4823 7991
5545 2362
6690 4772
4071 5395
2083 9125
9627 2294
252 4765
4750 791
3061 8923
9779 6379
5790 5680
9481 6486
7093 9493
2255 1728
2984 4296
8310 2738
9826 2803
1959 4952
6815 2894
1424 1219
4948 8901
7041 2497
9106 7258
6863 9094
8869 5003
2290 7540
3784 4070
7110 2604
2263 2797
8447 6444
3944 6228
5548 6011
1586 3786
4743 2329
2075 3661
6505 1864
4230 5750
7321 3626
6489 9220
6965 2277
1221 8514
2272 7617
5303 2084
1274 826
1636 963
1501 2746
18 8969
7786 5171
2585 1345
4085 1765
5420 6119
2654 8999
1711 7182
2795 3622
1434 6833
2895 9910
2198 8462
6837 1307
9863 9370
7197 8032
6851 6039
9172 4163
1143 9328
1070 8666
1705 7992
9240 2843
6289 1621
9808 6878
7553 6459
3068 2792
1092 220
8630 6402
9105 4208
8772 7450
5431 9428
6972 4938
4633 5375
4962 5717
2180 2650
8643 2883
3313 5899
9521 6728
541 5098
6032 7709
7407 3208
3889 3379
2133 7066
8680 4984
6260 3581
4248 3326
8123 864
5346 6979
8332 5012
3065 9407
7608 3447
6626 984
5825 9062
6894 9739
5324 422
1760 7068
9705 7994
1967 9738
2494 3940
4851 9548
1607 1334
8326 6994
1529 3079
5482 1263
1520 8438
4762 6635
668 8903
7792 6580
1304 5222
1628 3682
565 5940
334 4672
765 4517
637 4721
6824 2645
9160 4867
7399 6522
6404 592
7557 1966
3087 7173
5737 8146
3765 4790
9457 1223
438 6814
6460 6584
9280 5877
5414 3533
8842 5196
639 1462
9978 8492
5940 6156
9183 1622
6087 7256
6076 5540
9787 3036
1391 6116
1984 8818
3167 9455
9372 2480
8959 573
544 2249
2600 3865
3816 3247
3057 6768
3077 9521
6005 9984
1384 5825
5239 7429
6847 8749
9658 294
6570 9655
3825 4864
845 9293
7978 5313
910 2286
1029 8656
2683 8145
6297 4167
7068 9166
6060 6854
8412 229
1827 7706
6092 3304
6453 203
3023 2300
3724 5732
2783 6202
4066 4102
5841 9075
9848 7193
7925 6136
1454 8035
9933 9332
1046 4590
8263 7416
5718 9430
4206 8143
5743 208
4853 9402
8045 7633
9447 1743
2477 6245
7481 132
1511 3434
3312 8402
3919 3053
3946 8865
727 4908
9704 7449
932 2287
6593 6360
8347 6183
2388 8705
7167 8909
6438 157
8924 8653
7360 8840
8115 5789
4980 9236
7961 8079
5806 7417
6781 6112
5089 748
2033 9686
9709 5552
9468 9027
7475 2385
4168 1513
5750 2785
4508 603
7814 4716
598 3818
2700 3860
1582 5332
2068 6344
4546 8770
1147 6817
7584 1010
3634 5189
5393 990
3992 1328
9887 3498
9281 6482
8226 5241
3176 8981
5832 2137
5555 8209
5021 4571
9292 3365
6577 760
898 5943
2920 5948
3160 6650
1871 1754
1590 2777
8018 2755
29 9306
3567 690
8303 9343
8857 1227
1276 1627
8609 300
9624 6611
7012 6028
6081 8292
1261 5416
2956 9931
6585 5042
4095 322
220 1452
7184 8296
9840 4231
198 8767
4806 3235
7577 8823
76 4810
9962 7005
8754 1428
2811 3178
1141 9016
8439 9501
6138 2749
6996 5791
8546 2046
9193 8834
7286 5974
2711 8829
7418 1441
7992 3178
6351 3278
4627 7592
7275 1780
46 8501
1355 9582
5749 3831
1084 7404
6081 790
6768 1235
9290 9086
3998 9359
2227 8574
5868 481
8273 8166
5294 8445
8472 6123
5935 9123
5324 4500
5976 3523
5532 8796
7901 9078
9135 7735
548 3876
6746 8821
4554 3465
4117 117
9252 241
1051 4066
4807 1395
4846 4485
2891 2586
33 1412
5881 2530
5485 7961
2541 8968
2546 6474
1574 9109
4575 4356
2189 1549
4889 5667
7571 8004
6247 4271
4446 9557
4333 4492
7096 2342
4213 9999
1457 8480
487 827
2506 1054
9847 6715
2517 5060
7100 1009
2654 4656
1863 2247
4812 1016
2321 9891
3329 4794
1797 9679
5760 7672
3355 8387
626 3768
7321 283
2181 1801
3311 2971
5302 760
7702 8407
7981 2748
2636 8182
8117 5990
2853 877
919 2941
8226 3605
9243 1633
6844 5616
928 4575
5601 9596
6595 3145
3946 4526
4581 1872
7486 7190
1674 7186
9564 4875
3322 700
4527 4707
1311 481
3233 5007
6290 9987
4856 4816
3853 1826
3315 2742
1816 9031
5923 2724
2305 6082
2625 1163
4244 1453
4446 2770
5373 5679
8090 8145
2206 2217
2314 400
5235 8012
2733 4672
8324 7234
7354 8009
4244 3154
5225 267
3986 4313
7616 4987
685 6414
9084 8127
2444 8441
9587 4564
3726 8707
8149 7632
1034 2517
7010 6435
9095 606
4533 2934
1280 8788
7631 8298
8169 1590
7683 7585
3162 6691
5981 6888
214 1555
5235 3989
350 4597
7041 6595
7791 2039
3408 710
1045 4979
8521 7397
7808 1408
4180 9041
9542 3578
5679 6641
4737 1844
2840 9163
9324 4631
1529 8646
9199 7483
3100 2147
9083 9349
5874 542
5780 5632
7683 6016
8406 5047
7677 7235
2232 755
8890 8928
464 1674
8922 1383
6767 1680
3812 233
2329 5186
6384 430
7270 2616
435 4207
5205 5011
9602 8698
397 4136
497 1349
3067 2396
3940 9033
5229 6632
8073 736
5194 5174
7784 6427
9597 9616
5036 9405
7770 2326
4746 698
3162 5081
4635 6102
5123 8554
9287 1570
759 7839
7442 605
5330 1795
8617 1977
3295 718
9877 2214
2236 4217
6006 9030
3466 4476
4337 8631
964 8734
5313 1038
9028 5209
4898 5720
6755 6726
8844 1381
9105 1610
5139 6841
7163 3032
5958 4829
6237 7159
9733 1554
6055 3546
4262 6036
9913 8506
700 1666
3716 2125
6450 2841
4054 6836
7413 5462
430 4290
8985 6372
4857 9724
2118 4410
2395 5738
834 49
1633 1829
6295 6737
4061 3156
1300 1732
8362 8171
240 5531
1649 2669
5858 3603
5941 2009
6836 3345
9564 1734
7305 1472
2967 4414
9832 1450
7099 7945
628 2327
185 603
1004 7099
3187 2840
6274 4572
6708 4639
7084 6789
2550 8137
4013 6880
6066 2492
1088 9419
1093 6356
4126 4764
481 3176
2112 4967
2582 1500
6966 354
5534 5019
3341 3292
946 5623
4598 3569
7934 3047
8371 8467
768 8160
6536 971
6985 210
2541 647
5457 4605
2699 1644
5200 3906
9355 5784
4326 6288
2906 4097
2890 9171
3152 5664
5676 3322
7338 6483
1207 5953
7449 7575
1855 4101
8958 7692
763 4198
7351 1212
7076 2283
1756 6198
3175 7293
6285 350
2675 83
451 5126
1674 249
466 5416
1801 7350
2107 7620
1969 1231
8817 9060
6904 4557
4971 1203
3355 2375
4630 236
283 6945
4187 4394
5553 3159
7810 9183
3419 1540
8432 4711
8835 4611
736 1372
493 9727
4498 6344
5138 3909
3359 4271
231 1882
7373 4709
5904 9966
8605 5
99 50
99 3785
822 2928
5833 6069
9535 1820
213 8486
2579 3504
3974 7657
226 2266
7301 8797
9743 9386
6597 7993
5291 3886
4804 7621
351 28
3940 2472
5197 9598
1219 9423
4884 9569
1619 3896
4876 8200
9833 1357
4216 541
2409 2184
149 4001
1631 3620
5663 8215
1411 4435
1274 3499
7915 6890
6570 50
4465 5088
3507 6776
4760 5656
927 9143
6042 7235
6974 9282
1855 4480
3795 8734
3646 4542
413 5910
9735 7371
965 2605
5312 1166
4167 7529
4922 2340
7800 1246
8690 3501
8929 4469
2444 6322
8064 2678
2039 218
3651 4862
9888 8803
8366 1910
5858 4412
7921 8538
6753 4947
2374 8276
2151 3423
3626 8741
5896 7387
4052 2913
9918 5957
1065 9584
8179 709
8446 4531
4348 355
9530 459
9379 3599
1821 8399
4779 3690
5816 6939
1208 3506
2626 8722
5741 3004
7913 6317
9749 1076
505 48
3538 927
5267 5061
2746 8910
9399 5230
2860 4751
1456 3843
8770 1748
4451 9136
7775 2573
8697 1381
2857 5037
5746 2890
6149 5988
7437 1927
1352 9103
4179 9617
9506 9658
4280 7749
2607 8617
7291 8829
3172 4330
4974 4951
4853 4049
571 2854
4229 3273
3834 8868
7049 1546
3175 8193
3235 9158
5804 2012
5926 5226
8432 2234
2735 5827
1165 2929
6310 6762
6712 7296
7206 303
6028 9197
19 5610
9808 5346
1864 9037
4459 9014
8013 7975
9901 1296
4530 6794
7997 1959
8044 5522
6550 5642
9740 7305
3257 8593
4615 9786
9523 7637
718 6593
9620 7925
5106 4603
3605 3911
4127 2459
762 2242
8069 489
6153 38
3160 1818
7856 1720
8660 6096
4471 7288
7343 7716
1731 2526
8847 229
5561 4373
2967 5735
7526 8321
5300 755
5061 8061
3033 7792
6410 6077
814 7069
5214 5930
2626 6758
4485 2355
9799 7471
9941 9335
7855 1823
9928 6537
922 2632
9953 6166
9745 4751
5238 9001
5443 8733
2964 2604
5278 2271
6764 2018
3801 9395
2712 4695
2410 2961
4296 3471
9150 7541
6798 2715
183 5509
93 4836
1578 599
9859 3202
4313 6223
1549 7174
3375 5648
3224 1
6388 3938
8989 844
1380 2906
654 8873
8724 7580
8242 5627
2679 6464
506 9422
7019 8707
446 9682
9706 4097
4536 7210
458 202
9223 9597
4219 1966
5214 7491
4427 6943
6653 5879
8555 439
5372 1244
4232 8002
1834 33
5307 8897
5793 2964
9020 9078
8181 2400
5215 9945
6466 1082
5060 6046
8063 9179
985 2450
4763 3543
7897 3916
3797 7924
4721 1515
7769 3477
1565 9270
6089 388
1087 9094
9698 8679
3929 7599
7429 7817
7531 292
3608 1571
5109 8966
3635 4610
1665 9130
7948 3166
4079 6225
2353 9215
313 5419
2740 6959
6618 9019
6925 4818
8760 6121
3549 3107
8975 7355
414 1694
2740 1464
7807 4529
9790 9509
6668 633
6313 5330
4234 6582
2164 4560
9407 9629
1425 2943
7691 6038
3846 8782
1804 5198
5984 5745
6198 8430
3829 5713
1738 8165
2982 380
6243 9034
2407 146
6845 4371
835 8374
2104 2589
8711 5800
6127 3161
4233 5470
6460 4536
9391 1414
9050 3943
2840 3679
5294 9746
6163 7986
9580 8879
4651 3427
5850 337
2079 1291
4745 2644
4883 7337
1423 3371
8195 9326
9076 2277
5537 923
8880 9575
2157 2653
6766 2820
8712 2504
1441 9639
9069 9636
6493 4091
5428 8473
390 3605
3460 5873
3064 2140
8730 1615
9706 3195
5462 9699
7559 2890
4826 7744
521 314
6064 8498
708 3950
725 1767
8939 8547
2416 989
6395 8799
5610 9684
5662 2642
7208 8292
8053 1646
175 1983
4446 2804
8259 3409
3875 3872
676 3892
6063 199
5862 5014
1348 5394
6526 538
4925 4906
145 4128
579 9045
892 878
3459 8320
8511 8291
9434 7180
5188 9692
3981 5525
6207 5784
7624 3841
4912 5383
3776 6586
559 4726
4287 4684
243 1292
2260 283
4612 6656
784 282
4992 8166
3648 81
5954 328
1880 4807
149 3932
1590 3561
6067 3827
3366 6656
7292 8942
5379 4245
7421 6684
522 9490
6378 9620
4866 647
8985 3901
6176 6595
2996 6797
9196 2319
67 6562
9788 7549
6120 234
5571 5120
2514 9422
4949 3223
9823 2456
9767 8268
8555 248
7221 7544
7902 6634
8623 6326
869 541
5432 3734
1662 9716
2465 6343
4577 9975
7095 920
2729 3175
1226 5171
6249 1797
4082 1678
7826 9950
7748 5325
8540 9350
1696 7515
1082 398
8085 1803
4017 5708
975 6903
8339 8529
2606 9193
4691 4973
8422 7333
4427 6761
974 5837
9548 202
4775 3448
5804 82
8944 7477
9455 7421
5817 6954
9003 8920
7678 4389
808 1036
9986 7540
5716 4260
3257 7257
1571 2840
984 7551
1727 2637
1694 8894
7820 2815
7460 7813
4609 9756
1947 1338
4913 8591
7715 363
5668 6926
5779 6087
7631 6087
1805 9419
7716 6433
4015 4786
2062 2203
8424 2909
8755 4908
7628 8322
5370 6696
4268 7995
7559 8038
9559 7690
1977 8155
7470 7095
7715 147
6945 4773
5300 1460
9868 2500
9161 9141
5539 8182
1394 4590
6470 1857
8709 8792
4848 3794
6517 3713
2650 754
3936 4532
8411 3571
727 2264
8145 4823
5059 2189
5925 8034
9177 8547
252 6237
4607 2904
2176 2597
3554 731
10 8788
8130 9087
3084 5074
2337 3244
8016 9773
4674 4289
6258 9529
5489 1771
3391 6622
415 1784
3712 6434
1725 9482
7615 7790
9339 5364
9463 5734
3982 6956
609 9127
5649 5192
1981 6237
217 339
2827 2790
5258 5520
8366 4250
4085 5465
9996 615
4157 3626
2921 6538
5858 5820
2607 1704
7802 3055
5521 9251
4202 2270
622 4828
5915 7637
3916 1169
3145 6832
4731 794
7103 920
997 8501
4698 3632
9095 7132
6555 1709
8939 5506
2329 7820
4199 3723
6522 2230
588 5579
4290 8404
556 148
2756 8685
3307 4569
8566 8510
6049 2827
6256 1520
4967 8716
8082 5557
750 3819
5481 873
1724 8140
8106 9166
9880 5007
2896 636
3941 2500
5532 2614
4149 865
4736 1907
4692 9661
3671 485
1065 7160
3051 2755
2420 4495
1797 4805
9928 7725
3132 6998
3557 1106
5589 3483
4213 6681
655 1081
786 8952
447 820
4353 6762
2651 1953
7706 1722
6246 2079
5836 3762
9074 7578
8199 4025
899 2259
5361 8860
3604 8683
6117 21
6812 7738
5261 8885
6682 6346
942 3102
9552 4432
3169 731
3721 4528
8085 8147
4991 1625
505 9877
3797 9554
6782 7159
6026 5643
5577 7623
6381 4619
3879 695
7001 7356
8085 5668
2183 3694
3168 4996
3255 5043
2602 5620
3056 7926
1304 3695
2717 9164
430 1127
4192 6167
4621 4437
6386 6124
275 8855
3492 155
3336 3385
6237 6184
1299 6809
430 8538
7748 875
2091 86
3487 6833
3954 3894
369 1395
3599 724
4210 1250
6110 2450
2954 4146
534 8192
9690 6028
5133 7822
8302 8333
7170 7793
7881 6671
9843 2102
7417 3498
4013 9856
3981 1945
9603 3412
334 861
5365 3205
2537 2344
9333 2514
6698 7743
1990 1736
1390 4210
8416 7632
3540 4066
9808 4519
2830 4362
5629 3910
4707 9325
2658 3433
2202 5903
9876 8807
9201 9459
8261 3873
5638 9500
3947 985
9592 4927
9483 6586
9472 6080
8393 105
4438 5442
2937 534
4991 8559
6550 1431
7135 8913
9296 5274
7006 5882
967 2063
5688 7841
573 4595
7071 1518
1876 4154
2597 1346
9333 4747
9497 9533
100 5555
7585 5989
243 6937
3305 9504
577 5280
818 1277
8466 7927
1369 811
7010 6551
6374 2576
1592 9415
5618 1380
6580 8830
2817 833
1152 75
304 4489
1444 5515
7823 3538
9760 756
8452 9894
9849 950
6211 9534
1310 1951
4563 4453
8190 8129
6149 3485
2480 6569
4618 4251
6821 1021
4541 5709
2222 2926
5393 2503
3757 8057
1657 5822
4519 9186
4733 5472
4355 4768
2239 3955
4147 2456
6 1022
2951 9395
8729 4367
928 6146
3497 442
6335 8569
2938 7074
5157 148
7637 6950
9950 1487
4276 5049
9114 4601
2719 4631
7855 6547
6780 4421
7902 6704
5072 5830
784 4899
6353 7828
5592 6595
5889 8611
5847 7812
9797 3062
2358 3473
1833 8580
6520 7611
4458 8925
4642 9140
6303 3874
756 5478
3242 7051
2778 8987
8576 118
6945 6875
7108 2542
2789 6598
9469 8147
6422 7526
5573 9319
3189 9256
6261 5148
7151 6108
3164 3918
5195 1357
3879 3668
398 9151
1853 9114
9387 2638
1581 8936
8402 5806
709 5282
3224 5472
2877 1263
2391 5480
8593 5834
5016 674
9632 2522
9094 7176
1087 643
4040 858
9008 2753
6796 8110
7969 5249
455 8766
2133 3182
4346 8441
1492 2777
8926 860
2936 9644
4598 3056
6908 175
7738 803
2819 4150
316 1614
8176 827
8787 7112
7784 1899
689 166
8158 6248
7039 6642
7347 486
1157 9149
1118 3114
1772 168
3098 5289
5905 9516
4829 3806
3519 8032
981 8837
8740 2083
6414 9325
4753 402
4472 9859
4010 7875
821 7172
680 3191
3818 7954
9671 2606
1326 4100
9695 200
7189 9753
3511 3491
3667 6900
6329 3068
2225 2765
70 4710
358 773
5027 8918
2460 3314
3849 1475
4702 2295
4628 5089
6501 4774
4635 8959
5790 9860
9333 1650
4051 5082
5693 4011
8796 7652
9907 3836
3821 5077
4077 8370
6053 7457
2296 1982
4750 102
4690 6310
6097 1602
1757 1793
8692 8319
4586 8138
335 7471
9341 3613
2480 8387
5127 6681
6342 6694
2183 2123
7603 430
4644 7078
2782 6163
2295 8454
1948 6530
1544 6434
2044 2172
6585 6000
3905 471
6937 7019
911 6161
4231 3283
3423 6645
7029 1636
8271 584
5069 887
1897 1334
4170 3618
440 4502
7385 7473
7016 3184
3437 1216
2438 599
2738 8996
499 5217
3359 9058
8886 3587
705 9628
2915 2256
311 1913
4672 2568
7106 8070
1237 2822
4824 7866
4380 3050
1958 2771
3813 3121
4230 424
4419 7934
3781 467
6449 2438
5530 4320
2733 6267
1788 8890
3877 9523
199 5934
5307 7465
6913 642
8944 33
3296 4985
5584 5769
1951 7668
6404 4121
4907 1739
8023 133
8034 2581
6885 7164
3893 2788
9485 6203
4838 9762
9760 8943
2772 9392
4103 7896
5512 3465
7805 1802
1748 5187
401 4298
6039 4937
1203 1742
9889 3118
7353 829
7768 9677
4637 7788
4361 4693
5709 7311
2871 7006
4187 4552
8078 8323
7787 7511
6663 9519
2262 3229
9145 308
7744 2036
8383 5526
8824 8722
7681 5582
4976 3666
9848 7865
295 4522
4032 1356
4085 5167
6392 1535
7514 9820
1722 7978
7788 7253
5082 5170
512 3165
4272 7744
4077 3318
7058 1432
2495 4995
8979 2420
3493 4024
1280 1282
6039 6356
4335 8275
5054 1972
3421 19
3543 4470
6898 7059
6981 6699
330 3520
3838 5906
681 7444
9617 6101
8530 751
2515 6428
4453 5595
6909 7504
677 390
9873 3957
453 7087
3990 3046
9367 697
2067 8130
1667 8776
2481 7724
2476 2130
9168 7386
4366 7644
8232 6913
9651 5947
3020 2717
7717 1856
7076 4220
3156 2171
3251 7685
5322 5046
5468 2216
3525 7233
9418 4301
4542 4221
2061 2294
7397 7915
7851 3631
2302 7209
2155 9429
4390 1597
3594 7294
238 6845
105 5391
4345 2185
233 930
4041 436
4709 2729
262 6564
5074 4430
3772 8464
9623 5316
8574 5213
434 3123
9157 1120
6982 13
5857 9514
654 224
9706 9267
3158 2339
1366 1571
4 9435
8707 9268
2098 680
6246 3448
1622 5322
6897 6026
1955 2324
2701 5502
920 5410
3296 6043
1196 7168
5323 6901
7565 4703
4133 6146
3257 9507
125 233
7860 9242
595 9340
1100 9695
5598 1881
2983 5072
3151 3468
5126 2271
9855 4855
9686 5449
5958 3404
5814 5971
3126 739
4849 3991
999 9107
2259 4227
6648 8160
9019 9822
9554 9347
4875 8531
8095 251
5741 2398
4489 5544
7905 3363
3872 7766
988 3544
9740 9476
1513 8216
5031 1255
2022 8332
9808 2322
883 6018
8606 2703
9437 57
5916 2620
1219 9289
1311 3320
2874 6165
7333 9085
1985 1134
7866 8389
7354 5929
989 8535
5653 9703
1131 263
3872 6471
1845 7559
7579 351
2515 6984
5386 4349
435 429
3302 1512
7296 7785
266 3556
9739 844
2494 5152
6517 7364
2986 9167
1082 2720
4272 1126
4093 4470
475 4584
7015 1323
3443 4425
63 6049
4946 8383
694 8294
9365 1957
8530 7813
3872 4043
8758 5706
2831 4388
5241 5277
3019 6299
4149 4328
3907 7763
6133 9290
2232 9922
8417 4042
8242 1534
702 5731
9209 531
2720 5424
5264 429
8418 1283
5047 8850
3105 7263
9051 8304
9886 4908
1650 1517
8166 7503
5331 1026
9738 2779
5729 3553
3193 4839
1114 2427
1504 2128
8710 5608
7537 9831
853 1345
46 7835
1595 6507
3992 3124
377 2192
2915 9275
2701 9822
4680 5491
6544 6805
5086 7288
4090 4257
8407 1509
8620 8239
6307 503
6529 191
5410 5834
9273 9367
4076 4703
3720 3162
7843 6740
830 4582
8593 9788
2187 5066
9298 2594
5865 1602
5007 6830
2515 6894
5710 9057
731 1330
721 7493
6408 6631
1154 988
4708 6673
2275 7610
4143 9511
3171 491
1934 9131
3036 397
911 1290
5136 8736
6907 4134
1724 3001
5414 4245
3168 3076
9692 9872
6723 7727
4320 1485
4386 3030
2075 1390
9649 9856
5496 7819
4406 5633
9064 6319
7580 7819
9354 5787
4803 4956
155 6106
531 2994
7046 2368
1273 6684
7339 8267
3715 8135
7126 6261
8076 8066
9523 4498
9004 7132
2407 1044
8923 4794
3317 2216
4212 6824
1484 1233
5534 4841
2754 2988
8272 3442
17 6654
5732 7744
6240 5838
4663 745
5191 888
9176 674
4534 5670
4471 7719
7728 8035
855 1734
1771 4993
9102 5693
5936 6518
7375 2716
2724 9151
2382 5765
5382 3225
4940 8439
237 990
9210 7176
5347 2530
3033 2913
1474 6798
285 9788
992 1292
2192 463
6118 8057
6460 9817
3431 6711
389 8034
7297 4034
8608 8803
4029 7073
7796 2367
6253 3134
6783 5522
4434 5540
2734 9847
3568 7730
6293 8253
7071 3966
9976 3606
6355 6985
5511 8803
1210 6762
4561 3113
5844 4389
8136 3647
9818 344
9393 3557
4833 6367
9638 1159
139 2835
7277 6731
370 1312
4465 8740
7522 1928
4039 4965
5897 2097
9137 4408
3781 5640
6991 2640
3740 9168
1400 3313
9028 9058
968 1281
91 7980
447 5082
2464 3484
978 5495
555 9754
3233 3371
1193 13
5237 4780
559 2516
7958 2881
9875 3717
1794 8884
7521 5322
3508 9847
4006 5318
7308 4672
2043 7456
4342 2491
5887 1136
294 9130
5137 2319
8124 4422
37 9635
6271 8167
3893 6990
8217 5807
7002 2410
2579 7926
2299 6946
6955 4906
7689 9979
9023 1385
9982 7495
3692 5777
7600 1604
466 3010
1658 365
8531 4530
1377 1452
6597 7092
6033 8068
1132 1772
186 3556
7228 3444
645 8466
6329 2579
7398 8856
986 4375
3619 744
1171 1662
8649 6121
9607 5894
5793 7740
4417 369
3934 3829
5413 9285
1366 5050
2890 5282
5644 9871
7827 8477
2982 6133
3893 2903
4825 1625
4620 8921
2517 4183
1004 1278
199 1665
4941 8423
3174 6942
146 992
2101 8859
6591 3706
2007 5682
9846 4610
3469 8503
2493 3995
5163 6949
8499 9712
4224 420
9980 974
4644 7419
3103 4847
1537 8353
8732 5587
3263 4886
3423 1821
3141 218
3150 1455
4226 3444
3655 6309
7297 4187
8989 7077
2490 5461
2906 3205
433 9924
1318 9227
9367 1927
3767 4938
6335 815
6291 9735
6200 5506
5928 9042
8217 4249
8323 5023
4386 9677
5257 6700
5479 213
6092 3916
5964 2186
2441 990
6906 9781
7637 8133
5239 2279
4041 6315
7233 2455
9099 9248
9412 1743
3970 3948
8227 6404
6841 2206
7200 5136
1884 8638
5732 7757
4686 2843
5533 3561
9347 3592
2187 3300
6558 40
6965 8319
4478 5899
1810 4275
8480 7772
1532 145
7033 2241
5997 4749
9011 900
170 1861
6012 2013
7766 3431
1461 2730
1702 6718
4384 6323
4567 7805
2104 5914
3446 6462
6184 4572
6257 1009
6812 980
6644 4639
5672 1785
4856 6614
6607 6411
8804 5586
2675 3652
5106 2234
723 3699
7760 4859
7345 9221
6288 3336
1636 2474
7832 2026
6254 1576
9054 7832
3306 6445
6359 6388
8230 2567
8607 5612
3330 6746
228 2359
9478 7286
2750 4811
1075 9249
5709 8116
5090 6008
3638 5790
6968 1020
4823 1461
6728 669
3988 2068
2479 4490
6092 4810
167 2598
7815 7877
9095 2672
3721 224
7944 410
2588 3110
4431 8470
8609 6722
9401 6510
3142 4584
1084 9822
7924 7720
5641 1790
5708 9578
681 4981
8296 1071
6880 393
7445 7103
5950 5374
1283 3986
5394 8109
8007 7379
3835 8116
1041 4601
6901 5727
2765 2876
3093 3416
5801 3313
9453 8252
3686 4484
812 5289
6981 4690
2970 2977
132 1279
8176 791
8708 4848
8668 5296
623 3012
4256 3603
6892 901
1306 927
5726 1514
2369 2854
9122 3694
7509 3180
318 2036
4509 8294
1860 2339
4577 1834
587 1198
6140 2803
4286 8042
553 9892
8579 7611
7224 6871
2715 9992
682 4057
7616 5783
5434 730
6705 2801
1481 2818
5898 2215
5014 1182
8875 4574
6814 5393
4150 3855
606 5675
4342 1059
9456 9534
3927 3172
6700 6370
5974 342
6458 115
8880 7116
3059 9077
1411 7641
3301 7276
1716 8458
5062 7564
2021 493
1913 5175
3246 5836
6313 4857
717 1127
3781 2914
8841 9196
644 4561
3467 112
6873 928
4188 2366
2851 2326
7192 4874
7493 1961
4697 9399
