7360
27272655
2672 9740
5357 1336
2372 1675
754 7294
1203 5117
2644 5211
724 7042
394 7301
2052 6313
9598 6745
8810 7361
5852 3150
1912 1210
8248 7595
5353 5935
1123 8598
700 4859
4996 6836
2162 4738
5530 677
640 319
4975 234
9864 3333
3810 4235
1360 4585
4947 1842
3345 6691
8661 3045
5949 690
5952 547
1336 4732
2569 2738
3924 1322
5259 158
1244 7622
3992 2982
9984 236
186 521
2543 4919
4726 2722
2127 3621
6430 2622
7796 872
1461 4691
4932 5576
8160 1825
6490 2246
8842 2361
5612 8135
4512 4238
4613 6733
1954 7430
5052 3332
9741 7733
6424 6228
4470 3260
8161 4209
7975 9336
5410 9131
2748 2170
7896 7537
7380 4835
6659 5401
4436 2384
8207 6091
7370 4198
3086 4252
9844 9348
642 6921
7502 844
588 1391
1043 6090
6457 8537
4661 9646
6532 8571
2520 5734
2403 296
5662 7407
1472 6265
1149 6250
1120 6346
9614 5970
1662 63
3497 102
3063 6571
3592 6006
8183 7295
4306 9211
4515 456
6153 7020
7062 4647
2770 1035
7362 8926
3979 6311
8888 2194
2723 8259
3393 5222
6871 1139
6966 989
9137 5275
5974 9183
6042 6091
1718 2797
2828 5250
4261 5162
4489 2073
6474 3901
8609 8861
9490 2879
7587 7169
3899 3231
3688 6125
5337 3986
627 9989
29 9599
6308 7039
5496 5440
556 2994
7152 5249
6234 3882
5159 3531
6912 7306
3264 9636
6910 1214
553 6110
7724 3522
8834 248
2697 8099
3143 520
7047 222
2995 8183
8983 9140
406 5550
6572 9444
3380 5140
3772 6473
2145 1887
4355 3689
2411 472
2645 3822
6378 4017
2381 22
9873 8119
1972 1027
7825 8359
8387 2123
9605 7921
501 2332
5083 8865
1413 3171
7951 7366
3608 6285
5370 1023
6233 2611
1682 8928
96 271
1988 3480
3379 2900
8426 1331
1907 6154
202 9177
6803 6102
6649 6668
2762 1832
433 5426
4779 2353
365 661
387 6073
1871 8226
7883 4506
2097 809
8682 2714
2141 8296
8706 9686
2074 10000
1685 4522
6666 1104
1653 6414
4463 1559
9587 2266
1245 1789
5628 6988
6301 9511
6125 9335
3716 477
4046 2094
814 5461
2233 5545
244 2437
9701 5178
3187 8624
7412 5104
2815 2942
1958 5954
4384 4329
1502 1071
8381 2372
5315 8141
3781 1163
9695 2782
6610 4775
5677 7004
2013 3871
7454 3415
2113 5771
8567 893
9190 8688
9882 3125
6894 3124
3587 5137
5846 2915
6868 9429
4615 7437
3829 426
8702 6589
4359 8028
6909 8590
1232 9268
4919 6243
7728 7056
4297 4736
4134 4124
6291 7752
839 5713
4142 7049
5777 1389
5397 4111
6308 6300
9605 1737
6839 4421
3291 420
6214 2940
8119 3408
3820 7722
5304 361
4601 9124
5052 4219
5806 2336
2853 5310
4840 8477
6202 9600
624 5149
7308 9446
7867 3623
2731 8397
3526 8178
847 7276
4325 3568
3582 6619
1906 7064
5294 8832
9756 1608
9904 8341
9028 6881
8560 4604
1198 4963
9104 3226
9883 9969
9394 7557
657 4108
1570 5716
2649 5268
4434 1533
5965 9861
1099 393
3103 9228
9227 4972
5856 4572
3733 6402
4246 7005
3694 8232
9286 9551
2939 903
715 7283
212 9306
6282 525
3820 3450
382 5060
9692 3498
279 1323
8637 6755
3833 8572
7626 7868
2540 7029
1689 9585
6034 2024
118 9159
5633 7423
1309 2628
1063 7010
2837 4630
9222 76
7183 876
4679 2557
4188 3266
8090 5713
5795 5435
1319 975
4976 7940
4929 7815
9899 577
640 7865
8207 1954
8025 106
9200 6675
8606 4188
3134 8591
5324 6599
6432 6508
7296 2800
9908 1395
508 290
7040 6503
2292 3882
8800 2499
7245 4871
3749 2853
5873 7496
2587 6118
8977 7263
6976 1725
7006 9248
3666 8387
5100 8055
9136 5796
2500 4148
4937 1714
137 8609
1155 5152
5771 3075
6559 9681
3587 3063
4538 1735
2058 7171
7697 9233
8537 2307
4464 6176
9490 6991
9534 2156
6815 9627
9748 8274
5535 7586
7178 1644
1298 7565
4912 1289
123 8249
6367 1550
6129 7363
6696 9862
6248 4241
2676 5245
9763 5262
413 156
1954 1439
2950 6113
6450 8674
2208 6982
7596 6567
9808 8414
5790 4535
3256 5047
2396 6958
8212 844
3944 8520
5077 7418
5641 7455
2753 9512
1269 1150
8080 9248
6348 7540
6422 9446
6855 8633
4882 3674
6044 9381
7376 9535
5942 5220
3904 4368
247 9762
9854 9298
8828 2340
7521 4618
574 667
2471 7485
5119 2952
6354 8446
3902 6001
3617 2907
4948 2690
1164 3058
7902 5899
7647 9112
9079 9569
4618 5499
5854 5667
414 3624
9238 678
9661 720
6347 3399
5551 7946
1134 6311
6009 6601
5422 1360
4807 8808
6943 1636
6671 3803
7585 7633
8362 7630
6643 961
1246 2516
5298 3624
9680 6049
9926 5799
225 9662
9043 188
7059 3048
4765 4280
2014 4924
9276 9908
1992 2961
6652 1987
2913 3671
5819 9359
9279 9357
5004 3166
3519 2370
1177 7483
1102 6462
2162 39
2673 3405
4811 5131
1217 4401
1297 1166
5801 1499
9015 903
6300 2416
4921 1109
4281 3440
4016 9235
9776 8213
1929 8969
4601 7298
5569 1637
116 7875
6406 9013
9712 9911
9400 2168
828 5114
5642 4756
8567 6508
1394 1468
5366 7968
2089 3333
9274 1747
4427 2703
2074 5331
3719 325
6631 1559
9956 3778
7264 693
3463 8364
503 2144
5337 6752
7629 142
1709 5622
784 2364
7373 6268
8257 1889
6571 7169
3334 3813
1730 2203
717 4234
5672 310
7478 4985
2270 676
9422 6946
4849 5019
339 5181
4309 202
6176 2100
3274 4549
2970 6344
7323 1164
7467 8022
4423 1519
1960 1318
200 1753
8769 4561
8079 8235
9492 2496
5836 6362
2540 1714
8790 5102
6754 7104
1964 1262
8955 4802
9197 8918
999 9280
5922 3124
9049 4520
249 8282
7929 588
755 1769
8077 506
2140 2017
4909 1706
9213 6018
1800 5753
907 7917
659 3994
6560 7253
8272 3881
1754 3303
6980 4142
2773 175
941 1615
1166 7340
6473 5015
5998 1471
209 8193
5596 5676
1598 9355
8136 9750
4060 3225
2936 1812
2205 8983
227 6831
9049 4456
4982 6234
8266 7318
400 9416
2211 8732
8056 1919
6810 5323
2391 4490
7497 2429
2748 4211
4046 8178
2736 3199
671 9827
9361 9037
9894 372
8405 7789
4920 8505
2541 8111
6784 5976
6028 3924
3541 6165
5464 1352
7852 633
5999 6950
2244 3298
4880 2988
4332 2934
3059 1290
8260 4225
7462 8035
4537 3896
8146 8506
2561 6902
3836 4134
4224 2591
867 4
1526 4793
3104 5041
6959 85
5306 9851
1178 663
9908 8547
1448 8404
7840 1881
1261 1124
600 3346
6402 5842
5349 4612
7195 1844
3551 4960
4166 4589
2846 9128
2795 9867
2286 2398
5608 3595
3041 2170
7148 2892
8566 2048
4144 5560
4462 9361
8174 1025
4228 2313
1582 8934
569 7009
4874 8326
7095 1851
7310 1857
6626 7560
9066 5578
1459 7924
5108 1669
6363 5574
3766 3150
8021 806
4756 8183
5415 7490
3754 4261
8250 9566
870 8810
9670 9067
7840 3973
7614 6710
6834 6393
3493 9814
5113 4350
7711 3543
3648 4309
8684 5336
7161 1741
1811 6093
2231 6574
2607 6538
3894 8286
3345 3380
8173 12
417 7432
9703 8666
3420 5636
8988 2003
3356 4732
6455 6769
5529 9935
9507 9098
9235 4113
3250 5515
515 1740
65 6673
2943 9832
7739 2721
4637 1210
4476 1901
1441 8357
449 4718
7383 819
5778 1205
653 7750
1432 6522
4002 2074
3495 1258
3225 9406
8180 3011
2138 9012
6677 5382
977 6883
689 2046
1479 7692
7987 3475
190 6514
6091 3533
2889 7664
4462 1498
6867 3813
3641 2289
4898 9931
5626 2532
6945 4644
3565 6271
1243 2547
9434 9576
8287 1995
3497 7342
368 7926
2422 4347
7485 3333
4131 7939
8354 8259
196 7843
7003 9597
5310 7619
7323 6217
9743 7260
7359 1457
1607 6349
5723 2228
1063 3579
2373 7828
925 7795
8277 42
9015 3480
2974 776
9258 1819
8922 4471
3097 5068
5599 7632
8919 6858
5566 5794
2594 8538
6341 2331
3359 3851
4150 1852
6483 9997
6185 3391
4006 3338
4397 1504
4335 2073
643 9162
4363 9364
4159 9796
3779 9105
7849 9246
8831 6315
6443 2883
8941 9236
9645 3440
3811 4889
8919 8687
5237 8353
9239 7635
2520 6255
7162 3232
4017 7865
5358 1019
3769 1342
4095 213
646 6347
7962 2132
6731 7473
9576 7145
5213 592
5829 9649
8490 9066
5080 4608
6868 7686
3242 4443
2263 4547
8128 9223
2329 7330
7930 8244
4982 1644
8355 1088
4102 896
7930 3721
8582 2028
2725 2845
2108 7684
1669 4405
683 5194
759 7776
8295 5519
3135 2574
696 4816
5144 2597
1993 3796
2763 1833
797 7408
5149 6485
7913 2761
8684 8038
4988 4025
6058 9617
799 1400
3669 3937
6503 4049
4863 6826
3017 6301
1745 3510
2335 2067
6582 7029
6812 8523
3551 717
5344 3760
7997 2958
4155 9837
6095 352
4327 8469
5669 7833
260 5982
5403 5637
879 3528
5211 5789
9094 506
7249 4663
9342 9633
3248 202
4945 5486
8092 9967
4730 8379
4995 8321
1600 7909
7352 6092
8013 2757
4175 5191
9274 6154
5802 9235
2370 9252
5172 9772
1576 7303
8407 187
8957 625
8906 1034
8870 7830
5917 1569
7999 5645
5908 8929
6956 6176
414 3159
8399 758
9444 3745
8916 4416
3814 6603
4575 6920
7310 3610
9114 3957
4419 9409
3930 3226
4982 9394
7458 6120
7297 7787
961 5571
4847 5277
5060 5078
6558 637
6382 4691
1259 6137
6641 3511
9694 3732
9580 3296
5757 2151
3541 8573
9881 5965
454 8167
1663 2624
9075 1862
8411 7139
459 373
3014 6225
7017 3040
9457 7463
8485 627
2736 4640
9831 5056
514 2957
5936 5177
785 4006
7948 5747
381 1418
318 4828
1853 2986
976 2386
6497 9650
7483 1054
3631 695
4010 4649
6276 677
8544 7580
8469 9892
7554 6606
9921 2482
9341 7718
3891 2892
3621 7704
8078 8614
2335 8562
3840 3246
7798 3121
4309 2612
952 5272
4398 6091
4293 422
8191 7438
5581 9184
6799 4624
3141 6010
4776 3834
2953 3359
8783 3873
157 5723
9531 4264
8486 791
244 4724
4434 2903
4533 6739
5097 8629
3351 9295
8714 9053
7697 3598
2212 1994
2042 2236
1808 3110
1139 4115
7351 6344
2690 9111
360 6042
608 8606
482 6056
5448 4404
259 3770
4698 8462
2884 5093
1204 6972
5333 7517
6125 5804
6799 399
9532 7572
9467 461
3725 3674
1015 7969
4937 2656
8590 9755
7780 3992
3646 3419
5180 4003
5935 4603
9342 2027
8978 6877
4974 9974
9357 6900
6461 7349
3300 3718
3058 3284
3942 8261
3920 2803
6079 374
4779 9090
6146 1102
8842 4599
4292 6388
9754 4588
6567 1894
5515 5661
7546 2199
7915 2036
9540 5035
2759 1627
3047 7136
9497 6990
3942 7027
7469 9061
2016 3703
4883 1254
1230 8597
4186 8469
6022 2494
5333 2787
149 8413
452 9633
3439 2754
751 4135
597 878
4476 6500
9123 5572
3518 4293
3699 9686
4965 4742
3099 3374
8761 4778
6728 826
5838 7028
1140 8216
2199 6678
3886 6340
8197 3463
8440 5869
5356 8102
864 2600
6179 5051
419 5325
6832 1706
3950 80
1726 7136
6452 7484
3643 5759
1119 466
1355 1567
1702 8555
7256 8438
655 2983
2263 8051
9873 9459
470 454
7478 3736
9259 4837
6534 8455
4502 67
3785 2659
6285 8003
5955 4191
5720 6658
2196 5382
1842 1536
4796 3677
4300 9172
1375 6172
9169 7689
8366 2609
882 7209
2056 9559
2652 8525
8932 8821
2468 8338
7428 4058
141 9210
8434 8465
17 5251
5242 8162
7240 8728
515 3986
5999 4343
6701 6161
7382 9296
9665 1295
9795 5207
8752 6458
725 1613
2622 662
2781 1883
8149 9391
5501 1868
8511 8467
4185 8205
4614 560
6766 8178
6684 5613
7053 5137
5068 7061
9001 2030
261 5324
8902 1799
8258 7548
3830 5892
8985 7113
9721 5463
519 311
3178 8998
8421 4458
5478 8311
8354 9471
8509 5763
9810 7289
6188 8609
7333 8271
3191 1997
7218 4509
6787 5756
6612 7548
1831 7651
1260 7263
3879 2550
8926 8965
6361 9110
2593 9324
9055 9441
97 7551
5202 9188
8021 1538
5506 6613
3407 8402
1340 1762
3903 1552
5406 3171
9190 648
3518 1145
4944 1680
6062 6137
1966 3336
8216 1572
3011 1222
2589 3058
1816 7470
6986 2219
9570 3535
8863 5281
4493 7599
241 4215
3866 1207
3677 3344
5280 1064
9718 2914
6100 8520
4970 8273
4086 7348
3561 6030
4346 9048
3290 3271
2419 3974
6324 3808
9337 9031
9915 3862
3386 7998
4852 8570
188 3880
1485 9946
9294 6705
5924 5727
3723 7298
6188 8322
6320 7288
7841 4524
3253 7301
4879 6996
1420 9310
970 6596
4657 7796
411 7492
3643 2460
305 7832
1808 5852
4709 6460
1577 3913
3794 5957
6921 7671
2935 4849
7184 2507
9769 9400
2011 898
6687 7250
1437 3417
4111 9287
8006 5064
792 3586
6288 4637
7543 6498
2813 3222
7450 5925
9877 1156
9943 3767
1506 9879
9435 3406
7864 4863
1472 6635
3897 3423
3548 3143
9044 2313
5462 2229
7907 4742
4306 3867
4184 5921
3825 7638
2677 5305
3674 3269
6478 7471
4170 538
3000 2304
4231 2659
6924 4174
4629 412
4269 4982
5526 7329
3546 3755
4249 5656
6386 3165
5097 2194
3654 3735
2214 7039
6586 102
7554 5744
9072 6247
5529 5428
5682 5320
9890 9867
2477 7661
3584 1634
548 4333
2941 5236
8890 4181
8448 5292
8465 3106
581 4811
7870 1542
1121 2264
6114 5007
7383 6220
7942 7854
5439 2774
311 9394
6130 1427
4433 8631
7160 2969
6491 4616
5132 3036
1339 1212
2663 7120
1962 5501
9719 6575
3609 9266
121 8351
694 5088
3884 6378
1399 8028
9486 7756
6280 9599
5001 1413
9945 2787
191 9762
763 8228
2356 8376
777 973
5219 740
3635 592
8099 101
7415 4683
3379 7936
2378 2185
1689 6952
3395 9119
9339 613
5158 5391
9240 4166
9992 8725
7015 5041
5214 774
4564 3780
3740 4843
9755 8213
4914 2655
923 5875
1379 2707
3587 9514
9957 5438
856 3633
7988 7475
4522 2491
7633 3327
6044 3401
4342 8461
7301 8952
7493 4821
8760 6547
1851 8126
5192 2091
3103 57
3899 7735
969 8158
5947 30
714 334
4403 8399
3067 5086
5532 7784
6171 1869
6162 9723
5727 941
3658 3579
3136 5720
3190 9992
8527 5342
8345 6592
4391 7746
8053 4481
5137 3881
1244 5916
5259 7846
4696 4795
8128 3651
7282 8892
7831 3152
3689 8471
2239 1967
2744 9028
7029 4619
9754 7870
8850 301
5790 13
4454 3100
7366 5825
5026 8304
682 7848
9910 864
6437 6928
4446 8624
2715 8252
5420 7525
5214 5402
6686 351
8671 5986
3116 9835
9691 1222
2667 2041
7571 1238
758 8863
8775 8886
13 9389
7527 1585
3330 1087
8092 3407
185 5112
6047 6886
3135 3826
9825 5640
8807 4307
9814 944
7087 3101
5577 1251
874 9579
6250 6829
5798 6958
8971 5625
5085 2992
6710 3532
673 9966
5376 6277
2955 8470
4720 4061
9125 4675
5170 5908
7970 2492
456 7538
1883 4922
8085 5151
6280 1495
9804 2355
321 8039
9889 6265
5669 7142
4632 4081
6122 6419
3763 6192
9309 6211
6398 6862
5706 7602
8817 882
1765 8548
6100 1391
3287 6852
294 743
8833 30
9541 1429
3879 5115
1964 9455
6661 3828
9771 3278
2166 2065
9789 8030
6541 1546
7721 8321
8571 2365
6045 1251
4110 7293
5930 5544
8594 8662
403 4704
1276 6876
209 3773
8290 7004
8862 957
6226 1305
7107 5953
7620 7767
3878 7973
4184 6895
7486 7434
4693 7960
783 7403
7617 6896
2954 6324
3073 3789
2455 5467
385 1070
4674 3472
4133 8572
1348 8950
3737 8675
9963 8076
2397 9293
9769 578
8800 2832
7134 975
1038 5365
6994 2755
2127 402
5785 4288
3051 8068
8458 1736
8829 876
20 6457
6847 4076
5050 6194
5843 3610
1595 1697
2180 778
3513 8776
6550 3089
6932 1525
8477 1584
4794 2646
859 5090
6827 6165
8520 6164
3227 111
9396 5523
7972 9493
1366 4627
4840 9861
5282 782
9151 3258
3111 3854
8727 9820
5121 8272
3206 3033
959 3416
2189 4001
1244 5622
6159 223
3999 4152
2665 5492
2098 9338
8279 9577
9321 2458
5078 8462
8983 1337
3464 5189
419 8958
1533 4139
8004 8115
8263 350
8550 6004
1923 6451
2169 9769
6761 2533
2069 9498
7094 6948
6867 346
8580 245
8904 3015
1189 8818
9768 9740
5089 2956
4966 3230
5569 9573
9475 2901
1526 5490
9531 7768
235 404
9730 8418
7707 6907
9499 767
5175 7504
6487 4208
6565 8358
1692 7186
950 9812
4288 8242
2938 6759
7455 7883
8378 6127
1081 5376
8693 5795
847 8784
9208 8137
9100 3126
2500 8145
1682 5461
692 4847
6731 5507
1225 7942
1647 4600
7187 1202
2031 5833
2390 3157
1777 9369
5027 531
331 3255
1995 8401
2235 1133
3932 9235
4361 8296
7630 1514
1234 5867
5096 951
9023 3089
2944 5860
9698 8952
786 6446
7086 3247
4594 5351
2625 8717
4818 7498
9849 4088
2301 2908
2900 3868
6591 768
4544 4645
22 7696
3544 7145
9328 6545
8199 7517
3705 2934
422 3984
2040 1983
7738 7928
5577 667
2524 1468
3477 6830
9227 4381
5497 4269
4912 685
9614 6637
8253 226
4892 9750
6575 7558
7489 4307
3958 377
718 9702
1423 7457
5445 1034
3695 254
8533 5885
1512 1599
1994 5256
9226 7094
8640 5690
5063 1484
2865 5903
3707 8556
7452 3814
6817 4663
2221 6024
9027 3750
9830 1194
9100 6925
3027 4988
1364 3211
6921 7580
8074 779
2371 1707
7067 2628
3535 3326
4662 4956
5453 2434
7836 7535
2752 9576
929 9114
7176 826
3498 4744
3785 9683
8805 8466
3889 4891
4639 2875
669 3562
8601 8438
7691 4099
2697 8930
9454 8443
2211 5779
1360 7635
7310 7347
1499 1978
2567 6688
9758 2808
7804 8596
3350 5692
9632 9429
3445 5253
7782 6051
9498 4768
809 1432
1802 2120
8560 1701
7738 6613
7910 5846
1373 8111
3801 5187
8820 7345
55 1650
284 2802
6857 3683
4697 789
5837 7822
3843 9298
338 9617
7136 9212
1324 8480
3510 1218
1650 3883
2564 5459
9477 2688
8246 4354
2170 4849
5596 984
9897 7867
9086 6882
2705 2544
9353 3781
651 2464
1086 9178
9822 1511
3125 3002
6411 3120
6802 7402
6275 340
6718 573
1429 8238
6176 9620
7576 7323
2806 1156
6711 6743
2091 9837
932 7089
1431 5319
1729 4971
2559 1554
2876 5500
9464 1916
1795 9807
6727 2766
7666 9971
1056 4453
570 75
8289 3093
7828 1622
5178 3882
4428 2036
8731 7623
4268 6568
6043 901
8110 9871
2692 530
2471 14
4193 9777
5971 7067
7931 1290
1283 424
8924 9896
6499 4578
9481 4115
7534 7880
1604 4327
3247 4147
9522 2355
6727 2605
6145 7180
9315 7627
4622 6237
4969 3698
3991 5423
1151 4574
8355 983
7141 6784
9903 380
2590 3909
7114 5893
1071 5229
487 9552
1675 5925
8812 1653
6113 7110
1470 151
3251 691
5421 7118
7606 8561
4138 9423
6231 5909
6511 507
4857 5372
9285 9367
7580 1371
5221 1239
7239 3244
1509 8622
1419 7948
3641 7647
333 1073
4843 716
8164 5190
2128 2854
3753 6448
6557 6432
4506 4195
4315 2498
6033 3860
5058 736
3971 8432
5035 720
3089 3356
2311 2770
121 1695
4293 693
1751 9461
1868 144
963 5062
3755 2780
8925 9084
7360 3953
7448 6017
9886 5082
678 4400
4525 9074
6634 4944
3538 553
698 2685
4834 6881
7951 2345
2870 2912
3045 22
3489 9983
7817 286
7461 8444
8534 6025
2731 3766
7872 3677
4934 9608
4384 9114
911 1889
3245 4606
771 736
3940 9869
1894 6158
6832 9340
3608 7731
9586 5392
7611 7765
5440 6301
5450 9251
2969 8490
2677 892
8908 6470
8604 5225
6816 7200
3979 7030
1178 5350
2279 4462
9702 377
9778 3744
9751 7273
7260 3120
4901 9945
3656 4821
4592 9970
8298 1650
2307 7515
4676 3522
5586 9594
1601 8057
7188 6328
5660 1821
585 61
5226 7639
2522 5916
2819 3538
6662 6827
2519 7892
7813 6511
4175 2068
581 8087
8619 9271
718 3495
9695 1343
9806 2422
5583 8545
1189 8418
9559 4469
2128 9167
4107 7815
9227 1776
7715 4973
9113 755
6121 7391
4149 4561
1245 3525
1034 4685
8498 5540
2165 955
5547 9559
2419 7033
1202 4735
5792 8398
9881 4357
8558 5556
7909 5969
3218 4470
1302 7142
9640 4991
8114 8820
7184 439
5131 8650
7951 9482
2051 6026
7334 7141
3119 4427
5420 811
605 3370
1239 6280
2873 6299
5116 8108
8322 8310
383 3229
9344 9188
5856 8795
3886 1345
9467 4843
550 9752
6343 7973
8098 7436
3636 5646
2567 1123
2292 1125
1005 9867
7561 1087
2764 9601
836 4627
4215 7043
2441 7648
9753 2269
1983 7917
9158 4270
6379 3291
1097 4894
3613 5395
3582 4736
5054 8176
8249 118
1052 4036
6469 4048
6833 5923
9414 2138
8843 8365
5856 4289
7589 6431
9196 464
3884 4859
4357 5817
3932 985
65 5114
2844 1869
2291 4027
4684 4687
4554 559
4999 7280
6101 8986
8476 4913
2355 1398
2302 3478
5101 5647
9822 6745
4478 8609
2339 6685
3114 2033
3313 2888
668 2038
8484 6841
8704 1143
561 6948
8098 8765
3964 3761
3908 2298
4188 3104
322 7880
1417 4127
3495 2720
1388 8906
4734 7589
3066 296
8656 4281
9297 5952
3898 7987
3021 8809
5387 6061
5049 3963
3798 6989
9846 7181
9638 1185
3703 2385
1807 762
1959 8305
7071 5787
4189 3089
1463 1893
6997 5897
5057 740
4476 4629
8575 6764
6718 4102
4750 5153
9888 5912
4372 6343
795 5558
1520 9052
4644 9256
9270 8811
2063 2869
7885 5951
1668 6960
2556 208
4959 4143
5696 3640
3161 7591
1160 8266
3794 4060
69 3310
540 4080
1276 5086
530 2843
6150 9395
8523 2731
2735 9389
3266 5281
4462 1630
6614 58
8809 1707
9047 3306
6600 1968
964 3253
8326 2265
7955 8336
4915 6440
9738 8634
6670 3523
403 9839
7012 4030
7579 3079
9127 2745
2821 8712
9992 316
3699 253
873 7695
9690 8568
3917 9008
8238 3534
7052 5142
5940 8232
9738 2082
405 3488
5836 5741
6303 6705
7092 1931
3330 2286
7778 6469
2003 6375
344 229
5800 8286
3955 5354
3255 9074
9684 459
384 5986
204 2076
5682 9720
7434 2927
29 3309
2638 3293
5262 8192
667 7413
7754 4008
1494 3835
5671 3483
9911 1044
1955 8742
4245 2842
1010 6330
2840 3328
5073 1731
436 8390
8602 5647
9095 1423
5081 3223
6965 6955
1010 1928
2289 1278
6879 5003
7065 4067
3709 8593
2813 6225
8101 2480
867 2247
1585 8134
2330 1179
5817 440
3360 8923
353 3650
3633 3713
3034 3525
6769 8585
5531 1009
7484 7115
8978 6549
9139 5821
6728 3495
6210 2017
8195 8119
4676 465
7032 7672
1835 8882
3525 7829
9840 2937
1462 3108
3388 5287
3700 6933
9313 9050
8745 7767
1812 5520
1262 6171
9441 158
4548 5290
7661 1278
4228 2916
7742 2533
3816 2020
815 1212
6107 499
5225 4429
4366 9176
4664 3852
5866 9861
4844 5375
749 1257
765 3509
2651 6789
4412 3178
7697 5449
9298 9612
572 9058
3614 5928
7605 1748
7524 8228
4689 9004
1685 4329
8167 1236
2042 6420
200 3639
5907 7789
827 3847
1284 9629
7337 5266
7535 4354
4820 4811
4127 6281
4330 7485
4545 1012
1626 6063
9020 5032
7929 4654
5794 3252
8379 6327
563 339
5210 5341
9748 3195
6288 1901
9006 7235
3125 5406
6198 3314
3927 3026
8274 9609
8345 1745
3962 8562
8177 7029
2105 2747
2937 2912
8350 9313
4746 2695
3795 9089
72 7345
1333 1577
4323 5760
5085 7522
6035 3417
8429 4880
9927 2045
1934 2114
3321 1623
264 1785
958 1963
4270 5553
3908 8105
6883 7642
3147 3337
7553 9649
8668 7441
5794 1597
8196 2524
8042 606
5339 3339
6682 2541
7909 9703
2056 4221
5183 2696
1163 9742
5615 6530
8875 3952
933 1284
8083 1307
4729 7716
2910 912
3874 3078
6439 1931
9863 2491
104 8832
4896 3751
285 9794
8415 6472
4685 721
4616 1687
9070 768
8476 5987
3721 5407
3587 2154
9373 2233
4618 5761
9368 1183
8832 902
1951 3539
7 2836
1178 4145
5706 8150
7995 9453
8095 7774
4595 8137
2058 3646
9867 2733
472 3679
675 8014
8690 5075
2094 1048
3012 5161
8429 6647
6531 3145
3502 1782
4897 4269
1274 7028
6760 8292
4262 6064
304 5218
692 3353
3772 2483
8485 22
1525 4698
8596 6838
8994 275
5373 7933
2192 586
1116 7977
2458 567
2989 2379
3668 3884
7455 6808
863 3317
7852 1485
1673 8145
445 4511
3793 630
4475 9948
6898 4929
6327 3416
3314 4435
5654 6326
4305 9733
3975 2375
9650 3365
3614 1320
2518 9639
7086 3385
2440 7916
5004 1053
7890 1446
1298 5178
3442 6727
1517 712
9891 6342
5728 924
3842 145
416 1558
8520 8487
4114 4678
6063 7792
4557 9418
9865 4010
6059 2117
4591 2698
9679 714
7654 5774
6538 4815
7718 9908
505 5600
7445 5847
6195 7636
7893 188
6849 7193
6194 7423
7728 6949
6726 999
783 7983
1448 6990
4771 5935
5096 1398
9070 8174
1129 2631
3312 5697
3920 9410
3665 232
8403 7244
4091 5100
2322 2497
1430 5901
1475 5272
2800 9937
243 3682
4089 7458
5454 8555
5391 754
7719 8295
6474 2591
2441 6516
1400 4165
9370 4596
8195 5445
61 1298
9429 9146
6678 2488
6360 2639
666 2136
9986 7662
7932 1726
7286 3158
4175 3531
1867 6795
4574 9655
5799 4046
808 2289
5064 6107
3352 8476
4906 7762
3767 5768
6501 3752
5161 7363
8790 6237
6264 9256
1911 2584
5053 8473
7639 5115
8759 5829
6027 1871
1323 7969
2581 4740
729 3591
2809 3662
2898 2037
3250 9599
8300 7379
4146 6787
8388 6217
6977 1034
6206 6928
2553 4743
4659 7393
4104 253
8501 3687
3515 2636
3516 6802
4746 8345
7675 3535
1848 5344
1989 7857
1923 8862
7629 7285
1568 949
4446 7866
7666 6183
6526 5724
5296 4849
8220 6167
554 4280
6363 9978
9350 7882
2670 8688
8244 1392
4185 436
1116 9582
3483 3883
5612 8964
5540 1752
310 2255
1445 9946
7810 3506
7768 4260
478 7922
4297 5898
9377 7969
6652 1850
7532 8408
1625 8026
6680 3937
3281 6508
2331 4178
8528 6731
8149 5557
5514 5430
6938 5365
3794 352
2886 9925
3536 4703
4953 849
2129 1003
8714 6330
9112 1948
8724 3070
8223 2143
4257 4010
7493 4214
919 1904
7036 8990
8330 6838
7855 276
8389 496
8049 7013
5538 5606
9992 1890
6692 737
8808 1269
3099 4723
4656 5399
5183 319
9705 1534
508 2008
5518 6902
6560 1416
5800 9882
6230 6251
3083 2047
6264 9603
5063 686
7489 9445
2168 9570
5023 1770
1428 7206
7879 4362
3984 7405
501 6906
5083 760
160 8364
6313 502
3651 9649
3003 8848
3042 1347
4249 4571
7363 2994
5488 330
2861 3010
1425 1397
4828 5951
6031 497
2261 1845
9826 4476
3163 940
122 1262
6783 1457
8153 9137
5119 5562
7067 866
5974 7423
1210 528
7153 4827
3145 6759
2851 2223
2038 5430
2114 2031
7797 4106
7314 5686
5227 724
1928 1061
3683 836
9056 1609
9988 8165
7512 7300
4836 382
3889 1500
8721 6305
6531 8994
4696 2943
5943 9648
1132 8095
6659 3367
3370 9347
6389 6059
943 98
2118 9942
8663 3328
8057 3239
1726 293
2139 8072
408 9167
8211 6491
5008 1097
9293 3420
4973 5167
623 757
467 1692
5540 2132
3816 4620
5818 8342
5976 2320
4013 6524
5689 8881
9722 2396
6037 8880
2226 6484
3690 9485
4227 4466
546 6052
8231 4026
5882 2632
6479 5656
2105 7180
1324 7721
8242 6751
6136 9922
5485 9166
5855 168
3328 1610
8540 7282
7513 4755
2372 2159
5260 4334
3438 9147
9203 3434
7881 6705
8514 2530
6090 1357
4110 7191
2347 6902
5369 3598
6505 8262
4727 4149
9012 2937
3021 7485
6958 4017
322 8929
9109 8279
7377 7044
8071 9092
4635 6477
8873 7450
5120 7049
6004 8257
8962 4555
4214 2451
6252 9878
8111 2101
3182 5986
4066 8555
702 4759
2495 499
7196 2563
6729 8608
5165 2357
5479 7962
2299 6212
3442 851
9797 8294
498 4356
6297 631
4833 5595
688 9009
3513 3138
9399 4562
6178 7298
3202 3356
3600 6544
9452 4490
8096 1093
8022 2322
7426 3263
4107 8160
1231 8022
7571 4962
434 4392
6448 9868
9063 2068
2594 9859
8412 8641
8895 4880
1533 3784
4885 7761
9420 5423
7958 3294
7957 8163
7876 2769
3663 8718
7023 2807
1650 647
1701 8146
4092 2210
903 6535
5547 1261
1518 7251
6314 4709
8181 8295
6868 1662
613 8365
7862 8548
3628 4782
3859 2567
5266 2685
9034 1778
9354 723
3383 8676
4971 4233
5917 3598
2783 3645
1969 5338
10000 7617
1504 483
768 999
711 1386
1493 5329
9952 61
2210 7436
7219 1294
9044 1130
8047 5614
6903 2219
1829 9419
8226 3331
7571 1230
1547 9947
3376 284
3380 8082
9833 8524
6143 3255
3065 6714
2615 8408
9613 5849
8118 2074
1819 5880
1809 1254
5654 9073
9986 8747
5476 9847
5880 9095
7040 1691
9900 7784
8646 5638
1746 9047
4600 9617
3686 684
4202 5529
6729 8279
7975 3672
1884 5763
2187 253
6158 5828
8697 9983
8465 2689
8520 6898
7551 3078
1668 1825
5433 2354
4615 751
2700 4291
5059 8467
5236 2335
7941 8950
3657 8033
3519 3252
5357 924
2302 312
5885 1920
4274 2135
245 2874
2448 1595
9050 4601
7296 4223
8776 1826
5863 8328
4401 8911
2782 1671
2713 5811
6807 865
5728 7293
17 7133
6397 9972
7294 7828
9162 1196
2841 1119
3746 2698
6241 9117
2775 6489
7773 4374
8611 4542
8059 8678
6063 2422
1691 581
5862 4643
7025 3066
1713 2755
9197 1095
3286 4311
5486 8382
1503 4898
6791 7502
9494 6734
7341 9516
3234 3887
6874 8192
9826 2214
1719 491
8587 3376
5871 9659
2243 9022
7396 4112
7452 4804
2988 4411
8578 6776
6190 1377
7843 803
2300 3103
3843 3467
3090 562
7018 764
4162 8214
5678 8481
7012 6688
6226 1308
1856 9957
5255 6502
4386 3674
4872 127
5820 8664
1199 3438
1784 1188
8785 8018
141 3028
477 7136
4966 51
9001 2432
1237 7686
1340 9489
3748 3800
569 9009
4827 2225
3309 2937
6055 8988
5465 3816
113 6490
4500 1248
5907 9941
2812 9142
1815 4286
639 1279
1068 1378
1984 502
2026 1373
465 6764
9964 3241
9526 1356
8342 5847
2147 4822
8743 3692
9460 7914
8691 9351
2225 4269
6373 2890
6081 6116
7919 3992
1824 209
4238 9680
8231 5606
8941 1824
5676 1130
3562 9805
7796 6612
2869 8137
5981 7008
4903 2226
6763 5786
9336 9952
7591 6774
1416 3049
8666 7567
359 1264
3995 5937
9439 9738
6424 9793
4260 1692
1500 6926
2330 9169
1527 7376
3934 3175
7173 2390
6539 8945
1058 6033
3223 1599
5393 8686
3682 7593
1415 2596
3088 2270
7629 4527
9285 9346
2683 7843
9152 2157
9874 5699
889 9617
1563 4624
2195 5952
1548 4094
9432 6781
9814 4212
3172 53
4784 4686
7972 4119
1497 1852
168 4985
4945 5109
2776 8462
3923 8206
3842 9405
9130 1309
7253 5608
3089 5985
5390 1083
8430 5873
6437 5815
2223 8644
918 6073
3516 328
4647 8036
4118 6184
69 3262
9405 6114
1627 7003
1842 1179
1682 3586
8312 8058
3776 3722
1997 3852
8947 4196
2184 4206
8974 2472
602 5763
7706 4126
5588 3690
4452 4053
9206 4902
5576 2025
6782 7187
6147 2982
9230 8065
3935 2447
2906 6352
2086 8142
391 2169
7859 590
5468 5336
1036 6718
3855 7624
6329 8373
3993 7679
7705 1926
567 3543
9823 4656
1142 9159
6783 832
6462 6834
5412 7598
7360 6659
1835 5925
44 477
6998 9960
5914 9028
2430 4769
7405 744
8149 8609
5686 7241
8363 329
9958 5941
1905 2223
756 7849
4807 6571
5174 1408
2018 363
1913 8632
5530 197
2947 7195
6919 5582
9901 2759
518 2564
5717 6647
5795 6169
8365 8091
2739 8801
7562 4863
6583 7445
7670 4940
4597 3962
9645 595
7216 3029
5238 2273
3681 7716
5412 2917
9672 2933
460 5197
5362 7693
2368 9232
9265 3979
1170 1430
3464 6202
9194 8705
8950 9326
1418 1520
1738 3238
4589 5836
216 6953
9495 9504
8449 588
8489 1081
9410 5785
1558 9675
9602 1688
2404 3770
1271 6694
2498 3415
2171 914
9610 6846
8403 2789
2989 8341
7035 3665
8728 6414
9331 9934
4731 8848
2973 4786
3841 8197
1749 3124
8283 7895
9900 9859
5851 9254
9416 5469
4313 7293
7545 5080
9788 8735
8092 5791
8017 7270
5578 7216
5390 6927
5855 8165
223 4978
5421 4889
711 2430
6941 7905
5770 3607
6559 5360
2666 2219
8295 2620
4581 4545
357 8483
2875 6959
1692 8223
9115 1199
1679 5341
9602 6235
7346 641
2132 2872
6384 2982
2996 3291
187 5468
1311 8306
1152 4460
4665 9768
8358 618
7955 937
7438 1050
7412 8170
4429 5332
7894 1102
8444 3754
5231 6408
8719 4305
4626 7292
5548 8135
7024 9546
4234 9387
8186 807
9471 4583
205 7676
6326 1989
1656 7865
140 7144
3954 2422
8886 464
8632 9994
7104 6035
3984 8455
9834 8607
4843 4567
1224 9537
4735 1881
4052 6082
7394 7837
1027 9283
2749 6035
1356 3828
6076 7411
956 6040
7972 7025
882 9225
918 4162
8331 9307
6426 9791
9141 2174
4739 7668
2198 6009
479 4184
4596 8374
7843 9680
732 3724
4881 422
5022 2854
4899 6926
2067 2850
2155 7017
1751 114
3909 9242
645 6217
2848 6357
2244 8631
2827 4449
8113 4371
7592 1738
885 4073
273 7372
9209 518
5471 6543
6038 9574
3979 558
7644 611
4466 7550
1145 6572
7476 110
6423 2319
611 438
3546 8564
1542 6605
1665 728
9079 4570
4405 7032
3880 3628
6824 2907
5089 4973
5196 4009
9375 3974
8211 5387
3602 6676
7332 2953
453 6347
5772 2314
5748 1071
3142 6881
6629 2421
2960 4916
711 5121
6685 7537
8718 8993
8530 7952
111 7299
8970 1290
8638 5278
3240 7080
3479 1276
9518 5604
1262 8597
7907 4581
7636 7171
2136 8021
1279 1886
759 2652
2941 5974
7212 552
4633 2482
1991 6277
6964 7942
3118 6922
6483 6764
5793 3671
3038 1884
1334 1078
8909 6674
1632 1894
4048 1531
817 4704
6305 8634
6865 2760
2242 6989
1799 876
5868 2957
7676 3477
8839 6915
4196 2208
6167 2935
8395 1292
8328 3867
1518 102
3332 5559
5573 7665
3492 5908
6388 2743
2132 3174
8528 6321
2641 6703
9622 2672
8955 5119
6202 6670
8039 3243
9564 128
3651 3711
7358 6014
5628 434
5660 2366
293 4147
4564 8432
8390 8613
8481 1893
5184 3823
3348 2086
7555 3861
1817 696
1035 152
1770 9297
5675 8694
5534 7892
3033 2732
537 7557
2371 9238
2558 6018
155 6379
7490 4504
9902 1358
2300 2966
1003 5113
2771 3255
4720 7262
5513 7017
9434 2783
7687 3267
8532 8838
750 7423
6725 3970
7740 9353
2134 1223
5298 6483
901 3206
7569 8061
9669 7031
8886 1568
737 8101
2768 2192
3126 2939
6029 3638
8902 516
4494 8177
6816 6142
177 9058
4390 5339
2779 1022
3636 8256
4034 4723
9480 8752
9402 6409
280 4128
3092 5767
3620 8264
9084 8243
8375 1277
2460 2282
5354 7479
7722 1172
7062 5834
6736 2232
111 8655
7575 161
8881 6246
9491 4902
7337 5680
1404 6729
7501 4492
4855 4155
2695 2675
1939 7394
7079 2984
7333 7237
2704 1748
7918 9455
9031 3763
8934 4927
9233 3344
5186 8907
9038 3080
2651 2516
8629 2115
7907 1322
4067 420
2367 8596
1621 9391
3276 1019
6061 2344
3768 5824
7181 4344
4913 6863
8727 9688
5226 4485
2390 7403
8141 2569
1795 5693
729 6033
9640 9274
759 4554
186 7873
261 9969
1047 2850
5515 8141
3660 205
9646 2041
7979 2608
8241 2052
704 5865
5566 9450
7623 2528
5425 4644
9753 4877
3408 4987
594 1179
6311 8164
5344 9842
4515 9066
3169 189
8162 5807
8420 1003
5490 7415
4353 1488
9156 9688
1368 3532
2237 189
3004 5161
5804 7416
942 38
9007 9005
3461 3651
5201 4621
5754 9307
5917 8938
8923 204
1514 9308
5914 8187
9298 4259
5584 6462
3553 5145
2905 5035
1493 9670
4448 7205
2278 4175
4530 1256
6720 6050
5648 3069
1229 5559
906 7894
39 2265
4707 9888
8927 3645
2059 101
2244 5515
4612 1797
693 7070
2739 9901
6131 2129
4356 7018
2014 992
6173 8673
7335 3495
3937 6663
765 9854
2635 1177
3423 7512
4809 1166
6139 6836
861 1426
6417 3008
9701 9799
8461 2608
4355 5269
8962 6399
515 8475
6292 5586
6898 250
8531 3909
1788 4674
6545 6611
652 9204
4708 8005
6616 2353
5976 4085
6174 7482
1456 1258
3780 5506
4707 8580
7749 5200
2653 6229
4834 3670
1084 6612
9680 7355
7677 2372
8374 8730
2224 78
4096 4197
6233 7678
7432 1867
3401 9313
5816 8503
973 7135
8722 7017
6453 8728
5038 7847
9582 4976
5627 4326
1821 7800
4792 9208
1206 1148
6412 9565
9360 3376
7993 1690
5653 5901
3007 8135
8727 7072
1599 1251
8241 5902
2629 8513
2107 2331
5308 7367
1701 1341
1612 6988
1637 2354
4061 7914
2268 4305
5840 5124
3772 5799
3985 8022
4507 6093
9517 6590
555 8356
2478 3561
1776 2154
6811 5094
7987 4131
5941 3637
7303 586
2877 2582
7078 2053
8657 7504
9879 347
4477 3146
6122 5640
9607 9446
6243 3688
7985 565
4987 781
3658 4883
9625 1425
139 2704
9074 2017
729 1578
3366 7183
4326 2848
5173 1945
8383 1358
9149 6644
3558 4777
7238 4183
9353 4822
3410 4843
542 2437
9332 5792
7603 9129
7666 2936
4825 2306
3423 5510
8177 7875
5800 2375
9856 430
7475 7936
9949 4878
2586 1264
9376 9336
8998 2195
6602 3115
512 4801
6695 5648
9984 3885
4019 7607
1368 4990
47 1762
4658 2337
7419 226
159 3256
2383 3327
3598 1311
7967 2245
6877 6387
1150 9366
5604 1118
8283 7816
5715 9543
8944 9398
9036 4068
7319 3867
666 3347
8468 7009
9787 2489
5236 8507
8048 3174
115 8528
8037 6124
4723 8360
1084 3592
5013 8150
920 685
4533 1879
4205 3159
4104 1472
4048 9114
2466 8528
6277 8074
1538 2146
714 4579
3693 1990
2502 6462
3134 7439
19 5868
6540 6097
2330 2720
2835 3788
2196 9895
2464 9882
7340 3623
3712 7013
7533 34
5531 152
1496 9717
6761 8648
8519 6588
1174 4949
3326 5996
9677 9080
7401 9595
4273 9600
229 8163
8265 3112
3938 4601
9587 574
6549 961
8485 9429
1903 584
6492 5504
684 2286
4350 8104
1987 8841
9649 8917
8713 6329
1314 105
3214 700
7176 9746
7877 6554
8016 6287
6781 4151
6539 8850
5995 769
5581 5489
4917 8102
9839 296
5508 9272
2496 9565
6190 9442
1327 9688
7743 3931
4953 4342
8064 5835
9097 2057
7844 9750
5086 7368
8896 1157
1382 2457
1590 3449
6651 4285
9988 8292
1462 4993
1992 2663
1208 4458
1220 5652
4579 6429
3913 7166
4098 4473
6693 2974
2341 5173
2937 8388
6002 5753
5721 5705
1826 4748
9186 1825
9792 3233
9524 4991
6281 4925
4625 5841
8991 3623
8626 274
5686 2985
5617 5925
870 7112
2346 8117
6381 3372
167 6200
610 5714
8971 9450
8418 8485
6869 7699
164 8330
9633 9430
1576 8449
1417 4822
6165 9687
7263 9639
9435 4367
9793 5536
8098 4485
9930 4646
2497 2466
469 2898
2510 138
80 4690
7002 2367
3247 7887
3116 9224
898 9781
9023 9048
2566 4676
5723 8716
3568 6467
2460 1525
9580 1200
6057 6686
9724 99
7982 7307
5076 6945
7533 3530
716 1711
2054 7810
3295 2755
155 6186
2901 9269
678 4619
5381 756
8466 2271
284 9251
6292 342
9364 9119
2617 2462
4146 599
8908 1744
8226 7459
319 8045
996 4859
318 2203
8118 1732
2452 7384
3090 2512
7705 5581
2286 1016
89 8570
4122 1073
304 4917
3485 4786
6249 7827
6861 2280
750 1805
7685 6398
8508 7715
3994 1430
7064 6075
4254 4167
2049 1243
5777 9558
4465 2085
1795 947
232 8239
1810 2311
5728 2657
1275 1329
2850 6468
5700 2167
998 2074
2626 5701
6098 5023
1476 1724
3299 3697
2554 5500
509 6454
3290 6575
7895 6202
9813 9469
3279 9262
7894 2072
2323 8858
7343 9626
9482 9131
1269 8873
5128 4173
3743 5600
1908 1351
4288 3767
7706 6662
9435 1866
8494 2620
8958 2887
4776 2116
8950 6301
3700 8887
4111 9762
8906 7709
1769 2614
9640 1251
2882 9489
7495 7987
8623 371
2496 9098
4790 1439
696 4710
4551 83
7532 7287
9340 6424
5944 6075
6333 187
9640 8383
3108 5946
3155 1973
7551 2457
1923 1225
128 5937
2961 5109
4963 8098
8262 8241
318 4378
5146 1113
4354 3437
8716 1039
417 7984
8915 757
5463 1516
5573 8674
8226 9746
1418 4273
7785 4136
5747 9325
3507 5990
7378 5396
2469 8920
9718 6124
546 8622
5927 3965
2930 1422
3247 6173
5103 391
7996 8282
7302 5217
5780 2950
9214 4002
7610 373
2143 8842
2207 1900
830 8758
6828 2310
26 16
5194 9008
8129 5137
1589 1003
8007 861
6278 6793
9815 689
6873 7138
9307 419
9859 802
8357 3837
8575 5476
3095 3066
8660 3711
9056 9910
447 3377
9102 5866
4847 4656
6244 949
8553 539
5218 856
9275 6948
996 4638
9854 5546
256 700
5311 6293
1645 1491
8564 9848
3212 3253
1745 4859
3847 808
2787 3021
3129 6184
7440 2003
5870 8355
9693 345
8622 900
4534 9653
5902 148
1597 9644
1965 7773
9835 3653
6055 22
5267 2501
5804 8701
2389 2969
1815 5505
8445 5303
6388 6354
2509 781
4768 2128
1056 2230
7459 8691
3249 4240
9700 6879
803 9185
7555 5676
9167 6626
7394 8433
7245 9441
8971 9673
4920 4882
1166 9051
7069 558
7671 6623
1578 8443
6909 3014
7278 4134
1337 8204
4368 4642
2957 1501
9052 2728
4212 8863
8377 1453
2309 4986
517 777
6501 2796
2380 1030
7582 5726
2343 9264
2825 2917
285 716
144 6826
2108 3197
8595 1244
514 8856
5470 5575
9760 4116
783 4673
4978 6910
6530 6081
1855 1128
8924 8098
7843 3444
9902 4754
7401 8033
9089 7131
1162 31
8323 7412
2878 439
4087 5239
1687 4655
5666 9433
4042 3888
8836 6755
6058 4946
3585 9973
1061 2186
8239 5259
8734 9122
3525 4432
4559 6022
9603 585
5873 4686
4718 4817
7065 7624
7699 8074
9312 7045
2973 4412
4087 7235
3541 6523
7026 9274
1071 6159
8027 55
8441 1351
4458 9602
3213 1906
8457 7587
840 7170
4479 942
364 795
7130 6795
9168 2590
8357 2571
2094 4136
7069 2754
7179 1415
8249 4869
8795 361
4392 6922
1824 1483
344 9825
9570 1108
6682 2962
9179 5982
2767 7899
7211 5440
3877 7578
7578 1664
1990 4673
8703 132
989 4111
6913 9272
9826 6306
8545 6660
6050 1817
4612 7924
2979 1890
3869 3074
524 589
7487 2694
4770 8522
9897 48
1191 4354
9123 7562
7498 4537
2299 2428
3156 6507
7349 1503
1725 3209
6193 6130
3893 8936
3073 539
1441 4708
2837 7737
6283 4664
6184 3964
1591 5890
4759 7102
1200 6627
126 2896
6087 2577
5016 2135
3383 8235
7352 1066
8078 9442
3102 345
292 6354
4570 388
9662 5347
2325 1952
1796 6574
586 5956
9270 1386
6166 2662
7523 3923
8437 7628
8922 7687
3485 7670
7467 3142
2337 7707
6160 1945
1350 3181
2855 4122
9289 6258
9626 1051
2425 1562
7586 8562
2600 5332
4571 2996
4334 1223
6532 4157
3201 9306
8226 4245
5749 8878
1387 1715
4312 7644
91 3287
5432 2950
1065 4435
1778 8023
2502 7150
8128 6418
9566 8548
148 832
8656 5748
8272 1674
7174 5962
9168 5507
6121 2695
3949 6851
4380 4432
9926 9311
8060 334
9214 2901
5108 1020
3865 2259
7256 8096
2448 783
1964 7766
968 1565
8903 7175
510 491
7766 8800
3481 6172
4632 3529
3036 3959
3167 7753
3621 9281
8634 4604
317 4863
2363 3704
1257 996
8325 3110
7838 5269
4637 8148
7773 2054
5010 4972
1582 5733
2016 3007
2162 3713
9133 6138
2765 7460
9863 1919
8862 8439
991 2827
4160 1728
7584 2380
5588 3618
5296 4027
4489 7332
3322 6816
855 1083
2165 536
4136 7199
9622 6123
8028 4887
1530 3007
5962 9104
8478 2378
2224 6868
9471 6109
4658 897
4099 2905
9875 6136
7009 4870
5403 1611
9036 9725
5733 1071
9942 4359
9073 8755
8630 1044
2788 3779
6033 8454
5003 9170
2437 6907
2443 604
2542 7484
9056 2917
479 3572
1520 6743
5886 9875
3228 4152
886 6654
6302 8765
1142 7818
5169 7166
2584 9725
6455 1936
8085 1937
2855 4790
7638 7020
993 8469
8130 1875
5857 2121
1282 3954
7341 2888
1280 3633
7822 1308
2331 120
9552 9848
5118 3333
6537 1594
3146 9179
1285 7534
3760 5070
5098 9473
9505 4419
9861 99
7033 801
22 6696
9494 227
6190 342
9259 6132
5734 234
7281 2707
2114 2192
1559 6348
5749 8118
4272 7662
780 4548
7972 8685
8537 3046
1660 9045
5128 5906
7949 512
2560 3146
9248 6330
9408 2511
7106 4474
3153 2802
200 2283
3998 6992
9690 6940
9553 6181
848 8257
8793 5240
2396 8552
9075 1425
7846 5741
9085 4028
1520 6934
2923 7619
4614 2638
287 2441
5943 7241
3279 958
5472 6902
7834 9625
363 4308
8752 7923
1095 6125
3940 1002
8369 9724
1591 131
3151 8810
7480 2412
2814 1068
1916 1506
2036 3305
7234 5324
4593 8441
341 5073
5557 3011
2511 6382
7499 562
9532 7064
2351 6847
1248 5268
3728 7491
1763 6470
2565 1882
6603 2707
856 4147
5843 8284
4902 3385
2059 6582
4621 5976
4894 7476
2687 5378
3824 5447
9797 3099
3493 9024
6636 9024
3599 295
3942 7867
6918 1101
4644 6373
6256 9401
4537 1463
7601 5278
5154 1379
3425 7703
3424 6152
3323 5287
2238 7209
5659 3008
3746 3956
9937 6070
3411 3249
9541 9724
8736 4986
2273 8182
4888 823
7237 3636
3940 2297
6336 3672
8744 9681
297 8928
5913 1400
3968 4572
6575 5249
3226 8680
9439 8163
9679 3328
2601 9630
496 5193
1397 2620
5653 897
9764 9809
8507 7056
293 8413
2572 7036
1736 2787
8323 5343
2899 8924
8991 5380
8487 5346
8495 5752
1801 1468
1336 7893
4207 1811
6919 8033
9454 6310
2833 1541
1299 1279
4882 2435
8433 7072
819 9390
2361 4602
3230 9970
1031 8268
4993 6903
4109 7212
636 3356
9200 8225
5271 737
8843 4819
9317 5850
1673 8988
2584 3442
2999 1625
9379 203
5023 9566
8119 6327
3737 1381
3320 9984
4766 7361
1644 7256
574 2111
3811 9044
7492 253
1495 4983
3432 8181
9666 6366
2740 6801
1915 4675
5052 7099
1657 9832
7619 4743
7656 9553
7173 3368
8015 9130
7802 209
3855 6625
7261 224
2700 9713
1772 4958
1708 5870
8270 3349
6809 8036
1013 2261
6651 7221
9854 1041
2963 2934
3910 1016
1759 8073
7964 3128
8482 3473
5629 2507
5439 4224
5070 7091
8191 6348
8450 4926
8035 5514
5231 9677
7398 9030
1643 1271
8093 7080
583 845
1913 3758
4535 8146
6938 8204
2899 3779
1772 2755
6393 7246
7329 8538
2219 1804
9653 7395
8736 1384
3177 8602
8160 8782
512 2794
8382 9255
1726 962
7483 1748
7309 5492
3047 6562
1234 953
9361 9933
4235 3122
6112 7959
1728 792
985 2432
1695 9263
3709 8192
7919 5092
8623 5141
7655 2943
8652 8705
777 7410
8794 7241
4430 5462
6988 9623
4920 3643
5813 8043
2492 8455
9197 5678
1733 7876
4609 690
7830 2807
4238 7479
5440 6137
6002 6708
217 1007
6966 9671
1357 8363
1071 37
9901 2904
6611 4806
8926 5141
958 4208
8522 4863
3984 7916
4076 9012
9384 2669
8449 4014
4082 1655
1037 8964
4499 5206
5639 6927
9082 3233
4758 1009
6402 2371
8507 6159
4942 6039
8989 9827
5360 8722
466 3265
6146 9265
7608 8144
6927 4217
8854 183
1781 7748
6233 5166
5467 4939
9804 1717
6239 2430
7145 9542
4669 2646
3376 7995
5172 2445
6750 8802
5219 4013
5418 9273
5272 5213
3414 3516
5675 3789
4372 7881
6765 6648
1413 8129
8736 7814
3976 8234
704 7461
7647 7083
6380 948
3314 793
4245 4588
8692 2985
69 8755
1714 8208
5891 6485
5610 4467
3044 5827
5385 2216
9033 3787
3510 8918
1843 5906
9725 21
5225 9402
6128 8428
9509 4043
9850 6887
8069 4442
547 7374
466 9586
3139 6700
9770 7536
3223 3884
6199 3335
6500 2402
3649 4481
4638 8622
580 8934
2355 2392
7110 3756
786 1046
6806 7582
7006 9098
2889 1525
8264 3322
3959 1710
9068 6659
7227 5218
263 2250
1038 8275
1229 10000
695 7197
6591 2781
4383 4249
2687 6660
8859 8195
3037 3002
1991 9645
3598 3468
7994 1416
3352 6338
4847 6585
3118 9935
1551 5465
4965 860
3717 1890
2565 8431
6432 8304
8897 7052
6288 654
946 2876
8217 1943
2789 6381
5639 7520
1005 4785
5074 8522
2130 3710
5470 4872
4317 1939
3088 5405
3956 3
2701 5586
8324 9810
2771 6605
9430 8763
9392 2744
6684 7919
7291 5617
390 3500
9279 5208
9175 3825
6846 2656
4651 6954
2772 6396
1771 8529
2979 7521
5680 2154
1675 5680
2363 2458
5009 377
6128 5457
5318 3674
7162 6709
4900 2729
82 860
3883 5035
5532 8999
447 6148
7826 2451
4398 8803
3088 8220
7588 1787
8310 5502
5811 7932
5335 8870
3712 6209
3780 9272
685 3115
6805 1743
4772 9649
2073 4975
8716 4218
8433 1711
5793 5259
7346 6834
1174 4691
519 4718
4740 7885
5723 5331
7355 6348
7763 1922
480 8917
7860 3151
5064 8595
6558 1923
672 2292
4030 3760
1121 1241
4234 5998
6595 8221
9789 6240
4816 6094
3359 2900
9912 2078
6623 4715
1004 6706
4247 4446
830 9447
3175 2941
4670 2951
9824 3157
592 2308
4463 433
6124 419
8543 9309
8472 8338
108 370
8014 2974
2366 4811
3332 5331
679 7674
9154 4224
9036 7560
3065 8336
8982 5629
5158 2351
334 1587
5713 9925
5281 8943
8055 1857
4610 1236
3438 8404
5941 423
4027 8595
3606 9831
6779 8020
5599 1597
2542 6023
2244 5211
1925 5940
2861 8671
7849 1917
1384 5829
3278 893
2333 132
3867 7426
2401 3273
2583 5208
4947 2944
2720 6137
7224 4613
373 4306
2872 5827
8838 5867
1043 9571
755 7675
6366 9147
9564 3538
953 6049
5384 9244
2859 873
7843 1785
8340 3920
8722 2473
1237 6731
3593 402
3526 5843
7823 984
6605 2361
4358 3379
986 1231
7177 4110
5578 3365
8423 3093
9169 6249
1763 6587
8931 843
1871 9826
5536 7905
7827 7408
8544 8290
5002 7887
7458 4970
6210 5884
4183 1713
4327 780
1275 4520
4851 2504
8739 4996
6595 5370
3150 7518
7839 1060
8556 6603
9362 7593
859 6957
3691 7459
5077 6554
4910 6078
357 1188
6933 1120
3074 3180
4760 8754
4525 2589
5386 3269
7617 3949
5708 2375
7887 5020
6095 768
4510 1462
2939 732
8218 9232
7599 117
8044 3901
8808 5655
2272 1433
3643 435
7837 8558
4548 1229
4690 3640
6056 468
9309 4820
229 7584
9969 4850
9918 5850
4346 1508
9203 559
9516 9547
181 8948
5104 6446
8059 3965
4136 9674
8781 234
6942 6575
9400 8984
3472 757
9051 7116
2887 9738
6010 6180
1219 6824
891 4404
2966 1090
7533 4522
8360 6218
1914 3416
5598 184
953 670
5526 7675
4831 7105
6257 3334
6178 5621
1808 3532
6406 3922
9468 2478
278 982
9849 793
5093 761
3750 2913
6030 3089
799 7165
5094 5590
7374 1555
5610 5220
6844 228
6711 9230
1827 1909
5598 9523
7492 6773
4963 6014
4750 5752
3565 6167
4148 15
9196 6824
4909 8894
3099 6313
1457 6007
4353 2528
226 891
3546 7309
2952 6969
2304 4368
1843 7374
132 9052
9400 5113
418 6849
9502 2921
1050 8333
8680 2027
5112 744
968 6362
1975 8781
786 2973
4002 216
8253 221
3197 3401
2679 1221
4773 3354
8802 3321
4303 8376
2794 1060
2795 1624
4048 5430
5355 4223
4956 3403
1665 1253
994 8221
3012 58
3190 1015
6213 780
4521 8729
2542 5001
5961 8932
8311 1248
3892 7758
7001 5431
5070 9967
9550 1065
3927 22
9361 3968
6239 4969
4467 2656
9429 595
4367 9204
5641 7307
9045 4374
91 9705
3471 4320
7613 1986
2983 2027
4601 9592
8979 4886
9383 6898
2873 5023
8325 6925
3419 9034
2482 7590
8670 6792
8793 5666
5140 2253
8845 3584
4929 952
8392 8615
6804 3650
5790 843
6197 4902
3859 1021
8624 1738
6731 4874
7618 3308
6949 1940
2640 6956
2362 9379
4486 4074
7038 6384
4482 5431
651 7544
2664 16
3954 4107
4357 6361
6055 7256
2294 7919
2473 9555
5294 9695
9431 4255
2631 859
5596 8603
7395 1126
5993 9061
6352 5705
5978 8015
8538 2669
1192 6672
5177 1908
2152 2225
9968 5604
6860 1547
3017 6688
171 3619
6888 1376
2848 3132
1964 340
6619 738
9320 3083
1515 3945
5304 322
4108 7879
1139 5528
5416 7608
3367 4095
1938 4137
8876 3616
9305 6742
8584 6695
5524 3613
4405 8294
6649 2712
8406 8140
2729 5719
3416 2003
7013 8101
9551 9537
8309 5748
5186 1104
7561 6908
1975 4739
3215 2390
6157 8942
9743 3350
5364 7473
74 5047
2238 8933
1588 3933
5701 2903
3000 1569
4866 7637
2831 3931
8478 5437
4860 8049
4109 1032
4473 2713
3431 1299
9925 8773
2255 7302
195 1389
7252 5105
8211 9675
1128 3113
1056 4704
5684 8790
7048 6450
1391 1995
7751 4141
210 3165
7755 7042
5418 3275
4379 8660
2391 4823
1096 5890
2257 5045
6487 2820
5204 1412
4395 9260
7245 2651
160 7454
298 7208
2967 2243
1675 1681
9075 9652
4675 8501
9907 7331
5776 8974
5619 7889
7793 2767
5250 1110
6738 1766
7568 9006
4964 375
8911 7219
1276 8259
2079 7139
2634 4833
1146 7220
2913 436
6886 3337
1190 5761
2295 6840
2957 7706
7159 2049
7050 2931
1212 3125
9218 9890
7471 1846
5046 1335
8618 3596
9691 9174
7358 9593
9368 4717
2850 4412
3353 4339
7835 6391
23 559
1473 2903
3615 8567
2197 1663
5168 5782
2251 9446
2097 3659
4743 4145
5275 2284
2376 9153
1150 5689
2236 7355
1593 3249
5748 8624
747 4507
7061 8600
2415 3775
7650 1107
573 504
9033 422
606 1140
279 8204
6388 8982
423 3385
2229 835
134 7099
9328 7280
4213 8483
638 3565
9123 3398
3897 9270
343 3185
7930 6540
688 7849
8900 7124
7312 9249
5968 9456
3801 9250
7829 6653
5144 4383
2563 7694
3346 9972
4155 202
3418 9644
3859 1727
8522 2948
5771 8035
871 5437
9247 8887
2107 4756
9446 7039
8381 6679
9864 6245
9619 2489
8076 1730
9135 2595
4686 3938
6184 4937
6557 8935
9391 6554
9231 7539
9257 2301
1128 2081
2547 7310
7080 179
245 4418
673 5847
9851 6178
8293 8957
9456 3952
8390 6639
6464 5047
9184 7794
257 6077
6246 3005
9515 616
8181 3039
2933 7867
4238 6718
3506 9301
1297 5078
4985 6474
4913 364
5518 9620
3158 4247
3663 2638
2524 4254
5416 9526
9650 9462
4202 4732
7539 9792
4120 9368
4302 4396
9384 5989
919 5939
9683 1645
7828 8460
7969 5787
4732 7959
3676 6235
3471 6144
3354 3464
7447 7058
4802 2221
9895 1754
8621 2605
4001 8957
6642 815
6679 4904
2214 7159
6030 5336
8041 5415
2638 7982
7707 1189
2271 2918
6240 9559
5508 9216
5814 2678
312 9160
661 8833
366 5451
3113 794
7442 3535
8586 7670
7300 1694
73 5826
7350 9466
6126 6361
4837 8391
2437 8305
879 9738
1089 2912
9735 5285
9464 3305
2813 4817
91 7106
5404 4028
9204 4495
5887 1618
4635 3429
8093 9428
5239 313
1035 1439
1056 1053
919 9000
545 3237
5667 4690
5063 6587
7465 9071
5271 7143
851 8029
1415 5421
4075 4018
9445 3748
8595 6002
7983 4621
3821 8800
9230 8349
2973 9661
2404 9527
1225 910
3429 567
7251 8585
6863 4213
6800 3792
4330 9866
1044 7006
367 5243
6082 9400
2463 4310
4308 9033
3485 6023
5317 3055
1026 2756
3547 244
2229 8535
2186 2592
5452 5
2077 9139
1549 6095
1853 4251
5973 736
839 4507
611 9243
9017 3567
8806 6623
9092 7124
1235 2771
8203 8414
3864 676
7875 5065
3389 4217
74 5589
140 8482
8244 3150
8609 5439
3568 3079
5137 433
5906 6020
5102 9410
5730 9770
1366 4301
5873 2695
9071 6665
5088 239
1003 1216
8662 7340
3028 7058
9465 3229
2888 3970
1226 9321
2815 9288
5787 5004
5628 6472
4663 7843
8435 8760
9438 4896
5390 6283
1403 3506
9487 7046
884 8473
1345 5672
3252 4169
857 3673
9650 1971
1066 7284
7518 2059
8190 577
4639 993
6004 8475
8417 8221
5816 8019
1526 2128
7392 4635
8802 1095
6388 3430
5642 8016
6624 1250
1070 6881
4054 5040
7902 2224
2696 6311
2579 7227
7345 1033
6625 3522
9448 6920
3840 3529
3406 1290
3060 4913
7960 2853
75 5632
3004 670
7466 2944
890 7366
7752 978
4405 2348
6075 9191
1656 1510
9505 3466
2984 9678
6531 2582
3252 6557
3331 302
3264 5844
5592 5154
3349 3506
5613 6477
4768 4803
7112 7215
9105 6768
219 9147
2508 5380
1297 9114
9757 4564
6892 3674
7282 1413
9278 1234
8367 2034
7679 2351
2839 3884
3600 9673
3171 2291
8350 1257
1351 6829
1426 4980
8103 6400
1143 7546
1144 9243
8732 6447
4651 8842
4818 4980
7387 6463
8517 2068
3569 6004
313 4825
5993 3267
3875 5229
3168 8154
9924 408
5854 1317
7806 9670
5958 4976
9938 8619
5837 4583
2374 4690
4173 2982
7161 25
3362 9402
2308 6562
7286 5910
6380 2751
4841 1455
6203 9371
4104 8027
7301 4054
1096 7284
5374 9441
4834 3589
5332 4029
3560 9529
9302 4765
1900 6424
3725 4764
3928 2340
6312 3442
8596 6658
9121 4440
9568 290
405 4751
2048 8358
4944 1857
9592 4092
8663 9654
1818 8029
5068 4516
9234 7548
8397 6217
8200 2426
5457 7496
5976 6356
1697 7816
8657 7366
8847 4363
7730 6645
175 8193
1943 5395
3984 3282
8622 2687
1254 5777
5930 1723
3578 5119
1023 7901
2731 1509
4125 5414
1672 3212
4687 1123
402 4644
5800 2538
9429 7139
7131 1706
708 3367
4624 2920
3263 7254
657 7061
5101 2862
4788 1269
939 9886
3744 2402
3736 1327
6578 4116
9389 118
5988 9504
860 3668
8909 4134
6158 5170
5820 2168
2716 5014
7270 5495
8382 4824
9030 5266
4356 5738
109 3454
9398 7854
5988 3506
7027 6547
7784 9362
1747 2320
1130 9968
8095 3788
5430 7800
5164 3094
9961 2581
1170 2399
5590 4468
8091 9292
825 561
5764 5167
4024 2629
2809 1115
4231 2699
8363 4084
1173 1995
6877 8919
1592 5832
6236 6012
6413 5494
6539 2511
549 5878
3524 129
343 9069
5903 1310
8266 1455
407 4137
6639 9337
7989 5802
6873 3428
5429 8085
6810 1827
237 7815
924 5278
4391 306
5414 2462
1887 9098
2193 3846
391 2091
2311 7417
5315 7042
7653 6557
2207 7907
469 7838
1120 6434
6684 8469
395 6828
9593 7331
3646 8721
1865 7767
6162 1550
2475 550
8685 954
1901 7303
9239 2616
9001 8294
6011 9548
5556 153
7822 9161
9226 2587
9323 4056
4743 5031
3008 8061
9771 4079
9261 4165
1391 3932
9540 6696
4167 2297
199 424
5276 3943
2758 1414
1536 4747
9977 2259
7672 8211
1307 8905
181 8725
2626 3131
5893 9609
3245 6949
9628 4080
2315 9532
5006 8699
398 8936
4843 7155
4706 6929
4824 2062
379 1988
5704 3914
3811 850
5696 7102
1258 8421
90 1529
5158 2520
6642 3760
9246 5022
4019 3122
8066 6031
9550 5239
9820 9135
231 2406
1762 8145
3769 273
3652 7366
1485 171
7166 2659
7774 863
6605 8342
3575 824
8001 8340
6082 448
2524 792
288 9046
4342 879
9495 3150
8567 8850
5193 204
8262 1417
9834 29
3640 4975
5984 6831
5514 8631
8778 3925
9688 1649
1536 9820
7715 6392
6552 6946
6033 9429
1927 1012
8949 3869
2775 1447
4887 3486
2518 1557
2317 9460
9701 2560
78 942
1672 9551
2376 9915
6758 5415
6705 7265
400 27
1449 1866
3013 1203
2663 7571
3603 8555
192 488
9269 7262
2418 8591
8734 5804
8009 3785
37 1135
9343 115
4261 3998
3018 2700
3551 7684
3722 6484
7551 8120
4262 919
2770 5055
5781 5221
1414 6583
6064 1379
6905 3418
8810 7770
5786 8527
4759 1257
6164 3337
8231 958
3533 859
8750 5285
1313 1780
1892 7953
5222 7993
7551 7203
6792 8746
7269 6528
3732 7144
7355 6962
1302 3485
2895 5480
3669 4816
1630 2743
5159 6582
2316 9549
7482 3595
5619 1193
5339 1953
6680 7026
2840 9626
3635 3288
297 6915
8287 6984
1085 929
2777 2630
3475 6195
8357 6028
364 6628
1270 3476
5543 9119
6287 2271
4911 5294
5512 2221
8619 1353
3376 3086
8207 6843
2053 695
4465 5605
1519 9877
2764 2379
7462 1425
9728 2574
3704 2269
4435 6189
2849 9317
6058 1735
8724 2283
7824 7758
996 5151
3888 2250
2599 9796
9053 4960
2786 9136
5532 2037
8795 7222
9465 1312
5022 1064
2487 473
8988 5502
2094 2235
8794 5164
7238 7503
9090 7812
9128 665
3608 3134
9095 6041
1294 1379
6626 3704
6294 9103
4795 8199
4257 3466
1952 5855
2197 9526
9562 8576
6904 9241
9650 7220
3594 5452
49 3473
9548 8604
1350 753
8247 1608
6789 2488
9602 1292
5673 6732
3279 4120
9211 9738
9719 2965
2515 5494
9689 8595
1770 127
2949 7535
3352 3224
9890 7123
3768 2060
4207 2741
6800 308
737 2321
3262 2817
5101 2066
7957 1104
4786 7690
5572 1835
7714 1980
5888 4048
5741 8723
3052 4324
4475 4119
8833 9530
7618 10000
3151 2833
9069 93
3009 3163
9283 7739
7267 7237
8969 6996
5048 8893
6208 4714
8758 1327
9489 137
676 8191
9322 6914
3594 2918
5155 2163
5513 6331
2691 1670
8487 1753
6174 6699
4214 5689
2807 7828
5455 1777
5322 5110
3898 2385
2906 8231
3402 2909
1982 5506
4411 8448
8945 9734
7387 4962
8287 6013
1177 8487
4834 6372
2993 3392
7816 6742
5782 8477
3621 512
9155 3708
4754 7835
6812 5212
1863 749
9480 3003
62 8524
8565 5608
9164 6257
8142 3864
2211 6194
3669 8642
3525 820
5507 8251
470 8112
9010 2678
8832 4750
629 2962
3770 6993
9097 275
2408 201
616 1331
8824 9682
8850 9644
5821 7326
2424 7390
2192 5828
258 9401
399 664
7861 6549
7060 9592
2257 2556
1369 7747
9381 275
7761 614
1486 1378
217 2788
3232 460
6376 6277
2008 8840
9212 8000
7886 5185
7698 9994
8750 3916
6608 3598
3956 3581
3479 3883
7626 8247
3563 4815
6510 4041
9612 6431
4390 7653
6295 1875
3207 2009
2290 9881
6970 9545
6604 2562
1509 3491
6066 9618
2538 5404
5993 2807
5147 4708
465 9678
496 1613
7465 5914
2022 615
9484 4651
3120 6982
4930 396
6684 5531
1460 4054
7677 2659
9037 1618
480 1053
9478 6495
8940 3992
4716 8071
4425 6040
1258 7244
2739 9927
5458 9702
4814 739
7354 9067
6349 494
5350 8096
8274 6703
4647 2120
4760 9487
7778 5148
1640 6605
3119 5498
4527 4641
7696 8776
9029 2272
9136 8167
7242 3827
295 9632
7414 1349
3900 881
4743 130
5772 8320
1533 7992
8540 6764
1798 618
647 6594
657 9787
6110 402
7591 1740
7348 5455
4165 5467
602 925
1882 8629
880 2463
2375 9198
7497 9843
3476 1024
9064 4641
4557 4379
9685 7358
4054 9175
3566 8898
3183 8089
9663 1983
75 8744
5231 4680
4084 5240
3765 5210
1299 5140
7817 2049
6208 1673
9794 1805
2810 8769
4370 1468
1476 7550
2450 3499
4882 6962
3052 6439
5866 741
4553 1624
9729 3280
5911 3761
2146 6547
4867 1935
8706 9536
2819 6760
6081 2764
3197 6439
7406 4980
2161 2489
7904 6731
2528 2309
7497 556
120 1154
5009 7400
5118 1223
4129 2927
7885 812
3828 1307
2410 8336
1105 253
4005 9737
4281 2509
5346 5919
2558 4860
989 4689
58 8658
4551 6859
2830 9627
9580 9413
9096 657
3820 807
631 6011
722 3035
142 2088
3216 3492
7340 7070
3387 6291
2683 4391
6318 3625
9515 3469
7921 8844
1605 8648
6077 725
565 913
2303 9747
8022 3371
6074 6965
8837 6880
4938 7586
6168 7696
2637 820
5914 3194
2268 6376
8184 8574
1460 8848
5254 2660
8651 5421
9588 3247
2527 8828
5058 3225
5726 5606
3952 2231
1667 9054
8851 3416
4868 4392
9361 3961
494 2482
2486 2776
660 8138
7618 8450
7996 8313
3584 6401
6530 5892
7692 5018
3122 9865
7492 6733
1048 3712
2134 3446
9834 677
1285 1978
9968 9115
5703 2738
6765 6431
554 2689
8726 3565
8000 7266
2123 8499
6658 7128
8075 6039
5965 2157
8748 1428
8641 5996
3134 2306
2319 8432
9484 1389
1542 3797
3282 4345
4382 3103
2065 9905
9446 5569
3900 8972
4562 4159
5150 1146
3404 108
1586 902
7829 4240
1875 8558
3797 1681
3217 7875
5286 3636
7071 3969
3467 704
454 5727
9436 811
5995 162
7162 4935
2773 2366
7803 2519
6628 5167
6379 3424
2121 6130
5330 6696
6093 971
2331 5341
186 285
9283 1679
5441 7366
7348 1903
1343 5860
1028 8907
4172 6415
1337 9557
390 8867
5134 8392
2552 622
7613 2332
6661 6616
3649 3296
7784 5658
6847 6575
8060 3271
1329 8297
8129 6375
3519 4050
4990 1805
2296 3518
793 7552
794 1812
6040 842
2539 4846
9157 5837
1076 9123
4116 9095
2135 2185
325 1036
1154 8216
428 7342
1065 8071
5266 8328
7867 8488
7767 7225
1606 7173
3410 5555
3829 6000
4995 7795
3440 4923
6647 3089
4266 5868
6313 3734
8774 1871
3782 5808
3426 3647
6968 3096
9645 7415
6711 2835
7908 827
7175 2021
933 9703
5140 1140
9419 4793
1300 6472
6631 5849
740 1339
4324 546
2817 2607
1442 147
1161 9769
4503 634
2172 3831
59 5992
6374 7931
2144 6443
3797 9358
8829 4149
7729 1351
6022 5191
4379 3052
8981 1536
9702 4430
9566 8073
6406 1795
7298 2212
1660 370
8689 1605
5210 9524
7183 1932
6532 3275
3685 7729
6131 6086
7972 6223
1326 6580
4465 153
2809 1794
5993 4429
4737 7944
7174 167
546 4957
9332 6032
3597 2634
6045 1262
2231 3791
7218 9374
5057 6786
3735 594
3659 6042
3692 7721
8306 6344
2521 2737
9000 64
9021 9881
1986 2149
3262 6592
6686 9888
6161 79
6156 7575
1681 2714
6707 8850
6331 5694
6563 9384
5995 2350
3343 6997
9267 8762
7216 2798
2827 2539
1237 3492
9862 3240
7622 294
4196 5121
8395 7443
8701 8246
6641 7770
2001 1440
1937 530
8478 2220
7664 715
9146 4531
771 3189
4599 6337
2452 3470
8208 1728
8016 8323
8724 3952
2178 9065
3988 3035
1638 4986
9971 5566
800 234
187 3774
9022 7089
9808 5532
1366 9426
2877 7367
4102 3409
2633 5700
6821 6988
4765 1358
9596 4965
6575 6094
8252 661
3758 4665
8920 5099
8217 9125
58 6687
168 4116
9506 7196
7878 646
1866 7341
9300 1641
2982 6301
3532 3953
3158 8520
2500 2762
6893 5132
8598 6081
9045 702
6418 3823
589 4889
2979 717
243 7099
8370 2399
1208 5407
6424 2785
6804 6377
8286 8439
5871 8301
3677 4546
105 1010
7570 3929
256 7549
4739 4153
4662 926
2405 3532
1367 1330
4312 8218
2567 8566
916 352
798 3420
4174 4051
377 813
115 5870
2343 7843
4428 6747
2207 5948
2455 6393
8885 2171
781 8732
8811 4763
2270 6311
8043 2671
2941 7441
3689 9694
2404 9298
2804 3732
8365 9691
9481 6338
2971 15
6233 8324
1692 7031
5576 4404
9044 3367
2770 7459
7231 9723
3840 835
248 8597
6256 9285
7693 3073
1 4176
7552 4344
1035 7859
5651 6968
4033 11
5169 2963
1544 9158
2652 3806
9320 9266
3902 5305
6951 5258
2006 5035
5615 2748
1995 852
422 8632
1831 1988
7804 2037
1756 2270
4611 1659
4796 1481
624 7370
4694 2094
1310 2988
2152 5377
9198 60
136 3068
7297 1601
5942 3296
6186 1365
5532 4114
5447 2397
7667 2098
8786 2170
4457 9076
356 9924
5158 1735
542 3626
9336 6019
1718 1742
1379 2337
7236 6161
6227 8407
3997 5251
9173 7867
8880 7391
8793 572
5404 6220
3054 1206
6985 6177
9520 3820
2639 7548
1115 702
4257 6296
7865 9249
655 2388
9064 5587
9894 6597
2026 3686
6541 5079
7825 5617
9932 4320
3382 7829
537 475
6843 5239
2023 7215
9688 953
2998 7596
8924 4301
4560 2204
4071 6092
638 7716
9147 8149
3905 3158
9829 7090
4559 4997
5723 7647
5382 8198
9710 800
2768 6014
5388 9142
1592 5062
3902 9013
6789 7044
5174 990
2355 5896
9387 7221
9630 837
5522 2124
6469 1522
9654 7560
3015 1263
843 2049
4546 6797
3194 9548
1863 6083
65 8819
428 5343
6849 177
8642 4760
8006 6994
6015 8813
1465 1458
7177 6846
7872 7195
4998 4020
3953 9212
3348 311
3997 4722
6450 9102
3394 8919
9594 5405
4063 7368
1895 7107
313 4999
2096 5571
5507 7773
6131 4792
8479 8990
3168 4061
3913 4561
2023 9801
430 5373
6250 7378
7649 4913
548 2312
8175 1832
7895 1197
536 3100
1152 2209
9543 9262
8733 7291
5619 2518
5412 9893
7604 986
2277 6878
2317 7480
3888 5632
6026 6604
7562 753
8942 3877
9172 2388
4875 2667
7275 4841
7984 8203
4725 6806
1987 3946
6112 195
4007 324
8394 3759
4527 63
8675 3650
1926 5823
3786 290
7618 7599
1450 4715
8733 2711
4584 4465
1086 7051
5747 3093
1730 8172
2547 6709
8099 4328
9249 2810
9494 558
8159 5278
1662 434
3740 1744
5842 6155
5907 4178
9038 7634
5275 9988
8556 2539
9025 6598
8094 1434
902 6769
6355 4680
9108 4471
1645 1863
5006 3830
274 447
7491 6977
1045 9609
4215 2855
7308 4958
25 2953
5691 6105
3318 2662
8379 641
5325 2792
5273 8303
2656 8067
1314 7624
9068 121
4353 162
9227 5404
1121 3413
4012 9142
1107 3867
7589 63
7828 9413
9070 7831
9463 6599
3082 8790
2590 908
3496 2815
6998 8681
7002 7233
1147 9264
947 9484
712 7975
7195 9678
4032 535
706 1390
5283 8153
7179 3631
6519 7022
2899 7975
6042 8141
5589 5261
2394 6057
9709 8877
9089 2567
1267 5028
6029 1572
4892 881
7426 8826
5592 1947
2157 4647
6621 5172
8236 8549
7677 5537
1116 4211
8801 2268
1071 4414
498 9538
1766 2104
3794 2602
1066 7177
1454 3644
2017 2121
8017 624
8970 9450
554 8893
9837 4750
9132 6229
4477 7338
4540 9178
3868 3520
1334 7409
3547 9851
3374 2998
2081 4422
169 2814
4152 4957
3519 5774
655 3787
9319 8054
2865 8091
192 4184
2422 9943
2317 6043
4895 4861
5697 9463
2660 144
5399 7508
3444 5306
5894 3697
7108 1165
571 8744
5479 332
4271 4560
2296 3139
2623 5455
4437 1860
11 8636
6139 9270
4791 1065
8857 6905
24 2050
2621 2706
737 5917
6438 9419
2595 751
5883 6021
3355 6573
2496 4700
9398 3076
3326 8897
6750 9973
5498 4328
7666 7772
9562 8593
1867 9620
2824 8286
5478 7536
5971 2892
6938 4490
4543 5304
4816 6383
3742 415
6069 5815
7141 6224
8446 6876
144 1672
67 7479
8706 4933
9621 1802
2244 6650
3259 1513
394 5832
8973 5796
1362 2974
6036 4812
3222 5210
4042 7980
7101 7166
7399 9993
2081 4279
3547 7970
3808 9837
3576 1643
3073 3773
8411 3949
718 1014
9889 4843
1662 1222
7630 8455
2115 3990
7825 2968
8207 5281
8727 2178
734 7490
2102 4429
8693 66
991 6885
2260 686
7118 6013
9933 6941
660 5985
6493 6750
6628 2926
4425 3795
7722 9647
6052 7728
966 2481
1507 3117
4276 6624
2493 4457
1395 6420
7998 7999
6436 5979
8813 7619
9623 8437
768 653
2377 3103
4733 4588
6420 1999
809 2278
8533 2353
9770 2173
1876 8997
1121 6215
4138 4696
6031 1096
7630 8536
5629 6319
8860 3871
4825 3183
1562 2677
315 8725
6559 5035
7756 1296
8220 2764
5255 9058
1476 2731
4414 734
3628 8783
1379 5192
8455 1964
2459 799
3127 1134
3288 7449
218 7340
6636 5036
6408 6673
384 282
8040 9281
1665 6668
3510 3338
9338 2621
984 8194
1070 8567
851 7477
9455 6971
5953 3695
6942 5950
4467 5765
4737 598
9487 9851
6252 2477
7958 7402
3214 2774
7431 3842
1787 5647
1067 3443
2282 1924
2296 875
9862 5804
3100 5120
873 9316
7354 1475
7036 150
5905 7679
516 6386
775 1787
9677 7366
8039 7377
5804 1428
5018 5734
7648 4831
5453 3600
8092 722
4722 7470
5931 9250
7677 855
9978 5257
7578 5273
3794 7914
580 3017
4284 5881
5778 3900
4997 5359
4462 7594
5203 4731
4290 8704
104 9391
6662 4316
1839 8672
9253 7548
3012 9275
5417 9626
7893 1004
3311 6267
7073 7548
5980 9095
2232 8896
7451 2701
6726 6333
2023 7377
6720 652
1849 6908
583 2612
807 8356
8658 686
1796 8695
7923 7095
936 1973
4096 7879
3991 3330
2565 5959
7155 4486
7656 7616
209 1375
1341 3481
6056 2148
8541 1475
4224 3497
2596 2464
3170 6958
2606 7660
7344 4773
1363 65
5924 4082
3088 6930
9016 6566
4147 6981
7033 7390
3903 7244
9406 2788
1155 8166
5073 8575
6224 2891
3906 4650
3084 1776
5431 6808
9584 8962
7580 7527
8308 3551
4891 2483
5513 3929
4319 7243
1759 2563
7615 9165
7149 1200
9909 6929
4825 9163
4598 3623
9070 5477
6846 7658
4425 2553
5375 3935
4706 597
9284 6444
2218 9457
9864 7229
2769 2133
2392 3774
9771 4947
4811 4993
6456 7727
3912 404
7851 4972
7401 6535
9867 8377
2332 545
7713 5448
3 4471
2161 974
3357 7456
4962 2754
80 5004
2489 4867
5355 8382
2769 8659
3188 1406
2593 4141
5685 1312
1513 2360
497 8848
4700 1918
2009 7993
9244 1079
3099 8634
3247 3906
7657 395
7086 3776
9026 6940
6801 3968
7649 4546
8178 6863
1874 7277
93 4555
6323 9277
6667 5646
7427 7682
1242 6894
9548 421
3495 4227
6144 3014
1725 8709
662 905
3311 9313
7626 4565
1673 4940
1122 6090
8904 9578
7593 8858
1054 4929
4397 1438
5661 4020
1957 1361
9824 6675
2759 3803
7882 259
4009 2844
2649 6583
8286 2629
8867 8724
1080 9263
2888 9849
9820 6244
1368 8496
9315 9047
1547 5938
3415 1214
1889 9067
2949 5321
3055 8849
9421 6409
1327 6987
9026 7081
2051 7905
892 381
9976 7978
9036 9668
9053 1390
3495 5660
4547 1847
7599 1250
7785 1163
1795 9731
9989 6331
8831 557
3695 338
9933 2118
347 7971
5727 5025
1881 2737
9438 2924
1008 5587
3739 5529
6189 1192
6371 9601
6647 5671
3705 3644
6291 9944
6753 785
4463 4858
4520 4580
9202 6523
3051 9128
1600 7163
4853 1299
786 1041
4464 8654
6453 8672
1599 5611
1483 5493
5473 3618
2220 4457
159 4587
7604 2555
3702 443
2329 5884
6578 5015
9005 2108
4993 3209
9073 3481
8322 229
3295 7889
3769 5516
6705 622
2323 587
310 4055
4641 6140
9305 9046
513 6925
7751 5920
2218 1069
7438 8111
5598 2932
3465 9277
2599 3506
5790 3372
9955 9800
1298 556
7414 5431
7700 1823
6554 7608
4174 4152
9982 4577
5620 3886
8970 3659
9272 9763
3421 5255
9364 2409
7171 6639
9347 76
9074 4339
791 6135
1281 314
9617 3170
5437 8737
2534 2253
149 224
2390 8364
2537 14
5956 4485
6969 1795
5955 374
2287 4572
825 160
9729 2526
2242 6780
1232 8016
4175 2046
6494 3970
4098 4551
4940 6595
9530 3925
3784 919
5470 7846
5134 2933
6678 3418
1625 8079
9194 1751
6448 8685
863 3248
1586 4387
1856 2716
5451 5194
927 7804
8088 553
7563 6017
8877 2527
7778 5927
8343 9265
6106 8395
224 2082
9636 2244
865 7109
1498 4056
7298 1361
3230 4111
4853 1802
8084 7267
2393 256
8637 1129
8119 4456
7900 4602
8505 1087
1439 4376
36 4626
9002 3957
9342 1493
4982 7158
1961 2775
7580 6935
5880 9937
854 1400
1660 9705
8297 9438
3489 6185
8975 6169
3344 8645
1124 1471
1732 9091
1688 5524
8234 4025
7318 7705
7356 117
5689 7341
8258 5420
7925 1347
1688 2288
6926 2586
6998 3903
5118 5181
57 8574
8149 3341
6080 165
6552 4031
871 5211
5641 2069
3196 7456
6682 4386
8502 1959
8926 5204
3414 7567
524 2139
3266 5603
4103 3144
4269 919
7038 3973
5047 6172
6099 6497
5192 5001
8797 508
5978 2433
8767 2064
2952 74
846 2863
8263 8545
3685 5805
2 4201
7050 4341
9935 7883
1408 4542
2977 742
8570 5468
2145 7618
869 9646
9358 9389
8105 3809
5559 958
8371 5506
4757 6979
4053 6906
5597 5478
7767 894
8557 6825
8378 1401
7733 8128
1422 8957
2168 4651
5684 88
8597 9831
5527 9935
6894 5283
1035 6308
1532 7141
5916 1680
876 8921
9582 253
5010 9147
6563 6742
5260 274
8835 2671
7827 6767
4524 3206
6793 2005
1318 6365
6368 2501
5293 9305
3117 164
2288 4868
8511 3298
3446 4688
9597 4853
7945 7704
8754 8203
7518 3794
2894 7347
557 7368
7446 8789
9089 7269
6308 6644
1999 1768
5961 923
7165 6644
2226 8102
7236 6641
6731 2116
1180 6195
7039 6955
2309 5148
5275 2079
8895 479
112 8174
342 433
3116 1168
5748 1585
349 8379
1209 4961
9076 25
203 737
5335 9007
6081 915
7049 8186
9878 5113
473 2167
4034 3602
728 9702
8717 7805
8534 352
4579 2091
9245 7343
2752 2721
8048 4458
6346 253
5386 6490
4894 7169
878 6937
3354 3165
2573 2354
4379 7548
6897 3003
7536 3550
9480 3696
1211 1137
353 8981
4943 5676
2448 708
2424 2390
5761 7941
9040 2515
1012 4160
9646 9638
7301 5925
8644 7935
2121 3581
7292 2092
4024 6150
8453 3360
7795 3116
56 9104
5888 186
6181 9469
8670 1389
3785 1678
6339 8829
5046 8934
8980 1328
9472 7658
5516 2716
2040 5417
6590 6254
2004 9545
2887 8657
9897 57
8370 9793
6775 9368
4713 8464
4624 6107
6617 6587
1907 8681
2089 4538
1348 3263
3825 8091
1595 1865
1260 7919
9395 2241
715 4689
4639 3982
6408 116
2094 4934
223 2677
980 7398
2013 4117
5166 4155
1360 7816
395 2366
7887 4364
701 4469
2018 7338
4002 2728
3049 6657
4484 5712
217 829
7521 7455
1042 6401
5304 5810
1535 8911
1503 3018
5579 6278
9440 2262
4423 2361
700 4409
1135 6790
2543 2977
1830 2735
1868 7231
5112 5473
288 5703
6188 416
8522 6739
7293 6179
785 1325
8982 1518
3378 5867
1431 800
8909 6317
5796 1858
9125 2818
3522 1359
2291 1762
7203 7467
1417 3754
8362 3301
5913 3645
6663 5957
9708 2043
6023 562
7484 9700
1056 4848
1360 5081
7510 5595
7595 6146
9511 379
180 5402
6563 5213
3288 7968
615 7395
743 4466
3929 5175
8776 8164
8678 9276
8521 9927
6053 1723
3207 769
6820 2092
7787 1582
934 1003
7696 3375
4052 9405
5199 5335
9189 2060
2361 7138
6665 6893
711 1602
7810 3705
7669 743
3360 213
730 8105
2621 7982
110 3645
8556 6904
883 561
8812 7080
4623 5458
6606 9646
2867 9041
4257 5714
8819 5661
5015 7872
688 5449
581 9345
7756 3742
8260 7685
5375 3549
919 4526
9559 935
506 2853
730 9285
8551 9129
3147 1092
326 2404
8118 3883
7326 1324
3051 759
9661 8628
8670 3014
6336 5064
4448 750
7272 3713
6747 4672
5561 7456
163 2781
4565 3680
5347 532
9430 9084
8284 9729
7326 288
3719 4264
8905 7773
1255 9668
252 5980
1359 5084
7053 1243
7988 2186
2678 7516
9731 1643
8319 2942
1415 7324
1158 9428
3497 9251
1444 6029
9718 4173
274 7299
1644 9165
2244 16
2651 6867
2522 7549
7575 5610
2128 3096
2460 3347
3353 5238
9789 5124
8310 7241
5858 6122
6154 3467
9520 7479
6847 2793
151 7612
842 2430
9101 2434
7708 6235
7731 3133
5138 2084
5252 7405
4715 4763
1494 5354
4083 7519
2472 3251
1002 9823
6401 6391
7629 9489
7507 9765
1339 7342
1549 7056
1541 7799
9289 1126
9006 9269
2206 4270
7098 6873
8898 5246
3876 693
5098 3377
7244 8259
9275 4208
9967 2141
7739 8453
2661 9569
9881 2408
5604 9276
3537 2561
7230 7984
7781 940
3450 6026
8681 6880
6957 7345
2919 4705
9176 5832
7050 4405
5413 9655
5745 8537
2159 715
9674 5507
6668 107
4478 8764
2044 8433
6593 1242
2388 6898
3220 7573
5618 2012
3474 6810
4328 8694
323 799
4953 8330
8175 1675
2985 3597
9246 3379
1756 6680
5946 4901
155 359
129 4901
126 9325
916 5480
2599 6881
9323 2976
6488 634
4563 3054
1750 5771
2851 3089
5689 2493
2956 9613
1062 8812
7408 2820
3155 4621
1242 8135
3212 7441
7113 4861
7576 8069
8363 9469
9288 5877
910 7755
2583 7626
1018 4917
5936 4371
190 495
5225 9201
9196 4045
6236 9290
1830 315
5130 1598
8676 1282
3869 279
4245 4342
4228 4665
9773 211
9016 5370
6466 8557
9169 1089
5202 1705
89 4622
5031 8012
9129 134
6553 3453
4860 884
8109 9316
3990 3588
3352 414
3815 5634
5478 9290
4920 2235
568 8315
9702 9449
7069 8121
8851 7412
1635 665
9563 2673
7140 5508
1321 1828
7830 9952
1992 2819
6931 4772
2708 8178
3545 2339
4933 9087
5605 3727
6690 592
4453 9768
7603 8802
974 9847
4860 6997
6689 548
5806 68
4758 1469
1509 2512
7625 1016
946 5273
2236 5163
417 7748
2829 8570
7918 9435
7619 2014
5485 6347
8674 5275
1863 8456
163 4578
3325 9271
7484 6054
9137 2937
2939 2489
3184 9179
3139 317
6891 5075
6747 2443
590 7119
4809 5504
5488 2073
9527 4936
2740 4915
3776 6352
5748 1777
2332 6507
6054 3138
1831 7679
2037 5436
6645 3777
1665 243
2481 530
6114 8942
8324 342
3689 577
5285 8606
7606 5379
6122 6466
516 4430
2227 4690
9761 129
1830 909
356 8208
8025 5735
6180 6284
3778 9234
5109 511
3411 4667
1710 2055
2204 2364
7478 8401
5250 3580
8031 5302
6780 9220
1176 676
6530 3156
9293 9398
2603 5735
4865 9976
8579 593
6427 7525
8232 2725
250 4389
605 2442
1378 2549
6446 7699
7759 804
2472 8394
555 7689
8180 2258
4698 8838
1619 1186
3941 4076
5083 7087
869 8220
6696 1803
8826 8380
3871 7475
8691 8610
9495 8556
479 6990
5375 3399
2601 5009
9920 9748
4138 9309
1431 4009
3900 9966
5659 2002
2715 381
6149 8385
7234 9869
7169 8048
934 5976
1018 6125
7555 9540
5650 4104
7681 7110
624 9686
8197 9116
1780 412
7857 5425
8119 910
4538 8869
9413 3021
6880 5205
8340 1951
4761 2703
613 485
7345 2309
5496 5179
8583 4187
7535 7365
4183 2835
6783 7143
1972 3262
9844 9338
3091 7146
4645 3527
6564 866
9292 4850
3671 9583
6441 7696
3625 3145
3095 6642
1746 6118
6697 9994
3470 6459
460 2492
6916 5051
6291 5675
6484 4213
3623 5145
9264 4605
3511 2064
8400 3088
6257 5686
6525 8056
4161 3087
3255 604
795 9056
6695 4790
1979 982
7460 2098
994 6233
4304 1758
5903 9694
9237 5780
9209 1317
1977 3723
2146 8722
1834 6376
5390 5136
3586 7876
7724 3245
8431 251
6280 4079
9934 2410
802 3697
1130 5602
6724 4762
4589 7176
1896 1560
567 758
2371 6482
6376 8308
9172 1377
296 3246
4567 2779
5308 1423
4322 1074
4072 607
5828 3160
8888 3106
4853 341
6504 5752
7721 3833
4086 1818
2803 168
3587 7664
2685 8812
2449 4857
3634 2003
8913 4595
8054 3085
6846 3336
3485 9280
8551 9893
2335 1090
5487 8628
6155 8498
5960 3948
6407 5045
710 7594
7460 1439
6927 8664
5275 5010
9313 9753
9941 3703
180 5905
5422 895
4164 6110
285 752
2741 4421
7358 4401
1646 979
3378 9206
4153 2527
4047 4066
402 3235
3242 181
1893 7403
9112 8583
2991 5550
168 5232
9485 5934
1377 4694
8551 901
2394 3637
7551 3388
1994 7091
6353 8344
3436 4470
4075 1330
2444 4994
3203 1754
3394 1500
9928 8361
7433 2116
4799 3902
6420 4467
5123 9112
750 6254
807 3331
9740 7627
1615 668
5550 2153
2780 8895
9614 9462
1177 4492
6609 2636
7037 8830
5367 6852
4929 9229
1250 7733
1757 5174
5938 2724
9031 4867
423 551
7701 8579
9105 7178
2708 8280
9557 3910
4190 8605
1028 5416
2847 7072
4734 1187
4919 8308
7851 3176
4817 243
5700 2100
9418 6531
5891 4988
3086 1848
8181 4978
2381 6976
5942 1673
6593 9274
8602 358
8872 7043
9559 4520
4822 845
3465 6529
3199 4467
1570 3152
455 1867
8602 9750
8575 6900
7701 197
7786 1927
8674 1742
6864 2834
4317 7608
2266 3449
1342 2763
4995 5677
7822 9791
2867 4764
3094 7602
1585 6674
8733 1243
8045 8303
836 8320
2830 5916
2384 420
2422 9169
9226 9748
347 3852
1200 5713
9173 2559
7566 63
3418 9772
4611 2586
9035 6933
8775 8731
2028 915
