2644
27415966
5097 8319
2945 2787
1659 4539
13 9599
8553 1186
3368 7002
5566 202
9565 2541
959 1103
1803 9374
8855 7904
6998 9841
7642 4546
6119 2980
8345 2858
1272 3135
4554 6181
5097 1359
9453 3188
2001 2456
1815 8592
7592 6770
2866 5150
1135 1081
5304 333
2923 717
8563 9598
7087 1820
7456 9639
9808 1004
3747 8359
2041 9218
8936 3084
3642 1205
7542 3058
345 8703
422 6583
7840 8825
1415 4702
765 1024
874 4147
199 8905
6880 5055
1205 844
1580 4946
3811 9647
3047 896
3179 9551
8632 4548
2492 17
9891 1268
4301 8860
5812 5894
5418 6702
8921 8064
3966 1832
464 4477
3473 4781
3160 8521
5883 159
3209 9372
9300 8343
7888 9787
887 9713
5824 1710
7742 1022
4923 9172
4811 2904
3756 3803
6517 1730
907 9739
6608 2139
2013 995
1275 7319
7681 7120
4769 5683
2885 4645
7861 2748
814 5762
2464 7692
3009 8771
2047 5664
8148 9843
4818 5815
6465 7355
7779 4665
3101 8914
1051 7507
6678 7864
3433 6284
9410 7653
3565 5165
6187 6160
1579 1682
3216 29
7142 9010
6175 3784
3550 6166
859 8703
1354 2397
4500 5319
6866 7146
4866 2792
8608 3739
7832 3413
4172 9858
3433 6467
2869 9019
4422 914
6893 9976
9962 9814
9384 556
2023 4173
2624 7841
22 3709
4601 5730
9914 4491
5467 468
6268 7946
5667 9401
7698 5904
4587 2183
5721 8026
3924 9970
5949 4628
3354 4954
6933 2568
5477 8999
729 1829
6701 6485
8924 5689
459 2745
2984 979
1968 2734
630 2164
5855 4161
1659 67
1453 6980
5550 1816
5819 7825
6218 9300
6087 3459
2382 8910
9094 7933
3710 7526
8509 1789
8504 5199
6481 8520
8980 8182
5610 8378
999 3655
8794 3875
2933 3127
8023 3133
4834 892
7824 8029
6966 4275
663 2881
1828 6771
8341 5818
7880 379
9503 8351
790 7739
6500 3242
6807 1092
6624 7665
9745 3441
1845 4403
7732 3929
3085 9321
9707 5315
9453 8593
8944 3815
6278 2313
5135 2828
6626 6436
4430 4858
718 4474
6400 1367
196 4918
6496 2137
1460 4249
7492 283
142 4656
6099 9863
2702 1427
657 8612
6613 337
4379 9064
5858 5343
1249 9592
149 4307
7615 1971
5812 4839
7173 990
9934 2371
8266 8181
8631 6910
3175 8494
1533 7576
6970 9331
6664 1750
3943 4895
1836 7359
9300 1249
470 807
534 4245
4868 7965
6742 7492
8476 5320
1358 631
712 2826
5811 8194
9764 1716
4937 9139
6461 3139
7862 8268
8939 3756
6943 7832
8924 7924
2136 5570
5199 6709
7629 2412
9595 8126
6766 6432
2763 6113
2298 4490
5939 2135
5922 2798
606 9231
1265 5527
2023 7673
3578 2302
3525 2675
9036 7827
57 1013
7414 9158
9433 8197
641 8975
9544 8844
2012 9633
2221 6279
6974 6131
8739 8844
5006 7249
2554 5337
5903 9266
2972 9002
7892 1051
7204 7557
5825 5523
6394 4630
8839 723
8697 7690
5508 2742
9674 9507
362 8329
7544 6453
3573 8728
9579 3774
9368 9251
7232 2408
7504 6003
9044 4100
6562 7242
9017 864
2659 1899
8176 8287
1900 6201
8350 3371
8798 83
1906 1228
9850 655
138 2177
6404 770
1744 1776
2446 899
5147 4711
9705 321
6760 4612
6350 5023
3838 1773
3447 1464
8465 7526
9928 7986
4209 5790
9222 248
8366 6276
1253 7912
2375 6520
1838 1590
4399 3779
7372 1682
5985 8613
1472 2996
6529 2558
5199 6944
8041 3264
4885 9940
4521 7336
849 5998
8332 2073
4794 9113
8024 3010
5843 367
3345 8323
6388 2997
7313 8765
5022 9903
8250 2857
532 4081
9883 4937
3776 3472
5417 1157
2959 2580
1221 5154
7428 5175
5235 6243
738 1259
8395 73
1147 4116
1484 81
203 7904
1394 2645
4936 1085
8439 9022
2780 3148
4433 6041
5074 4192
1754 5375
9174 5379
9420 4678
8912 7350
6402 9322
8384 9381
4016 7843
9507 6337
4289 8064
9856 7847
6209 6527
3016 4365
3320 443
6265 6944
4279 8168
3829 8202
692 9671
4491 612
3735 7093
4201 1844
2991 2887
5317 4690
6961 2891
127 7777
7885 4249
1364 2910
30 6600
145 1410
6357 3156
2787 9784
435 1263
1971 7540
1027 6408
5469 7192
3030 7831
6104 6789
8480 1966
8427 9019
1979 690
7472 2328
7361 5924
3008 2354
9456 1490
8655 5446
1378 1879
663 818
8418 2549
8644 3126
9408 6907
9310 4404
9516 7670
8319 269
9570 7305
5068 444
865 7554
3681 9177
3852 3681
782 9039
7440 6268
1247 2913
7651 7940
5047 602
7140 7364
2705 6741
2077 9676
9298 8470
1792 5828
5704 4645
5117 6780
10000 394
1121 6761
5999 6166
402 8406
3805 2447
9570 4871
141 3269
111 7596
8094 4819
5636 6423
4013 619
4079 9747
5655 1194
1393 4401
9952 2889
1386 383
8762 2643
3975 1972
4070 4286
3485 2713
7201 1962
8631 1825
4298 7152
7096 1797
5053 6475
6010 6273
7405 648
9923 9122
1518 7188
7425 1312
540 8727
7078 3572
6959 5976
6016 9794
5291 1998
9128 4098
8240 4332
8029 131
1629 3332
1111 3064
9386 5159
8317 9824
6979 668
1847 6791
6305 8800
1194 738
6556 1842
3748 4698
627 5747
4372 3598
1120 2210
8830 8703
1406 8237
2121 7070
1246 8354
9110 6215
993 2361
9039 3699
2014 5157
5815 4441
5286 2909
367 6929
4069 5238
9338 9698
3599 4961
2860 1519
9829 5402
4378 6791
5741 8240
7285 4547
4759 4182
77 976
6033 1399
8173 3947
8025 9861
3846 4320
7041 6781
9620 873
1850 6062
465 4159
5191 9362
5250 2915
2902 1906
8871 5892
8142 684
2935 1353
4339 3131
8690 3699
791 5749
748 9969
6424 2518
6619 4679
5322 263
9004 9061
1055 2763
4335 5395
8668 5744
1913 8501
305 3197
3320 6173
3242 5927
6128 1230
2596 9863
2394 496
3369 7068
7688 990
3725 3333
2128 177
9509 1316
3655 5435
2212 871
6138 7685
2304 8982
6299 466
7843 4023
3617 6414
8597 9589
8712 5530
6010 4769
9388 7127
4716 2312
4177 6238
1118 6960
1578 7580
7993 3846
1321 6314
1662 9370
3990 2796
3828 5841
9231 4605
378 6025
8340 4527
8328 663
9784 7798
8528 9494
7554 8623
4781 8640
8194 3377
2298 618
5307 3638
7914 9713
5491 3925
7572 3109
3426 6293
6009 5457
6911 4332
8034 1617
4889 9693
8724 9855
414 301
9492 1944
8776 3705
3111 2932
5920 8230
4852 2893
927 5894
4265 557
4090 9900
9522 7197
6249 4037
8448 135
8730 9345
4823 5551
1772 2882
6761 4255
1332 6404
9020 765
8055 7090
9258 2341
127 3308
9705 9880
3265 5358
8216 7313
1832 8212
2173 3524
974 8191
4474 4148
1175 617
3111 7530
2563 8848
4079 5919
981 719
4693 228
6544 5481
9081 4486
1568 3828
1433 2123
93 9314
9958 8990
9825 2053
5771 4625
7488 5932
1818 1232
9048 365
2032 2470
6866 5109
319 5301
9812 259
2940 8751
7501 8427
5896 6633
5783 9330
3312 9623
9358 5549
3006 7688
1838 1033
8564 6417
8768 8867
1651 9820
8571 7521
6636 7825
2300 7951
7179 5666
6815 7102
1236 3532
6208 3435
1818 8889
2534 2054
2545 5171
8564 9232
8382 1649
2421 7087
8474 9180
2574 2964
2923 6408
4592 7369
8328 7166
7476 1774
2989 5262
152 3579
3863 2423
5762 6806
8954 2785
7642 26
8639 7210
7368 8474
5053 1267
1749 6170
5707 6804
7200 3713
1489 9583
4092 8882
4080 7572
3717 252
8998 3963
3055 6207
9871 3972
2710 1064
9167 6126
1630 4092
9267 3435
8134 4169
3963 9738
7564 8931
5372 3034
5123 4582
6591 2480
7915 570
5124 6820
5019 9547
8742 2133
317 7702
3650 6717
7710 3503
5001 5118
7431 2011
7313 2313
1335 3730
3468 5983
7877 7920
1995 2539
6488 6913
5254 9692
6627 3147
7401 5629
1268 8323
6046 7900
3322 1185
1004 5165
6750 5021
6589 4457
3770 9451
9533 1383
8138 551
4225 5195
640 5129
6452 3814
6039 9701
3800 6961
3188 4425
2878 9494
133 4617
806 6524
6384 8834
5778 6271
3884 9552
7976 6623
1600 7525
3328 2717
9671 3137
5627 6523
7155 1598
3030 2887
9149 4296
6505 8673
2801 2281
4975 2158
7338 4429
7967 8537
6705 7998
6702 3995
1190 8745
6900 5764
5234 4054
8372 427
6384 2395
6909 7817
9329 4984
5263 2924
2748 8434
917 9560
7230 9919
2379 2255
8136 4992
2070 8528
4574 3473
8284 4688
2489 9079
9692 5530
3013 6023
4329 4654
744 2125
7640 5121
3380 4979
7429 8387
9335 7500
3831 7494
5085 239
228 6232
2576 4191
5255 1497
4645 8706
5667 8300
9370 7823
6922 1816
947 3947
6356 5200
7887 2440
461 6929
407 1621
1723 4135
1167 4489
9100 5600
6533 5549
4191 5168
5610 4728
9701 899
6039 9052
7812 7853
1945 6261
4214 9303
5559 2021
9240 9104
7620 1146
8669 6451
6328 7935
292 6001
5327 8906
9509 6182
4861 4451
5567 4309
3979 4960
4143 368
7362 340
1860 7764
6464 4206
9559 440
9605 5497
7255 7131
5212 7028
3375 9783
1116 3666
8962 3763
1284 6691
7033 2041
126 8927
9847 4236
7991 3929
4568 9592
4023 2302
7038 3368
4353 6160
3114 5471
609 4556
1405 1149
4426 5025
2718 8527
1493 3172
780 6062
1833 2424
304 9424
1242 10
4492 6599
4842 3766
6456 7870
3204 8410
3988 6244
3030 3387
8403 1930
426 1478
3643 8650
1174 2159
7947 1559
4781 738
6046 879
7275 9804
3081 2071
225 6117
4420 4258
8595 3847
5193 7930
2737 2817
376 9654
743 624
9976 7059
8090 5429
8502 4961
3139 4623
9452 5487
8349 7403
8852 7070
9038 5398
4866 5067
3798 3809
2566 2185
2900 8992
5453 7
7664 9380
4987 374
3023 6101
378 1744
5984 2555
7068 636
7945 3526
1811 3672
4098 5960
4921 9464
2773 2106
1317 6865
7660 2886
3784 9051
367 8363
5634 9787
8483 3333
8264 1286
2538 155
1666 1235
7780 5426
1970 9138
7339 5520
5611 3198
8392 1072
8284 8008
434 1637
1795 9821
962 3668
8722 305
5538 6432
2772 509
2961 4900
9137 9823
5232 3950
4037 5554
6920 1732
7863 7825
1345 1920
9230 3184
4996 8965
7031 3474
3220 4066
6192 2270
5782 474
7379 6331
2981 1354
7126 7297
4171 9390
3142 3715
7313 9257
2587 9550
1688 6161
5643 5390
4821 399
4888 866
6018 4654
8352 7312
567 2483
5548 8987
7071 5966
8056 277
413 6442
756 2485
5676 1311
9173 4863
6464 6439
9253 1844
5783 5709
8816 2027
4335 858
1834 5046
4163 5425
1249 3265
1169 5343
1720 6268
3760 6352
7936 1998
8158 1721
2883 1634
4619 6661
1776 4759
3620 4169
5803 5620
380 7185
1160 7055
4937 7708
3858 6149
2464 5041
1058 1543
7288 4140
1935 381
307 8332
2321 6490
2049 7105
1801 2843
2718 4366
3985 5346
3626 4815
7955 1410
5194 8389
8474 9905
5795 8040
8350 7297
5968 4703
4166 3545
9909 2576
4698 6098
9101 3910
9540 6100
6733 9339
9720 9247
4654 8349
3220 3755
2437 3611
3542 3707
4055 8578
1788 4
9211 1034
6139 5653
452 9688
2824 2256
569 6437
1152 5527
9762 3210
8740 2019
680 6017
3987 1161
5450 4158
9612 7141
5567 832
5635 112
2880 4512
2248 5962
3126 6608
8265 9077
3328 5228
2434 7578
3625 2485
6314 2270
9391 1634
4943 8594
8635 9571
6022 7233
4280 3411
6503 3492
2206 5683
7666 7216
6479 6193
5608 9457
9445 1014
8744 986
9035 2157
9622 4851
5287 5442
636 7823
1679 9983
3754 5626
1856 192
3279 5624
1580 6849
1121 5701
8185 3940
779 3141
4889 8110
2435 2382
451 6685
1213 9264
4359 2946
3794 5878
4727 8929
6899 8855
9841 5380
4255 4054
5104 4722
5701 3079
8528 2598
8651 2142
6475 3447
1116 9194
9998 3736
6543 3175
1743 9384
3674 9050
8849 9116
3500 4
3695 6409
2415 4689
8065 3251
9087 1418
6380 6977
6631 4079
5030 7262
75 4915
857 4373
7367 1946
3091 2555
6045 9302
8740 3777
2488 1873
9411 9412
3552 9537
8241 6061
6554 7958
8804 331
7923 4111
7096 8605
4400 7782
2859 5396
1401 1780
8973 5227
2244 4209
1279 9471
2097 6823
3796 1160
7094 4438
4314 4259
2788 9986
6212 6938
5900 7221
7160 3826
731 1890
9199 9795
4049 1039
9965 3802
8099 7820
5528 7013
4853 6696
2297 9702
8589 2511
221 9624
969 2173
4030 9067
5136 4504
4799 8018
7955 8707
8748 6227
2539 1117
3305 5950
4653 4485
7068 1018
3644 8180
1288 4329
7424 2703
6776 5260
4769 8006
4366 8368
5640 8167
945 4215
1732 5641
3491 4387
5823 5762
2415 7642
8044 9256
4245 4295
1431 6594
6288 4295
2450 4955
1999 6265
3341 476
2022 6501
6799 1211
8132 4456
1995 3086
720 5132
292 7801
1788 3634
4034 2026
7309 1665
8621 6860
4380 1754
6453 3158
6819 5665
6983 1412
9007 9778
6697 4915
9771 6620
6283 4586
5568 6235
3122 1393
8234 3965
6628 8223
8622 4389
2101 4359
5039 8678
8015 4226
6633 9667
8051 7195
6819 4534
6953 9369
9247 2415
705 2374
5338 4970
4896 1008
9828 8459
7174 5537
1667 2805
8914 6494
771 6922
4192 112
8779 8585
4196 724
5767 6983
9636 644
9491 3928
2638 9639
7302 6687
8712 7276
2049 6637
2818 7640
8692 1258
1780 3521
8997 4998
1457 1313
1497 7995
6401 2905
636 9813
1497 1990
3034 1902
8477 9938
9939 3435
8638 2052
9250 5369
8647 9368
2806 2115
6912 2951
3825 906
5863 5246
8609 4842
7078 3458
2037 2302
3839 9744
9222 8600
7346 7225
616 1430
1998 4330
3824 2736
9189 7710
7349 6577
2283 6708
1262 8183
3611 5177
6425 9200
4024 1106
5318 8126
4076 2561
9989 3227
9241 3958
4921 625
9939 655
5397 5141
470 218
6082 1872
8743 7669
2543 6560
5311 9079
8034 3754
9020 7718
7939 279
2825 8594
6083 1021
6703 4885
1602 3111
6908 7858
5344 1342
2889 9850
829 8529
9438 8262
3873 3233
393 7683
7679 5376
6827 4776
5612 132
8275 9052
4842 8868
2378 3622
4016 4469
5022 8212
6622 4643
7450 8432
307 2161
5456 6117
5954 304
4262 1470
5970 2685
8211 1285
6932 2143
9079 3073
8357 9646
875 4643
6096 4515
877 3918
3325 9513
8784 6533
172 6803
3967 7211
6435 8979
5352 6603
1514 6272
9200 7956
7656 5967
7 1163
1017 8844
2541 4197
2715 5124
7761 3238
8932 5985
1536 534
8799 496
4705 5033
2028 1120
7644 9907
310 2355
5669 1023
6025 7779
4239 6687
6840 4840
6121 8867
5903 7566
8068 939
5788 6364
7417 5039
415 4125
2664 7283
5490 4666
8246 6531
76 1917
9933 3941
5475 4343
687 7625
2419 3672
6731 4361
1810 2568
1821 3889
861 8829
5287 8876
1438 1345
1960 7943
9032 9714
2243 9134
751 1858
3150 1768
8279 4842
1492 2154
6321 2533
4484 2478
4872 3451
4700 8698
3389 2928
9629 4659
5854 1283
3992 5230
342 5140
2109 2919
7985 6044
2063 4484
3858 3974
954 5754
706 256
9049 3705
8187 1450
4628 2177
2042 9315
2922 9555
1455 7803
8069 5458
8706 5717
2 3238
9590 7449
4584 6333
9428 8901
1415 3417
7653 4203
5832 986
2354 7256
7065 3875
3548 8429
5376 4303
6341 3779
8054 8833
4467 2440
7607 5814
6808 5391
5739 7978
2828 1133
6304 5823
3114 9832
8795 7376
4520 6389
7414 197
6137 7470
8618 5420
2148 1909
8987 5634
247 1577
7057 2294
9847 8270
7183 6248
3666 7891
3165 2516
8274 8816
7167 9570
6322 4404
6319 8714
9202 9398
6917 2330
8956 6953
4181 3967
2577 7976
474 364
8593 1416
574 3941
9026 3968
3468 6337
980 1420
1009 7637
3450 5039
3652 1037
1995 8390
5456 2450
6465 2210
9243 1053
981 673
563 7375
9802 5827
6205 6382
9678 2451
9192 2870
6974 8422
878 8261
6 7621
2718 1013
1050 8567
4666 7322
22 1510
3155 6706
8104 5918
4713 5442
6580 7257
4218 4639
9011 8347
4197 8095
908 4852
1317 2406
7164 9244
5876 7946
9644 3746
5959 8985
8675 6891
8815 4445
7743 9800
2397 3568
6763 6496
7463 7930
7835 2316
8459 4858
5097 2300
380 194
9194 4994
5189 7020
8482 4122
9847 4244
7750 8727
6703 7579
7341 7085
7313 4091
3121 7230
8266 6502
210 9933
8836 8479
2720 4217
9573 9589
893 8917
3058 7235
5509 3897
6889 6292
2854 5890
8719 8026
2691 4679
1784 8015
4923 3829
8173 6104
2426 2546
3740 3940
5259 1974
1631 216
5061 4601
2180 792
3576 4483
3619 2172
6775 3633
2719 3510
5729 2129
878 1919
3754 9769
7048 8986
9566 4257
6368 1072
8305 6735
2566 3238
1343 1305
4200 8692
676 6609
6024 2916
1860 3650
5385 5031
9420 4773
7985 4955
2568 707
2080 885
103 4735
3124 9811
7380 8078
415 5396
6046 9275
4203 3856
6476 7242
6897 3624
7982 4369
2209 103
212 6626
1147 2359
6827 203
3737 8530
5486 9191
4813 8593
6407 6767
8870 2689
272 7034
4247 2299
1465 4841
3489 3834
7728 6110
2617 3940
3776 3143
9722 6635
7493 127
9792 1566
3941 9253
4801 4545
7715 2340
18 1988
8128 6916
8375 2518
9085 2407
8058 1075
1672 1745
3856 8836
3507 3567
3213 1835
1850 5269
4489 5535
4135 9876
9258 2075
2242 2558
7442 5247
3153 9571
9903 3706
4288 6134
191 2605
3681 4068
589 744
3451 3874
8991 2307
4807 1772
2038 7664
3712 2656
816 5404
91 7761
7866 1633
9069 8282
6896 5177
2496 2951
2744 4147
1979 6111
5524 1727
6056 5941
1074 853
1909 6498
3254 9209
7900 3926
9109 6705
8018 397
3074 7299
5232 1533
289 5627
8365 3950
5629 3285
1329 8429
8201 9427
8754 7095
4121 2139
8987 510
3964 3097
3983 4427
9424 4183
9495 8597
4441 1642
2772 3825
3574 1517
7142 6906
380 7287
6280 4509
9119 3522
3493 6637
3229 9484
1172 8022
3809 5369
7756 5228
6763 3635
3477 5510
7738 9244
5924 5618
1923 7704
4672 643
5323 7541
2251 5476
8537 8817
5516 5048
1700 3698
3721 4454
8654 7679
1184 8271
3131 714
267 2657
7641 5113
8379 5991
3770 4873
2362 7040
1393 9118
8555 2826
319 5389
5356 7615
3390 3018
5788 1066
9694 6562
2014 32
9526 1501
9008 1778
7115 5694
7420 2954
8388 3523
4743 2823
7776 5672
7541 9791
772 8208
2158 701
8470 6059
8692 6192
3547 2240
6538 9241
3189 4582
9087 2644
5493 2094
1629 145
7209 9575
6135 4250
6605 5299
3877 9774
349 4283
1926 6830
9817 6292
8964 9053
1095 8231
6384 4834
2647 9928
8634 1921
918 2481
1416 6106
1596 4736
5583 1233
9274 904
5625 1048
9433 983
3053 5162
2174 9550
8076 7176
8342 7251
4303 1102
4615 9684
7504 821
8458 6706
9306 602
1903 2567
4474 8759
609 8867
8431 5262
3786 8520
3508 8339
7069 8864
7735 4622
1216 9202
1547 8484
5538 3167
4181 5729
2529 8659
6528 6461
8858 677
6516 1906
656 9378
7857 2894
3371 571
864 6732
9131 5006
3531 6043
566 7828
2549 8905
9069 1536
4940 1722
3507 9628
5258 5051
1301 9624
8711 5488
2407 8342
911 4762
1277 9719
7262 2782
7141 9154
5979 4331
6273 1124
9749 8235
9198 85
8811 5126
4826 8043
5217 2114
6836 3318
7689 3292
9747 3383
1910 978
6548 9749
9146 4587
7791 3074
2126 7729
6609 5839
8377 2749
5312 5283
7578 2666
1100 7644
1234 2670
2909 6903
7262 9296
8122 9812
393 7682
7198 7679
1612 6657
6385 9312
5926 5048
9814 8238
5810 4300
9933 4125
8549 3749
7076 1217
850 3415
7764 1910
2224 2669
1788 4901
6272 3623
5522 3057
9799 2789
9670 5736
6379 6736
4924 2828
991 6552
4742 3616
7453 4724
1523 8786
2182 6303
9975 8736
5553 3986
2358 3973
3194 5394
9723 2538
7870 6898
9573 7386
2939 1282
6139 9095
8643 4540
4185 5142
2994 9153
4377 9385
2000 553
8705 5964
45 1871
5420 2345
6459 6035
2406 8005
5999 9407
2489 1517
7265 3610
4314 2268
7060 9140
4366 5401
7601 9332
9107 2018
6741 6277
4202 7950
9238 7773
8320 9669
551 3713
2000 8147
5007 5445
3525 9062
573 3731
6421 333
6708 1423
6001 1835
2786 8003
7557 4052
9308 1359
9421 6246
2805 4617
1053 6663
4310 4800
8664 4887
7058 8761
2083 5580
5945 3589
6318 9628
8654 2815
5237 2060
6831 7517
3841 879
2108 5187
7211 7230
4188 7728
1754 133
5983 8577
7436 9518
8219 8870
3093 1504
8839 2038
2416 5291
188 6165
5068 897
488 7143
8621 992
7394 2218
2360 2767
7516 2123
430 145
8037 4514
8487 9898
9301 8517
734 8503
3441 162
5551 9798
1153 8713
2032 6482
3002 7981
1074 9333
1107 4223
1921 1950
3504 135
4837 2012
4446 2663
3823 2716
2104 1713
6376 2048
2833 2302
4495 3793
9194 3938
2176 9185
4513 9612
1253 4853
9780 6990
3281 5046
1948 7015
100 9082
8610 5744
2269 7375
2205 832
446 6499
4874 5856
7061 7482
9240 6904
6266 1319
5605 8784
2035 8420
9375 3647
9642 9620
5579 7191
5864 5592
8446 8212
7955 772
6562 6971
1262 3825
8155 197
4178 5428
2094 2926
5501 3684
5793 6411
846 2410
2376 4721
8773 3467
4046 6652
7859 4152
9594 1003
9640 5484
3660 9226
6908 5714
2192 4548
5198 1723
64 449
2789 7774
8307 7734
1925 4138
8894 7581
7015 6637
4719 9867
9276 6285
3552 2778
3533 720
9084 244
8645 8845
7203 7702
6204 8675
4203 5290
2859 9158
5732 6455
2245 3691
2200 4704
7903 6243
2264 5596
4439 9204
1152 9421
3669 6328
76 3115
2148 5112
6462 7088
9660 1133
6949 7478
476 7305
9950 2
8247 2235
9151 9715
2303 854
1738 2310
9128 7734
2554 2658
953 8773
6005 9103
4990 9963
7672 8914
8588 285
3307 6147
3604 5195
2526 1259
5359 3231
9561 1224
5910 3828
2618 7836
1015 3038
102 428
1452 3957
9054 3393
5616 6366
9622 5417
4191 82
2024 2509
6362 5443
3421 9403
3252 4667
3189 3276
1105 6608
1009 9523
2682 1479
9111 5161
4799 3648
3661 2258
5828 2321
3537 4235
8482 8929
9679 8228
3543 3778
407 2085
2489 2251
7977 4878
8413 7201
4954 6807
9888 9332
1796 3018
1396 9681
5481 5894
8606 2589
8939 9597
3822 2691
7919 7315
8248 6620
1573 7998
4064 4473
3384 4568
6483 5389
66 7037
7621 6232
9656 6764
4222 9947
9547 5639
1117 8510
6696 4009
4104 2178
9809 4479
8988 2200
5109 5543
6835 5271
2009 3753
5234 6678
3614 8666
6418 4311
9300 3268
1948 830
7101 7422
9807 6633
989 3237
582 455
8627 9413
3113 731
2124 1460
4626 8058
6605 2089
3554 4696
6530 935
2672 7878
3678 3848
6766 7679
6240 9060
89 5757
4424 183
3205 3437
2800 9821
478 7656
10000 4887
4827 5563
6576 7812
2652 9512
5187 4306
2763 5494
3946 3982
9528 7078
7387 867
3188 6777
6493 7605
2748 5909
6865 7115
50 171
9456 4053
9993 8343
3981 8612
396 4913
5971 9033
3960 9000
3457 987
6031 6172
5732 1380
4112 9247
2093 8361
7819 7602
963 5733
4588 1909
4651 3656
8405 9737
3810 7783
3108 444
2167 2101
7564 647
9380 6166
2300 5835
6956 9123
2238 403
5559 2298
2717 8661
7879 4688
9934 6447
1997 7258
3679 2902
2540 9912
6657 5509
4388 3598
2938 2498
556 8136
9196 5519
6163 8310
2843 4279
1419 2165
5241 6772
1806 1114
7529 328
7205 8441
4057 5345
9130 7506
7410 4424
3160 8422
3609 7179
6529 6719
7311 9025
6880 181
8396 9098
9359 2228
5893 2548
9612 4454
132 3244
233 7790
6530 9747
842 1055
8026 6832
2963 3704
5827 4860
1979 3679
8271 7189
1243 3214
9236 8002
6243 1956
8208 3198
4739 5089
1608 1927
6855 3392
2452 3663
9425 4623
8746 3189
3122 399
3243 3956
361 7855
4239 495
2531 3770
6141 7548
5447 2981
2708 1924
794 7101
9890 6613
2237 8510
2579 5629
894 4180
5808 1430
5163 3853
8754 1307
4610 5170
7919 983
456 6455
8043 5793
19 6656
6738 3055
70 2795
7998 7127
6359 9218
1400 294
7542 7942
9541 9191
1941 3733
8940 4478
4097 3095
7858 2779
1151 9793
1566 7248
9442 7006
8665 6018
1147 576
7970 7367
6021 9269
6447 7297
4102 6643
96 4367
3877 3551
1681 8593
1456 6427
4557 5936
7812 7208
1922 1500
2402 1002
9978 5343
6604 9121
5014 6273
3929 4247
9187 5988
4320 2423
1633 2600
2991 8033
8811 2682
842 1985
7331 4398
9437 9469
5686 7669
9702 8248
7987 4856
6353 4907
4370 5188
128 5657
872 136
8405 2740
2760 9046
9348 2235
596 6328
2234 2907
9951 8721
8799 38
8361 6932
8289 2152
9941 1844
8782 4533
5435 6461
5740 7075
3370 9720
8563 3274
1908 3888
8919 9964
5379 3757
4877 8119
3239 446
134 5560
7277 1312
6738 7424
6091 3111
9423 1298
6372 4470
585 589
9482 2645
6205 6910
4736 1668
7376 1628
6146 7622
371 7084
4141 2938
5042 7497
6568 600
682 4392
2704 1599
7378 8738
2155 9113
7096 4617
1320 5988
2316 8448
570 3726
2936 6334
5127 318
2596 8003
6498 4341
8611 9117
5907 5657
4129 585
8920 8296
6183 7217
7615 5809
398 9294
1247 1985
7171 6219
1425 7661
2955 6369
7101 9364
7985 1815
8500 2191
8271 620
6954 9037
2450 9598
2693 7588
6667 9730
8607 1186
9961 8022
6771 9344
4374 5425
2343 6526
5127 638
2109 3389
8243 6293
2050 5959
3214 4850
661 4106
9748 1646
5558 4735
6977 4507
7917 6373
1089 3990
2348 9538
6396 8708
5980 7584
4517 3658
1171 8321
8721 5801
6528 4458
8918 7836
2683 7927
3108 797
4976 2461
4378 8752
9216 4135
3260 8774
6725 7096
4845 5887
4344 6321
6849 4945
8614 5605
8851 1467
4746 4403
1884 7980
8470 4748
4604 3754
8536 9239
6106 7237
6372 1475
4900 8839
3851 8707
4490 3208
1238 9354
5653 5291
5134 232
7864 9022
8633 4339
9883 662
5705 3368
555 9736
9264 9867
97 5440
5706 7798
659 1686
2460 7231
272 5294
5375 4114
3021 6871
9157 279
1262 5113
5699 8734
6316 9144
2737 3054
2982 3486
1037 4460
9329 4601
5329 5894
8667 1251
2548 9165
1664 8437
4590 125
9562 5372
8553 7089
5818 8258
7090 7513
7244 9966
6419 4891
1653 2213
8194 2210
1286 2408
5478 6025
9010 3616
5567 5908
3344 7900
2568 4534
7025 2332
9235 4321
878 7217
3374 6609
2252 2541
5628 6540
5572 8825
1800 3822
8947 6037
1287 7158
6117 4129
8737 8949
1692 6208
271 4656
5962 7563
4192 4069
108 6980
3506 9523
8976 9866
2320 4870
9952 1985
5796 1218
6529 4916
9510 9622
1654 3033
634 5716
9414 8905
2234 3633
7367 2107
9587 5132
5572 3097
3402 2332
7425 6358
495 9326
1504 8673
1261 5044
6062 1176
5963 3316
9121 3242
8660 5803
2196 4245
8992 6098
8422 7173
6036 9475
1289 4395
1929 5662
2732 5427
7160 539
5016 4849
8298 9365
8843 9205
2050 1766
6513 6050
8798 8034
5066 884
5381 8438
7302 6075
6911 9878
9955 8301
4020 4684
777 9628
9513 9033
759 6554
7960 5796
5951 3476
2007 7111
6271 2623
7912 8666
408 8301
4870 4433
3392 5290
3295 706
8870 1236
2758 8735
4933 1123
4700 1650
1101 8501
7681 9889
6437 9817
4459 6796
3005 6663
568 1192
286 1991
4101 4877
9216 889
3552 151
2401 4575
4215 9878
9006 618
2609 943
7571 4471
1459 7486
1711 9364
8914 5933
1017 6830
2088 2105
7257 533
8798 1198
3614 6544
8337 4740
9726 8876
1327 7658
4357 7110
563 6264
5098 433
6087 8643
7276 9874
4001 3011
6282 5967
1183 4904
6684 4760
849 6673
609 7681
1051 7372
9899 1481
5763 6308
3697 1025
3479 9194
5296 7029
3102 8331
6967 5589
6245 863
2274 7063
4764 3325
7925 3195
152 5883
3543 3480
1325 2003
3633 6967
2156 1812
979 5552
711 8690
4408 6572
889 8768
7633 5198
8681 533
4333 6822
8477 1472
8218 8507
3 4010
9893 6808
532 2306
7480 6447
5366 407
2615 9827
5443 1313
4536 9190
2292 3370
7320 8047
4389 2144
134 3642
2449 8062
1441 4136
7452 2073
5683 8732
4130 8170
1014 1815
687 4336
5282 1872
4717 6737
4759 9148
6260 3415
9037 3544
7589 8616
6260 6740
9598 8288
2448 6372
392 5602
146 4250
1019 1729
968 587
354 8436
6318 8721
7048 8352
691 6703
4580 392
8623 1147
3941 5724
630 9507
1645 9245
9389 7954
1286 5718
2405 1232
153 4592
352 8813
2241 5998
9037 1411
2951 9133
7531 6755
5620 9246
8011 640
9937 3953
6914 2212
8737 2364
1233 8837
6899 6746
6818 2638
5677 8965
651 4454
9019 6710
1903 7663
9988 7722
956 9103
2534 3684
6259 1978
1871 1689
8735 4418
4117 7243
2041 1272
6010 6017
5138 6177
3082 2104
7552 1730
1813 9749
3913 7141
8781 2367
7699 3151
4417 8679
6394 6852
5930 1750
5785 2058
2700 8772
9783 9904
5420 9967
4351 4684
1443 9663
7318 5853
7792 1836
944 390
2894 423
8070 364
9102 8510
3262 6640
6146 6513
9714 4519
2085 6804
1498 1672
3481 4338
9629 6442
7747 419
2480 5333
6818 9194
913 7951
1667 1280
3425 9481
5727 7068
8789 710
3813 4720
8465 8804
5713 2006
6504 6235
2140 2653
1085 7880
8676 360
2233 1524
9101 9228
2079 2595
5500 9359
8348 8208
2520 520
7008 4969
2397 4900
6372 6172
2282 3607
2815 6803
3898 6749
2783 3407
7991 4765
8063 9658
2353 1919
1774 5244
3679 4579
9884 5447
4616 6746
1885 5248
9387 8245
8626 1625
5275 7682
2241 5787
5800 3822
3933 4839
1250 7019
498 1698
2276 9896
8870 131
6235 1845
670 8121
9380 2294
4099 6136
9859 3905
8789 3454
1372 4396
733 8581
3785 448
2161 8352
4006 7157
9082 5213
6999 8845
2668 7406
8693 557
283 9593
1849 6055
4814 2889
5532 5012
9025 8603
9744 6592
6467 1771
8231 1656
8531 1120
5863 2424
550 3743
8570 2373
8443 9594
5742 9808
1173 1332
3261 9136
590 6260
2287 2828
6048 5068
6224 4947
6142 3052
1454 6575
3072 7314
8119 3693
3713 3725
1466 1993
5109 3780
5568 1521
17 4034
9099 9516
9940 4298
8870 2814
2236 9672
6239 2248
3446 6788
7421 131
6191 5806
4705 8470
8634 1463
7253 3971
6850 9294
5239 8734
9788 186
9144 9046
6922 3969
4949 4872
2589 3632
684 985
2863 5476
3949 9355
8725 5903
6101 2808
4744 4256
6033 8171
8732 5875
8968 1362
4227 5444
661 6953
494 1935
9465 5369
1295 6613
1725 7029
698 969
5821 102
2821 8917
4074 182
1645 6789
6894 2570
