8597
31497754
3774 5203
1699 689
4249 8499
8404 2311
1079 1476
8920 5293
7865 146
8600 6410
2844 8727
4586 7703
2321 6374
5062 9382
5307 3008
5401 5498
7010 4658
908 6716
7652 5459
902 3823
5137 5563
2799 8212
1704 8575
1314 9876
1076 2449
1705 798
3664 7305
5973 5994
9185 5534
3143 1651
9802 8432
923 400
2558 2571
1175 9013
8808 1607
5283 9640
6203 1996
993 8085
7020 7881
9570 2619
2920 6947
2369 6556
2998 7425
2333 924
7073 9311
5628 9096
8571 9264
8290 8521
5104 7351
5485 9263
6772 7867
3842 8302
2350 5683
5748 366
3566 739
7124 5429
5138 8365
6569 602
8202 8811
6498 2268
5585 6781
6653 5734
1823 9650
6746 2670
312 6690
1486 4956
3396 4539
9323 2598
1179 4799
6634 6304
3175 4226
2109 9555
4850 1055
8285 3184
5516 2847
3070 8266
4529 5390
8854 5792
9534 3407
9126 5633
2811 7195
9261 5415
9053 7686
4919 6428
5343 5419
2489 3212
938 4611
7222 9159
4452 9940
5191 4230
2206 8930
6550 7622
6255 4713
3023 2630
6295 8487
2094 686
9482 988
5827 3523
7658 5045
1601 3379
2489 8203
9789 7026
5754 6220
1447 3843
5423 6310
28 2157
6113 3467
4644 6037
7985 3074
7719 5306
5437 5315
8478 9090
5858 4304
5389 4325
7300 5945
9188 2597
4707 7059
7001 5951
7335 9895
5580 2386
7045 8571
1723 7175
9433 865
8070 3555
133 7368
7125 329
2543 6149
925 4820
433 8075
269 1927
5766 3505
3692 1857
7210 4515
2133 5552
4696 4825
6802 3396
3518 9786
2088 4140
7557 206
489 3758
8279 3221
7653 8965
2822 8519
481 3557
7402 4203
5775 3744
8778 436
9054 4179
4741 9980
2598 992
5233 877
5593 7404
9077 2549
9131 6228
1413 7094
2415 9178
2530 7163
3210 7477
6833 8508
4021 426
2320 2325
6998 1548
3512 1373
5466 5415
3474 6970
6738 5992
5071 178
819 7049
1695 4372
1717 1446
9490 5003
5185 8737
1377 5616
4666 335
5282 6486
319 7819
2474 1596
3891 3031
8108 4954
8500 9342
2211 6392
5323 1887
8098 3321
4732 462
3368 8687
5624 8535
5086 7124
4631 3247
9596 1342
3710 7591
5987 1457
9435 6130
1388 6142
8149 4497
7686 7209
6881 944
2684 6005
1343 2309
4400 8089
3916 2222
6847 588
907 304
6874 8658
9418 6290
372 6261
6168 8256
6857 7850
8002 5965
6580 2998
5193 5691
7110 3808
7568 3448
3473 7524
2213 4842
5498 1478
5126 2568
9586 8527
5666 186
7678 1521
544 370
6786 7221
5245 8972
604 5758
515 9904
3856 4970
2674 5552
8889 5954
131 8219
3990 4834
9394 3307
6621 9586
8500 1997
4559 6048
777 8294
1294 1975
5922 1252
411 5800
9647 5620
6463 770
9847 7738
2525 6105
1922 7386
9075 8188
3462 8154
4780 2252
3848 5545
3931 3590
7144 1848
1455 8200
8643 3855
8356 7368
7339 5546
5831 5490
3234 6380
6612 855
5437 5490
5469 5400
2530 3230
3505 7461
9868 6181
7414 1005
8362 4496
9608 8472
3432 5874
3030 9275
4116 5567
394 2598
4418 1860
7762 4207
5183 9110
7076 7628
4668 4833
2856 5323
981 7081
3591 7678
7908 9072
2355 9201
4925 6242
820 7669
8031 2202
8272 4243
3073 6501
903 832
3298 5538
2819 2375
6606 4812
2021 7188
1158 250
7109 9806
1477 1387
9073 7356
6273 760
6117 9130
1050 8207
3320 3212
979 2319
7351 3727
2949 5894
5501 6643
1804 4081
5236 368
9016 8996
942 1310
7758 9599
1385 2352
5210 6517
8618 3764
7014 8818
7769 8148
7815 5985
6013 5270
1074 9581
3894 3146
9896 315
6173 9200
5736 7663
6691 4594
8646 1354
6351 1321
7093 9744
8735 9269
2910 2342
7816 1047
1037 4667
5210 3240
3013 7818
5779 1715
3909 3020
9132 4295
3543 3628
1260 3590
1493 3378
2573 5848
5611 6556
415 2960
1172 2388
9564 7682
5917 3855
8766 2099
8436 8486
5456 7512
9971 7907
7911 9312
1280 9809
5385 3108
7059 6327
8746 1869
9632 2173
2902 7029
9439 1960
9948 6191
5547 3616
5344 5964
4500 5631
6855 9620
2561 9629
1834 7884
9885 6520
8653 103
4696 1459
9725 4333
7206 2279
5125 5071
3582 5755
7249 7637
9148 6429
6132 789
524 1944
4289 9268
548 9535
7026 963
3728 2631
4930 6706
4984 2125
4713 9443
6558 2155
7524 7787
845 5695
5077 4834
8867 9658
4800 1813
4535 3557
4554 6515
1539 651
7594 9748
8060 9046
6376 9105
6633 5734
5487 5111
4721 2965
791 3386
9661 7702
5366 7937
7701 8834
9497 2798
5704 5546
15 5301
3018 1507
9597 156
6722 9052
1161 8092
1202 109
7301 4012
2544 4074
9330 3098
8037 7197
3265 6486
1624 551
403 5406
5650 1501
7236 615
8093 5550
1363 715
3167 9486
8078 510
2156 4156
1855 298
115 6229
9356 8163
9167 6476
7884 842
1040 1838
4276 2851
3095 2524
4170 1298
7167 5415
7525 4023
7486 3987
8813 7081
8657 4130
4703 8173
6090 7272
2310 1726
8881 780
5624 1735
2736 2970
3104 173
4960 302
1138 954
1350 8480
134 5265
5087 5745
8071 3880
9360 3473
4715 8850
9232 7757
5321 3577
815 572
2857 6294
365 7212
2599 1879
4345 5418
8891 6582
2991 680
8400 5870
4202 8233
6074 7284
9621 5613
7824 6120
6606 3150
195 9078
4069 5226
5386 8806
3055 6865
9676 5730
7873 6015
3548 1207
2921 8437
3850 9313
9312 7141
3260 6425
9397 9787
8191 846
9993 7924
6560 962
2239 2485
241 8439
276 5232
3022 9531
3035 5459
4538 7626
2633 8679
6306 6852
7134 8756
8384 7264
3388 6416
4589 6733
7451 5479
4783 2825
4640 862
8023 7384
3535 7694
255 7546
2793 7186
5951 1011
3384 5384
2891 6974
1937 3459
4489 8662
22 6066
8411 7518
2285 4080
7047 9449
3862 1495
8308 2620
9044 7861
8256 5701
1603 4410
1481 9846
182 7957
6298 1689
2158 9207
5547 8389
8532 5503
5742 6370
5676 7145
6875 4097
3158 4136
4608 6843
5545 2079
4896 9090
5471 7971
416 6826
1520 5271
1175 9351
1657 621
7827 9266
8554 3441
143 6715
4669 8850
5236 8164
1080 8931
8867 3916
7247 110
2805 1050
9286 2631
4677 4884
1891 1783
5578 7109
3192 370
9167 8901
6599 548
830 6512
2958 1130
4937 1099
967 548
4739 8978
7877 6699
1067 1003
4322 1440
4274 9551
8095 749
9807 6760
8043 9108
4216 5555
9143 1115
2877 1371
1692 7378
7400 464
6070 6804
3684 5263
3387 7588
5595 4840
8991 104
6102 1603
5172 4126
263 7099
2550 2531
1767 3226
8806 162
8952 8058
7661 8800
7193 659
2390 381
1080 2328
6390 3319
9770 1025
3317 4261
6579 6598
8332 1884
6985 9326
9846 1830
6065 6471
9616 9460
2111 9508
6620 5356
2430 7067
1492 764
1210 4679
2522 6346
6738 5938
2699 1125
454 3965
9873 4331
8865 3578
1843 4035
5300 6404
8788 3229
9605 3149
2311 1652
61 8105
6773 1472
9266 8064
7488 2349
6048 1513
6321 3025
1174 3323
7485 9986
813 218
1859 3278
622 1749
82 3558
2595 2274
4541 2597
8828 5775
1675 8891
3034 5378
2027 8303
1251 539
2047 2696
5701 5843
2973 2127
9484 7235
7684 6304
3210 5594
3184 2725
2381 6729
3693 3354
7303 7886
2819 9026
2064 337
7907 410
4741 3275
2899 1791
9656 5356
3097 6254
3036 8414
1918 3132
913 3332
1689 1840
3891 2315
2272 7105
1478 6626
3245 5249
1259 5035
1517 9983
4099 7850
5719 3233
3390 8840
4973 4819
2409 7399
812 4354
8089 9701
3205 3646
2226 4655
7287 5191
7019 3200
6622 7445
1471 1055
1932 4875
5068 4162
2613 9627
343 5603
1950 7815
7893 1678
6589 3993
7074 9820
2106 9900
5480 7778
4736 1126
5514 3248
5670 4321
5264 1606
2093 5997
1581 1358
7138 3173
6547 7299
9947 9949
66 285
5282 1283
8611 4526
343 8356
4664 5208
1141 9296
3846 5386
9521 4876
7150 9069
3034 1276
7246 4952
2630 3284
4404 3679
7295 7556
8949 7429
8248 9383
4474 9443
648 1615
5730 52
9378 9218
1785 9857
7968 5224
4997 1775
8122 5486
6636 9019
1472 2109
6955 7027
5188 9259
2070 2123
4324 7998
5983 9568
5097 6799
7614 3985
4570 4864
9774 913
581 2504
2046 8851
329 737
7696 6794
4691 3423
1228 8779
6212 8712
4223 454
857 5400
2592 9819
6056 6975
7980 8018
9833 443
6421 2766
6531 4260
965 2905
9890 7436
5471 8480
7338 5102
6670 6887
998 3602
6573 7354
1073 1172
5649 7791
514 3063
1266 7464
1758 3792
7801 1717
422 3069
1942 8301
4212 3269
3104 8895
3027 1283
7290 2689
9360 6947
6356 884
2991 626
3685 5199
3775 6440
4880 8225
8790 3959
6731 7770
7659 6139
488 3242
6591 6000
8123 7662
1367 6161
2262 4403
3231 137
4422 5238
376 1965
5164 7484
2668 5374
1567 6338
4373 1813
7828 2240
1730 5561
8431 2912
8862 3373
5805 3248
5013 9001
7869 5669
5135 9057
4714 6909
3538 8476
8495 1774
5688 2984
7248 1621
6516 3648
1129 6240
3720 8134
6586 8271
6470 8171
4436 824
7383 5801
8258 588
109 9725
7804 2461
300 7743
4700 3597
2121 365
9216 9320
258 1117
5335 9381
7240 3912
8921 2723
8503 5692
7076 1914
5699 8858
4464 1680
5726 7254
9536 8803
9360 9247
477 1858
4961 9327
7319 8428
8854 6939
9362 3792
7590 4811
3959 6223
6119 7438
7942 7270
6952 2626
1903 6839
4358 8662
7646 5905
2369 9026
9512 6065
9594 3573
3621 8696
8581 7663
1438 489
6216 8155
702 3660
3257 6180
1329 2029
1592 2806
3846 4758
3979 7937
8689 5262
4794 9754
6477 5522
2697 3787
8038 9605
1898 1149
8033 3139
665 7255
2553 5985
4192 2054
832 6022
5259 1355
6613 3000
3282 9630
3892 6740
5295 1953
522 8982
5889 3081
4368 1557
8822 4305
6649 4685
2653 8172
8889 3713
2155 4184
6597 3908
4386 3646
5164 6472
4639 3216
2007 6483
8469 7129
8865 6861
8798 6325
1980 3627
2973 4274
4417 6158
330 4472
3850 1580
9473 6661
4673 3578
4486 386
8360 3912
5463 3965
2149 9827
990 8929
5987 7112
6225 3677
6345 1123
5549 2624
7 9505
6408 7865
7567 8020
5542 8930
3751 5085
2874 9883
9691 567
9596 7305
5819 7081
6164 1288
761 9310
281 7709
8793 8203
5533 1832
8403 761
8257 4233
9861 6958
7168 4094
5421 6132
9262 5350
3137 9578
5964 9706
3905 7174
2338 2732
4341 6656
683 7487
3744 4523
7944 3107
9153 5277
120 1679
1269 2829
2709 5260
102 9117
9486 2126
9244 9001
4005 3633
6295 1373
6257 6125
4134 1515
5416 4828
8002 2559
5664 7624
8952 3569
790 3480
8785 477
7249 6640
9556 8717
9708 3185
7423 6226
807 5067
3206 9773
7118 6297
8811 6363
8633 5244
1222 3662
4290 7452
1100 2244
113 1983
3231 7552
5703 5643
5055 2859
4030 5748
4499 7598
4967 8357
636 5901
528 854
8271 7168
8335 1848
2985 8678
2031 1045
7784 8836
7350 6296
9832 7283
2276 8303
3611 9001
6764 3830
4164 6997
9576 5714
5861 9577
6839 2463
3194 775
8640 1606
7255 2449
1208 5614
7391 8986
8460 5983
9962 6675
5823 8340
9580 2708
5174 9438
5205 357
978 858
9153 4640
8550 1528
3681 7908
8005 7029
4037 2532
3693 3028
3919 5582
8183 4267
9491 7451
37 8006
9384 251
7654 2627
4892 8462
1425 6703
4165 7090
9824 8805
2743 5596
7652 2282
4701 8731
3743 9269
5593 6474
2224 9954
3036 5381
4585 9157
8214 9389
8235 2010
647 8772
9802 3478
4205 7385
9468 2299
6726 7458
1914 7119
3815 7547
5637 8621
8673 9881
124 2391
2806 3662
8687 72
8512 1764
6077 8353
3787 5687
9287 4782
7197 7679
5735 3012
7280 490
45 4226
6795 2561
1652 3136
7181 1159
2450 4657
6265 4812
5105 8613
6543 5616
590 186
1142 7860
264 2531
9914 7152
605 9944
8196 108
4202 8490
5538 1872
1466 376
8692 338
2197 9878
9683 7528
7005 3600
390 7349
3449 7114
6239 5689
8279 7996
1037 6236
3182 1449
5306 176
1557 1524
5660 1896
5049 5236
4635 1345
2448 5943
6822 7820
965 4468
5524 4414
3796 5580
9247 9001
466 2724
8742 8598
4401 582
1644 400
6988 4078
2226 6450
2654 8086
6620 5301
2121 1913
2375 7870
9265 3901
8104 7724
2975 8408
4123 9550
1438 1775
8333 6262
7795 1935
5519 4591
548 6804
1641 4752
2281 7582
8144 1640
175 4793
9068 5775
4281 9659
4000 4272
269 4271
4760 3928
9653 8205
8368 5333
2134 4674
8300 6088
6729 481
5842 6617
57 1027
7920 7807
9620 7864
9892 8667
9859 2028
910 6590
5417 347
9096 8103
7536 7992
1962 1536
7651 1282
5710 6520
4345 8278
632 2192
157 8873
1450 8333
5394 6235
9540 3853
315 4718
4871 8091
6115 6318
4914 5509
5067 7679
2770 7005
2164 6674
8302 5743
1701 1145
9638 2043
3884 9472
7995 2824
7087 1266
785 3111
6015 3197
5190 5656
5240 5826
1415 333
6045 3001
7511 1361
8963 5203
5620 417
7807 7697
5385 7073
9182 923
7753 9966
1136 8925
3104 6412
1201 2543
5351 1796
2746 774
1631 700
8542 296
8844 9557
6262 1543
438 1594
5552 9011
6228 9415
9579 1342
7824 8566
4711 5600
7366 909
119 8755
5256 355
3962 6517
1349 9920
7962 6836
6506 6046
400 7529
3326 2219
3316 6506
191 3033
2305 5138
3137 5553
3463 5148
9756 9562
428 4412
1829 3204
8126 6261
617 7398
4387 4801
1366 4583
9401 7230
4771 9764
8324 6219
980 5635
162 4960
3973 8882
546 7588
6353 4471
1515 2798
2518 3621
1782 5439
1464 8937
8020 5372
1169 8869
649 6795
7783 945
2415 9799
6272 1964
9927 5914
5559 2785
1990 4682
9616 4257
7791 5975
836 6933
2655 4384
4883 599
6497 4291
8938 483
3684 4201
2867 4069
5042 9221
1916 2463
3393 3437
6932 4217
7716 849
8771 6148
8580 6526
7274 1710
7376 5615
2285 9171
1479 3382
2931 9168
9309 87
6177 4658
8535 9419
8430 6981
6836 4229
635 8756
528 7355
4005 1266
6931 6553
2588 8449
2073 1350
5382 1881
5081 8339
939 4903
6059 2052
1379 9097
5213 7880
6202 3410
8033 9884
4469 162
4135 4892
8121 8586
2614 9330
3772 6170
6492 1524
4873 5999
7751 3538
6061 977
2891 7551
7808 5696
9295 2044
3931 4125
8757 9316
7184 9756
1259 1842
1965 6833
9532 1214
5816 8428
8617 1676
6441 2603
4501 7431
7411 9724
5872 4741
2269 5123
5442 9300
1942 8275
548 467
8230 7042
4950 2180
591 7799
2391 493
1493 850
3002 7641
3825 846
4206 6874
1538 7053
3117 7397
1714 703
407 1358
1302 7748
8815 293
3892 8966
807 5843
4991 1918
1363 1962
2766 1710
5598 1207
1022 1852
7583 5559
6968 1937
5487 299
4655 9213
361 3629
4960 6913
7219 3491
5279 7490
9859 8973
8059 5658
6222 7813
9510 7578
4439 5314
8486 2121
356 2639
5481 6114
305 8709
9456 6446
5827 2132
4704 8645
838 3103
9302 4625
2084 111
2983 4686
8981 3139
4835 2432
4493 7513
558 6316
154 3942
2999 3522
2289 456
8570 1569
339 660
8957 3983
897 8070
1052 5248
3671 787
6982 885
4478 970
9494 4093
5443 488
5682 2833
5545 2648
7816 9941
725 9007
268 7949
6678 9046
7672 7309
4870 3476
2477 3475
4351 4
4026 8019
1817 4032
1875 8247
3601 7745
5160 1249
7548 8669
1159 3263
1111 5278
814 9636
7816 3680
9281 9610
2299 5463
4973 7525
4261 4561
2485 7148
7593 7501
4005 4013
2724 7626
2661 3573
6792 3959
18 377
6841 2350
2558 9034
4247 5478
83 4332
9336 8973
5732 6012
8068 8657
7344 1725
3123 5006
94 7506
6521 9103
1406 1557
390 8401
8898 4420
9642 7291
225 4326
6616 2735
985 7949
2115 3799
1550 3796
6799 7673
3597 2800
4138 9671
1938 2002
6267 247
538 6367
5355 1350
2474 3792
3236 5328
5119 7969
9632 2261
283 1018
4166 6202
9903 3770
4937 9582
6440 3057
2820 1424
4373 4847
3149 2360
7413 2455
3757 2670
3604 8809
5066 1829
8578 9930
6297 3619
8840 7098
8338 4126
8445 9757
6916 6858
1712 4396
1210 3895
100 6772
5814 4274
8843 9983
5841 2041
3682 1714
8282 6659
6791 1386
7445 3155
490 3494
3472 4222
7384 7088
4013 1305
6703 7906
6298 7795
5970 5906
5341 9496
9681 4890
4551 5640
4712 7138
8167 744
3577 8211
5788 1457
3561 2586
5314 8623
8033 4582
3839 3852
5618 8844
1205 6487
1592 5933
1877 904
5996 1938
1156 9099
1993 6610
6577 9213
608 4231
4100 4994
2642 8985
7850 4796
1210 1519
7423 3856
8301 3458
2165 1020
5525 9602
2009 9246
3930 6133
289 9646
9505 6506
2086 422
4867 1954
5701 5572
4735 4452
5021 3750
2984 7987
4177 6747
1748 6463
1790 2301
2237 7912
4349 985
769 6996
2158 8402
1187 7163
7965 6407
453 8068
4539 3091
567 8642
5293 2607
7669 9762
6173 2014
2013 6012
7978 1792
4541 2777
8152 2514
3750 3510
1456 2586
1127 9341
2897 934
7029 3316
8220 8901
5121 4222
7843 4980
4793 9972
2919 9656
5087 5233
1953 3321
2886 1217
6888 8423
5834 3307
3857 8137
8194 7071
7840 9368
3462 6115
605 4878
4047 6725
506 9881
4785 9703
9424 2512
6523 9145
5091 7104
36 9249
4782 397
1929 2331
1424 4588
3125 2745
9022 7800
8934 618
7209 5221
9090 1895
5151 4327
9193 4432
9641 9825
9477 8645
7327 4338
4107 4557
3814 8110
4740 5107
8275 2730
3855 9702
2564 5972
495 1003
633 513
4379 2982
9579 9488
9978 2124
4174 6655
2307 5792
5290 3456
5003 7433
3400 5766
9437 4124
6684 6518
8756 2469
7589 2815
223 9124
8926 691
8555 5082
6493 6158
992 962
6677 4237
6940 647
1906 7657
4974 3162
2536 5498
5947 424
484 8653
8041 3829
4388 7416
6513 244
8993 7286
2222 8618
533 5441
7275 2455
4895 9993
9127 2981
3017 8524
8736 6062
8920 6405
3685 386
1580 4265
3654 2770
9450 5188
3067 8736
1974 4177
9013 452
2454 4616
9522 3368
2067 5778
8061 3369
5391 5143
821 3689
701 6929
5586 717
7947 592
5656 8008
7637 4711
5853 7227
58 7134
9900 7706
9127 9781
3312 5187
3968 9650
8270 6598
4630 9619
8823 5435
4123 9378
9655 664
6421 593
5945 9055
1098 6449
7917 5838
7614 4571
824 684
5025 1921
7157 4160
1487 6545
3424 6954
3492 3877
2680 2507
8492 7443
4304 319
7974 6144
6354 2308
8667 3197
7361 9500
1016 2225
5721 7713
8986 8444
3505 310
7633 5590
7068 3864
3825 6660
7856 7732
6259 4911
5480 3
8049 9516
354 7054
8871 6181
6719 482
2594 6290
1332 3332
9701 6711
3271 9409
9317 762
9192 1894
3278 1024
570 3167
8005 8697
4271 6212
2308 8276
1847 5078
9470 6577
3591 8367
2248 4766
8354 8193
7348 202
3398 3328
6816 6762
9070 1013
3576 5922
7947 3742
1510 7765
868 479
1904 423
6716 994
895 9595
1376 5051
8745 6252
612 4466
5277 6766
9916 687
6862 6389
4182 6915
4491 6056
8140 5282
3742 7039
9920 6701
9376 2362
9568 4351
6811 7873
6651 3094
829 3265
4664 9382
9866 9825
9966 4524
9544 8982
7859 7657
4173 2172
2661 6884
6649 3323
6767 1107
6438 9552
3379 9557
6026 6804
7591 6716
6972 802
9564 5967
6258 1937
9137 5908
9417 486
30 408
462 1313
3614 4933
4917 4953
1520 189
2118 4368
1416 2189
4282 7467
2786 7965
3147 1186
6484 4550
1847 9091
9284 6987
8235 5017
7547 8689
6484 3861
2303 757
4177 8731
453 9943
4272 9738
3501 8020
2643 5136
1141 4915
4083 9716
5939 4374
4280 5987
3835 4736
6917 450
3381 509
5105 1262
9761 1173
7832 7683
9337 1600
5977 5342
9630 9133
1918 4935
1978 1813
3826 3413
3471 5515
6726 7621
2098 8170
3531 5986
436 4644
9503 9033
1402 4944
9040 9068
8250 7058
4968 9797
3506 9579
9977 2393
7939 4957
8848 8475
7067 9251
7604 6469
381 4494
2481 5923
8566 2352
2464 3413
4223 7116
9061 8560
9885 7201
2147 6466
8818 1039
8704 5946
6362 7671
1694 9298
6189 8152
4440 7367
6503 9913
7892 7630
505 3762
2904 4126
4105 8572
8698 6476
8613 3405
3246 5004
8072 8985
2371 2145
4977 9295
2086 3271
7328 500
4100 4101
7 2190
9438 4397
39 2631
645 5029
3586 1729
9208 5557
9568 537
7830 8313
2960 3055
6756 208
5882 6441
4767 8208
5146 550
2342 857
7819 5723
8156 5184
2644 9247
8633 3424
3046 5735
2803 7689
4553 4777
8415 9658
8156 393
37 7941
7 4846
9694 9590
7991 2652
2500 8121
4058 6382
4327 9650
6636 7598
5074 5053
2685 8049
3568 1962
396 8762
2899 7754
7741 5210
9486 3126
3707 8972
6436 2774
2935 5461
7660 9331
3348 4889
732 9446
2873 4513
3044 2396
8633 5828
9776 8724
889 1209
8580 7938
6251 8782
9965 7394
1296 5517
4486 1435
8353 9928
3263 2233
3911 1078
8645 7985
2161 5010
1562 2111
6522 6501
2055 112
2261 1517
44 8587
7992 7613
1353 6633
4371 2590
8027 3538
3432 5895
2652 7674
2469 8138
1352 7879
9910 5387
6206 5075
6212 1282
8573 7168
3510 4199
5367 9891
7686 3516
9297 4033
6760 1327
9175 7688
2138 3151
136 7384
3283 6085
5070 6337
9561 7427
9598 8738
2332 9481
1440 6228
7901 5326
5320 1611
3373 1832
909 1845
1275 8304
7349 3173
9270 856
4046 1851
599 8115
9560 1862
7559 2216
1097 2664
1080 4819
3199 3732
3457 9423
1363 9734
2549 2697
8760 2981
8371 7542
4418 5838
8592 6929
7767 8184
82 8164
6264 6064
5422 694
3429 8218
1417 5767
6500 6779
2627 9806
2729 6473
1101 6434
5882 8989
3804 1074
180 3262
7275 5713
3079 4258
9555 8867
9544 9777
9244 3309
9010 9699
7873 5897
8883 9492
9452 7286
1012 5865
4482 2064
7542 6040
2501 5046
3201 7178
6564 3005
4167 7063
1478 4102
624 3610
84 7351
6759 1065
3528 3143
7268 350
658 3255
5461 9037
1641 3985
2173 1715
2306 8920
7521 200
7389 1869
8515 8134
5219 6211
8711 21
2931 4632
8063 7614
4590 8713
3863 9532
8632 1422
3331 660
8745 299
2530 2146
1365 5879
5453 3643
7843 3308
2972 7239
1898 9816
9516 3627
8367 3088
6374 2382
211 1221
1657 2577
2284 6415
9450 1239
4835 3258
5010 7162
7636 4426
2524 8721
5476 9290
7039 8856
7109 952
6258 6358
8415 1501
4812 6758
2438 7206
8214 7385
9201 6413
7871 301
4197 4563
8798 55
3309 8701
9377 7211
4219 1388
2578 4928
4224 9300
5214 7485
5448 1435
8891 870
2284 8361
461 9928
2798 7049
2048 8992
6526 707
7652 5772
4720 1995
9276 4370
1918 3371
9466 8625
9294 900
8616 2591
9783 1032
4648 6773
1544 7259
685 7342
6458 4323
450 8759
7793 3814
9976 6756
8309 6745
9069 7598
8208 5463
3242 5761
8915 3432
8851 2054
3738 3107
9379 5808
8976 1579
2935 9984
7471 286
4849 92
9802 4736
2055 7006
8666 1671
7872 6183
7147 8563
610 5683
5777 5985
5748 9999
5193 4543
8462 5221
3251 4875
2689 2913
2765 3310
7565 5135
5248 9576
8863 5899
7379 9915
927 5778
8606 4240
4923 449
1932 5913
262 1543
6310 4321
7796 1094
6141 3697
2573 604
8463 6029
259 769
4924 6275
4583 2914
2319 4481
8803 8190
7570 713
3925 6855
8381 9177
1133 4519
5583 6478
2540 2714
2462 8465
8832 2628
3143 5127
922 3706
6245 7858
4201 7156
9693 4858
9444 3083
3030 2797
464 7998
359 4222
8833 7476
8799 3703
8004 3153
9693 5198
4248 2182
9460 7791
8015 8177
2565 9013
3034 3326
2416 5701
4626 8538
506 9370
9833 2296
9575 8129
5579 6267
1678 1028
6901 7064
7123 436
1495 4908
5256 2624
1399 71
2490 2983
5287 5071
9815 5075
5706 623
1812 3966
9765 9948
5119 1848
9966 6695
7332 1152
2563 2079
9041 482
1300 2791
1895 217
2772 6836
1626 3829
6317 9593
2817 1585
2494 6548
2760 5613
4222 9018
9735 842
9854 9589
2432 6461
4210 1494
3399 5332
338 8373
8752 2572
6090 9004
7451 9494
1403 386
8183 9702
5134 9317
533 200
4303 4205
1000 5006
4903 2145
6891 8072
5043 5583
7808 3109
6685 3463
4177 9939
9871 5671
755 1302
7695 819
227 5907
6266 2875
3436 8065
3366 1906
6966 6134
2619 2300
9516 6831
8486 2172
971 3431
7773 4184
3133 2531
8990 434
8941 884
9746 1200
7047 111
6836 2068
1141 3679
617 6540
3633 3457
9817 5657
82 5246
5766 6203
6327 8875
7873 8380
2860 2901
8039 40
9331 763
6082 7105
506 1331
4702 272
6927 5056
2835 4913
8670 7785
977 8440
4002 8118
3996 6131
8254 3493
6165 4518
388 1758
9673 5375
5473 7202
1262 6648
5737 2302
7587 1107
4995 9965
9007 5290
8133 3993
4374 9911
2592 9199
8498 7184
7607 9263
8918 659
1592 5961
3838 5928
5513 2232
647 88
7805 3574
8877 6542
5579 3165
9023 5532
1100 2156
2213 6119
2572 1392
7412 8840
4069 1979
9030 6503
1760 2447
4826 5046
6890 1659
7376 9416
7627 4331
7537 5342
18 8176
5944 657
8576 8783
9894 2533
3736 1170
7691 3545
237 1578
2428 5542
432 9615
1634 2825
4406 4328
3812 6594
2476 5839
6648 8934
6418 5943
1815 592
7409 2168
4651 7821
6428 2651
4850 8484
3144 3815
6564 5299
4856 5927
6625 2755
6036 210
4152 9909
3608 2395
7630 4532
7211 4100
5872 7714
6433 4392
4357 6381
9860 3485
3666 9567
9824 3873
3888 8812
2858 3396
5372 6005
2532 8567
8753 4691
8979 7532
2119 4416
8225 1959
3938 1224
1440 8290
1119 3539
7898 3412
6545 5844
1936 8283
9800 5447
5575 4709
6662 8885
6522 1376
8954 7687
8175 4592
3308 430
2295 8204
8697 3547
1677 1004
6844 6724
2754 918
7974 3469
4384 2013
1022 4542
3132 8259
188 2962
2288 6543
3496 4577
6280 6352
2689 829
5317 7936
2467 3641
1473 1897
2915 6711
6446 6701
8148 4494
702 1937
2552 3338
3610 8535
119 8938
7562 3933
1298 1952
2723 8529
3916 469
6182 5540
3909 9404
6742 2278
6646 3295
2922 101
6962 4083
9336 4318
4217 4188
1507 2590
5153 7226
7052 5168
1610 6420
905 1309
6529 9156
9242 6843
9374 1863
2998 4201
6053 253
7342 5
7716 406
2215 3951
2830 9426
2019 6697
2505 5879
8241 1001
3912 8970
3964 6796
9962 6372
907 7701
4494 3971
4943 2204
2143 8536
8277 8890
4349 1032
9312 2347
287 4889
820 8974
8100 2877
6551 7459
3457 9399
6662 1248
4515 8393
8581 3425
6874 1272
6998 8156
3089 6339
6351 6796
4457 2592
4513 5695
6213 2550
1566 6801
3737 504
799 3555
7449 2792
4670 6667
4840 4928
4981 1589
6049 2475
5292 5881
9019 3902
5187 9874
742 4119
6100 1079
2276 9778
7994 4611
8916 3843
7722 1851
3776 8841
8383 8690
9587 1676
6226 7122
1624 6856
3413 9216
4365 1679
4228 1233
636 3589
9503 7975
7920 256
369 455
1529 7542
4880 3154
7798 2130
3364 7985
8504 526
7004 1354
9694 3619
1651 9387
8009 4461
5988 1191
1287 9021
7847 2875
3148 7873
4643 6342
9920 7212
3153 7001
561 1496
3022 6407
8321 4778
6729 4900
2931 3540
9454 2364
8720 7073
1909 8039
2314 5355
3877 4060
7832 7726
4217 3563
6931 3614
5493 4661
5992 9404
9656 2654
8614 6912
7171 347
5774 6159
6018 6627
154 4118
7325 2746
690 3667
8827 2741
3453 4539
1588 7618
3839 245
9774 6244
2085 5346
7900 8715
4871 4995
327 9122
9213 6619
1651 9198
5201 2100
5757 5257
7336 6430
6366 7201
5463 1933
5329 6214
6095 5393
737 5713
2202 9936
7509 5348
9586 6811
523 3481
8433 5267
5997 6528
710 8719
303 2746
6711 3480
1618 4473
4225 7100
3865 6766
3170 2331
6009 2461
8976 2635
5222 5941
8269 4550
2852 8110
2950 1456
8277 3943
8424 6590
6974 6992
6492 63
1782 4100
760 9736
3674 9065
5650 3052
7451 1901
7023 5526
5898 5490
4026 2026
6802 736
8709 9294
6280 9521
3322 4835
6533 381
6585 8252
516 7985
6150 1978
4346 1402
4429 14
5269 9937
4263 9600
3627 9113
8341 1612
6729 8659
6557 6363
4603 6986
2695 1092
7187 9308
2289 2013
9236 3193
9188 6992
2933 3073
7831 5257
9027 6020
6412 3750
6571 14
9036 9755
9883 1059
4972 1817
6155 2698
8266 5874
2351 3109
3518 4241
6783 2783
9483 7670
2627 298
5625 5413
2101 6382
2688 808
7679 7938
4054 8599
8761 6255
5366 3437
8155 3521
945 6450
7968 3333
9816 276
5573 1685
4040 2178
3982 2450
433 8994
4029 1319
1496 959
7301 4840
1630 5811
4365 9086
7394 9925
4769 1873
7354 1153
1608 9066
9803 6389
7043 8538
3014 1784
4799 5180
5215 8322
628 1731
4597 3499
27 9284
7367 8381
8955 3372
1298 8948
7 4241
3722 5685
2566 7471
5775 9267
5973 4895
7428 7208
7645 4359
6556 2526
8848 8324
7832 2994
7256 6597
1081 9048
809 3464
7784 6235
9518 3367
6686 8748
4713 8484
2476 4277
5321 9737
3554 2884
2009 8086
1180 1013
3913 5941
2887 8629
4762 3520
7172 2708
2766 9636
4646 4241
9641 1352
138 1915
1521 6212
5181 1886
4650 9425
1757 1659
2270 5269
9198 4532
2531 6044
5039 968
6147 6735
5989 934
9869 3073
8924 159
3745 3710
6519 2241
143 5085
4494 4914
8586 1380
9231 1238
4890 7285
8043 3042
1950 512
9663 9757
351 9778
1500 4005
9633 4659
5957 1684
3438 4357
2803 8070
7119 7188
5526 3600
5241 3628
3798 4652
2461 1100
7946 8108
7059 374
616 9813
919 8080
4365 9837
5071 6439
4317 4056
9074 3988
1310 7069
7238 5168
9854 670
1778 3816
2112 3394
4369 3169
6005 2485
1245 8601
8294 9928
3215 541
4951 3970
8270 2855
3469 7205
3406 4818
9743 7560
536 877
431 1220
6237 3194
7066 9923
500 4255
4355 3975
6825 4251
3903 2823
3439 5416
2380 4070
3434 9685
3881 1865
9400 6174
2643 3454
601 7423
5981 3850
9889 9828
717 8526
6197 6258
4760 1127
7919 1307
4248 9928
2551 9423
7757 6361
1698 270
6710 7447
456 1576
705 54
7198 4016
7896 2041
1555 3590
6875 9653
5037 3015
1714 3808
101 2959
6903 4606
9304 2973
7379 1819
9937 3151
7411 4243
2130 2611
8322 3749
5095 9967
2039 7545
5493 9203
9221 9186
7981 315
4273 3771
4806 3711
8054 4252
583 5797
5566 8215
574 782
35 8370
8157 4152
2474 3330
8483 3337
7542 5289
4114 2685
9594 2990
7740 5207
2109 6726
2699 2666
4922 9855
6595 8067
9332 1971
1633 6910
8185 8274
167 7605
1959 9647
7143 547
4767 2556
6290 7010
9980 6447
1520 8970
4430 4472
7048 5948
2717 9970
7749 9890
8555 2747
7800 2666
8830 6109
8196 8824
8196 9348
2491 4696
8314 212
8967 9106
4565 6507
4354 6954
6989 2317
548 6627
7915 9333
8508 3072
5814 623
6179 1386
7373 5328
7977 567
2273 6704
5491 2219
3780 6619
6103 2944
1742 9349
7345 6288
593 1582
9095 1077
2425 6155
3365 3883
1602 2993
2757 3028
5220 5556
9340 3313
9131 2254
4696 4242
2072 6305
5706 8371
9483 1982
1523 3494
1948 7152
163 8373
6394 956
8371 6928
8980 5709
7072 2586
1054 3525
9167 8107
2951 4234
8849 7158
7873 8223
4922 4271
142 3526
9825 7405
3083 3346
9546 5706
6800 4199
1782 2058
9128 4607
4195 5052
5172 4974
6933 7224
6822 8064
6433 8734
4331 6890
2875 1805
3513 1595
9908 6666
7916 4307
2382 6187
8698 6358
6108 6424
1782 5566
9179 4166
7329 6085
7218 9879
9704 1830
5243 9644
4556 105
8016 4136
6960 268
2810 9133
424 1159
6508 4092
9177 9939
4863 7985
3302 8143
9161 261
3849 6429
4744 4528
7785 4445
3859 1431
8744 7632
8691 2913
3653 599
3437 6749
165 7578
5249 770
4999 7125
5643 535
4923 1745
4581 2942
2789 3820
5312 6719
7267 9704
8902 3172
2045 6064
7990 4410
1222 7118
4051 4555
1027 4555
5841 1223
1731 2891
4501 2231
6886 1435
9310 8475
5941 8933
420 3455
3743 4203
4824 3607
7495 7549
8750 8074
5516 3322
5202 5934
383 1380
3592 9436
8784 8729
4223 6397
1460 9441
2497 9481
9361 4931
6691 6772
3106 9096
8098 917
7332 4684
5805 2588
9176 4455
6538 5547
7182 1827
6927 8929
4791 2598
1220 5767
7374 6890
5163 7172
8184 2419
5132 6021
6721 7006
9643 9687
2127 8582
2502 5134
1615 3352
3133 9957
8792 9847
6825 8123
328 8388
7846 4342
4530 7818
2459 3022
5959 9018
990 8709
4296 4771
9923 3229
3268 5584
9881 1652
4540 6356
4719 1465
6856 6394
3425 4270
3604 5435
5656 2366
7935 9650
5272 6312
9420 6565
8508 7718
330 6536
2582 8370
3758 594
4224 3912
9642 8197
1823 2336
7429 6698
8312 4802
487 3807
2204 5876
1237 8478
9166 2003
2182 4341
2497 1263
5741 3911
1359 8610
5537 7513
2946 6724
1364 4975
617 7414
584 2096
9671 1564
5916 9649
9626 6515
8609 7191
7845 4609
5784 8152
8509 9246
2714 6333
3272 8264
2535 3886
2316 545
7926 3055
2978 94
8225 4953
3590 937
6984 1409
1942 4355
1414 6737
5559 8409
3232 5874
9812 1093
3630 9023
2509 3489
4337 1837
6243 6545
515 1801
8343 4564
2586 5062
6757 103
3390 913
6734 8127
1300 269
9269 2518
5197 6595
5459 9367
2808 4246
90 695
8826 2045
2502 1166
1753 2971
2517 2682
1500 7890
4689 2067
6700 8780
7978 9478
8615 1164
8558 1773
2950 2714
8384 1836
5282 9334
7778 8156
2895 496
3060 4408
8276 5800
1516 5346
3780 6806
8808 8965
6932 5820
4124 42
1331 8118
4988 7716
4477 6984
2827 7633
8192 9360
5329 6202
2534 841
8946 214
5023 475
8536 3253
7905 6885
4074 4879
1300 5117
8441 9232
2181 5087
6370 9066
456 260
5717 9493
2583 3280
1386 6260
5346 6204
2785 4226
8970 8823
7905 4832
194 6112
2353 2767
5421 6018
4471 2760
7015 1201
3959 2367
1111 1326
1506 3339
2899 4297
2861 1104
8553 2007
7320 9463
3285 4897
9136 3435
3070 3239
1686 4595
18 6450
3000 2335
8741 4672
5995 1665
4470 2766
3359 8857
696 2960
5895 7935
2444 7106
4142 29
652 8952
8848 5729
8864 3317
2810 9468
4014 5546
9960 7505
2922 62
852 7310
2845 796
7828 3488
8356 8322
8422 8445
9828 7365
458 8448
3396 2443
8766 7642
9397 4283
2838 809
4465 5107
1246 4115
872 5237
8731 8241
7334 5034
8457 567
3984 3183
9592 4638
7422 2669
175 2732
6089 9412
6051 2539
7154 3223
6049 5444
9609 5931
5319 5936
200 4389
5370 5248
5222 3072
8062 9801
5354 9647
8633 4379
6203 5609
483 2725
3435 2188
3049 6784
7996 2695
9934 6810
3866 6130
9236 9460
9266 1706
4884 8650
8719 6209
1837 6765
1119 1100
8898 4920
2956 7523
8695 1754
5905 2155
5416 5621
3274 3175
558 6028
1080 8160
4127 7721
8228 4941
2000 4318
4579 999
8964 4467
883 4645
730 5717
712 9854
9963 6635
2094 4655
4757 1870
4290 779
4351 125
418 1606
715 3437
2226 2734
5511 9285
6682 1935
6441 8978
9663 5915
6706 5281
5751 1821
8345 9919
4209 2171
7502 9557
9257 1496
9510 5645
6379 8585
7745 3750
2679 3842
2626 6137
8944 7876
469 2778
6463 8464
13 6606
6308 7732
6336 4153
6851 107
2212 908
7679 3979
3720 8157
8598 2415
3341 8800
7146 9424
3544 4803
7810 9110
8817 7698
9739 94
1309 5101
4392 7877
4058 2052
3340 7858
8722 8516
9523 651
5591 2850
6695 9111
1112 6391
1743 7713
4687 8072
7171 6440
4701 3647
2746 9444
6473 5756
9396 8009
4133 6581
4297 1796
7096 8211
9265 1371
3568 451
6895 2259
2621 6556
1784 2696
1323 9371
1307 6219
8071 1609
295 9171
533 278
2329 464
9634 2843
7879 7371
6456 204
6082 1486
293 6780
1074 583
3441 8326
4440 1133
750 3027
4933 6451
8040 3907
302 9493
7980 364
9172 4138
7277 9727
9690 1831
3971 2476
9658 1404
9541 273
8784 4435
3145 1101
4927 663
9676 7390
4525 8865
4334 6832
3168 509
8032 3345
1526 9149
8770 7770
4929 9854
5662 4199
8868 6312
4633 4571
1806 6946
9056 7192
4550 8797
9555 7564
2474 3088
5160 1423
8108 7015
879 6229
6713 8111
6423 9897
4014 5507
6656 496
2667 100
8197 8836
9311 4674
6612 9369
5264 3583
1427 4738
9454 7893
978 3880
4275 4987
668 5496
3575 3997
445 5900
1674 5509
4018 425
3532 8572
8438 8703
8898 4949
5368 8949
378 7781
1467 2996
1403 934
8558 9114
9465 5618
5338 2443
5408 9437
1796 9301
954 6436
5457 4536
7039 4991
2285 9497
5234 8667
5525 6931
5386 8211
8709 8013
124 6158
2209 2024
2182 1718
7200 8248
1215 2147
9063 9258
6720 3027
3321 8999
2960 5832
5248 1353
1430 4832
9113 7259
7560 3693
3304 1575
4026 4148
4763 5256
6410 1588
3759 8441
7091 5672
1633 7881
9709 3398
7137 3707
9639 78
7808 4775
5154 3953
3497 762
4841 3422
285 2227
296 9165
2209 1651
1383 6587
2460 6573
1015 4622
6692 5278
6990 8493
8425 7371
1971 4829
8055 2254
7121 8175
2024 6746
3805 7836
6650 9378
4616 8713
7048 334
944 4329
220 8996
6214 9052
8761 3181
9014 5252
6227 2874
9670 3111
1827 1964
4155 8646
6714 5384
4246 9405
7937 1871
9899 7081
3275 9232
3133 8185
1945 5811
1726 9524
1024 7091
211 77
7109 4732
7533 3745
2119 9163
9407 8671
7997 5714
6512 5102
931 7436
5957 7890
6364 6629
752 5884
7208 4139
2458 2628
943 796
3583 6874
6281 6101
606 3412
5633 3043
3668 2821
7109 4005
8136 4295
3574 1193
6456 2920
1390 3344
5726 3651
3232 3413
8227 8025
4566 2043
3756 1772
5222 8212
7721 2481
3167 2286
570 3911
5218 8737
8150 9414
2624 8215
6690 847
7548 1713
5820 1815
9644 4938
678 2731
2006 4481
8424 2991
8690 7117
1554 8211
7040 698
109 7705
2249 9392
1131 4997
7416 5535
9693 739
7623 2640
5424 5354
7909 2888
8759 2020
3508 2778
3141 313
2934 6028
3606 8806
3617 8213
1775 8424
7847 1983
4303 4673
3602 7560
4353 3373
9690 1556
5541 7758
5803 4015
9674 2734
7373 2717
1493 8071
8390 6373
6354 6400
8747 3048
360 8932
974 1827
7166 8680
2954 6462
7353 3589
445 951
7850 6391
3002 6076
5576 9026
6237 2823
3746 4311
8753 3384
6062 4167
2670 1062
1896 9885
7189 4686
4789 67
9678 3257
840 142
7925 9085
6824 238
9661 7802
2417 9122
6180 4648
163 9494
2032 6402
5175 3486
4321 3077
4804 8175
9821 2498
3143 3641
5151 9784
6324 6343
9119 7631
9653 5696
3550 873
1471 769
7296 5924
1054 901
3346 3910
9131 2107
7846 2520
6704 267
3416 668
5493 6058
3168 9843
371 5342
5377 7103
6109 6644
902 8255
8411 2425
710 8137
728 4869
9422 8269
2752 1893
5111 72
7680 7899
8865 8238
1702 8457
4304 2864
9848 8204
6171 6271
4629 5230
8893 4797
5350 9084
2380 1562
5459 5262
9750 6365
3942 2103
4681 7394
9962 1330
175 1465
9349 2714
5836 5916
8152 7565
8761 6573
247 2883
9685 1648
8660 6483
1793 1993
8944 4613
453 4527
877 8839
2363 9563
4793 7701
9464 6020
8513 6680
9033 9690
4805 5721
3624 4748
6471 6022
3378 3726
6840 4076
9587 1945
9175 5416
1579 2396
6116 5401
9650 4967
9184 9278
7554 8260
4705 6429
7668 5856
4180 6441
3375 7463
5601 9724
5208 4760
4565 898
7556 8324
948 3551
9575 7677
3236 8082
4671 8652
8810 8245
7511 4337
3300 6024
6600 7603
3519 397
9902 3689
3969 5894
5102 2003
440 3015
2824 4106
2841 4086
8479 9522
9087 8040
3982 9948
3169 9805
2752 7277
6537 5595
9406 4454
4251 6677
7295 1735
9716 7225
1208 479
1296 8387
2711 651
369 8584
232 4621
9753 1418
8617 8007
1418 7248
7045 1874
5683 2522
718 495
1943 7812
4590 7677
3749 3545
7991 6820
8895 2355
3075 3728
586 8124
1657 4649
5559 4382
7812 6979
357 2746
7870 6577
119 7199
7577 9376
4091 3027
3725 4600
916 3056
3472 3187
5317 7185
6961 2731
5848 1428
7492 6324
2075 3404
4742 9734
5056 8520
7547 1501
699 1677
7171 5993
5374 8769
914 9022
5689 1581
7226 4022
9950 7622
5360 8056
1644 8925
262 251
869 3212
9353 5872
8503 4121
6466 4107
4529 3489
9023 9868
3277 4926
2675 1095
7590 9995
1125 7212
280 9091
8955 2524
2810 538
1889 3705
5276 3296
8520 1644
317 7938
5866 7969
5357 9692
8106 6514
1947 330
2275 3180
9952 607
4984 6850
8537 6375
1749 8779
522 3559
241 4797
6479 5514
8451 9151
5380 5223
6144 3785
772 2611
4083 4105
124 5468
1826 6158
7340 2750
850 3560
5195 4053
1935 6183
167 6295
9252 5160
7491 3932
6652 9637
4041 7004
8815 3754
9935 7884
6998 3678
8629 7856
2222 4380
3751 2093
27 2118
1821 6660
4574 2615
6038 4397
2082 7021
4373 7061
6316 7155
2338 2626
4923 3285
2158 9301
1541 8278
7770 5777
4847 4152
578 6017
9816 7488
3755 5997
9998 7036
7879 7743
840 7397
8052 6974
5372 6909
8802 8368
5728 8810
6138 3548
103 1216
1334 3855
5396 6916
5378 8900
4151 8087
4377 9880
6107 6747
5187 354
8588 9395
523 6998
7222 3906
4172 7435
6505 5935
4726 588
7766 5315
2185 3139
6194 1252
2544 8784
5380 5934
1499 8822
9392 5641
776 7684
1324 1910
5452 3942
8112 7614
1738 4255
5733 5569
2967 8503
9664 8203
7574 3035
9818 1852
8264 7177
2263 5666
4354 1033
9552 6287
2068 8765
7547 3263
2495 5332
5645 1191
2451 6055
7752 2092
3941 2539
649 5593
1009 2681
6292 3330
3566 2894
4642 9689
2053 75
8678 8584
7604 1768
3859 5713
2455 771
3229 5337
8939 7244
9256 6647
9536 6912
2086 8123
6693 9997
963 1932
2214 1453
2006 5019
5883 1355
9614 3019
9807 8312
9072 7401
6123 4339
1123 5534
377 5155
585 8546
3686 1407
3846 6160
9838 6120
6506 1463
8683 6676
2945 191
9212 8829
5301 3825
5834 5558
3508 9639
9791 8676
1482 3444
6069 5118
7921 7714
919 7225
2577 9214
19 966
3349 4874
9542 4671
7374 145
5180 8293
1288 5118
1933 8036
5210 4370
6612 6220
8700 1280
1451 5253
7505 663
2317 268
8435 3134
3398 8104
16 5788
9138 1571
4474 145
4663 9357
577 4767
1001 203
7040 7692
3555 4215
9255 7271
5332 9757
3586 6345
9190 9447
5368 4887
5940 2451
4976 3302
3117 9708
9204 6980
5089 1535
3125 9170
8506 1066
7472 7750
4194 3785
3754 1583
4676 5679
4046 1184
2727 7087
7279 8697
6762 6855
9750 4919
1725 9286
2645 4306
3861 3077
1013 9311
8893 3837
564 6574
9818 7639
7257 5423
8160 8862
9086 6119
6865 674
7599 573
6582 5797
2748 882
4780 2580
7586 9458
5678 5300
8746 8290
9908 5478
3423 3774
990 925
4736 1237
3603 6137
823 395
3194 4358
4052 7480
89 7382
856 9756
9264 6460
4389 4630
447 2164
1029 9964
637 9361
3883 6505
6170 697
1467 55
6653 4422
121 5671
5741 5048
5514 5978
4486 5221
7877 4024
72 4266
4294 2639
1924 3432
9769 4342
5374 8979
1689 4657
6206 927
6300 2687
1902 1833
8599 1660
8197 2560
828 7319
1767 7263
2501 9218
9949 2575
3701 7597
8704 9991
1932 8059
2528 6884
9193 8156
1204 1605
1296 11
7972 8912
4807 3908
464 3968
5376 6683
1475 6117
3229 6826
710 2609
7432 1214
8237 5776
3132 4084
2663 6431
3626 2886
8175 6443
6456 5061
2119 4484
1627 9936
2877 5609
6185 1782
4096 552
1045 4283
2283 4351
7862 6576
9065 9646
2689 4967
667 8624
8387 7276
5957 6558
1628 4360
8004 7525
2761 7934
5109 4885
7130 7832
9366 2654
7919 3486
6637 6104
6509 9752
6217 3804
9497 6991
5902 6101
9698 5178
6323 2202
4693 1835
4842 6722
8273 3428
977 5968
3017 2279
6045 6717
8465 2715
5337 1558
8297 2133
7417 9340
2398 2862
8325 3831
3551 6486
897 1219
6308 4046
1578 874
8282 2689
1648 859
8515 1235
7703 7331
7429 313
9882 8591
4736 6500
8731 5923
3893 647
4068 387
7322 7047
2469 5178
7656 1933
2260 6193
4851 7224
5122 4683
8192 7421
528 9161
6370 2469
3245 8199
8926 194
7533 2205
3434 7904
17 3086
7601 3769
217 5559
7971 4771
6670 9149
2054 3024
3947 7447
9950 3292
166 9531
3197 5713
3171 5991
5771 4428
5631 2828
793 8059
9388 2620
3557 46
4852 8157
2079 3995
1954 6643
4625 3460
3264 1388
5177 3568
2343 9933
8807 2549
6886 1957
3160 1682
4371 9808
8866 9067
5233 5117
1942 3427
3607 7150
4994 5676
1714 3011
656 7243
2691 1173
6061 6458
244 1270
463 8290
4622 3659
5422 1686
4758 5250
7428 9537
6287 6215
9666 2246
7567 1873
1007 7413
9249 6176
6734 8555
8528 252
1793 4636
8359 5740
5207 6473
1712 6706
4743 4538
7381 5072
1630 6199
46 2388
905 595
3212 6494
3145 1264
2809 5664
1286 2518
4531 3176
4054 8761
2624 781
9341 5913
7167 6460
3299 278
7595 2263
6802 4414
7086 2236
9997 126
4871 2323
9710 151
450 4200
4947 2112
2895 7366
4563 2642
9539 141
310 309
7465 780
5965 8857
740 6052
160 9132
672 4989
2824 3483
3097 9540
2867 6291
1412 2932
6728 3574
9210 2875
9351 4955
4367 1009
5032 4063
3129 9001
5380 6949
1555 8931
7539 9460
1505 8872
1449 715
9612 4411
5902 4672
3340 6148
5806 2413
2207 2965
9918 7073
6493 5904
1023 3020
8599 5767
8348 4322
4996 4748
7563 5482
4858 7241
1191 136
9676 4452
4572 6732
835 8662
791 5005
1326 9526
7103 9306
9714 5445
10 7795
5503 7660
6431 7978
5050 6715
1616 7226
9747 2671
9473 5698
907 9675
2237 4361
7207 8111
3973 1941
7435 3316
4040 806
8224 7891
6000 1647
5668 9216
5041 7532
6552 5188
9013 7977
8660 246
1919 9569
4353 9530
4432 8081
3799 9360
3092 4259
7695 627
4765 1223
3624 585
1493 5887
3599 1789
2767 1335
2209 8854
3932 1161
3733 8571
2413 4935
1779 2749
2801 4574
9114 9472
8930 6231
6047 6653
8 5223
2615 172
4524 8438
9766 5484
1403 1048
2529 6161
7366 6885
799 6270
2137 4947
4807 985
5001 7974
3682 438
2371 5014
572 4985
5368 4639
1238 1767
6160 4947
9169 4705
880 3245
8882 7467
1832 2102
1412 9578
7527 5947
8530 1740
1411 9020
6561 8239
1890 947
3413 3101
2555 5694
1594 595
7152 9837
5853 1986
4722 8082
7890 8323
1784 2730
8821 9270
6545 3226
8343 4102
9754 9727
9761 2429
1763 6038
5747 629
9081 3414
7626 2702
2150 7256
8009 8785
1046 1925
9786 7701
5202 6009
1778 3659
6866 9418
6452 2638
3471 8890
2682 9753
6857 193
1415 2772
4886 3412
4225 6069
2215 439
2520 8813
8652 8862
6289 9106
1394 8182
7475 8622
3178 3798
3612 4571
3820 7607
434 9709
5843 9905
2682 5496
8285 7674
3681 5920
3945 2840
8239 4886
6299 3741
9813 2900
6780 6386
7548 9021
3861 7338
3891 5782
8440 8124
1486 1321
3386 1653
9484 6946
6118 4943
2349 9688
7182 3395
4181 8757
1978 9159
791 4754
1100 3626
2704 3191
127 2089
9647 8339
3505 7202
7480 3850
9317 8019
9107 7728
4582 154
9127 793
6882 9990
6445 9258
5419 2499
6315 9050
7533 8889
4758 4911
3321 2013
6305 4598
691 1978
7510 449
9794 6242
3880 2217
5756 9543
9011 7846
1226 8190
6820 9511
5154 5411
5153 5682
9081 5121
9028 1575
6482 2230
2122 5498
9120 8366
3612 2888
2375 4497
8243 8047
2430 2614
4326 6855
274 4466
6982 7690
2549 6336
7417 7601
7363 1020
3468 6239
1334 7442
8215 9811
9713 7515
2291 2633
3168 3302
2690 5639
1071 4385
8793 3211
3045 9568
1022 4290
5323 5042
9048 1207
6024 9936
6278 209
1281 1306
6730 1842
2232 3829
1604 9204
3720 5939
9756 6806
2405 962
5429 9039
1816 8184
3677 3378
1635 6676
191 9344
4151 3697
8718 3640
2058 6557
7652 9293
6753 5364
5367 9621
8075 1447
2050 6868
2664 1653
2657 3514
8712 8026
8031 5933
5961 5794
7988 2428
8603 1634
2507 9435
8298 4321
9023 4345
8667 8750
202 1019
1373 892
5315 5971
7145 7271
3919 1842
9902 123
7167 6672
2369 5256
7351 9961
6363 871
1644 9343
5798 7153
2496 3392
675 2411
8474 9665
9720 396
9771 9069
7339 9315
4191 8135
2350 1631
9337 1266
6062 3523
3934 4259
7033 8671
6096 7832
9590 1926
7897 6897
5356 4240
5486 7407
4254 3210
3690 1200
9063 2497
5454 6413
7173 3587
8845 575
1937 6906
8576 1822
7784 4522
3109 7638
4221 3661
110 3477
2201 671
1603 1077
7509 1252
1680 4516
911 307
1183 8419
8953 2205
9922 7637
3934 5353
4852 7838
9485 9654
396 5207
1483 1065
1371 858
7421 9624
5816 4395
9398 7449
2188 879
2134 2937
3026 3989
207 9525
5885 5145
9683 2635
8049 3222
1197 5531
793 1796
8543 9103
6884 2914
8423 4317
9405 7078
9178 6856
3789 7367
4097 5439
4718 535
211 5273
1821 3116
8584 7513
3256 1481
7269 653
5394 7583
1137 8795
6927 3163
3083 6858
8784 4148
1933 4270
9183 1764
7930 504
3556 2660
517 6821
3342 9273
6795 8160
5335 5698
3492 6103
9440 2632
1342 9045
4402 9211
9331 94
8479 2584
7043 4743
9611 1303
9587 6760
1084 9629
3977 5275
4974 7870
5081 1704
30 9918
3369 9186
9293 170
5751 8073
7293 1853
3646 8435
286 3884
4763 7260
2162 3536
1312 9969
8723 1629
8110 1783
1875 4494
1988 2140
4104 5490
5753 515
7100 7362
6634 7987
2812 2123
1048 5774
737 9259
8017 6020
9961 8820
378 2545
1535 9499
3151 5833
5466 3217
3059 9666
2562 9340
1456 8105
8550 6738
8105 9572
5341 8138
761 125
1912 3485
801 1675
9476 6866
8954 6343
5846 3845
4842 4562
8169 6069
9756 3565
5906 7419
1151 8098
1721 5077
3061 9950
8811 1612
6734 7279
8024 2166
4900 6364
597 1256
2425 9703
3993 4664
4412 6441
877 9641
1987 3439
3880 4267
8041 1046
4464 9027
4019 5706
1740 273
804 804
3908 1895
3821 327
4296 5878
6054 6809
2405 4946
2766 7801
5553 3670
4052 982
9346 3240
2639 7155
452 5276
5364 9565
4887 3073
3265 5497
316 6379
5283 4710
3285 6636
7052 8838
8374 3874
8908 7211
1261 8939
3744 9888
5820 8200
6605 7508
6126 1157
9128 8922
6182 382
1272 8143
8290 5064
6837 7732
6915 6618
2599 3938
9179 2868
9279 4449
6526 4124
3062 1236
5909 2026
2841 8569
7086 7138
200 6820
4960 7955
7318 2985
6430 4096
4140 3196
2445 6070
3888 4210
8581 565
3366 1423
246 7744
2764 2572
5465 5238
2296 4691
6605 5081
6689 5336
6861 7689
2079 4623
2401 7522
407 8806
1831 1232
5557 8421
231 2196
7015 5685
4513 3293
1132 9962
4794 3606
907 1526
3842 4850
9494 3079
5611 5708
3082 3844
7780 2807
3154 7333
6346 5394
2161 4521
4421 5918
7951 5160
71 6242
2264 6499
3416 9365
8277 9813
3225 9101
4542 3907
4220 3480
2240 6108
2456 3238
5989 8810
424 6374
5693 8174
5688 3800
2100 5318
8317 1663
5908 9660
3128 7983
9067 4819
9457 4788
2938 1168
9878 7232
5118 21
2445 5386
9728 1315
71 1302
7511 6475
1981 9095
1402 7878
3918 7226
7235 9686
1857 489
7476 3049
3417 7323
536 2885
4670 2252
1674 8224
5095 8467
7801 7848
3663 4410
53 468
3123 6200
6615 2836
7366 7996
5958 6803
4767 3397
1877 6071
6407 2305
7316 8547
7533 2185
6218 2310
7696 6980
9934 1608
3934 8407
987 2283
6070 1720
5628 3708
7781 4223
962 2332
3059 3052
7880 5013
9077 7649
2844 5182
9266 9432
8505 3540
223 128
5641 7367
2341 237
111 5976
2588 747
9499 1784
4480 1497
9170 8608
716 4564
1195 3863
4862 8150
7177 9192
5232 9089
7509 9228
298 1556
2971 8441
6968 5294
466 2806
4417 4448
405 2055
4948 9326
519 75
8690 6848
1817 6840
3009 3021
9139 3859
2434 9992
9861 2909
7784 5554
3145 6711
104 6522
4984 6998
2589 4476
9146 7673
3506 5190
5644 6929
5977 2479
5076 612
5669 9048
5718 5527
7396 3
3589 3710
2921 6007
5522 9184
5698 2444
5244 138
8752 2365
9084 4164
6950 255
1094 5226
6623 7370
6377 6082
9141 3591
3117 5391
989 4158
2419 4177
7611 2207
9222 4629
5183 9369
9060 3133
2398 3463
7498 1269
6927 668
1485 7752
7343 9183
7459 8786
4930 9001
5905 4377
2877 9117
6175 1895
1033 2261
3867 784
3072 7420
7055 1066
5847 1079
622 9624
9548 9792
2423 7855
9385 6837
8250 4071
6103 3860
332 41
448 7489
2250 8659
8670 9103
2178 2537
5596 3576
2780 1213
6283 5897
7522 6271
2097 6963
4701 8877
3056 4385
9628 3064
8172 9639
3201 702
4863 219
3105 7203
846 2155
2626 4752
2414 5878
6425 7265
4090 9810
3504 8849
4522 2650
3483 6043
2945 43
1838 7076
5079 771
871 7062
492 7860
8330 915
780 1273
2240 6641
2546 3561
725 9250
8638 1993
4867 9446
305 6373
1538 4521
2541 2570
7573 2370
2770 664
3243 212
6105 3201
3508 8869
2084 8139
4572 8273
8470 1038
1858 5946
5403 9552
1916 6084
4144 1920
2657 6500
1146 2171
8399 1580
4727 6257
9715 9350
9106 3496
410 4936
9608 9968
7123 3292
3835 5162
3701 7895
5357 9270
180 8964
9847 7050
2231 2666
9858 1034
7415 1542
822 9392
117 3282
7432 4162
5811 8642
5537 1014
4445 1698
2221 6611
801 6516
2847 4258
2429 555
1044 7531
8319 1897
2676 7687
5655 2440
2900 8891
7750 8005
3639 1060
9701 956
5641 8696
7505 4497
4844 7624
6337 5393
3531 7471
348 1592
702 2949
3880 7555
7083 5429
2851 5376
9330 1499
6693 3725
5483 9508
5916 2740
223 4658
7358 3093
4300 3354
2084 2318
7754 944
8406 5720
6577 3495
6972 4811
4814 7817
3502 3941
2866 2910
7530 5713
3347 7084
1630 5649
1510 9926
3328 2786
3632 2136
8348 19
3552 9196
316 6191
1277 8369
4259 6598
3904 2139
8259 7393
8781 1924
2024 4905
5318 3905
9043 9154
6773 3624
9035 906
5693 1337
4675 1588
3546 1277
6820 1664
4614 1396
3651 4696
1070 9612
2591 456
4535 2373
6675 7450
9267 2793
1642 1652
1426 6264
7220 5943
4223 6753
4919 6632
7029 2059
7638 2733
3395 9214
5805 8478
6383 2589
7412 1579
1324 4000
3605 5318
3390 6856
5708 5553
6133 2656
9685 2436
4382 9961
6134 324
3962 4422
2520 2733
6064 5782
7022 8118
5894 7807
2299 3125
7641 9719
5660 5471
3543 3124
4557 9637
6271 3625
8783 4712
5751 4415
6515 1524
6736 6796
9187 7279
7513 617
9761 9767
7701 3103
960 9844
7091 9730
9779 394
746 4813
3541 4434
870 4174
7744 7035
1931 275
5983 4337
5590 3897
6866 4225
4863 5803
7526 3687
9203 6141
2441 8487
1171 2657
8330 106
9283 5790
8489 3409
4451 1403
251 5793
9910 9756
8991 1482
9683 2142
9269 6462
8229 8312
2355 4980
7853 6084
3641 1042
9608 11
1620 3177
1343 48
3446 4636
494 4260
5929 9888
7503 8224
4466 4378
7349 3305
8828 9675
7491 5888
7346 238
6664 8271
9538 5537
591 3810
8281 4897
1720 313
7946 2539
3985 1219
3431 2355
3584 3191
9876 9726
8416 1232
4636 4467
8474 5976
3249 9294
4618 9132
9743 3423
5986 681
6404 7743
3599 2511
6235 6324
4811 347
6691 5601
8089 9810
5722 289
731 8519
164 3787
4279 3304
7568 6546
3800 7632
3232 3023
4010 7084
249 9163
5157 597
5444 3999
5243 903
9762 8535
725 1831
8980 81
4718 6891
6370 1488
2520 653
5841 2661
3953 2131
1181 2424
472 119
5185 9341
2008 2410
5177 7701
8490 8624
9434 8602
9521 4928
6128 4266
4702 3308
1074 1403
5767 4765
1119 6834
775 548
8534 1901
1601 3906
2885 9051
9594 5545
969 277
5230 9727
6443 2278
2623 9773
8996 5978
1348 8333
4244 9263
6976 1064
1332 7555
4880 2441
6654 7170
3125 6502
5084 5648
9666 221
6624 3816
9246 3247
823 2131
9960 5140
9498 3649
3279 5362
5078 5734
8430 2608
1255 6350
1628 6628
8219 9636
2821 1308
3804 4483
3851 1295
4640 6883
1314 7999
2400 8753
1836 9548
1803 7156
4373 8126
3086 9881
5112 7799
167 9573
847 4573
635 1930
2773 7142
128 6707
1542 7312
1010 4693
8968 4647
5985 5041
4198 2400
8859 2126
7239 7939
4861 6970
6350 9683
5209 4716
6065 6392
6599 9988
3401 3902
8580 275
5086 1131
5477 4726
7707 6139
8310 3673
7797 9785
277 8553
6304 1978
8286 1880
3240 2940
322 1952
4721 8648
4283 158
4870 5560
4070 9704
468 6298
2990 7073
3498 439
3540 9962
2413 8298
7449 6526
5060 6430
3789 8625
3287 2878
9407 699
122 6723
994 7213
1041 4632
2139 3422
8495 8240
6456 478
8122 7455
4939 217
8505 3435
5601 6665
5458 103
759 3246
6161 6694
6041 3390
6674 2165
6054 3486
8949 6157
3383 1909
6065 5153
4985 8519
7020 719
3975 5903
3003 4932
3984 2928
4013 9121
3291 9336
5295 6571
5627 7753
7729 8155
592 9846
2888 580
3849 5390
808 8376
6308 1446
6508 2937
903 6751
4337 8453
9388 267
9504 9033
9037 7223
4373 4799
2368 7826
8280 5026
3334 8493
1405 7652
302 4578
8242 5107
9084 7735
3221 5711
2404 6236
3087 8580
637 7357
2583 6414
6070 3252
5696 9214
3594 3873
7080 1977
8148 9979
8304 1682
8680 5603
7882 5238
7094 5190
7756 4866
9246 214
4886 3819
8026 5793
3709 4529
8679 4349
742 7347
2034 3677
3376 5989
345 4720
4813 670
8580 9071
7225 487
3330 8312
4790 6338
7503 7497
3484 9044
7682 6403
2498 7670
5705 4390
4197 2267
8337 5155
3508 4717
5601 8750
3591 2002
891 3757
7253 4207
3483 3560
6339 615
6236 5574
4306 1663
6744 837
9635 9984
2709 2984
885 8911
7116 6042
6978 3412
7898 8563
5073 6672
3547 2679
5558 4228
4137 6228
8660 8056
9856 1234
5336 4680
2760 3244
7345 2660
1369 2957
2952 2469
8833 4965
8285 4081
8805 97
8490 580
2972 260
9645 7272
7039 9740
2450 2661
4825 1410
6968 3352
7394 5998
3352 7808
7050 4294
9056 2445
3936 6766
2081 4490
8761 9541
2023 8040
9986 5442
908 863
2711 3865
7429 4353
8792 4154
3566 7172
8081 2515
4901 1835
3150 8675
7256 2900
4760 2072
9951 3411
2842 6542
1817 2846
5797 4656
4620 5212
4452 3120
3017 6897
7751 6824
6078 9681
6220 4169
4779 6169
4555 1694
5735 2489
1291 8523
8951 5528
847 5998
6036 3272
9087 1961
7861 3576
3912 5687
9505 1645
7101 2370
6319 8404
1790 6357
5198 6077
3479 4722
6541 2259
6584 9922
3072 9747
2443 6130
3900 2594
6971 8258
6273 9504
1886 232
6676 1893
4521 6771
1650 7134
4740 7467
3756 2270
1455 1892
6013 2733
9369 5859
3922 3922
8893 808
7030 7320
2804 1008
7575 7124
8708 2809
4181 7295
4177 8941
8831 2758
165 3869
3988 1159
6725 4221
7764 2515
3228 1411
3877 8606
9569 4893
5065 9324
9526 6338
3134 3309
8459 8553
820 6745
6226 7210
6463 2468
6541 3013
2330 2014
220 4808
6313 1952
1868 3475
1599 2253
3687 4781
291 4963
1734 9946
7810 7124
3491 1430
8074 5370
5996 4109
2698 8055
2545 1374
2470 7063
5221 9763
9447 8421
817 3676
3092 8978
6769 2322
516 413
5673 7516
729 2378
8300 9173
3666 7562
3049 768
8108 1591
1710 1086
2018 4329
469 2420
3155 9171
1551 2449
1534 7877
2537 4680
1556 2432
5555 771
8307 3132
883 5721
6398 9719
3585 5424
1910 5746
446 4787
3128 3719
9127 3240
3654 7413
8005 9804
7944 9783
4696 7899
1156 7718
7805 5548
4408 843
4602 7900
1842 7086
7646 1087
344 1410
1621 255
343 7833
927 5706
6048 4651
4440 7281
4853 7322
4543 3524
4060 5769
6211 574
298 3243
6722 4650
8276 2837
2572 2271
3633 8218
7975 5207
9889 1016
4689 6013
4486 8248
3365 6141
1170 7506
6476 8042
2832 4561
9259 8931
121 8767
988 3150
2376 2636
1378 7699
7793 2003
9116 5293
4125 7533
9732 7032
7373 9425
3878 6810
5765 7145
5972 6905
3315 5188
7344 9629
4442 2990
9282 7022
3763 4370
7458 1097
5963 3960
4024 3186
1188 5627
9920 3461
5107 1852
4370 7187
4671 1956
8999 6587
4197 3882
1304 3684
6754 8033
7544 8539
5489 3305
683 8965
4255 4199
1266 636
9411 4706
4450 605
6627 6552
2684 5268
5827 5885
8567 799
1535 9027
7786 8431
4134 9146
3863 7373
8679 9665
7713 32
3213 7121
5490 6135
9801 2614
2570 3559
1630 5108
4973 7014
5136 6743
506 2980
522 3820
5264 7429
5169 1744
3772 2669
1120 280
2069 1883
5352 7809
2624 1430
9838 2193
4002 16
9297 2614
745 4823
116 2468
5790 3865
3926 8035
4400 3150
5615 5436
4487 4947
1417 8192
4157 9385
1529 1563
3156 8741
5954 8190
7459 7945
4778 7592
5848 56
9631 9085
2202 6724
2727 1785
4132 1872
504 5075
1352 1155
3343 8437
9798 5942
9316 2437
6506 9586
3551 2592
9609 5242
1449 2376
5460 352
115 4887
8114 3963
1959 1434
7918 3880
9523 9176
5274 5149
4676 8745
8394 962
8600 6182
4900 9426
900 3005
5301 631
5797 4339
5333 9378
4244 301
4820 9245
317 8673
9400 4016
5195 1394
7856 2101
144 3485
7044 2234
3948 3093
7655 9740
302 6862
7509 8191
4036 1986
112 5460
195 2799
5389 1717
9122 21
9995 5544
5297 3425
461 814
6089 8687
2292 4701
359 3156
1993 1723
628 7555
8274 7180
9849 5802
1302 7334
6780 1867
2766 5604
7666 4940
8674 1342
8029 254
468 5824
4613 4053
4460 7716
9435 2538
7863 6590
4201 1719
1264 5803
5831 2311
4315 9928
2824 936
9443 8717
1664 1116
9066 893
9236 50
4450 2038
7353 8062
8986 5727
2160 4088
1418 215
9374 2070
3056 3777
8547 2171
2537 5489
7981 4664
5055 9486
3653 4488
6464 9893
6052 181
2468 532
1689 2812
2610 7172
1487 8741
4894 7057
5555 2230
4845 7708
3031 8703
5576 9147
9069 3961
9237 1244
5963 7176
1618 9634
4859 6125
5224 90
2249 460
6507 264
5677 6562
6719 90
3797 1793
639 7055
6527 6334
6409 6430
3583 2165
7202 9259
4256 4370
8516 3871
4772 2788
2990 353
2509 3758
271 3252
5369 1667
541 3759
4372 7933
675 832
8287 7908
5989 6796
5062 3275
2582 3284
954 5164
6897 1328
9530 4821
6085 1851
3044 6425
967 1816
9954 3278
1416 7674
1232 7627
627 7942
700 7454
13 8288
1517 6532
7924 5743
244 9690
221 2319
8758 9553
9693 2645
6359 7417
2449 458
4420 3345
2609 2453
276 6451
6381 955
7367 1550
3309 9750
1203 7332
9782 2863
9661 7329
7700 8855
5100 4251
3881 3021
9908 5995
4636 4460
7775 1866
998 1338
8605 3554
4048 755
6612 1189
6012 4970
4439 350
8317 9149
5673 7014
3082 9965
6942 6734
170 6129
8594 5744
6035 5288
7372 7318
7360 1655
3653 7487
2521 4883
6726 3355
807 548
3311 9456
4585 9779
3320 6914
4543 3674
3485 406
282 8602
7451 7669
3926 4581
7880 9805
1304 245
6936 8619
9134 1047
2245 4291
6609 3369
7158 197
7112 7431
9571 9829
7584 1004
1565 6428
5276 9751
9288 6120
390 6357
738 6469
7640 4512
1345 7758
6220 2412
5799 3337
3415 2895
7813 8442
355 3714
2451 16
1346 3581
117 6404
3665 885
5620 302
5641 2284
5483 8282
583 500
2936 7520
6244 6273
775 586
2778 7132
1606 4027
785 4756
3183 9405
3013 5830
7624 2295
1694 1510
7125 3431
6019 1450
5598 8260
5242 9911
2539 5607
920 4679
7481 1496
9676 3624
2195 6326
920 5597
9401 4240
1481 2427
836 7696
273 4688
5339 2831
1928 6318
5555 7404
4370 888
8181 4542
9388 739
2708 7809
8077 2080
4757 7452
4305 8279
3028 3436
8646 5745
2814 9961
8530 6263
5322 2129
83 5921
6677 6456
8654 2571
4895 289
8700 7153
8379 5288
7328 3492
4121 4015
1090 1532
4849 5681
1982 6368
6413 2466
3171 9840
9862 4720
6984 4780
4773 2336
2241 2544
1811 6991
473 6686
2508 6058
3709 5648
6909 8998
2967 845
1363 121
6259 3712
7651 9573
3214 4616
7477 8498
2967 3475
3805 1860
6367 3032
5811 8086
4846 515
7652 7114
8741 5845
9512 2575
7920 5336
1858 1274
9378 8937
6279 1962
1263 5578
4325 6897
7142 254
2526 5274
8652 5184
7391 7294
7278 177
2717 1537
9785 7417
2903 4668
6355 6722
6059 251
8591 5382
7022 7424
8289 1256
5820 6579
7391 9539
3411 9966
7999 14
7899 2639
4710 8131
4108 8861
4354 9090
7916 5751
4611 9674
8797 8012
5702 1570
3580 4211
632 5160
9319 5477
2220 2370
8355 7834
251 3714
1962 7010
7144 4227
9008 4260
777 8399
2633 8124
7917 7107
36 9091
2198 4882
2954 5677
5312 1581
9141 4365
769 9374
297 8777
4500 2288
562 4539
2074 9748
5157 2161
9602 2268
6570 288
5360 4723
2935 3029
570 1281
3691 4705
8099 1458
6165 5932
6316 9716
971 4583
9361 3296
8066 8814
5267 7089
4236 6443
5685 9849
862 1497
2122 5758
590 6214
2135 48
1661 4644
3163 2508
7831 3646
8277 365
7121 7930
5830 8920
2369 6807
4726 7416
3097 3092
6039 1883
9567 1629
88 4612
8099 9720
7796 1184
8659 7193
6537 2202
9348 2592
5897 4923
8481 8825
6829 2637
529 2645
2914 9080
1027 5741
3950 437
6957 9192
1866 6842
8238 636
7209 8962
5269 8295
4071 4334
1953 7647
4757 8904
5811 5953
819 2174
3252 2627
4070 5001
3103 3629
7479 8588
3160 8593
5747 4139
1885 9950
6770 7791
7474 593
3813 508
7362 2878
24 18
477 8959
5601 1958
5090 8365
7454 3480
4163 340
7394 2737
654 5873
784 9523
4102 8155
1217 3941
1788 3956
5357 7859
3864 8097
3597 1009
7551 4707
5152 1439
5973 2077
1510 6645
4150 7770
2890 6692
5331 7238
8768 7698
9441 4275
3873 2487
7957 1446
2394 5606
968 5603
5357 9683
7046 9101
3154 3327
9159 2632
3167 144
4117 4636
2073 4176
8372 3823
883 4790
5273 5340
2532 8368
127 2564
7588 8616
4021 506
9033 3987
9567 4111
1915 3870
1222 7553
9960 7277
7463 4445
650 2465
3927 3046
1080 423
5568 3565
5662 8444
6941 1066
5133 5241
9458 8334
9880 1737
9303 7810
9323 5275
456 464
6020 6826
1506 8619
7878 7766
7169 4893
3475 940
6429 5770
2773 5298
6913 6579
4456 25
7323 8788
5702 4550
8776 2010
7830 9775
1881 2152
1115 3074
5319 4351
6294 3528
8114 2247
7206 185
8853 364
9619 487
9696 3257
1320 5502
5267 6528
6995 8974
1965 3229
545 5177
1717 6776
1493 137
3855 4288
8757 1882
2177 7766
4427 1929
2841 7197
4776 4817
8964 4176
5755 2396
343 158
4207 9409
2632 4808
1180 1022
64 2107
8630 9458
1764 7851
6421 6171
3835 736
2381 1653
5773 9187
2206 4722
9891 7358
743 1443
7949 1151
8717 3994
6380 8277
6312 7175
7269 6098
5198 838
4245 3506
4536 2339
3625 38
540 6852
3504 7455
3717 1777
5803 6777
9842 37
1586 8236
3648 9730
5742 9906
9452 2124
3199 8846
4233 7749
5017 3710
765 5217
6571 5867
6848 6925
5689 7474
2212 9300
3004 9318
2627 2635
8652 6537
2744 2214
8440 8572
1008 1754
9643 3151
1253 8065
4500 4161
4777 5288
3454 4598
5772 2289
611 5148
960 7311
5471 7262
2995 2395
2903 8032
6369 6451
7889 7193
8464 358
4600 2386
5044 6757
2157 10
5714 9525
1017 3465
6256 8671
2529 6562
9667 7048
7229 5820
142 1816
8550 1451
6728 1698
1316 3372
5014 6782
1912 1650
8291 8990
6818 9532
7859 2879
185 6468
2551 3288
6337 7816
2641 574
7844 6264
8709 1478
2225 4254
4887 6913
9038 5128
7280 3517
7078 2971
6425 7005
4798 9571
6969 4791
4534 7192
163 8128
3180 3442
6240 8228
743 1164
2616 7489
3050 8605
4680 7905
5724 5753
2626 738
1487 4063
9741 9137
297 1156
5960 6734
2572 8186
6218 130
5264 2846
917 9233
3756 2562
8750 8601
258 7781
7303 1017
8665 8836
532 9054
9840 1913
3847 149
1168 2770
1736 8631
2466 8920
6802 717
8977 8893
9299 2413
2392 4895
8558 308
73 9536
3063 7653
2426 3077
7373 2074
4143 1341
7939 4626
8618 5351
7235 8515
9065 5177
5191 1974
6883 9027
4586 1443
3644 423
3837 9102
5115 9855
8974 1512
9057 2976
7845 4592
923 6609
3795 9351
8931 8083
233 7051
3190 668
1567 6500
1048 7809
7572 1113
4519 4752
7645 2744
4276 6701
4047 4718
5268 8650
3721 4713
3276 7845
5412 1007
6839 8324
7185 5552
1658 4121
3160 6863
7443 2021
270 2941
9073 6747
4579 8224
9544 799
6007 6981
843 592
9773 6632
7996 8101
4287 4680
932 5085
3683 9177
7988 3826
6252 5315
5335 6483
5012 2321
2357 8521
2636 2784
9652 718
3616 5041
3018 1950
3705 2230
6452 94
1371 9713
6281 8142
6313 8644
7699 3264
11 4880
5064 2822
4695 7984
7941 6944
5109 4473
8126 7481
6694 7418
5713 537
8416 7878
796 2215
4203 2005
3378 4042
7252 8977
3522 1194
8143 1657
4120 3017
992 7923
153 5946
3408 1816
7767 7469
9695 4248
6956 3184
5491 1156
5362 4682
1521 6972
3302 9720
6568 2581
457 4332
9950 2123
5857 4529
6169 1597
9983 8880
9075 4912
1651 6557
6436 5504
697 1382
1451 5023
7824 8136
7867 2774
2088 3725
8320 3009
131 6386
6186 3343
4428 1189
9791 5
8461 7624
8962 8869
3488 8201
6585 6947
8871 1606
6343 6681
4879 2212
7587 7988
1594 6105
2245 2350
6410 8105
5810 2150
3310 414
1333 1521
7183 4440
7334 4948
1187 6301
7004 9829
4725 8026
9481 9600
5359 3352
897 2353
9895 9073
9198 1753
7334 1550
245 4911
790 2247
9216 1368
6818 117
2930 5096
4540 3842
5453 9587
3138 6359
180 636
6726 6495
1900 722
9212 6259
1580 1040
8192 3894
8835 2758
4637 5867
5410 3738
3581 6582
3192 8134
3791 6230
3150 490
3728 7156
2153 9260
6446 6860
6599 7270
3665 1990
2541 5467
3152 2720
5167 8452
6303 7408
5394 4231
3026 95
1418 953
9065 4384
1370 877
7928 4734
4706 9188
8862 747
620 351
4776 2266
9592 5335
1232 4220
1923 3330
7151 4673
687 1021
849 3542
9677 9655
4912 8609
9246 8468
8194 5887
2512 4751
6040 2713
8452 3992
5487 9241
323 8769
3849 3798
9904 9399
7804 8523
6569 5135
6689 930
8579 9524
8854 5491
4269 4828
1386 3169
572 9825
3250 577
7560 9493
5825 6966
8957 8324
3155 3727
7866 675
1240 3592
6773 9661
7340 3977
4547 978
4304 2488
786 877
292 2501
6440 2327
1135 4736
5168 1723
1559 3886
9610 2286
9289 5974
3010 436
5996 9417
8226 4766
5631 4035
9237 614
8720 629
1793 3461
9242 5323
4946 3360
9085 333
9553 1755
8350 8496
5862 7460
2391 3739
7192 5459
3863 1240
5081 2811
8929 8559
1970 3454
1004 7275
1379 1460
5570 8941
406 9193
6041 4160
1337 4820
5749 2819
5199 7028
8227 9722
8873 432
6435 3222
7951 1440
7607 4298
8665 1825
2506 4801
41 6520
2663 7756
5757 4003
5861 4352
4176 526
1264 9987
8493 2444
1770 8479
8043 7030
9717 4899
6200 8941
7571 5113
6785 52
4081 9386
5967 8459
6236 1510
9024 6536
4165 2271
1497 348
5170 8213
2917 6815
1450 3523
6882 8820
8806 6226
7017 2846
8300 2283
1576 2678
7118 1947
6120 8024
1536 4676
9762 6448
5348 8655
3059 9597
9754 7998
625 6679
7692 1527
8648 2570
4576 3403
8053 7574
6424 1227
2670 8918
1715 3363
7936 4602
8416 460
9776 3972
3994 7704
5228 5332
9372 1400
8219 2453
2052 9119
6460 4512
1258 2493
801 7339
709 3205
5755 6306
8426 8217
9454 1066
7811 9681
8943 4093
4187 1725
767 4083
8514 7979
9603 6893
3644 689
4210 8942
5935 895
944 5324
2392 1433
7959 3964
2315 1893
6856 7745
6696 6611
5840 1107
9338 5065
4865 8162
7534 2599
1096 8191
4740 7396
9239 758
723 4852
5282 255
849 9319
7184 1635
4187 4464
3664 4192
105 2614
1503 3948
127 8578
476 4520
9751 5612
9302 978
6340 3541
4930 910
1947 7827
296 4207
8335 8436
6108 2552
4059 2408
4162 8531
7150 4575
260 5466
7774 5793
4410 5433
3621 9356
9786 4746
5226 7428
3257 3058
2229 1978
8433 2600
3522 4442
7196 1205
2185 5781
4041 3486
7147 811
8613 9530
6058 717
3005 5334
3203 6522
5984 5266
4538 3282
4591 5049
7640 8724
1652 8939
5087 9927
7570 5142
6665 4333
6681 9069
4110 6068
7269 3332
8496 7587
5359 5149
5295 8419
5151 2094
3338 218
4573 5210
5717 1486
4632 2933
1799 3471
7573 4711
2719 7817
9407 2600
6967 5503
9572 4953
5135 8432
8817 5794
3415 7723
810 9880
1324 8207
4561 1807
9824 9057
7105 1930
1623 1004
3388 8432
1670 2692
7151 4119
7525 4150
8487 269
4580 3256
5629 836
6863 5320
8436 7453
59 6744
5576 6047
3320 6887
7130 5271
9260 5135
2786 3932
9628 7828
5812 7609
7799 8595
5995 4350
959 7080
2161 6865
5535 823
2989 6165
3005 1026
9884 5160
9547 7690
6247 7000
4471 9374
2203 8137
2014 3083
2362 9822
5721 5449
5288 5173
7320 8366
3613 8177
6024 7907
9407 4733
908 3324
8450 6901
7447 4293
2382 7502
7777 5956
2962 9999
6643 6867
1389 1921
9565 7459
8597 7610
4352 8407
8331 4669
952 6941
6798 542
6307 1898
2379 182
8844 1980
9901 1684
4410 6844
6856 693
5295 7112
25 6792
1061 7694
531 6919
7930 1897
4046 5266
43 5177
7760 8483
731 9078
284 2537
158 604
1631 2819
2386 1766
5224 1507
1604 5084
8493 3603
1202 5826
1426 6189
3585 6931
4214 4291
6547 871
2606 8293
1233 3890
2354 8076
3034 1362
8089 8490
6269 668
4992 3723
1610 5815
8262 8156
3572 8030
2770 2124
3867 3643
1063 7202
1137 6921
6395 2063
7936 8288
360 1789
199 4771
1845 2619
2528 1852
5086 1944
7960 271
1789 5584
4494 5488
1269 8652
2389 318
3361 411
8077 4468
3479 8827
1262 6444
2154 5860
5802 9016
7907 9133
3577 9379
2593 9010
5805 1151
7919 1615
9263 8560
9530 8848
6442 6003
8132 5267
3809 6048
7862 5372
831 8697
4668 574
1447 5577
2403 3140
6645 9205
5061 1378
2355 5883
1994 9516
2624 9685
7234 437
8999 2304
773 5162
9548 608
8972 5945
892 3620
9894 3589
2851 7011
4319 3669
2165 2761
5295 1962
8371 4183
6249 5978
937 2663
6542 5522
9963 9063
2176 8393
5812 5065
7618 6206
2022 2478
2477 7432
3415 5517
4711 1234
5623 2206
315 8725
1727 7476
4765 6562
9473 2955
9197 3439
1163 6712
4925 1751
3572 8792
4450 8363
5271 3908
8060 129
73 4372
1505 6412
2792 1620
6430 2228
8080 2313
3089 6949
5308 3152
2091 2542
4163 5195
8476 6355
587 4126
4453 8450
4611 7252
5448 8069
6529 2871
5147 8679
739 4633
5901 1687
7358 5981
937 7429
3011 2393
592 8056
2014 6733
3392 8665
490 2171
3558 5014
3979 1001
6809 3626
7586 6345
623 3977
9975 9173
5795 7135
7635 990
7129 66
1041 1933
6957 3182
8093 9567
8532 402
676 1062
230 5674
7800 4173
5134 472
5701 791
4311 6460
6867 2647
9392 5561
2341 3538
3726 3473
1798 6049
96 311
2695 5829
3115 8293
2045 7816
7441 6441
9211 6892
7551 2926
766 1104
9951 3329
2984 669
9846 6232
3662 7038
2340 5343
3784 5112
3695 2210
7534 3503
3617 9141
1232 5696
3693 551
8319 9740
5228 6253
6247 1879
9467 1859
2394 8911
9975 1394
5227 1113
3558 7440
1139 1251
8754 8676
855 1301
2283 1657
5281 4120
9534 6821
7218 277
9482 5395
7489 4673
2753 2551
5893 3383
2657 1236
3122 3584
7927 1626
623 5621
7256 7193
2388 6881
6723 7169
8266 3893
1677 231
1761 1255
8695 3690
9501 8170
8040 2291
5999 215
2481 9428
2183 9362
7947 3906
7292 1122
981 7819
3900 3273
4203 9497
34 3128
4663 9648
212 3012
3584 2285
7729 6928
8541 38
4789 5037
2503 8962
4807 373
7153 2879
6122 5952
2589 3448
4022 2874
415 1794
8525 5919
3750 1282
3238 9960
9175 8627
8510 298
5637 6662
6653 9580
975 5276
3492 6312
2747 7959
7465 2041
8440 3042
8226 6640
4381 1278
2450 5053
5339 7088
8865 865
804 2059
7639 562
4399 5408
3817 5096
8034 7763
4789 9067
2696 7129
9647 782
9302 4174
2064 8006
8612 5678
1252 1747
1127 2694
3180 360
5315 7618
3320 1986
2650 8026
8355 5664
2532 8008
8579 8438
5214 8899
9151 7477
772 9340
7207 9115
1642 6582
2100 3631
7395 8280
2458 7358
7372 3337
6204 6659
1082 1984
2894 9056
8619 5512
1859 5346
5567 8439
6265 2117
2418 6217
4139 2890
1026 8696
5819 2405
9096 2809
1731 4626
717 6852
8693 161
4218 4393
1586 9421
7221 7416
3076 307
7787 5394
8115 3992
3759 5593
724 3672
6282 8262
3347 1435
1408 3693
1546 5595
4508 2110
6249 4262
8525 3515
5870 3758
4778 8355
9379 4938
6424 2774
4855 6904
4581 6895
1060 8660
7906 8873
9794 7332
1914 4320
2565 4741
2527 195
4101 3497
7302 5651
5508 360
8480 2277
443 7900
5316 1655
8210 867
7230 2342
3452 649
3948 888
3636 2478
7290 2683
1908 2483
931 6576
9827 6819
1233 1400
7288 8471
7307 9252
1487 7397
322 6219
2040 2132
5924 8097
7834 869
1735 1278
6360 3970
3235 9811
4819 8120
9532 4193
9495 690
3031 1440
2945 3125
4201 1589
1516 9770
7621 3527
9119 2082
8918 5660
7317 8027
929 2362
1479 9336
5361 1246
6867 6814
5398 1183
727 1059
5959 3182
3524 2873
6229 7904
8565 2651
9624 3068
2794 5059
1744 6793
7012 5984
5147 5182
4297 3364
6835 6541
5003 9135
1141 1538
4661 7933
5476 8663
5911 1991
8601 203
2828 4079
9959 7594
4258 7632
788 832
5519 9259
3145 7208
4032 7032
5920 4843
1477 6764
1652 4265
8737 9734
4345 6705
7531 6548
3630 5217
77 2484
834 6489
7316 4362
8786 9743
7453 4967
9043 8875
2104 4104
8652 1098
4682 1861
1009 2937
8966 6515
5999 1155
6029 1066
1987 5476
3563 3575
599 248
569 96
6425 185
8746 391
1693 2364
7987 6590
3996 4909
7779 7432
4959 9112
1456 798
6946 7940
3564 6075
1176 5867
1702 7261
8230 4043
1680 9390
2431 4232
9485 8726
385 9255
8007 4706
9740 9820
9364 5025
1218 8014
7176 9837
546 7144
8622 267
7499 8937
9784 7856
1196 3730
5848 6085
9241 7043
6191 1179
6508 8423
8214 8841
3001 9791
3852 7257
6111 4253
6199 5305
8152 7412
2756 563
1680 8593
1388 1056
8021 3025
3439 8613
6950 5321
8806 4507
3634 699
9529 986
2375 6157
2666 8288
1968 7228
3789 2907
1377 3442
4255 2387
3533 9762
5531 3906
3116 1288
4347 7721
7455 8618
4725 4517
8849 2563
6036 6850
8408 6519
2960 5120
7526 6289
6542 882
2294 8249
2521 1951
1135 5435
1593 7637
972 1338
3147 6996
4102 7041
8281 7213
1368 8256
2010 697
4 5227
599 5056
4160 423
6039 3121
65 6245
234 879
6834 9913
4478 2760
3314 8763
6354 6342
96 4349
1419 4255
3046 9641
8227 3678
4911 1007
6543 1270
4485 8723
6902 4264
5811 4911
3883 8777
9879 9863
7253 6349
3317 1005
5391 2712
8323 7337
9042 8711
5387 248
2432 6303
9934 9812
9424 803
346 6822
3102 8061
9077 4872
6655 5237
415 8352
9987 6751
9706 790
6971 2791
4888 327
5596 9369
5972 26
2397 470
5032 4394
6453 3163
3045 2250
760 7577
1580 4712
7142 2575
6317 3969
7516 3610
9631 7848
6480 8041
5342 3719
3321 8934
7829 2409
4225 8081
3291 9816
1762 3855
618 8023
6905 2013
6104 4952
5863 6400
243 4586
4306 711
8405 3424
8409 1098
6332 7331
1386 7794
9177 890
854 2400
247 5606
354 8844
1822 5166
2018 3941
5502 4695
4148 8881
8677 5211
8351 347
3855 6597
2380 2297
5418 2195
5301 7004
5728 8784
3011 7259
6402 6205
7369 6544
662 165
2251 6584
8083 8696
2608 8461
2927 1127
363 5497
7919 453
608 4730
2972 3585
1983 2981
8506 174
1318 1807
7686 7189
5158 2027
2502 5472
1167 931
3349 7163
6863 4243
8721 1508
5811 8523
1443 8804
4589 7340
1438 5087
2246 8179
7736 8876
6327 5888
7896 5623
2656 9726
53 3146
4428 2869
4295 5149
3779 3012
4184 9497
7616 811
8726 7533
9697 6951
9555 633
9225 1203
8863 2233
5490 4583
8545 4545
9723 1551
7295 7480
4750 8115
6599 7575
7069 4541
36 8808
565 4995
9784 3835
2806 262
5275 754
1267 3429
552 1067
4955 1238
782 5419
7935 5043
725 4213
3689 2654
2811 477
7727 6549
5658 1850
4302 7561
7860 2935
263 8909
7282 3881
6807 2334
331 228
7039 2543
2631 5671
2177 4709
8074 8928
3554 508
516 9070
961 8438
3018 9305
7430 4836
7924 16
8660 1258
1902 2070
9721 4672
6459 3648
7560 7398
2431 7473
2230 355
2315 242
9657 585
7268 8113
8721 4261
177 7248
9296 8001
8250 4240
6729 8244
1154 5986
3246 4203
5647 194
1899 3920
5095 1105
5889 6798
1868 9827
6744 5522
3024 9583
6170 2344
3777 3050
5477 1079
4445 1928
4974 7103
5802 1135
4954 7718
566 6460
5746 981
1901 7969
8056 8551
7240 4921
6549 6288
1285 1909
4825 7719
7948 3458
9973 9955
8428 589
3767 6229
1290 54
4815 4012
8189 4358
3879 2565
8852 4233
5080 1387
8754 6911
3118 8606
540 8394
8988 5131
5746 2276
6912 3989
9636 8905
9762 8231
3112 42
4968 3441
7289 8111
1688 7266
5699 7539
908 8383
57 4949
3564 3372
3715 7315
7021 4504
1370 2642
7667 9361
4808 5713
5676 511
1692 3831
7011 4086
3777 575
5187 8562
4637 6869
7234 2739
88 352
4202 2938
168 1257
7202 7658
7562 8744
6053 7319
9482 9060
1133 5819
9272 8256
8555 2624
1265 5085
8669 8223
2744 2894
6226 530
6937 8028
6525 9794
74 6951
1257 9331
6120 3715
8736 3533
7205 688
1041 6135
7487 3775
7496 6314
8784 3825
1192 3335
8957 40
9261 8356
6514 9359
9598 753
313 8420
7996 5366
6391 8891
7926 7041
2577 4078
6611 7509
5311 4544
3248 7248
8749 2034
8034 2892
9640 5584
3865 3934
4926 1727
9060 4017
4566 6004
3329 7050
7878 331
5927 5088
7160 485
6848 1862
4451 7811
2994 4609
3037 1014
3781 9008
680 6043
5827 5161
9089 8454
1942 3998
9061 5931
2048 7763
2044 4105
7036 6118
1367 1581
2684 1302
4333 330
3169 4876
866 1002
9174 7808
977 5900
3081 8200
4817 7736
7843 6133
3384 1040
7285 2477
7042 2562
2537 648
6681 722
8931 3764
3751 9297
3196 1435
9207 1901
5955 956
6123 9673
293 667
9006 8600
1266 51
358 8374
2854 5892
9184 8470
1169 6024
6656 2996
1214 484
2482 8970
928 5213
2661 817
6646 179
9269 7582
8111 9592
4892 9605
3459 8328
8106 6578
3501 7847
7642 5728
9646 9536
9731 1502
5347 1303
1538 7751
4071 7735
1918 9730
8548 10
5305 5699
3815 2655
8509 6908
5936 6511
1311 5682
2201 1931
1241 2448
6596 6181
7822 1050
3241 6119
3819 4909
1252 9741
1580 199
4277 7834
5856 7184
601 8066
4599 7399
5635 952
8911 7083
1085 8836
778 5928
1914 3574
1127 195
242 5379
9569 7677
2127 8232
6719 2824
655 922
1807 6942
8209 4689
1425 6953
2638 443
9739 2174
9319 8079
4977 1719
616 903
1849 2587
8062 9544
6136 7764
9885 795
9401 5585
8044 9892
2781 7694
1088 9582
8974 6966
1000 8100
3219 8002
357 8942
5897 2155
9609 4632
2778 6485
5017 3656
9503 4648
9656 797
9152 5926
1152 4590
4572 1124
7825 9129
8415 1523
2337 8370
4602 1730
7138 5787
5676 3653
7017 5891
401 8397
4690 6055
1727 4950
4787 5139
1033 8480
18 3220
8475 8041
3312 6541
7092 10
9 1806
4827 4966
9875 5231
3689 5882
776 1495
8031 8771
8495 5741
9689 5291
7981 7939
4482 5574
9183 4263
635 6879
9516 9019
9399 2110
9227 8770
574 3253
3648 7870
6613 3074
3981 5780
6594 1145
2008 8125
2951 448
4802 8657
203 7104
4259 2601
1019 6051
5618 9371
3905 7341
2430 4369
7523 2998
3040 3489
4388 8342
8059 9760
6482 1319
9124 3750
8283 2993
5334 8508
2861 5155
7481 9455
1449 1584
7603 6180
7697 9736
412 5699
3266 4124
3025 6955
7075 4768
6604 2438
7602 5099
5229 3793
7359 9237
2787 6402
3084 9538
4994 673
4735 9139
6298 315
7260 9409
3601 8552
3885 9062
9390 5365
9152 7454
6871 828
8526 8497
7781 9170
7268 8729
5597 1472
3838 745
8894 8139
313 2786
3663 6310
5710 6794
1974 6566
8111 9972
1160 7173
3478 9168
9918 9867
6055 962
5501 8363
9777 2401
7520 9803
6142 4810
3414 5247
4406 1636
5355 1567
7672 522
9749 6317
6705 7194
6226 4512
9373 5997
8928 8335
9808 4154
3232 4418
7638 2937
6817 5719
7685 2872
7146 7812
2428 8463
7291 4437
2083 6056
3254 9561
5787 5889
7643 7751
650 9742
2033 664
5605 8954
8843 8726
733 1683
6112 8671
2841 5642
1143 7573
8181 6750
2160 44
4808 960
6984 7743
4007 6684
915 5616
1684 466
4366 7682
2971 4473
1136 1692
8839 2907
4223 3425
5137 4469
5192 2006
9952 2182
8153 2
5153 6039
3761 2232
2497 9455
3814 4234
2771 9841
6415 6658
3772 9266
1724 5047
4577 6476
5817 4944
4802 7166
9317 5458
380 5344
6169 5756
68 8652
490 5025
9901 6624
572 6368
4576 6057
2011 1588
4158 4277
5207 6767
6287 8480
3696 2595
8661 4246
2490 4972
5268 2859
7949 2163
6191 8246
1892 3549
3946 8999
2779 6595
7778 1147
5168 3742
9202 1196
7099 8291
9848 6776
5607 2192
2753 1505
4091 2000
6404 2732
7449 2537
1083 9976
2195 6450
4871 593
9270 1451
3325 6034
8562 2392
7419 679
9447 339
4918 1789
5990 675
4572 8313
403 7405
4809 5037
4190 6539
8544 5294
5688 1319
4810 7996
6454 1588
7212 6446
5557 9325
9600 6267
7740 3470
8508 1099
2218 3427
3819 8700
3385 6089
7311 5554
2569 5317
4230 2634
9459 1070
2471 5182
9473 784
4989 2288
6390 7206
8109 118
2758 3705
3011 6839
4617 5943
2050 379
2522 1796
4132 1554
5154 4932
1943 5133
5452 409
5007 7820
3981 8371
8660 6193
989 4974
730 7394
9476 1981
7900 7124
647 9262
8954 7269
1413 6820
9788 756
2974 4379
9404 602
6322 2355
7061 503
3693 5679
4214 6391
6317 3759
694 6340
7813 3492
7300 116
781 3903
1687 8911
808 5897
6487 8162
4836 5986
7587 9021
3977 2579
3108 7380
5022 1408
8010 413
1362 340
4682 1213
4292 7580
7772 4986
2767 7900
5894 328
8917 640
5193 604
6245 4914
2586 2895
1689 4921
4435 4924
4216 9420
9029 1666
9676 5121
2273 9860
1821 5248
9554 9069
4136 6243
7403 6241
6595 3484
8269 2710
8172 8818
1523 6504
3990 7764
2236 7711
1024 5965
3196 5701
3608 132
4809 376
6611 3860
6334 6679
9173 3871
3941 6359
4356 7501
6913 6166
7148 3769
9102 438
1830 9189
2405 6334
5266 6574
9190 7719
605 8726
7777 256
3968 2011
1923 8590
7212 4085
4928 9028
8507 4574
5431 5706
7475 6585
1061 4046
7409 6797
3170 6003
1967 40
8724 3262
3426 2344
6225 2011
3842 6496
1875 9169
4546 8261
2766 5065
8984 3356
1865 1903
6323 2240
9987 9666
9193 6707
7943 6193
7014 8919
6318 4324
2812 3819
7060 7378
9414 9416
3851 3241
7473 7881
9901 4293
8958 6330
7395 1512
8813 7580
219 922
1057 5646
6722 1868
286 206
3729 8056
7886 3694
2939 204
4861 5281
6178 2911
3741 3522
3668 9016
2680 3209
5818 4260
9680 1293
6801 408
7307 7193
4587 9447
618 3464
5692 6673
6546 6277
4998 4641
9334 5303
7097 3870
5368 8731
4637 8429
2111 1173
8998 1898
8798 8765
1554 2458
4192 7577
686 4900
3621 127
399 4755
1068 6844
2878 6119
7617 2978
8764 9089
5426 9051
6767 3470
4456 4179
9286 480
7191 5007
1750 5712
5817 682
5372 9742
2279 4585
6739 3133
1899 4643
3127 4339
5178 6002
7421 8220
7759 803
6236 5465
9477 7947
865 9826
9647 4243
5590 1247
9012 5747
138 2480
4615 9878
8679 5898
7733 7414
8393 4320
9704 1304
185 8773
5956 4148
1769 3080
1325 3854
9131 9965
8883 5799
7799 1226
4416 5733
9936 8138
7192 3091
2700 3171
3448 9595
5860 8161
2519 8308
7617 9907
7787 5844
8092 4237
7739 5785
5445 7062
2887 7755
6179 3606
5694 5106
2328 9003
1921 9278
3246 7583
103 3483
297 1535
9444 1146
8060 7720
8799 5389
881 3158
9115 1008
6558 98
6092 6456
2608 3294
1991 3687
6407 6011
5380 5169
9632 3329
8667 2095
2416 9757
6056 8126
5632 7376
9810 3108
7032 1518
8408 4487
8672 9448
3582 4780
1135 8742
6866 9704
5639 7051
624 6572
909 6153
1133 6266
7625 7737
5497 3055
3086 9071
9210 4885
9921 4840
7596 8195
4676 6961
5900 110
6175 3618
3546 5303
8942 7299
5312 4338
8890 1568
3925 2624
944 5616
4385 4392
3790 7261
4657 190
2586 6893
2340 8092
8554 6766
4249 6308
7735 9804
3869 4895
1561 3681
1910 6654
6939 4806
7640 2133
5408 4653
6977 7968
1225 7619
5263 5956
3973 4663
1921 8056
706 5189
6643 1606
945 4017
1269 2975
8009 6983
55 9951
2863 2039
6203 3330
6901 9752
5600 8925
3761 8726
1894 6815
6565 5889
897 5458
1518 8859
6553 7077
2057 8692
1908 7930
4586 1599
2156 6792
2112 2631
8003 6471
4745 4689
8630 978
9923 9025
1702 3828
9892 2804
6390 78
5427 6494
5264 4036
4068 5141
9537 4928
9136 2705
584 8335
1680 839
4938 6418
6413 3966
2306 5157
3764 8582
7199 1352
6580 978
9829 9427
7866 335
7280 4357
4140 7313
533 5830
6240 3127
4060 5765
1828 6991
9909 6079
9949 2982
8796 4994
9217 5926
3157 4504
3293 821
3310 2955
9723 7636
4369 5095
7529 1246
3909 8225
3184 5515
1484 8370
324 7527
8942 8987
8924 935
9506 2343
4405 7975
2109 6234
3817 7680
3478 6767
2159 9984
9991 5302
700 650
3615 4296
1037 8381
1348 8914
7536 7338
6925 5330
4796 9175
6506 5437
4112 1665
2933 4010
8281 3708
8755 6053
1195 6494
5190 990
5541 1959
9790 5543
3141 6479
5326 2971
3360 1293
6096 5305
2111 5303
5383 9279
8443 115
8085 8639
7056 1132
1888 7730
6804 1535
4841 7121
2221 2237
8012 9521
9860 1766
1655 588
3035 8446
6307 4799
9174 6401
4193 3026
7961 200
1579 2051
6701 768
1147 3969
3337 5504
4901 6359
62 2138
3546 5413
2750 6818
8655 2642
3460 196
2718 9277
1830 4135
5526 9596
4551 5983
6088 3054
6507 629
4542 2628
9023 9912
2777 1085
6147 253
8006 7434
7111 8216
982 3533
6860 5176
6065 4934
3351 7317
1578 7101
6195 4820
345 9769
2731 3192
9656 2814
3269 4058
5858 8724
331 9515
1293 104
2779 7639
4229 2394
14 328
7262 2200
4080 3311
6662 6798
9960 4056
1926 6384
5 1160
5672 962
4380 4283
4876 5602
6731 1592
5944 7659
3370 2295
1341 3703
5572 60
3811 7628
6915 8413
5053 3952
6947 5552
6999 2778
5842 1068
9646 8084
7397 5002
4058 7839
5837 4793
909 1809
7206 1907
178 3554
9987 6898
983 6641
94 2629
393 707
3808 8781
7979 3335
4479 4215
766 6331
5349 9206
3169 1467
4547 4783
7525 1067
7124 8253
4397 1850
5745 9841
197 3061
3107 9962
1217 9885
5923 5668
1631 1041
6979 5899
9340 5092
101 7318
4408 522
753 8663
2222 9406
5341 4157
9758 3457
7174 7367
1877 9522
5018 1278
7441 8246
9825 2155
3402 9579
1866 8642
4850 9098
9832 6881
6855 6632
4986 4528
1923 5649
7674 9468
6325 647
1882 9044
3848 4710
6328 6820
8294 6131
4842 1015
3718 5363
9025 2276
1191 9739
9720 1112
3188 7231
1414 996
4425 1837
4715 7864
7060 8192
1684 8665
2380 5618
734 2918
7846 1648
1010 3022
3810 2488
692 2724
3675 7437
7092 2343
4 951
9131 8413
7872 9544
675 6259
8136 1298
4965 8767
6081 5030
3728 9210
3832 8028
1518 4467
7274 3641
2278 567
9547 5703
9172 2659
6880 3518
4635 3959
7225 6547
8001 46
7053 9264
8012 5628
2936 2209
6207 8940
8725 2835
6953 7583
7938 7283
6969 2818
5950 7263
1795 2124
3654 6002
7620 5240
4423 6445
790 4301
5997 6973
346 7719
64 4258
455 9835
260 8350
4659 8691
4380 5717
9653 6006
3299 9994
4348 9125
6967 1162
4062 8062
8293 5000
1879 1021
2028 3060
2813 8985
2507 4254
4676 9218
678 6419
8498 2295
6779 2952
2703 2542
6117 1257
2567 8077
3242 4712
8 4682
8149 2568
7500 321
1736 5849
9469 2438
368 4994
3509 1248
2701 8827
6991 4880
6596 2422
9931 8272
44 7721
9074 9821
4508 9079
9658 6835
5463 4164
4061 9074
399 7848
6947 1468
6305 2785
6282 371
4026 3020
7786 8178
8349 439
2645 186
3592 504
1080 9756
2320 2271
1213 2313
2976 7899
1461 1666
9135 3411
3620 7252
3564 3841
1025 9546
3424 6968
948 2475
5999 6186
1534 8389
8782 5640
2386 3120
9650 9053
4514 2588
5957 493
1952 124
3811 2489
8700 5391
1207 9486
4860 8305
9839 5219
8603 8700
4698 3289
538 3912
9100 8031
8732 6280
5414 7520
4214 4117
2408 6670
3324 9550
2097 3959
7540 6492
1650 3374
6458 5762
115 3694
4183 589
6010 3415
8856 5491
3950 2284
2643 78
177 9946
4672 6136
99 8045
5861 5723
7495 1976
6377 5385
5457 3932
2980 7997
2753 1207
7117 4636
2356 4746
2993 310
572 8958
6051 1083
6871 4448
9938 1426
792 4993
2007 7156
3434 3442
7530 9832
8069 2300
6286 1188
6995 5009
1401 2883
7868 1078
3484 5751
7307 8558
125 8521
788 7953
6648 8789
3913 4119
8800 6736
1404 5028
8747 997
8557 2068
3232 3292
8793 5401
7097 9207
3311 5857
224 8586
1313 6928
5750 9117
2863 471
8221 351
1815 6407
574 4068
4215 6929
6894 5411
4390 8678
6478 6105
6510 7028
2433 6827
5828 2930
7635 7156
4607 1436
9068 1677
7510 8503
1774 3099
3868 3997
9309 3930
6785 3098
6931 1397
1883 5341
6670 6844
3650 5569
1261 9685
5779 930
8663 2582
9798 3714
1260 1585
893 4205
4933 8912
8063 3684
7588 2594
9010 1292
9299 6051
706 9075
3787 4398
7382 1499
5564 3738
8817 7402
8764 8545
7124 6113
5444 8309
4622 2156
6393 2586
9426 9049
814 4042
9375 5452
2378 2993
9617 3453
7965 5958
8369 3927
5474 7786
3721 3235
1825 1872
9013 1717
1236 4150
8940 434
8075 5302
9845 30
4043 5782
8883 4662
52 9093
7544 2559
9491 2495
6042 4962
4985 3775
3170 7989
8908 1580
8141 6872
2498 4824
7189 3148
3876 9488
8982 2733
2284 2594
3286 689
637 6199
8332 8057
5583 8037
1550 4753
9401 2427
3904 8042
4752 4800
4995 6783
2181 3896
928 4320
9013 5522
727 2000
7771 3428
9911 632
1430 8934
6586 8753
3902 2247
2333 9458
9747 1003
2784 8724
7565 6966
882 5223
1010 6934
7709 2711
1075 955
558 7278
4562 679
7308 4247
400 1377
478 6362
1748 7718
6997 9642
1535 3255
5472 6800
2174 7380
3048 9503
9235 4230
3321 806
2610 8249
5232 4361
9302 776
6859 1690
6106 7129
325 2808
4707 6500
7093 7490
6641 2468
6890 4619
403 8430
6494 7141
9810 1398
45 5827
7930 5010
2076 8747
4628 2040
3941 5113
3342 9058
8374 7505
6073 5883
911 7625
5106 8621
6739 6655
3930 2180
3743 7686
4281 3602
5348 9574
6857 6942
4421 4984
3634 1531
3476 3095
6095 396
4871 9283
3633 6152
7650 5469
3534 586
8107 2735
7682 4028
8271 3216
4559 3894
8211 6308
3079 1685
1661 7072
1872 243
1603 5574
5459 9035
6575 299
7675 7132
4279 5221
7238 3712
1253 1362
5883 2873
6809 6166
9410 6042
8054 9115
1394 1416
9192 2042
4021 4449
9226 5328
9105 1209
2224 9792
4436 4810
7326 3026
2970 3928
6449 1698
6468 5053
7147 6681
3753 7015
144 1629
7926 1743
1098 5973
9559 9708
4863 7810
222 5766
5855 9740
9147 4563
1066 1957
4199 2759
7765 9596
2087 3091
7738 8525
3229 2332
522 6442
7575 3760
6502 26
5697 80
3587 703
7981 4877
7646 6792
7267 1949
826 4857
4284 5299
9927 4203
3186 1766
2322 8870
7280 2806
3960 9555
4639 2635
6307 9345
3622 8925
7863 55
1646 4319
4537 4240
5879 513
1898 2301
4103 1187
3648 6574
3127 8209
4018 9980
5156 2694
7094 3850
3964 4541
3450 4874
5209 115
8150 679
3909 9520
5459 6987
3305 6699
977 8634
6058 8115
5562 5967
4663 6572
8899 2815
8685 8175
1691 2708
5397 9321
2365 2925
9738 9590
514 6413
277 6626
3126 7519
2048 7821
1353 5878
7640 2404
8004 4874
6543 9881
9541 3731
6666 3113
3663 7948
8132 1621
7 3264
5006 714
8066 5632
6968 6623
2198 4151
77 1891
8677 4525
9984 3964
7494 1738
3927 9559
1713 3556
3485 8230
560 6503
8682 9743
1837 8678
643 9988
1131 1159
318 4007
2608 2421
1681 3010
5573 3296
9684 777
9942 6226
6731 5259
2079 6430
3380 7568
8710 5190
5067 7405
3518 2882
6138 1427
6198 1454
687 4381
2824 6679
1347 9149
7264 3076
3059 2309
1140 3987
8680 8233
9388 2060
9134 7549
9004 8440
7178 4387
687 8692
3005 2010
9475 9268
9311 2016
4527 8283
6668 5493
4329 8223
4065 797
8105 1320
1550 6375
3190 4
5617 2241
769 3651
7099 3844
8520 2531
9964 5047
8484 5184
2249 6066
6377 8427
8668 3220
3475 3653
3832 5222
4648 2146
5414 1611
3822 2783
4636 888
3382 4950
5514 3935
2668 4245
9570 7986
7073 3548
2325 166
6155 7168
7847 7458
2627 5122
5412 4739
2183 1793
2686 3292
8935 1548
4089 838
9017 6052
8073 4466
2801 5174
4150 1452
7060 5398
733 5430
1836 6542
4448 8832
8486 346
4939 161
9672 5675
5999 3811
4538 7144
6570 9086
4715 9053
6515 7740
4921 527
7861 4238
803 5050
4507 9257
5639 7234
3789 8163
9972 7706
8415 6447
4336 6366
1828 4609
4127 3705
7031 2321
4895 4208
8751 9175
3803 1812
2845 4229
1119 13
1813 5118
3164 258
3188 1236
2065 4751
1751 8257
6332 1721
5195 4116
241 6543
7253 5729
3960 4479
6916 4169
755 166
1660 9504
9439 465
1646 7715
2857 1941
4105 5739
5754 300
8184 666
4287 4040
4624 3696
9813 5157
6322 7301
871 4617
9551 2784
1610 7899
825 2337
5171 1200
3348 8909
483 1902
8823 9547
2434 4402
8510 4626
8332 918
3358 1022
7105 3806
1952 8171
1926 3923
621 4
240 7565
