2545
18525976
2713 9844
7641 1056
985 4456
4933 9865
5355 846
1863 7254
8996 1617
3663 1300
5038 3528
8267 2159
2360 468
3339 8416
2686 9997
3574 864
3874 8588
6879 9821
1764 8390
5203 4289
6977 6239
3353 9309
5397 1947
8629 1704
2459 2281
9873 1214
7247 4088
6548 4916
1231 2076
190 955
3584 1814
1197 9270
9684 1573
3824 9325
7125 6045
3878 408
4454 3076
8068 3825
5685 6049
7250 176
8002 9776
4800 5307
4395 6882
1233 5903
8786 4614
1634 3269
9248 526
9877 8840
827 6728
8113 9533
688 1901
482 1567
9603 883
2661 2706
4096 8328
8709 7515
4448 9940
9525 2047
623 7997
1125 3072
2301 4407
8511 1749
8831 3947
3848 5719
8877 570
7071 3017
5500 1014
2120 7833
9499 1070
4180 9972
8034 4933
1531 9428
1046 4690
2449 7221
352 8131
5145 3229
5677 8492
9315 8214
8656 1701
9374 7262
3962 9333
6548 5897
5201 8544
5410 4369
7008 883
4488 4524
9065 5600
4657 5652
6666 4854
3573 5593
3672 1516
2208 1860
5421 9268
462 6628
173 881
7217 8664
4985 9117
8275 2593
9607 215
7970 8437
1366 7498
1533 5315
1016 184
8585 6746
1260 5469
2462 4082
345 2828
4563 6749
8729 7653
9235 2610
1538 7665
1967 8633
9651 5025
8719 2658
3043 1061
2283 1165
8183 5241
7607 1745
4902 8319
2478 7240
3824 6518
6613 743
3518 8240
2857 9964
2269 9151
619 9020
6799 4877
7635 6603
1450 9707
5577 5981
3947 8421
5895 7379
3073 3181
9787 6576
7185 5891
5960 9456
786 743
8840 9750
8078 8313
42 4291
2996 7396
1717 6922
4138 9225
8545 778
3537 9451
4579 6393
7606 1940
7934 2567
628 7833
3677 4578
998 3820
1092 6109
2018 4520
243 7572
1499 4454
4256 6157
6328 6003
6829 2961
5574 9232
8193 9225
7706 5688
7421 6152
7598 1332
6458 6657
492 8002
743 3778
3178 696
3543 528
2930 6464
2999 900
3584 5619
7759 2282
3789 772
4981 1036
4659 8247
1504 7763
304 8439
6393 8948
8120 3236
8066 9247
1639 1586
658 4451
2971 4159
4314 1426
6059 6145
3195 6384
8593 3279
7999 7278
7077 6497
3640 5502
6084 4721
8969 5969
124 6428
2969 2145
104 8541
3137 4699
9203 4028
4731 2258
6386 2574
9612 5455
1876 9027
4284 1849
8573 4372
4724 2589
3381 6869
8143 9185
4444 8206
8037 1621
3665 6666
8203 4999
7193 4426
7658 9681
6373 4699
1995 9792
1136 239
4019 3846
7875 3412
9104 5848
4708 7372
8804 642
8536 8941
816 8089
8807 8367
7502 8748
2535 695
9962 9128
6442 3864
4236 9068
2624 6965
6465 7819
3373 4669
7251 7031
4728 6397
6544 9046
1606 4069
3945 185
9564 6348
3714 3888
3586 2035
6983 2697
4752 8372
1700 8551
5576 5781
4960 657
6480 6115
5477 5658
9687 8289
1999 8435
8238 8252
4276 7999
6469 3463
4290 1652
5722 9159
2144 2292
8777 6909
5391 4066
2727 8698
3016 1485
5843 1869
426 7365
5005 5282
5186 1217
8453 8257
6988 4352
6348 278
5549 4001
9015 7759
5192 8731
4294 8760
3670 4014
9558 8185
2582 9932
9216 9256
4013 2476
5708 1454
4054 1533
6134 6687
1823 1013
5060 6160
2443 8708
5038 9007
7517 1666
6008 6982
4606 9716
4401 2979
2032 225
8966 9832
6655 6483
3491 2927
8564 8358
3604 747
846 7755
8571 2418
7054 7324
6307 7817
2675 4349
3111 4726
718 4465
910 323
4289 4466
2953 6605
5230 6178
6818 8706
7901 6464
7925 5350
9271 5589
1103 4121
2245 7075
7551 6714
2581 6023
3905 8314
5653 1001
5206 2533
9050 9873
4959 2524
7281 7935
4060 666
6997 102
7655 8011
7967 4605
7521 1607
2257 6278
7280 7236
8161 8983
2574 8514
9328 6192
3772 6759
7796 5571
9986 1468
1673 8723
7544 6263
7279 4473
9263 6046
7700 5137
5463 3290
391 8317
6781 8040
9232 7416
4128 4355
6742 7811
2402 986
9013 7702
2006 3072
5374 2767
7185 5034
1436 2689
8266 5090
8832 9833
9963 2233
2004 2886
8068 5732
7843 3465
9402 7916
2193 3033
5640 1264
447 1740
9492 9019
1624 2770
3587 1615
306 4148
1009 7357
3614 549
861 7583
7453 874
5914 859
9892 7974
4994 3379
6378 8858
5716 4059
5862 5939
1656 65
8517 997
3966 4822
5838 30
421 7966
6954 556
3587 9336
6567 3419
9752 639
1477 23
5928 2307
1292 7461
15 6527
1806 5351
2364 4805
4852 4576
9228 2793
5522 5416
9731 6474
2356 914
6328 5844
9690 2144
9719 1708
5202 9638
5814 1482
7113 248
2608 365
1024 836
7926 1650
426 1262
6163 919
6961 3276
1943 7975
4291 1441
3327 1242
6113 2630
5803 3222
724 9874
1514 2464
6522 217
2729 676
7062 7969
9254 8970
5886 2217
9592 7798
4092 6830
2751 9767
9725 3729
3700 8109
6427 6723
9785 5185
1097 1267
523 2622
461 7607
7128 5908
3377 3098
6790 5300
8324 7441
1212 8138
5340 9523
7190 9844
3768 2004
2310 4645
3459 9187
5021 6567
7877 2882
8111 6409
2485 4684
3371 160
3148 3547
177 9620
8852 2724
7545 4188
4941 5237
7695 5799
7927 4827
6068 860
570 325
340 8195
8961 4365
2598 7910
4064 3657
2472 5304
8984 8900
3761 9312
2429 1168
9411 4556
2894 6694
5379 329
2779 3950
2272 7744
7550 4889
3778 4835
4123 2056
8743 6137
8484 1373
7959 2351
3486 9674
8267 7215
4561 1047
9493 8080
5313 3023
5527 5944
5115 5473
2490 2852
6889 1397
9381 2402
5670 9556
1926 57
8861 9001
145 7735
3449 6627
2918 920
366 4241
6928 6590
8908 4732
3137 7216
7241 5401
1240 2343
1887 7400
8740 7492
1352 6795
9918 6352
561 156
2141 6931
4708 1143
2528 8462
256 8370
1090 8868
6203 6120
796 3474
8710 1948
9546 3590
4985 295
4481 1044
3855 7469
2999 7840
2106 4554
4021 3054
4987 6986
4138 3458
6300 8447
7650 1033
6702 2811
9026 9911
6385 5985
3597 4215
388 4904
9879 3156
8114 9515
4231 3543
7169 418
5461 4379
4393 867
1625 4713
6374 5394
6646 4070
1676 6546
9936 7930
6608 7248
8264 6626
4196 9637
8685 910
142 3430
6348 7614
5559 4861
7995 2159
192 6878
7590 9431
1643 5709
6569 6697
5229 8186
7452 8146
4582 9189
8008 7577
2492 8653
7258 5822
1846 9244
7353 9052
9596 6913
5368 4788
6306 4106
9234 3713
9613 8469
9473 1848
4501 1074
1826 3680
6137 8020
2722 9468
1891 8088
5357 9430
9634 4656
9176 9025
270 3639
5676 5185
8148 7236
2381 4254
3181 3324
2707 2414
8431 2174
3459 954
6701 4522
4954 7083
8139 9143
3078 1367
7426 5512
8583 2634
6306 3458
4272 3727
6243 7410
8593 306
8843 8917
8814 6270
5998 6360
9130 2257
1451 9399
8788 5900
2731 2116
5957 3868
44 8719
8292 9980
1859 4804
143 9162
4056 4184
7912 9625
4728 6437
3721 422
7444 8182
8458 4100
2741 5971
4356 6561
5800 2286
7499 8486
8921 3749
1035 5701
8323 6610
6875 1498
3013 3433
2273 1238
226 6822
3367 2652
9832 8076
8987 3972
6426 6607
9289 2437
1531 5235
7611 1416
675 6059
8864 6183
5204 5408
51 3815
7412 6027
5242 2984
2286 1363
2970 1534
4642 1672
9133 154
7103 9246
8913 5370
741 1521
8614 9968
2243 7392
8565 9283
4441 2740
9688 6625
3567 5212
1894 7055
4646 1572
6968 8266
7903 7763
2659 5588
5296 3868
6076 3928
5758 5448
6431 4283
5525 6559
219 2175
9142 535
3122 9193
9598 3858
2575 9533
3883 2181
298 8439
6091 6058
129 2863
4886 280
2830 3724
5617 9862
2029 879
7056 2323
787 1764
2441 9247
8339 7014
3792 9244
1728 2854
5527 8831
9949 4178
187 747
9715 5623
9106 2118
8341 6679
7760 1317
2455 7777
5245 9717
2399 2951
902 3170
6517 4212
1968 3257
7220 2131
7133 4397
4642 3898
4836 9908
1273 1322
5448 3135
1827 7976
3799 1814
6243 8090
6857 9204
7046 1518
5275 9406
2238 9465
2326 5563
5798 2518
227 4829
9077 1373
8304 9695
8934 9140
6863 3796
7432 5302
7228 8609
7668 4223
3323 3311
2143 2131
8154 1018
8532 5855
4816 4305
8229 6024
2470 557
159 359
2426 6072
6105 9933
3479 6088
4623 2975
8397 5178
1119 3307
3825 5140
9115 6361
5737 9184
5326 9593
6444 2023
4829 5362
1188 7501
2918 4846
3626 1783
7391 6583
3274 7961
3547 6639
7363 9447
3869 4673
7332 2829
1899 7492
7058 1566
8218 5319
4057 3374
4473 3437
8531 6445
7756 1281
3502 7734
1245 74
9479 1146
2602 9901
5708 4353
9099 7357
6759 2219
32 1258
2390 5849
5836 9949
7036 6645
4711 1418
5623 1925
9552 8155
7772 6748
4132 4484
12 7401
6341 1582
9241 5547
7365 6837
7983 6597
443 8152
2513 8365
2640 3343
5392 5484
229 7272
9424 5272
8425 3757
2159 9173
486 9251
7856 4673
3445 6143
728 936
852 9560
8453 4788
6082 1448
8279 1750
2638 1864
1892 7344
4758 147
2096 1399
8383 2984
9678 2755
8303 9152
1645 2979
3400 7419
4066 1028
9407 1725
5006 3942
2135 7055
1473 800
457 1262
3565 7244
6927 7961
9371 3241
1044 7218
1305 8660
3199 5363
9660 5698
4347 8403
6748 1778
7079 752
1816 1546
3954 2378
2671 4651
7217 386
6369 6523
4438 881
3985 1774
3389 8316
5235 3262
2962 2985
4911 5925
5827 7952
1312 6198
6669 6902
7726 8322
5149 6033
5692 5090
7462 4376
3234 6903
8870 6648
3443 3619
5771 3688
19 461
2827 509
9939 9391
8412 1841
9211 5496
1966 3844
3057 6002
1472 8671
8109 2309
2500 458
530 8140
7684 311
2635 8220
9424 2470
5480 5254
480 4103
1614 2505
8755 2248
7000 8993
471 7190
1727 193
1362 5411
4990 3477
923 9362
2128 8356
7052 7034
5489 2519
8796 2726
7053 2758
4447 3374
5416 4553
6240 6441
7026 626
5345 1420
5557 8487
2763 3704
4817 7529
2239 9954
5121 3807
1919 1477
4356 817
250 8507
6074 1749
7398 7262
6474 7463
4163 5880
8621 4358
4042 4406
1153 5172
9755 5854
599 5490
430 3459
3201 9331
5838 1490
580 4476
7619 9919
574 6672
1285 2928
3254 3659
1564 4235
3170 7749
8781 9767
3546 7829
6005 1183
1363 8158
8978 6582
134 6412
133 7314
3767 141
6221 8527
6331 187
6002 6291
3689 8490
3589 2492
3330 1862
5673 2624
1725 6507
9100 1486
7435 9421
8201 2036
1472 5478
5193 791
1304 2717
8322 1850
9590 8053
7503 3964
1941 2768
2516 2744
588 8856
7596 8753
3582 5378
9872 4890
9881 1976
7181 4094
6085 4780
6881 9123
1832 444
1436 7124
4957 1598
42 7065
4141 9051
4757 476
991 1515
9806 1564
2111 6103
6814 289
2047 395
9198 1631
2797 3488
3897 273
9832 9804
4173 9537
1110 9277
6766 9099
9200 7988
1793 1845
1953 7299
1230 6156
5991 776
4041 4450
6790 4984
753 2898
2083 594
7560 8641
7441 3160
152 3513
9952 7871
4618 5906
6874 748
9637 6174
7919 3150
1917 7242
1760 5954
2298 4431
3599 1048
4244 2290
7275 3945
7581 292
1934 7944
8402 3387
7954 6962
2979 2562
373 8831
5747 2094
1243 70
8421 8000
4644 4218
2269 1909
5792 2295
1722 8423
3705 1416
3024 1765
2486 2800
3419 7830
9648 1642
5178 3768
8184 7712
5439 9659
7017 3875
8310 1769
490 1778
9001 8568
2581 893
7388 2471
1564 2854
5385 6848
243 9495
5794 5177
9962 8915
8709 4966
738 7636
1421 7456
2566 3176
2440 9206
8414 6300
8878 7331
3218 625
2371 4489
1333 9196
2003 1173
86 5882
1577 2982
1967 3797
4772 3872
6704 5235
699 6530
6690 5109
9167 9899
515 7149
2277 2861
7073 3766
8864 7136
1033 1495
8406 2321
1688 6188
4088 6243
4791 2163
1925 121
2788 7535
3170 9587
5208 3412
182 9182
8764 8705
9612 5496
3932 3986
3899 5110
3605 5147
641 8612
9246 3529
3213 4429
5000 4205
3505 5072
4511 4105
9943 9367
1525 8335
2839 3920
463 6337
1904 9230
2844 9111
4440 8613
7414 308
9896 7954
2729 5117
6811 9642
6984 394
488 6867
3472 6364
1683 7070
8452 832
9681 4494
9832 3540
1670 7974
221 5866
4855 5671
4311 8660
4845 6302
962 4898
2877 6219
8897 6300
3112 1652
5157 3598
6488 2445
2926 529
3 4185
9004 4411
9457 5734
4739 2321
4662 4657
1361 3980
5098 227
4473 4137
2563 4198
7929 5104
72 1787
821 3622
8100 802
8367 7273
5753 1524
9318 2231
1640 3074
6394 5814
1360 5
1986 1116
5455 2049
8288 283
8005 7228
3655 2420
1997 2341
767 1779
1259 3797
3813 6238
9056 8005
9062 5713
9544 5422
9506 3698
2571 9809
1819 4537
4619 3035
4070 2273
5201 3625
2990 1946
1260 5394
110 5950
1390 8529
2193 1266
1031 7216
4721 3500
8098 4226
796 654
5718 5605
5965 2201
6831 3993
8462 5718
9015 8971
3803 6873
9291 9668
6678 8744
5079 6075
1334 5731
9204 4537
949 8420
9794 317
5265 7992
8212 9231
3928 5049
6388 374
1718 4284
1712 1422
9073 3723
8589 4585
2415 1913
8455 7278
694 8517
6417 9018
3792 6000
7449 6290
1561 3792
5483 3964
1766 2682
4175 7571
1105 3707
9023 7099
4813 5602
6058 6173
6121 8542
5534 9703
1008 856
6528 620
8347 2215
7812 7477
9339 8490
7305 8663
9458 8282
6635 6061
7047 1943
5457 1293
4950 1355
9042 4863
3057 2661
3931 8336
6481 5973
2489 5973
8702 3374
9423 2138
3667 5477
6239 9157
7071 2753
2590 3450
3194 1871
852 1183
4648 7215
5927 6663
1926 7073
7795 7325
1352 1186
9356 2081
2666 7117
9637 242
2947 1387
9316 9070
9529 4044
9330 1935
8097 8722
475 6189
5530 9993
3781 9745
7259 2661
7685 227
3351 1404
8340 4736
3064 8436
9936 7324
8600 7854
456 8924
536 5316
8191 275
5904 4780
4689 9132
233 1103
5536 296
6492 5981
7882 8674
9737 4497
8085 4589
5244 8340
9920 3726
6134 6066
862 7495
9587 578
9379 8197
2976 8497
8361 6906
582 6724
7687 9742
3436 8638
972 7249
8459 716
4673 6063
5324 1044
930 4001
5711 7666
8687 6643
5126 3178
9071 9171
3622 8507
4205 9329
8562 945
8317 4017
848 9781
8580 6348
5273 5064
3382 912
4134 1916
1953 8345
6424 9091
6590 3199
4058 3091
2733 2797
2783 3066
8518 756
1841 2121
697 1532
2336 5563
4398 6383
3778 5382
5973 9063
5532 8602
1999 5722
1538 9031
1060 765
5107 3643
9967 3494
8150 613
8204 4496
8190 5909
4177 5910
1062 654
8751 2869
4325 2389
9098 2162
5107 6398
9517 3422
1036 3975
1711 203
1982 8141
28 2456
7347 7262
8197 6489
2927 365
6794 1166
4504 3180
1506 2843
4395 5316
8625 1914
338 3438
6405 9907
8600 1174
8130 9691
856 9573
6683 8155
262 2205
3318 3613
2569 8069
5709 2354
3509 9001
2547 5482
3096 318
2420 1725
5740 5031
3153 9652
2800 720
653 1728
8773 3009
9830 61
8116 8436
7978 1881
30 8180
6124 8531
9902 6772
7223 3138
9876 8279
874 5454
2707 2544
4154 8519
4605 3151
7215 6122
9652 311
8019 9898
2277 5037
2242 9999
9017 3965
781 3917
1405 2795
8102 8430
87 8839
3469 1291
3697 9167
1407 4315
1992 7978
5342 8330
3829 3111
2088 7500
9269 3432
8232 3681
9641 9345
1534 3481
6273 1912
9778 1382
9677 2268
5866 2926
9986 6285
2295 9033
6455 7276
3509 8286
5975 2515
2957 5790
8298 9249
1445 8780
6573 8035
7388 451
419 2334
43 1240
2220 1530
5335 4218
2253 7761
9999 2711
3924 6535
4036 2497
2625 2174
8045 7385
9355 5887
4638 9061
2547 5958
4581 3733
709 7727
8994 8629
5728 5054
1185 717
7438 2894
7844 8478
1350 1692
3601 9756
4295 8751
7533 5660
994 3461
6786 5743
2597 8867
997 4142
8186 849
2886 7899
6519 5480
2518 7281
1157 5129
622 3285
4423 4375
7535 6339
878 3658
1262 1781
8317 5719
4529 1729
5117 1812
6519 4826
3546 8787
3854 4494
4186 5551
1482 2613
713 1658
8146 5984
2531 8164
7199 7747
2848 3796
7441 8757
2309 1303
4005 2966
2292 2263
1600 9151
5524 9915
8147 7940
9304 8725
1331 1973
3196 5827
8913 8490
3977 9845
1547 4520
9810 6092
7072 4892
1190 6861
5656 1347
8853 8115
9429 9279
3148 4518
3294 904
9019 6893
4820 369
8740 7313
2798 7100
9226 3532
3413 3477
6281 7295
5152 9252
850 8444
6163 1010
3659 5335
7276 8621
2192 9321
3879 6709
154 2997
2899 8115
2128 3796
672 8187
2410 2905
1754 5068
725 2496
3342 3884
5753 327
4210 8899
9238 8089
9056 1862
7042 9279
7718 5290
4789 167
7699 3411
4022 7770
7748 3726
5932 8008
4834 6518
3231 1254
6795 3080
3899 4725
4710 9996
8134 2258
5625 1620
8755 1362
6995 7451
5671 6537
9250 612
5417 8303
6139 7088
9347 3997
4083 2732
4984 8049
6359 5115
9862 4429
1056 9349
5696 4022
465 7072
5875 8308
427 2579
6878 2344
5212 3829
6586 2887
575 3044
90 4665
6781 5976
9436 9756
1905 5212
9872 3149
5637 6098
546 293
187 3658
4010 8657
4762 6135
7551 5148
4419 4228
219 9249
3400 3744
6141 8765
5363 1533
4756 707
9056 5698
5166 6696
4680 2660
2879 5474
36 3854
2751 3125
8543 7086
4771 5969
5151 8740
2480 2075
8891 8130
4625 149
1666 5971
8288 523
4666 2613
4017 3308
8136 1367
2777 4038
6170 5642
2323 4629
8165 790
4457 697
5535 2096
2148 2724
8921 8485
2215 195
707 2885
4336 8249
3240 9652
4456 1587
3740 1659
1203 5380
8769 6269
2683 9218
5906 7433
8525 7723
3751 9678
7531 1607
868 3199
5170 5173
867 4193
5023 9547
2242 6364
934 1127
4259 5682
8507 9056
7628 7036
2995 9678
6599 2993
3354 8157
4633 3695
2886 4193
8652 5316
7851 9294
9964 68
707 8498
2233 5186
4115 7908
5561 4762
2674 2104
7045 7460
7101 5072
6641 6294
6531 7625
9506 8882
723 8768
4995 2270
4972 5589
5593 7607
5725 7693
2099 1954
8321 707
4727 5105
6873 9036
5309 7550
5805 5322
175 3783
7296 8832
1780 7150
731 9939
1566 929
7385 9870
9067 4037
1969 8297
5487 145
7801 9482
8488 9011
7666 135
2288 2875
2480 9347
647 8634
380 9475
9196 5847
3507 1405
2787 5761
3616 7472
1792 9208
5483 9206
7459 4431
3577 8515
7778 9117
470 7948
8336 26
2370 6293
2845 6126
6636 1693
2288 715
4468 192
8693 4366
8985 8250
4943 7667
2891 430
2476 7843
4984 794
5529 3760
9966 5144
6809 2216
1263 7265
4887 4893
497 8999
2411 9653
3291 1303
2180 4448
9059 6858
9845 766
1814 9840
1542 3023
8433 6653
5839 6005
9021 5961
9168 4178
9785 1416
2299 9621
6911 7472
3821 1276
7498 7863
3941 1780
7792 624
2853 7123
3053 4632
560 5808
7677 5970
395 6289
3274 4906
9352 6746
96 6792
1334 4631
5676 9705
6583 3192
6667 2588
8245 9169
9587 8922
9932 3464
3993 2485
3229 5560
5020 2465
7567 6896
2066 1329
8502 1708
1516 8133
4292 9369
7469 2821
4836 4849
3333 667
7800 3245
2522 3816
1921 389
1180 8263
6043 642
6461 7501
9222 6750
1977 2912
1881 3862
1689 8685
2167 9937
6999 7340
789 3198
9482 8792
8725 6318
6117 5003
2369 6472
8911 4432
610 2796
4236 4966
2692 5380
8569 3401
8532 626
4612 2225
3718 5586
1737 1070
8705 785
5284 7481
7271 1748
9603 6340
64 3214
7947 1190
828 1677
7631 1515
5514 565
7907 687
6602 859
3667 6775
3158 5150
1052 2694
5760 9429
6926 6290
8060 8463
3371 8256
9389 2341
2589 986
8592 4383
3578 753
1196 796
4032 1253
9139 2217
604 4294
6959 4015
1444 3322
7439 1613
542 9999
5383 1060
333 4395
2801 7170
9850 2745
2112 1676
9215 8657
6333 5893
6938 9906
7934 1372
1176 5540
9389 53
3128 5550
686 6057
1564 2046
7766 145
6935 3086
1347 5666
7958 3246
7294 1898
7963 9813
3201 7215
8771 6171
2055 3225
4847 8970
6446 4369
494 9482
3002 9519
9459 4738
4791 5301
1360 8670
8290 9869
5385 9823
5536 3596
7534 2949
3739 8634
6333 8958
420 5410
6539 5116
1549 4499
3326 5765
6534 6773
8229 7825
233 7448
1933 3266
5206 5448
1102 2278
7499 7041
1169 3755
9356 103
7361 3726
61 4367
8836 9981
3934 210
4606 4837
6378 4628
1719 7321
4876 7080
3603 7255
3742 9563
2844 1943
6763 6025
6446 9220
9726 714
661 1704
1823 9747
3764 4349
4398 9436
3579 9503
473 7409
8330 8510
6042 9774
742 8124
725 2940
1875 6571
4759 6706
938 5318
6720 5989
1532 3177
4840 9782
2627 7387
2616 6581
1031 1590
328 1273
7643 1438
5948 14
3578 7651
8716 3214
8994 5754
4666 2555
3597 1287
5931 4940
9181 4287
9570 2341
885 8365
8379 9231
7019 4960
284 2072
7619 3282
8811 6158
7760 9195
4164 9052
6293 2293
8380 1681
1834 5800
4525 6725
7159 2226
7069 885
7036 8902
7282 2526
4169 4042
242 1617
4916 9858
6340 7583
6891 5498
207 9663
3049 8447
9864 7002
8035 4289
5896 6969
7467 3038
9322 12
7994 9045
3784 8559
2323 7040
4067 8778
3020 6700
3505 9570
7174 6845
4024 9124
6073 1584
5281 6618
8711 5232
4057 235
7419 4178
7326 7123
5052 7015
3365 1601
7654 3555
9355 1983
4712 1324
748 7846
6413 753
3080 1295
4149 2229
6584 3901
2802 671
5304 2196
9368 6480
5759 4775
5706 164
9314 7133
9804 9200
4275 5247
872 4987
2220 3831
7094 6446
9448 2722
977 966
7932 9844
6860 1055
7201 5776
6184 623
8745 3077
6502 1423
287 4466
8641 6326
3324 6652
5552 857
1964 6479
9233 7717
358 7355
3752 9563
1169 8453
3810 4988
7273 2484
6591 1602
6659 1715
1189 9550
3038 9786
9017 1215
4179 5879
1421 9073
1199 4802
9563 2703
7542 8022
1016 3858
1469 2173
9962 7415
8170 941
8644 7629
2590 6847
5099 5047
5209 7865
4385 2692
1407 1996
5620 671
6578 9178
6729 4078
5167 6000
3683 3284
5230 7062
3823 4299
4811 8423
1616 938
1965 7612
4909 7061
1755 4376
1764 7367
8009 4286
2490 9430
1015 8178
5773 7959
707 7263
2154 5847
8926 5305
5334 6846
7614 4541
6378 2623
7996 6748
3981 2932
339 1242
6718 81
621 3907
1845 6318
4767 4203
91 1213
6138 365
9975 2432
687 8980
1154 7795
1627 1203
587 261
7284 4110
265 3258
6738 8897
847 3037
6891 8931
760 9248
9100 4432
1227 466
9306 7807
4856 2745
5742 1694
9543 1159
9592 9423
959 5810
7044 3210
5088 6884
9690 4165
3622 9365
7376 3188
5096 9786
7196 3632
7867 4840
154 6068
2590 4703
6543 1692
3846 4420
5351 5922
59 6112
7943 121
2033 6513
4904 3217
620 1313
9509 5226
1992 1800
2565 1314
6279 2096
4741 2434
7050 1634
1282 935
6448 8422
6371 9974
1538 5620
1772 6500
5501 5665
5201 4894
9378 3232
4781 7819
5668 7005
8044 7589
1579 740
1045 4487
6284 6447
3610 8506
5139 265
8875 3555
2531 6553
4133 9456
474 2732
6868 4031
2671 3966
6614 566
9753 4263
6083 101
8526 1980
6953 1551
1838 8707
8007 5248
4039 492
7794 3359
562 223
1316 540
2491 9634
7853 2386
151 8217
5355 6954
456 5404
2727 1646
5638 3381
6219 792
3647 8379
6039 2023
6256 4874
1394 8190
3589 8880
1241 9021
2549 575
8289 4174
4127 7618
9389 8071
2819 3202
3589 5981
9608 4586
9883 2323
7512 6308
2046 7043
8865 3163
6419 8043
4316 6304
8864 4102
2766 7294
9560 9480
8835 7243
8993 9047
3190 9521
8644 2110
6922 1732
3522 4814
7718 2505
8905 9252
8985 8243
5223 3765
1134 8899
4724 1207
3850 5732
6784 7855
3377 6210
2101 4712
2889 400
5887 3505
1513 2767
6959 7961
6760 5742
9143 9073
7953 7347
1749 3399
2081 3564
4162 1927
3849 5106
3751 1114
1350 152
8561 5320
3353 1051
9807 256
7753 5693
862 3901
3944 3759
5800 1912
5555 2682
5169 9919
6132 6690
9628 2581
9118 9448
2061 5250
5190 3352
9103 5996
2447 9094
7518 2707
953 8698
4869 3242
494 1067
8325 1890
881 8125
1743 9427
5149 6760
1543 8033
868 9112
5595 8298
813 4125
7144 6842
1688 9123
1182 8776
8692 9206
9733 941
32 3406
6821 1031
8247 7797
4328 4342
227 9702
3422 9470
5874 66
2317 7793
3562 2336
6780 7335
5407 3256
242 5731
4343 4523
907 472
4748 2363
5361 6438
3311 1753
1740 4457
7624 6253
5797 5733
2363 7160
9185 5499
2356 532
1294 5159
2040 1354
6666 1497
6747 5880
1901 2979
2978 5560
240 4024
8779 1662
5796 8620
9169 258
6296 9816
9579 2924
4258 4282
8344 2611
8372 9351
2155 8965
4554 2497
6334 6009
2166 9576
5948 6708
5269 3423
1684 9974
5976 4290
5269 4519
8542 3939
1712 1590
6628 7563
3688 1663
6194 8958
5010 808
4902 8548
7706 2977
3525 4505
1848 20
556 8343
4440 6914
4873 8594
7843 4813
9276 2674
4979 6536
4067 3184
789 5244
293 8473
4475 2356
7905 4020
5524 6770
1852 7682
3167 2106
2910 4740
6636 4042
4367 3381
3718 5552
771 7618
9793 3432
7381 7178
9138 7960
736 3586
2979 1614
639 8251
3015 4905
3423 4955
1102 5214
1245 9925
8154 2830
2309 2604
7306 8317
9610 6971
7686 3546
1955 5577
2001 6490
6331 2009
1980 4496
493 4057
8160 8701
4183 6606
9312 3137
9266 2822
4898 3434
9434 5363
2872 5636
826 4806
3636 7041
2711 4724
6473 5131
9442 8064
4614 6616
894 6284
8004 8317
8817 8722
8506 6184
7707 3606
5336 2174
4242 1217
7039 9310
5475 4658
6119 5986
573 4417
5125 1922
4930 6788
638 9139
6813 6337
812 6472
388 3995
3290 3976
2207 3811
9526 5965
571 6599
4378 5313
4083 6317
2076 1958
4264 316
7530 2703
8948 9335
6102 2303
245 5768
8569 2532
7109 8251
2081 8871
3178 5145
6851 361
4907 5736
8099 5997
8370 8067
2314 4749
2041 9421
8596 5463
323 8273
829 7806
8460 5456
8871 2496
6945 1621
6172 4037
8506 7907
6309 9767
2048 8011
7263 1483
4500 5583
85 4308
172 2735
9779 1475
2138 5276
3894 2308
2847 6894
938 6651
2407 8201
2636 1966
505 8725
8646 792
4426 7339
9905 3026
9097 2796
7769 5415
2889 8133
7343 1228
8131 7975
1362 8323
7442 2868
3195 1382
5988 4198
6021 6369
9495 6995
112 2119
978 473
2502 8397
1925 4920
1715 7512
6846 145
982 5722
5805 9923
7300 4149
9614 1646
7050 1056
1230 5912
8529 2485
7917 931
244 163
3198 1178
9028 4585
9065 3189
9711 2466
4156 952
1602 7110
4719 1703
5182 2789
4909 3269
7226 631
6362 776
6908 8329
5562 6340
555 8089
9218 7745
3201 3290
7762 9939
3473 2325
3748 5622
7401 8990
5399 2228
9540 9611
9613 3879
272 6269
1104 8069
3363 8295
8027 1149
1170 6310
5056 1344
8901 8011
1967 5019
9263 9947
8766 8520
8147 4515
8541 5642
7818 3880
6873 8937
6777 8851
5810 5461
2428 5028
2381 5593
6553 4233
9250 8298
8159 5453
4454 9947
1555 6291
5907 3756
2292 9803
1769 6086
1993 5496
4587 8083
7282 8169
1567 9407
482 2205
1511 2107
5028 8548
4074 7333
2528 9476
4929 9634
3437 5885
3205 2816
6651 9107
8698 7230
9773 3184
1827 5998
833 8033
9125 6833
6059 385
4408 9317
8664 3653
2242 9299
1109 2694
4884 7716
477 8327
5690 2975
70 4298
1318 1494
1012 83
6424 9965
3558 2766
8201 9296
920 4758
1893 1710
3727 5862
9062 7754
1953 8218
8823 2565
7855 2063
3098 5947
4551 8073
9575 6619
8955 9717
464 5140
2895 1867
8890 824
7957 4740
6914 508
7359 3095
5742 3778
5255 1718
1038 3071
1779 6469
7171 1411
2106 5757
8618 486
2370 7176
2562 4717
7041 3139
9920 746
3543 1371
8936 3927
466 1034
6680 6457
7418 9115
2600 789
9791 9649
7979 4271
6369 9637
2235 1974
3800 2827
2838 3798
442 43
2674 9740
9455 1571
7463 4601
6789 4853
1288 6407
2462 8304
4546 9718
59 5733
5429 4397
6101 6716
2003 6269
3711 148
499 9933
8114 6213
8048 7117
1932 7815
4913 7879
5482 7926
3678 8368
7787 6459
3677 6609
4688 8936
3151 189
4090 1127
6289 1738
3627 9494
3197 3367
4849 4893
7781 4669
470 9079
777 1043
3190 37
5281 3977
8884 7481
1030 3846
5973 3891
4692 4627
4847 9065
7985 5385
3155 2324
4022 2865
7287 6098
7147 6773
768 2392
2697 3543
9477 3472
4600 4660
3142 4189
786 3705
2304 353
6007 7994
4826 839
9791 8526
5648 5424
4125 4011
4353 9997
1434 5152
905 9794
9255 274
2042 276
90 2190
3465 6883
6215 7815
1114 722
1600 949
3650 6614
5281 3214
549 225
2152 2434
213 7980
5043 7182
9138 8808
8185 7633
7221 1210
4784 7667
7120 573
9716 3226
9392 5735
3709 1193
9882 3760
9074 8530
1041 1102
3910 4637
8223 8428
5208 4790
4586 147
8878 2052
1283 8195
3919 2199
5712 5148
8558 6514
3119 9321
7108 8876
9848 7098
1072 7844
1422 4651
134 1044
7290 9681
2760 7702
5483 9895
4921 5636
3057 1349
78 2922
1098 9387
8341 2236
1049 5357
4162 8345
3512 3989
7827 7806
8057 2342
7029 3135
5989 6299
8284 5927
9589 7975
74 7263
437 9872
6159 9168
8678 9559
7661 5033
2909 7200
2558 7403
7836 3729
