7990
532218
4340 3540
34 20
50 8
96 28
31 48
98 68
15 65
29 48
33 26
20 82
29 65
58 94
62 55
15 50
85 89
41 62
55 50
45 28
48 13
93 10
78 98
57 22
68 16
17 50
82 53
15 62
6 85
37 53
66 82
72 49
79 64
94 77
24 24
2 100
95 22
24 72
36 56
96 62
70 45
20 13
26 62
32 87
3 39
38 11
36 26
4 81
98 4
53 32
36 57
52 15
21 67
82 10
78 59
96 40
30 61
4 85
89 72
96 54
39 93
37 26
42 64
11 94
80 51
33 49
78 100
80 87
27 11
70 9
30 96
52 40
2 1
50 70
52 2
82 23
51 17
5 90
99 58
58 27
76 36
93 37
18 36
98 77
31 34
6 74
31 3
74 30
91 30
14 74
67 55
93 99
49 53
73 23
20 41
75 99
50 50
67 6
97 19
6 98
91 78
28 24
99 65
50 100
70 67
91 91
87 94
31 77
69 13
99 21
41 77
4 24
23 74
50 72
38 93
4 14
78 93
54 18
14 26
33 17
57 41
99 50
80 89
91 96
21 50
23 13
70 51
8 52
89 76
60 88
8 91
44 13
5 41
39 14
89 98
83 94
48 17
14 6
55 96
28 75
54 12
25 31
73 38
26 98
25 5
87 48
4 80
71 83
46 52
1 27
51 77
85 64
58 2
82 36
63 78
10 64
46 80
12 49
71 8
32 67
82 58
27 45
89 50
60 99
17 24
45 53
90 13
61 47
33 62
85 84
58 64
82 100
100 21
75 98
20 28
100 97
77 41
41 32
90 23
67 64
14 3
57 43
77 95
76 56
89 38
98 83
71 86
8 27
26 61
19 68
81 6
41 3
65 24
39 37
83 81
16 99
84 21
33 79
57 99
29 17
63 4
53 66
74 53
91 61
4 86
57 16
92 60
56 64
10 3
47 99
93 15
88 50
65 89
100 82
85 31
87 75
94 48
20 73
68 33
98 64
58 2
16 52
21 91
68 49
62 67
26 50
81 37
49 36
66 22
100 85
93 9
26 76
48 85
59 11
66 74
32 29
24 2
43 18
68 11
77 82
27 39
26 37
90 81
75 69
68 98
91 82
63 33
52 53
74 31
97 60
53 67
92 68
85 65
62 100
21 25
38 84
25 14
13 44
34 22
33 38
44 17
11 17
85 76
96 29
73 77
51 75
60 56
69 49
48 36
46 43
43 19
58 15
97 15
58 83
43 68
63 11
11 17
67 77
62 41
31 86
48 45
31 16
33 79
75 99
57 71
50 15
33 20
93 69
49 96
78 30
29 78
68 53
64 60
49 35
69 21
2 39
84 85
5 64
61 19
74 35
48 51
16 62
94 16
51 40
2 70
79 38
76 8
68 1
58 42
21 51
54 71
2 20
56 6
47 34
72 38
72 51
33 66
53 26
45 55
38 95
62 38
74 75
84 57
97 94
87 79
97 82
83 61
63 89
97 54
44 6
60 29
88 73
68 19
89 60
93 15
23 32
84 12
77 96
89 87
21 71
54 15
85 27
64 94
88 82
43 64
86 25
70 36
52 6
31 61
81 51
58 52
77 91
38 76
95 74
97 21
61 46
59 88
82 29
42 92
5 72
65 55
26 87
98 6
31 9
61 49
18 54
15 71
53 96
94 14
80 63
67 40
25 83
58 89
13 58
34 62
61 61
72 77
25 90
97 21
11 49
36 81
29 67
98 75
94 15
57 56
12 26
77 84
91 89
68 27
55 38
82 90
23 83
25 11
1 50
23 25
57 59
63 1
61 48
54 60
86 34
93 57
39 51
62 80
77 62
69 63
62 77
56 81
58 35
52 78
77 79
12 51
7 83
3 7
41 91
42 29
81 48
71 72
21 33
95 16
63 7
95 6
83 76
39 15
96 69
77 89
87 89
5 3
85 65
77 1
41 5
47 17
73 22
61 80
79 69
76 28
44 4
78 34
64 77
56 52
76 92
97 40
58 19
21 8
73 82
46 71
90 56
21 70
25 28
65 99
3 30
76 85
33 90
70 1
86 73
37 39
33 80
28 85
10 36
82 32
76 87
33 49
72 4
34 93
22 47
60 46
42 6
23 97
67 54
26 21
69 67
43 57
8 62
46 11
78 36
17 98
46 89
56 68
9 20
59 44
86 70
6 90
99 69
21 45
58 42
98 97
17 41
26 2
99 42
78 37
34 93
16 68
97 31
1 11
26 74
7 22
61 30
15 9
83 45
11 47
32 6
74 39
50 57
80 36
84 84
45 8
77 55
56 65
87 31
33 75
74 6
47 44
63 4
35 72
23 45
49 74
27 48
84 59
63 78
28 72
37 11
51 21
31 28
78 26
80 32
46 1
63 61
51 2
73 3
16 31
79 89
66 77
62 72
9 56
92 8
3 51
71 90
47 67
79 1
8 93
61 22
23 10
3 62
21 84
95 52
63 87
6 52
95 80
56 13
95 49
85 90
67 29
86 98
31 36
34 64
31 93
23 6
22 8
45 44
54 3
48 54
36 87
15 33
7 9
26 47
68 98
2 14
12 21
100 18
17 88
55 16
78 99
48 37
8 16
7 74
81 38
79 26
76 93
63 60
13 19
41 89
17 90
42 2
48 88
50 25
83 74
5 13
55 93
91 60
29 88
67 98
28 91
16 70
3 50
1 45
47 67
87 63
17 49
42 77
32 79
87 100
54 23
52 55
89 77
8 21
66 36
90 78
75 71
37 23
8 3
25 77
42 52
52 16
7 56
77 71
23 4
24 89
45 62
98 62
32 89
33 79
76 54
85 77
93 96
30 83
58 90
85 28
13 33
49 6
94 38
29 86
14 27
13 44
67 12
24 3
41 16
25 55
36 67
44 38
57 65
8 96
19 96
84 75
42 30
8 68
34 14
33 11
65 39
46 47
17 93
16 90
87 38
98 67
76 30
16 43
5 38
90 81
83 45
9 72
75 76
58 73
50 78
65 86
41 64
35 63
67 80
45 96
27 65
96 38
43 89
17 5
41 27
71 97
94 96
62 39
47 37
27 13
88 33
86 13
9 48
74 40
60 76
70 25
32 5
29 27
69 39
98 79
64 99
70 71
78 39
68 77
95 79
23 39
54 31
89 100
99 61
60 70
78 95
74 84
78 19
2 15
42 95
70 16
50 60
31 54
85 44
35 67
32 15
32 28
68 18
86 83
86 4
72 22
16 6
81 32
62 40
11 15
80 11
89 72
81 21
93 81
64 16
87 55
13 94
98 8
2 15
72 34
70 33
72 17
88 20
48 66
16 18
55 20
4 31
33 100
74 67
95 75
71 85
98 36
29 16
4 34
86 96
3 82
24 13
34 79
22 34
19 30
15 60
3 78
17 32
85 16
51 78
88 93
2 31
30 91
44 85
19 23
51 27
4 75
75 79
100 12
51 92
64 11
8 48
10 5
89 77
97 77
8 48
94 66
26 50
10 4
37 64
27 57
50 81
5 19
21 70
75 27
19 62
46 100
18 86
44 78
3 10
16 83
87 36
59 72
27 54
63 52
70 79
20 89
54 50
28 51
40 25
64 14
40 56
21 67
17 34
36 54
63 44
88 19
57 92
50 15
90 84
53 23
45 85
23 85
87 62
80 51
8 99
95 79
70 36
6 19
60 11
78 49
28 79
11 90
49 64
97 1
86 72
31 71
61 17
81 59
61 7
64 39
71 49
41 5
49 15
7 3
60 93
51 23
98 90
56 2
27 48
99 82
78 5
56 49
54 98
22 44
97 51
33 58
87 49
9 48
66 10
33 43
70 41
6 15
98 21
39 30
47 4
40 84
79 85
26 47
49 45
70 50
69 20
53 2
90 30
88 46
1 52
12 46
43 27
23 11
77 56
82 6
6 65
22 87
20 89
53 92
15 28
53 92
10 68
77 93
96 41
11 50
94 9
27 91
71 13
26 94
86 5
95 43
47 97
37 82
22 29
64 91
95 20
95 57
41 58
43 92
46 10
16 11
78 69
85 57
31 99
6 57
7 30
52 69
37 98
39 3
39 75
12 53
20 85
51 39
40 27
44 32
36 16
93 51
18 37
98 57
54 78
88 53
8 48
94 25
30 33
43 3
10 30
60 55
67 85
7 66
84 39
6 25
50 60
64 19
59 72
10 77
70 66
72 46
74 75
15 40
31 60
47 3
80 6
11 15
55 80
69 55
6 8
9 12
1 73
27 30
93 66
29 25
78 76
10 91
7 25
16 19
62 16
66 79
69 72
65 71
8 3
61 91
61 88
91 94
21 5
87 16
67 68
11 36
77 96
12 86
65 20
80 69
11 56
27 83
92 10
82 37
54 90
8 66
71 77
58 68
81 55
62 46
20 2
49 22
12 63
56 30
43 61
90 92
14 81
17 51
89 60
27 28
29 29
14 94
60 100
12 64
81 60
75 57
19 92
87 63
14 77
54 68
47 48
23 98
58 41
35 15
54 42
59 25
87 29
49 42
62 73
48 61
7 5
23 97
16 29
95 26
95 92
41 6
65 1
13 92
3 92
68 49
42 93
98 13
83 59
45 71
54 32
76 35
59 97
90 69
8 87
56 22
100 11
18 50
43 83
4 74
92 39
26 38
66 62
73 65
11 16
82 30
86 47
94 18
64 82
49 19
30 78
65 4
49 55
81 20
81 11
69 12
86 6
35 87
94 10
14 22
2 29
51 67
62 56
41 38
39 98
31 34
81 77
22 84
77 96
93 2
26 2
56 32
45 95
42 81
65 35
16 53
58 66
19 18
79 61
79 31
64 34
5 35
2 27
48 95
19 47
70 100
66 58
84 66
8 26
45 71
22 35
61 75
88 93
78 100
22 96
26 89
75 69
72 42
36 61
71 37
52 60
89 73
16 67
33 67
30 71
79 68
81 33
47 3
46 62
52 19
24 17
12 19
98 15
66 35
98 96
91 61
23 49
94 29
20 21
40 79
33 39
51 35
32 72
24 1
76 91
88 67
79 57
89 76
9 51
16 98
30 40
15 64
14 40
76 30
94 10
8 43
87 67
92 60
77 32
55 61
60 67
25 66
43 58
90 54
41 62
62 72
59 85
37 55
100 91
52 15
69 63
86 59
57 81
2 19
29 20
38 62
75 95
4 61
77 46
15 9
3 53
42 99
59 7
99 47
92 48
74 61
77 76
21 92
25 34
46 48
13 54
5 17
18 82
73 37
5 26
61 41
7 20
15 43
3 84
41 77
77 88
11 45
56 24
3 11
40 82
61 97
34 20
86 28
42 6
74 51
87 50
19 3
48 44
61 77
14 67
41 62
45 65
31 66
40 91
51 20
98 33
93 3
74 38
95 42
7 28
7 3
26 68
45 57
18 53
92 10
56 23
33 58
97 67
25 68
70 55
38 85
20 79
51 30
62 28
42 54
22 18
21 13
93 55
8 31
58 45
90 49
75 70
22 20
48 9
56 93
34 89
98 84
1 16
67 70
51 46
1 52
97 47
51 5
97 2
4 27
94 55
5 58
97 90
14 82
55 17
90 10
46 66
84 20
57 26
89 30
66 49
37 69
64 74
98 94
32 60
51 78
69 10
67 20
71 99
99 7
72 52
79 91
96 9
24 39
2 77
72 97
5 50
53 6
12 81
26 36
8 23
72 4
41 97
66 55
48 17
65 4
31 58
37 42
9 16
34 71
42 22
61 56
92 83
86 50
42 40
33 37
3 89
4 61
53 46
72 74
16 47
79 86
59 100
9 46
47 88
26 59
41 59
7 5
88 4
87 53
71 65
7 20
6 87
87 84
73 61
29 60
80 1
25 86
9 41
88 74
13 100
13 68
89 76
13 67
23 93
8 16
8 24
63 50
19 98
92 32
2 60
9 42
23 89
37 20
74 76
46 51
66 51
38 31
20 68
90 18
49 97
4 49
30 3
26 4
67 53
29 5
91 21
70 66
66 64
29 80
15 3
9 61
90 88
82 88
38 10
13 19
89 42
81 73
61 97
15 66
25 40
28 6
31 94
92 90
7 16
4 57
19 52
10 69
93 91
94 38
71 40
56 7
70 41
19 13
96 12
99 19
5 10
23 47
17 95
8 40
91 5
78 94
2 92
42 46
11 29
72 86
48 30
98 23
36 48
17 29
97 44
19 27
35 21
20 63
13 33
59 51
11 61
1 39
70 67
70 100
58 92
37 33
93 51
36 58
51 53
69 50
22 63
62 96
60 96
79 78
46 97
78 26
18 54
10 31
15 76
69 46
37 71
93 15
67 46
67 50
66 58
50 79
52 70
64 72
30 54
5 60
92 100
13 94
72 82
47 10
61 88
8 93
2 57
49 96
97 19
46 45
56 85
91 98
86 44
1 82
31 27
5 93
10 66
37 55
70 69
83 88
48 81
9 21
48 75
88 78
36 7
29 95
89 47
99 36
27 36
9 31
12 57
22 13
63 58
10 2
17 26
55 34
95 14
38 30
90 37
29 55
99 73
4 38
13 26
34 67
46 12
31 42
27 39
40 100
33 2
37 9
76 50
22 34
49 21
35 75
89 13
26 93
56 86
37 61
81 32
58 58
88 72
23 96
96 6
63 32
83 3
78 95
29 45
29 4
100 77
24 70
8 21
87 3
64 42
71 88
28 21
91 1
79 71
3 66
60 22
65 34
35 51
78 51
37 28
11 39
15 68
50 25
9 55
70 98
37 52
74 94
21 70
99 27
95 5
84 21
33 15
22 74
42 73
39 93
51 88
62 41
53 12
46 15
47 99
43 89
93 2
7 24
72 74
18 86
4 78
71 82
93 17
10 97
51 29
92 77
84 61
3 34
77 37
51 76
88 28
87 94
80 61
23 50
99 95
28 87
73 98
94 32
61 33
8 96
82 40
83 83
59 22
77 69
3 59
9 97
15 7
49 35
84 76
73 67
88 2
2 89
90 42
33 69
81 97
73 72
27 89
7 16
5 15
20 24
5 95
96 48
53 95
63 79
28 27
45 7
43 7
44 12
59 72
91 65
72 100
43 83
80 27
79 39
94 54
18 1
75 11
79 62
50 23
28 6
81 49
38 2
53 37
90 10
34 50
53 24
32 56
55 81
45 50
7 17
67 80
96 57
23 98
24 82
77 54
67 62
87 90
53 13
17 23
72 4
4 89
49 27
34 13
44 4
77 18
78 2
79 40
84 76
40 59
46 90
43 14
64 23
11 69
80 73
9 57
52 78
34 87
40 49
26 58
78 32
49 60
52 95
1 26
74 17
47 65
57 88
11 58
85 5
96 97
68 89
43 40
97 85
91 51
79 76
85 61
24 36
49 30
37 66
61 65
23 60
95 33
1 93
59 32
16 30
23 32
58 100
23 15
13 82
13 77
46 38
3 37
40 81
72 21
97 87
53 17
70 43
95 98
7 31
36 70
35 35
33 50
53 47
67 52
65 40
40 33
35 33
63 9
55 39
68 46
16 73
73 21
50 55
49 79
49 52
58 70
33 85
17 95
82 38
68 92
2 94
77 38
84 59
90 25
45 39
61 29
62 56
15 97
89 24
3 88
94 3
64 44
26 60
92 69
84 80
61 30
8 57
47 27
97 11
21 64
69 48
82 91
76 51
73 58
11 17
66 34
78 53
55 54
24 6
10 75
76 62
85 45
19 3
39 17
11 64
2 91
75 15
3 16
46 99
52 3
86 1
44 13
47 27
14 82
19 48
24 49
23 15
52 80
55 42
19 11
21 94
65 46
2 30
35 60
37 26
48 53
46 9
71 5
83 8
37 15
40 50
86 79
12 64
100 51
6 99
8 60
45 88
65 36
58 67
54 50
86 36
18 19
48 13
23 98
59 58
98 63
15 63
39 4
65 38
55 58
13 88
72 72
47 31
20 46
17 60
13 15
95 67
46 3
67 34
21 88
64 62
74 78
9 17
46 76
5 19
83 82
23 73
38 15
60 95
43 92
22 80
86 85
35 75
44 96
78 75
51 45
76 68
7 38
70 5
11 98
57 96
85 21
48 87
82 42
72 83
47 42
68 27
4 45
32 50
74 23
6 19
74 42
70 50
67 37
33 41
12 88
43 73
7 17
31 61
19 93
86 72
52 23
46 85
86 75
14 41
55 61
59 5
26 59
77 43
30 33
25 52
98 41
28 92
43 47
33 17
70 17
60 57
18 63
74 14
99 47
35 64
75 60
59 59
22 57
10 38
15 87
90 99
47 80
56 72
42 39
89 23
31 92
81 95
3 12
62 11
23 31
99 98
92 96
24 81
20 7
67 79
62 51
56 100
2 12
33 56
37 61
26 93
60 27
98 72
59 99
92 27
28 3
52 34
24 72
80 78
41 77
21 96
25 51
15 63
14 90
79 74
56 59
55 74
32 33
44 70
82 34
60 35
74 5
9 67
23 25
75 73
13 38
97 41
66 60
66 16
96 71
28 65
33 69
20 65
9 37
82 47
8 15
64 78
75 63
50 79
31 41
53 26
24 13
57 65
74 45
24 58
30 14
82 83
32 41
31 75
68 67
13 35
98 28
81 32
12 79
63 43
25 8
57 85
6 70
6 24
62 73
31 32
7 97
86 86
83 23
15 26
43 54
11 55
45 71
67 21
10 63
52 92
27 55
57 30
30 39
83 75
48 39
96 76
14 54
27 41
36 95
17 43
7 16
50 26
4 40
52 54
93 16
65 86
37 49
67 28
64 100
28 25
42 98
61 3
8 39
10 59
70 33
70 94
89 19
22 37
16 79
85 80
55 78
36 68
29 3
91 88
61 51
81 11
17 73
41 43
92 46
6 78
62 71
29 31
34 95
69 61
4 96
39 7
42 9
13 9
64 48
90 10
20 77
50 14
4 65
76 36
39 82
59 65
41 30
42 3
51 19
96 57
5 37
66 21
1 78
67 84
52 57
5 62
49 13
66 84
82 88
5 100
82 40
19 49
8 59
89 9
40 75
20 80
77 83
77 17
7 54
13 51
34 96
94 88
94 77
96 66
11 82
79 79
42 44
95 13
49 96
89 46
21 91
58 36
100 23
3 44
22 69
73 55
70 62
41 4
34 35
46 30
82 48
94 71
34 59
90 27
11 31
69 23
58 84
73 2
48 81
10 48
21 50
60 60
7 74
100 56
38 83
51 92
38 74
100 40
10 53
88 98
87 23
100 17
11 85
18 51
56 30
34 87
3 59
6 76
44 7
45 80
26 6
61 38
13 34
2 13
79 25
62 19
70 33
95 76
83 15
57 35
13 92
79 43
83 25
38 67
89 52
55 42
26 53
80 82
4 76
16 54
50 92
79 63
52 79
57 83
30 54
77 61
81 30
9 27
2 12
19 56
77 69
29 1
64 3
58 55
34 52
5 36
96 80
91 93
22 10
67 74
27 24
20 13
35 1
59 74
49 11
50 8
49 60
86 36
73 48
50 94
5 35
59 81
10 29
33 72
19 54
12 28
65 63
95 86
67 85
52 67
99 72
11 96
40 13
66 84
24 40
42 77
46 70
72 20
92 22
65 5
46 22
13 75
35 65
91 38
54 65
45 41
57 58
71 78
18 88
66 36
5 47
100 65
20 41
6 67
55 58
54 58
11 69
33 57
6 80
36 1
77 29
55 69
63 2
78 70
72 88
1 30
46 90
47 19
67 12
39 60
11 41
16 100
37 55
85 35
14 78
73 15
77 2
71 39
53 33
86 52
5 30
52 55
70 42
98 71
32 42
4 27
93 41
36 35
18 27
66 3
62 46
46 84
78 48
37 90
10 93
28 95
75 53
48 95
7 8
27 59
97 56
54 2
6 52
94 8
58 55
60 89
18 68
57 38
91 54
77 52
30 61
49 17
20 36
45 50
72 85
18 60
55 10
78 28
89 94
21 17
50 82
43 5
39 14
12 26
17 73
41 71
91 70
83 80
64 43
47 68
35 96
73 34
86 39
29 33
89 32
52 6
11 54
62 14
100 5
6 52
17 14
64 76
68 60
53 50
36 24
34 29
44 4
92 97
83 79
19 56
74 7
82 66
47 41
80 77
12 57
1 54
64 34
68 99
66 67
64 80
7 67
62 98
63 55
21 80
52 75
80 20
14 93
83 67
25 5
67 16
25 19
14 38
61 9
47 76
24 58
94 63
82 50
98 35
22 84
2 5
58 85
4 23
46 76
56 60
87 22
2 52
94 55
14 34
3 76
60 15
95 99
97 47
55 44
7 6
54 15
92 91
52 86
75 67
10 89
3 99
68 96
60 91
8 81
75 19
27 4
73 8
99 20
71 44
26 2
60 54
32 61
17 87
40 13
63 69
24 30
35 4
61 51
66 99
12 38
13 56
49 36
8 80
78 32
64 3
52 95
62 63
81 53
61 76
31 24
81 47
3 60
98 99
90 57
83 67
10 82
76 68
79 72
53 35
91 43
31 55
91 7
36 46
51 93
7 37
84 78
62 22
34 59
64 86
23 80
5 87
1 96
44 86
89 92
81 97
43 99
10 54
53 16
20 26
80 80
29 54
57 25
37 4
12 5
49 54
49 16
63 31
65 34
36 26
55 65
88 39
11 45
62 86
17 33
10 21
33 4
85 28
65 71
94 85
82 17
18 44
27 48
54 91
9 43
98 8
82 32
90 47
51 32
84 30
88 63
81 29
67 29
32 12
77 10
37 4
9 76
28 2
56 74
81 99
15 45
42 73
38 16
19 55
33 88
66 80
18 37
64 16
27 27
28 71
71 52
18 58
97 48
28 67
95 49
7 32
37 11
13 83
31 81
46 4
8 1
55 99
63 70
52 55
41 45
74 93
6 86
82 89
36 89
51 84
76 82
28 42
78 88
51 71
63 25
95 85
60 95
43 17
92 57
27 60
79 86
13 99
24 10
70 95
37 100
43 63
81 91
21 55
34 27
58 91
98 92
60 76
31 60
56 43
98 16
57 2
67 85
99 84
41 56
29 49
27 6
5 39
83 54
68 79
43 47
1 85
72 86
10 8
32 35
42 10
28 6
62 37
45 77
77 54
41 87
28 99
85 15
18 69
38 89
47 11
97 76
89 56
90 38
64 3
4 1
34 1
22 55
26 37
4 94
2 67
85 8
4 9
21 21
100 31
37 73
41 5
94 84
87 12
21 14
99 29
28 54
36 10
97 72
22 83
20 89
85 45
85 33
85 38
8 41
27 81
72 85
29 30
30 98
25 9
79 72
21 52
92 57
99 54
59 45
5 71
52 55
3 24
11 90
3 62
59 53
53 27
92 64
92 66
58 80
96 66
47 14
44 62
4 55
34 39
96 95
35 61
94 10
65 15
56 91
27 100
21 36
61 10
65 79
45 54
93 95
95 85
76 80
53 2
26 77
37 63
90 8
63 28
54 65
53 87
14 5
60 55
25 31
43 42
21 54
7 34
87 60
61 44
67 82
69 60
5 8
63 43
1 1
24 99
44 46
19 80
71 86
81 33
29 36
92 84
20 50
87 53
74 61
29 61
49 3
99 68
19 36
18 22
52 40
78 69
44 7
73 74
5 94
39 95
58 86
64 96
58 4
87 73
8 87
12 47
56 43
38 70
36 81
11 79
74 69
21 12
45 68
85 27
24 73
66 25
93 49
2 49
20 7
94 83
89 62
13 65
82 25
86 29
39 55
21 72
7 72
78 5
22 10
28 3
49 59
68 11
47 4
70 87
10 98
39 9
15 24
30 58
42 53
83 21
48 29
45 64
55 17
37 38
77 15
93 6
20 91
37 38
31 46
48 82
1 48
56 84
79 9
51 8
96 5
4 84
60 77
99 95
75 45
24 40
53 24
85 24
25 25
36 50
69 96
98 47
25 78
9 98
52 3
75 92
22 18
66 27
83 22
79 22
68 22
80 39
57 67
33 52
56 52
97 1
57 6
47 85
65 23
39 16
77 70
31 47
95 8
37 75
95 3
72 82
5 10
71 11
18 87
28 83
90 45
42 26
82 53
13 17
75 76
74 44
31 19
95 55
27 50
40 35
96 64
28 45
75 58
86 86
43 25
68 4
74 92
57 65
22 24
73 46
3 65
65 52
67 95
22 76
76 9
83 38
82 50
72 53
27 73
2 91
49 15
61 42
92 73
55 7
12 24
69 25
10 59
79 55
2 86
60 93
72 95
74 62
87 69
20 75
48 52
90 73
4 2
53 52
27 92
18 80
35 15
65 20
100 98
75 100
33 35
18 75
4 79
51 93
81 66
59 46
43 17
92 93
54 38
99 8
22 90
36 71
11 15
13 15
74 82
24 75
49 87
97 82
27 62
2 25
60 33
97 65
29 21
60 90
22 53
36 32
21 25
84 10
22 28
15 79
43 81
43 92
95 46
12 69
52 1
46 93
59 95
83 29
44 40
53 70
53 30
83 3
54 86
58 66
12 27
100 47
69 71
47 60
87 100
28 19
22 73
98 33
85 30
16 25
97 60
1 85
79 10
7 47
7 92
2 16
100 61
4 80
75 22
81 6
73 9
70 95
48 39
79 22
94 40
55 43
24 70
98 77
1 6
96 75
30 30
20 16
85 86
64 15
62 44
56 77
21 42
96 43
27 64
94 48
36 44
78 46
31 30
6 71
33 13
78 90
70 74
63 19
17 54
14 56
5 19
19 80
1 28
69 32
81 86
18 100
78 77
4 16
91 52
26 3
99 57
73 92
6 5
95 38
90 85
19 79
58 44
25 66
48 13
75 84
49 53
34 30
64 12
63 28
65 91
19 11
76 75
56 94
16 3
59 59
42 20
17 81
58 22
62 58
84 24
53 100
57 22
33 93
46 9
43 57
37 57
100 67
30 97
33 79
81 12
78 49
87 73
94 12
67 90
65 87
77 20
60 69
1 100
13 1
98 65
60 90
2 66
38 91
80 51
43 20
47 4
3 96
64 65
18 24
3 72
91 29
69 87
35 72
57 23
30 59
71 27
44 27
35 18
42 70
75 24
10 57
12 20
28 100
72 75
16 40
84 76
33 45
85 59
21 67
94 45
39 93
84 4
6 57
80 9
74 45
81 12
41 56
70 91
88 22
81 50
37 38
24 84
8 10
27 41
21 1
42 10
98 1
4 32
63 46
88 77
32 10
46 91
67 94
34 41
47 34
83 59
23 66
42 24
19 30
5 18
49 22
33 90
72 13
50 5
39 6
84 4
63 43
89 27
4 41
9 26
15 74
45 10
22 30
57 46
56 71
24 24
79 44
45 63
96 13
95 96
97 57
29 62
4 74
31 74
40 99
91 32
62 68
45 42
8 61
99 19
96 42
22 39
68 42
80 83
19 14
78 14
99 31
40 66
35 29
40 9
97 39
74 60
34 29
49 52
87 17
75 78
25 80
96 60
79 7
40 78
66 85
41 85
6 66
91 84
44 46
22 5
41 88
5 53
22 3
96 27
37 86
82 24
18 48
55 99
35 96
99 1
25 47
30 63
60 73
90 56
15 97
9 99
81 87
1 84
61 54
61 93
64 20
65 11
2 67
39 43
31 42
84 46
14 73
62 81
22 22
27 1
97 7
15 30
62 14
77 28
26 27
99 62
54 11
79 44
53 47
39 17
71 98
29 7
99 77
89 87
41 84
36 97
97 69
34 61
75 11
68 42
53 44
62 72
14 18
74 13
7 66
50 80
30 99
41 44
7 5
89 88
18 96
44 61
71 33
32 27
24 3
95 92
52 88
36 96
69 89
66 34
25 33
74 25
22 4
76 91
52 86
87 66
38 38
9 84
87 61
42 62
36 79
12 22
31 8
75 34
26 75
96 47
28 53
100 67
46 35
18 66
95 5
77 16
88 93
91 22
98 35
61 85
31 99
74 75
91 27
16 69
33 54
17 85
75 71
4 60
34 14
80 91
97 42
52 21
48 55
27 59
12 58
68 18
87 51
71 79
63 50
72 68
29 20
92 99
86 23
34 28
26 19
45 92
95 51
38 44
55 78
67 59
20 2
82 4
65 7
81 51
30 97
86 88
5 69
83 39
37 2
34 59
15 92
11 76
39 11
41 33
39 59
75 98
85 75
41 43
87 84
72 55
51 27
16 65
88 6
93 58
76 9
91 95
51 94
21 34
57 45
43 39
20 99
91 99
13 87
59 16
43 99
60 58
86 15
74 2
79 22
92 28
12 7
37 13
83 44
95 29
44 84
55 81
91 44
63 21
92 22
96 93
81 43
87 33
11 78
78 66
52 58
15 75
85 81
14 6
48 41
91 24
35 45
25 5
71 69
45 8
50 70
41 90
62 56
63 34
74 88
91 51
50 51
7 42
67 28
27 36
32 59
23 62
19 97
75 47
3 48
77 68
8 36
99 42
64 20
3 13
45 73
2 37
7 2
4 95
43 81
48 15
93 51
7 93
39 35
1 9
60 58
1 7
83 64
89 58
54 49
38 8
8 65
13 93
29 13
73 6
32 95
92 70
63 78
33 13
97 56
64 53
17 60
42 25
85 91
72 12
95 4
96 53
94 31
32 34
61 98
81 12
6 24
3 88
8 82
37 15
93 26
23 63
96 51
11 61
56 47
49 35
13 16
14 85
68 53
54 16
47 39
55 43
7 10
10 64
21 4
33 15
37 41
72 97
96 47
71 14
44 46
35 8
44 32
90 25
47 76
3 31
8 36
80 37
14 89
26 94
81 97
9 96
58 62
35 61
48 19
65 50
52 63
77 41
66 43
50 16
35 37
79 89
79 54
43 77
10 37
55 64
98 40
87 24
84 1
18 83
91 65
58 56
79 10
17 61
31 88
60 72
90 8
90 81
53 4
84 64
98 18
13 70
99 68
2 62
12 35
55 35
21 58
2 88
46 51
70 8
7 21
60 14
92 75
33 3
50 11
69 6
45 13
38 8
50 61
91 97
44 19
22 4
83 84
41 88
47 13
92 98
43 62
4 69
78 5
23 17
19 62
9 26
44 60
28 17
61 24
82 73
55 55
57 8
41 33
30 51
89 36
68 54
93 41
31 94
93 89
13 21
45 38
60 59
56 69
30 59
100 62
53 1
48 94
38 83
26 75
8 66
74 27
27 80
18 86
14 89
78 40
11 93
78 13
52 94
87 100
1 93
16 40
23 81
23 59
27 99
66 71
21 61
34 59
67 84
80 73
11 43
96 78
32 83
42 30
75 40
15 19
89 21
1 38
87 25
90 59
68 57
33 21
77 54
27 89
80 50
89 74
9 30
75 99
65 44
53 66
80 79
46 58
95 28
82 47
72 50
71 83
84 85
29 90
45 80
89 63
7 51
4 20
91 7
61 58
24 79
73 12
26 76
41 46
36 46
38 16
38 11
79 94
86 98
17 92
92 84
36 84
82 51
68 50
55 16
67 74
25 42
80 1
30 35
66 36
84 83
36 47
54 94
99 38
81 99
88 37
84 62
66 53
16 57
69 46
43 29
66 78
79 47
31 69
6 43
31 22
54 67
68 84
98 44
24 3
64 56
31 6
87 88
76 17
24 74
35 36
62 53
81 94
52 68
26 66
9 95
9 5
67 3
75 31
97 92
56 23
12 2
38 68
29 47
59 55
70 1
14 84
33 74
99 70
2 36
14 54
17 93
47 97
7 29
97 10
63 39
27 24
77 57
75 5
14 88
19 87
18 80
72 56
89 94
71 27
7 94
32 70
6 25
4 32
85 15
92 12
27 85
19 57
92 64
14 82
100 99
9 34
52 35
35 45
87 13
33 61
43 82
80 65
1 47
82 56
81 12
31 38
1 34
95 12
1 92
45 33
43 49
92 61
26 87
6 13
18 31
85 36
15 74
93 63
46 34
86 4
89 20
14 7
50 28
36 78
14 80
80 51
11 39
72 95
66 21
77 93
68 75
75 34
62 40
83 49
62 34
17 37
59 12
54 32
16 43
42 6
84 57
19 100
6 14
68 50
43 79
17 24
41 94
98 30
1 77
85 28
50 96
16 83
76 100
58 72
47 64
72 21
37 9
88 22
83 54
54 22
55 74
88 48
74 23
69 68
49 67
99 56
68 23
25 36
32 29
64 5
44 38
55 53
92 33
32 50
42 22
49 20
36 60
70 96
92 31
52 64
62 82
73 48
34 31
59 13
72 60
70 40
72 29
5 34
49 28
43 27
83 45
9 94
28 88
64 34
33 22
73 67
61 18
19 26
19 94
74 7
89 66
66 47
9 71
20 5
40 9
39 56
60 92
89 71
52 98
44 47
12 91
1 64
88 94
27 88
4 42
48 50
42 20
94 30
33 87
28 92
12 95
21 29
78 62
10 83
71 34
86 21
42 89
96 17
62 100
32 58
16 58
21 90
60 80
10 19
68 79
78 62
39 32
59 74
37 28
41 69
38 79
11 20
39 14
13 49
97 86
71 30
52 33
1 52
3 35
56 21
47 59
87 44
73 94
28 96
79 54
70 44
25 45
82 53
80 83
6 1
74 1
38 57
8 29
36 28
92 88
6 49
36 89
9 57
24 49
24 63
37 87
100 45
49 29
8 35
50 38
29 59
92 31
98 92
54 93
18 38
50 50
58 15
13 28
3 6
62 87
28 85
42 91
95 61
16 32
7 18
69 26
20 49
90 26
70 31
29 77
4 99
73 58
10 88
8 16
97 47
4 39
61 6
20 95
10 92
14 42
3 53
66 78
96 20
25 76
13 70
4 3
11 4
63 92
64 95
17 75
42 18
88 16
53 80
40 40
66 6
80 1
22 91
69 9
33 1
92 6
72 42
45 3
32 68
36 3
72 7
22 67
47 90
58 13
78 36
45 68
89 3
3 24
32 74
65 47
18 77
89 64
57 17
64 32
42 100
93 19
75 31
83 34
3 66
62 86
70 37
89 65
6 93
6 38
66 96
45 23
7 22
22 75
89 56
65 36
96 90
47 70
44 39
79 36
11 6
24 48
79 36
70 36
96 94
61 95
64 1
39 21
88 28
66 60
65 81
71 16
7 82
38 61
94 50
84 94
16 76
33 2
89 51
49 55
40 59
11 53
40 61
34 65
14 68
87 69
5 89
40 31
12 27
19 99
24 56
11 93
56 90
82 32
71 88
95 31
33 41
40 29
69 89
83 90
5 72
76 77
24 12
45 3
60 18
72 90
51 41
80 59
89 70
99 9
55 76
72 67
37 98
34 47
1 63
65 25
52 95
32 57
82 85
99 60
76 46
29 78
16 89
40 67
59 18
90 49
17 94
42 55
67 42
86 29
82 72
67 86
29 58
25 95
8 100
98 72
3 63
35 2
55 57
5 49
11 66
57 95
92 47
79 66
49 5
32 51
92 46
80 60
47 97
28 34
24 48
29 32
43 26
42 21
56 31
94 68
81 37
83 59
52 55
78 83
41 23
30 91
69 88
9 82
77 10
75 64
52 76
72 84
91 57
63 98
3 28
91 9
4 6
87 36
63 75
57 90
85 84
77 2
32 18
74 50
46 16
10 23
8 79
9 21
35 36
8 22
39 6
91 1
26 91
59 8
97 13
11 68
67 31
24 17
88 12
2 39
52 18
5 73
15 39
66 57
55 50
25 54
3 71
54 12
16 24
30 39
85 44
45 94
3 97
49 23
30 32
1 95
78 38
66 35
3 96
68 100
95 75
44 24
47 50
30 84
48 82
98 96
69 39
85 78
22 25
14 82
13 5
69 81
50 50
80 71
58 9
76 2
59 95
40 24
93 4
63 67
68 59
42 89
7 2
59 97
11 39
42 93
2 20
35 97
66 49
15 51
53 29
30 83
9 58
3 4
47 17
72 51
21 53
46 90
18 55
40 54
75 72
91 79
21 40
36 78
60 84
28 20
62 47
37 96
33 100
29 64
58 89
1 29
33 92
96 82
85 93
20 63
6 55
14 95
53 78
75 43
45 10
61 88
69 29
14 80
67 12
76 16
56 66
75 80
82 99
10 27
1 41
13 45
7 63
77 80
100 11
24 29
3 52
79 35
80 79
74 84
45 11
25 13
56 42
3 15
23 1
99 64
55 34
82 99
13 39
17 37
3 62
2 86
79 77
64 94
76 87
39 66
94 90
67 16
38 77
42 45
36 8
96 54
66 69
88 60
89 58
79 19
17 41
11 11
30 11
84 16
1 74
89 67
98 5
8 16
34 81
97 57
39 66
6 74
11 26
45 16
94 98
96 71
37 17
5 73
35 69
87 84
64 71
10 1
91 76
34 9
1 34
66 14
70 57
72 84
76 61
50 13
6 45
47 2
43 45
36 65
91 57
17 72
85 100
5 58
3 65
100 98
3 78
31 29
69 87
33 64
50 7
19 15
81 42
30 50
45 42
83 58
77 55
61 39
26 32
59 18
99 100
61 32
48 75
22 66
41 40
17 37
41 12
45 87
98 93
20 41
46 59
65 72
38 8
96 65
83 87
7 92
59 7
21 35
42 94
21 91
57 88
70 46
15 31
39 64
16 11
5 8
29 26
75 65
85 33
67 66
18 78
81 70
44 19
68 9
76 100
38 92
69 54
88 90
77 16
57 33
49 25
45 27
45 79
6 89
83 76
32 81
59 59
50 64
61 7
95 7
84 34
98 44
14 99
86 94
8 74
62 78
74 26
43 61
2 66
22 53
53 89
58 31
8 48
68 18
39 5
72 43
83 74
85 62
75 72
2 27
62 95
99 83
57 42
7 24
85 80
12 25
7 82
36 6
76 91
89 25
35 29
95 27
75 41
17 56
18 76
7 74
72 25
13 64
22 81
4 98
49 18
28 11
35 26
45 32
38 88
18 66
68 49
68 70
58 71
4 62
46 7
57 78
79 17
83 85
94 99
25 42
45 59
97 64
48 50
38 44
16 26
38 76
13 34
17 10
80 73
21 49
28 31
38 52
17 30
9 23
29 23
57 77
94 89
96 11
6 100
50 92
1 76
19 85
10 47
23 92
31 98
87 69
45 48
18 10
3 10
21 69
7 46
99 100
66 19
96 18
92 23
19 7
94 97
75 52
26 39
57 89
33 84
80 69
14 25
15 83
19 90
73 100
29 84
60 32
30 44
93 30
92 46
75 52
93 18
20 83
64 53
8 94
67 97
14 70
31 58
89 76
92 9
45 15
31 44
79 42
98 60
58 50
66 67
62 17
76 56
27 73
86 94
57 61
13 67
34 20
23 93
50 74
6 31
80 88
58 88
99 5
86 41
21 72
60 63
20 20
32 13
25 61
65 56
17 76
87 47
96 24
36 89
87 6
49 90
43 21
96 45
96 5
88 91
2 26
81 31
43 97
34 18
81 39
76 47
97 46
84 16
63 53
37 75
62 100
8 18
43 1
76 79
76 63
80 39
90 48
5 12
72 25
40 40
83 67
43 79
53 36
20 65
14 10
8 5
89 21
55 52
53 25
86 29
52 85
30 7
30 37
90 29
64 5
49 48
13 37
20 28
3 62
89 13
83 59
50 11
55 81
38 34
71 70
91 47
39 97
73 82
29 65
22 81
88 42
54 38
55 60
73 10
19 62
72 27
4 19
85 43
94 28
20 9
51 77
90 6
28 97
53 53
50 55
34 43
84 94
46 24
93 43
67 13
32 1
72 40
80 69
33 51
98 79
96 67
64 42
47 37
65 70
17 74
40 25
80 78
57 6
50 22
75 62
49 5
80 68
82 11
97 40
82 35
89 91
10 8
65 91
15 74
83 1
56 18
90 71
36 50
36 55
17 73
77 34
62 1
5 42
5 34
21 90
13 70
76 25
56 67
43 29
94 62
95 20
22 18
97 14
53 94
57 61
49 91
9 97
49 64
75 40
58 1
84 88
42 69
88 59
43 45
100 55
58 9
51 13
44 73
26 85
32 90
54 84
52 57
94 37
18 96
61 53
35 25
66 16
26 13
91 26
25 38
69 51
12 65
67 96
62 62
60 34
7 78
6 36
48 17
89 14
96 37
75 24
49 82
98 78
53 56
60 72
38 45
15 65
29 36
78 84
60 34
1 54
22 75
63 90
35 39
70 9
83 15
51 54
83 9
84 51
91 27
65 23
94 58
52 38
32 47
17 68
10 73
36 54
1 73
88 28
80 53
62 72
8 43
12 66
37 69
95 25
41 4
89 16
24 74
82 59
19 87
61 14
97 50
94 32
41 21
90 13
71 59
88 39
58 88
92 14
5 68
4 8
38 89
56 79
30 41
80 3
53 69
18 62
34 92
33 44
95 56
91 29
12 16
35 10
48 10
31 66
92 98
98 28
53 78
54 20
90 91
3 33
60 20
32 87
61 39
98 92
88 57
19 39
18 9
62 65
83 22
34 85
9 28
12 44
38 42
36 64
65 93
95 33
76 38
49 48
28 87
96 91
39 94
52 63
97 16
71 98
91 28
63 22
21 59
49 4
100 11
95 32
33 10
64 75
39 33
48 22
56 56
81 41
93 8
63 38
8 84
6 27
56 70
14 23
86 31
14 28
22 75
98 31
69 50
64 35
36 83
20 87
24 28
27 87
63 61
77 63
69 27
86 7
9 61
17 93
19 80
87 98
19 43
24 3
52 67
3 74
72 46
42 50
29 51
41 70
14 28
32 94
96 23
74 94
70 98
4 50
60 36
27 16
56 39
66 12
51 89
59 25
39 27
97 44
39 86
9 40
15 61
29 17
71 43
90 46
91 3
41 24
96 83
30 49
76 39
55 43
23 96
11 38
6 88
58 24
26 20
5 19
49 67
95 38
64 90
67 47
85 68
94 8
74 69
80 32
95 1
14 26
34 22
85 46
18 21
80 23
5 2
65 69
70 3
88 92
42 4
37 29
54 72
56 41
10 92
8 77
12 91
92 68
94 13
10 45
37 18
75 48
73 31
30 53
37 6
48 91
59 9
92 79
81 65
71 38
87 99
46 60
21 86
75 1
5 32
10 76
16 93
18 78
41 16
72 59
35 58
88 41
13 92
58 61
16 15
69 84
81 93
76 14
34 69
75 53
64 90
93 84
53 1
98 89
100 36
1 14
10 76
27 35
96 54
2 50
67 81
48 48
5 93
96 3
86 19
18 81
65 9
73 49
87 12
22 5
25 80
14 49
99 32
49 35
83 96
96 95
97 95
38 46
90 15
2 10
90 57
60 94
8 47
7 47
38 47
27 29
18 29
89 31
20 64
80 3
70 71
78 68
80 63
41 36
81 48
23 33
48 9
17 40
75 86
40 95
88 66
99 9
90 51
51 63
10 35
69 18
74 28
80 72
41 95
48 48
23 76
56 81
55 54
59 87
18 64
44 64
45 36
15 69
68 49
98 40
18 75
28 17
58 29
67 71
97 9
77 74
57 57
5 37
9 81
85 96
70 3
40 16
12 65
88 23
55 46
78 85
72 60
94 21
91 95
54 87
28 77
71 29
36 98
85 22
29 56
80 11
64 90
88 39
48 25
81 80
35 54
72 100
76 66
93 60
26 53
20 35
56 64
39 64
78 19
36 21
78 59
14 65
2 27
93 51
21 49
13 13
12 20
52 44
67 50
55 28
73 100
50 36
32 51
23 18
22 6
13 80
74 90
71 85
26 85
69 49
41 81
95 73
2 15
4 80
27 100
41 56
33 32
58 62
68 7
61 82
74 73
53 33
63 44
34 42
10 78
36 27
2 76
79 93
76 87
82 82
91 39
45 8
2 74
84 50
25 90
75 62
58 82
95 87
54 38
45 18
59 66
56 60
71 8
81 57
67 45
65 98
34 43
79 52
77 92
67 64
39 54
28 19
8 56
24 76
25 59
78 28
31 38
8 5
69 8
49 13
36 34
26 76
67 96
15 53
25 32
68 3
30 69
21 83
65 80
21 13
46 4
74 86
61 93
29 81
18 37
69 57
57 58
39 88
26 88
18 76
22 71
90 29
25 16
77 76
95 49
35 69
6 18
94 96
39 43
33 56
99 28
46 30
78 13
81 59
19 11
35 66
67 3
93 34
73 26
23 97
65 75
83 68
94 57
19 10
50 17
38 36
61 7
96 79
71 18
16 38
8 45
2 14
13 71
10 49
6 47
11 99
21 87
31 41
67 72
10 59
86 90
5 6
52 91
77 19
95 46
1 9
19 7
65 62
87 43
84 47
94 83
72 75
44 18
57 55
91 9
44 22
15 58
3 78
68 21
14 10
71 85
61 7
78 37
18 84
88 44
7 14
35 27
27 3
89 61
93 4
69 81
24 99
74 68
1 7
20 5
65 65
88 85
4 69
3 73
70 72
12 73
64 20
85 56
99 77
8 92
76 68
33 41
47 53
67 47
36 40
26 13
25 18
1 26
38 22
49 12
31 66
59 55
10 42
96 69
89 56
58 11
87 23
24 86
90 27
56 8
88 55
10 53
74 78
4 5
97 54
53 80
26 25
15 56
59 25
35 21
16 13
53 66
85 59
66 18
44 7
66 93
37 1
48 57
48 32
64 70
24 4
22 74
37 47
93 86
55 37
98 79
24 21
11 36
5 43
4 95
88 29
7 28
15 93
96 45
63 25
4 24
64 34
77 81
5 40
77 36
10 6
2 75
66 2
16 98
2 78
32 28
95 87
1 20
75 85
23 48
19 60
17 32
59 15
97 23
17 45
10 73
13 27
93 2
21 1
97 8
68 35
44 64
19 15
46 23
64 82
43 81
19 100
65 4
6 13
83 91
15 85
2 8
14 21
41 1
49 77
65 12
26 12
68 45
12 63
45 83
43 9
58 69
89 31
50 1
45 7
32 8
52 28
2 65
32 78
29 9
56 97
21 18
42 65
42 88
14 88
61 80
68 49
93 95
51 87
100 34
5 53
57 18
100 70
95 67
55 49
42 28
37 99
29 37
77 94
78 99
67 57
86 75
23 77
33 44
21 94
51 53
87 23
13 43
52 57
76 5
73 24
95 17
94 92
54 53
50 61
27 80
43 66
12 53
21 33
65 11
58 94
30 18
73 98
53 62
24 54
83 78
29 6
51 17
41 33
15 59
9 32
38 7
82 89
97 20
61 3
23 78
88 89
35 34
80 19
36 88
67 19
70 32
54 7
78 3
43 33
21 89
4 80
9 55
73 75
55 8
31 8
71 42
97 9
12 22
21 9
27 99
38 96
13 7
92 81
85 40
89 60
41 99
79 35
23 90
19 17
47 46
81 50
90 35
83 82
7 69
94 40
71 65
44 94
16 18
70 70
91 28
43 96
60 22
78 7
2 32
25 28
40 12
12 20
14 68
67 93
35 59
92 26
45 81
41 58
59 54
65 61
51 55
28 95
55 9
86 64
31 23
62 30
32 98
45 99
35 21
24 87
82 80
64 28
45 64
82 95
61 85
60 37
43 72
84 85
61 23
32 36
35 6
41 33
59 58
76 21
30 51
5 38
23 55
66 59
48 91
65 14
25 15
8 81
9 100
11 11
77 81
84 16
27 24
72 91
9 84
18 95
78 51
17 92
99 92
65 34
80 35
27 14
17 4
89 3
54 60
86 56
1 67
55 81
52 7
2 46
39 81
44 79
31 46
23 6
30 1
58 44
100 96
4 79
84 86
29 6
10 49
79 59
83 30
76 90
21 96
35 80
35 19
79 42
23 12
52 82
53 35
44 30
87 31
11 17
27 71
96 27
26 31
44 4
53 57
40 45
33 9
10 37
68 35
43 20
14 15
42 1
63 63
50 6
88 79
74 15
38 37
19 72
77 50
57 39
24 39
71 27
14 63
53 8
5 47
86 78
26 93
25 96
95 54
28 69
68 12
80 24
73 92
67 77
11 36
5 89
61 11
51 84
55 100
15 64
99 20
100 75
77 45
94 17
58 48
68 73
95 63
71 57
33 42
32 68
18 58
25 87
69 48
36 49
60 7
13 34
66 76
53 59
48 72
36 92
74 97
92 12
5 5
5 33
95 81
97 30
92 45
47 20
42 99
61 87
72 63
72 56
32 4
72 20
86 10
53 22
85 16
76 9
66 2
25 10
59 7
66 67
76 85
79 58
93 29
80 77
75 66
51 42
41 47
87 67
6 45
34 34
45 26
7 45
29 66
2 95
36 60
94 47
26 29
93 24
25 67
97 94
8 28
39 87
19 63
69 49
28 27
34 95
37 52
4 31
99 57
54 40
26 17
18 61
77 34
22 9
82 30
8 62
74 2
47 6
10 37
18 3
49 15
65 26
82 35
78 74
29 89
61 27
5 58
40 16
64 36
56 65
1 94
30 59
71 91
41 84
85 73
49 53
72 66
68 27
2 88
75 98
71 96
74 85
81 28
63 2
30 53
12 33
46 28
63 75
58 54
76 92
64 48
22 9
39 46
22 18
6 51
65 39
10 22
18 21
15 19
71 64
96 19
43 76
9 34
6 96
67 58
6 48
80 61
86 44
5 89
75 27
43 83
100 57
34 98
2 19
29 67
11 4
40 78
26 46
72 84
78 44
60 18
19 8
81 31
71 35
45 95
16 83
74 14
65 32
73 29
18 73
77 100
73 12
94 7
91 20
94 40
5 13
48 21
71 47
36 93
92 8
47 53
83 15
83 2
51 83
86 29
48 2
7 87
50 7
81 67
62 61
61 71
49 57
23 25
23 21
6 24
53 48
27 49
95 31
6 90
79 24
62 11
26 67
21 75
74 30
46 67
83 83
57 9
8 73
5 27
66 3
68 79
70 14
93 22
37 83
93 58
59 34
84 16
58 74
56 10
36 81
26 80
42 39
32 22
67 52
31 77
29 73
34 87
75 50
56 81
18 70
12 26
74 29
88 85
76 1
14 62
57 97
58 66
66 83
60 64
20 46
47 74
48 32
94 3
12 46
23 34
33 29
81 69
89 6
48 61
55 57
36 3
14 23
10 96
41 25
64 30
43 86
21 26
73 21
98 56
61 24
4 11
34 71
38 24
51 26
66 80
5 69
97 87
35 17
64 90
3 83
62 11
41 90
96 36
89 5
18 51
97 70
87 57
84 54
66 55
2 61
26 86
65 5
77 11
97 8
91 68
97 94
20 68
71 66
6 12
26 9
64 45
42 2
12 86
62 38
52 78
54 35
69 85
67 40
96 93
27 89
94 45
43 20
15 72
17 58
87 29
89 8
85 44
82 43
47 12
67 29
30 10
6 66
43 90
48 85
41 42
20 77
19 79
100 22
39 97
40 23
53 58
100 38
83 100
98 50
38 27
43 82
99 62
100 43
28 21
26 92
7 7
51 69
77 77
89 18
46 97
76 83
55 2
88 20
99 28
88 14
32 48
92 42
63 73
73 4
54 17
26 92
15 33
73 68
91 64
88 46
23 21
9 18
59 59
79 40
80 87
78 49
94 4
22 55
61 80
72 63
19 91
1 22
94 24
25 68
52 22
99 46
90 1
37 77
17 59
55 10
81 1
29 10
31 31
79 41
69 60
3 37
47 18
72 76
64 25
88 99
48 29
92 3
92 77
50 40
8 94
6 86
5 61
29 72
88 43
83 68
53 67
56 33
79 71
28 20
9 29
74 28
27 85
27 44
88 74
94 62
27 81
4 55
82 68
1 29
61 25
17 6
88 6
78 52
40 72
92 79
26 22
79 21
25 43
74 91
30 5
47 75
15 50
12 85
12 84
72 2
96 63
8 53
86 52
64 11
99 96
3 93
9 35
93 92
15 51
51 2
7 12
34 100
57 57
2 51
49 11
7 92
49 61
46 33
50 17
84 67
95 84
19 16
69 75
87 83
40 71
72 96
9 80
18 62
39 1
34 12
37 53
82 60
23 78
85 87
31 19
64 82
32 3
94 38
27 47
35 45
34 88
45 63
97 79
72 86
7 61
55 45
19 32
27 82
51 62
70 16
86 40
49 85
74 36
44 36
91 98
75 20
89 20
100 82
24 24
4 25
44 62
19 85
96 50
50 92
87 33
52 82
7 11
97 98
79 15
82 5
55 67
4 19
14 96
96 71
66 48
24 61
44 68
19 61
63 65
25 70
90 100
78 80
1 50
83 62
92 41
31 5
80 78
64 46
87 74
12 22
73 10
54 82
80 54
44 79
28 72
5 78
93 75
37 48
8 96
10 94
24 89
80 25
61 43
28 56
48 50
64 77
29 66
41 19
98 93
42 80
63 89
44 3
52 19
1 98
50 5
38 54
37 24
72 85
100 7
47 84
6 43
28 42
80 65
74 53
72 4
7 23
70 86
99 20
97 23
21 10
91 81
67 14
22 18
39 35
32 75
14 80
27 24
6 39
95 67
22 87
36 47
43 43
3 13
14 95
32 100
24 12
30 87
70 11
71 62
42 38
89 36
37 67
28 87
3 82
30 98
49 3
47 95
8 100
81 14
58 49
70 9
47 17
98 77
47 78
85 29
53 61
70 17
7 50
39 93
13 68
6 52
91 7
37 35
47 31
46 3
68 79
19 11
63 81
18 85
53 40
24 9
15 5
26 58
63 50
62 100
29 77
7 54
61 45
42 54
26 88
78 82
23 93
61 10
49 84
38 99
45 28
77 13
65 22
49 26
7 67
51 100
30 40
41 12
90 10
52 41
51 43
80 88
68 13
12 92
90 57
26 99
58 48
83 52
39 7
55 79
36 67
85 62
74 30
25 9
14 4
18 41
76 58
15 18
5 59
56 30
58 32
8 50
47 70
66 64
17 52
20 27
57 21
32 14
55 21
37 64
17 52
11 90
81 88
47 84
22 86
92 80
30 29
60 23
76 45
84 2
52 87
38 10
98 94
52 83
38 19
42 10
68 85
59 2
42 72
39 42
44 39
65 82
39 87
39 3
29 29
5 43
68 43
65 65
37 18
33 57
55 88
60 82
97 57
65 89
65 30
60 43
29 58
1 51
76 60
85 70
68 52
78 69
97 63
28 88
48 34
51 97
70 63
49 78
22 90
89 81
68 72
100 88
71 82
30 31
35 32
5 84
4 24
83 82
84 82
37 46
87 22
15 60
44 16
92 52
84 74
91 70
99 83
76 89
25 21
16 54
22 55
100 90
69 68
47 71
52 66
87 46
59 41
80 22
57 42
93 2
87 18
25 54
64 51
1 61
87 7
73 92
36 43
80 45
64 48
16 52
81 7
42 93
18 89
33 71
63 15
91 70
73 26
28 21
33 85
50 12
57 2
63 74
98 92
89 31
10 50
47 33
15 80
25 20
83 22
15 56
14 48
50 13
14 60
23 69
93 21
37 78
79 52
61 39
45 60
97 97
10 26
40 18
19 70
65 89
13 66
85 5
37 46
75 90
18 6
1 54
55 54
90 31
83 15
30 71
82 3
2 96
29 23
81 53
95 63
35 42
55 24
33 84
40 27
70 24
62 59
28 65
6 31
81 28
30 25
11 20
23 18
19 69
28 48
72 82
15 36
54 98
56 27
51 1
87 54
97 11
31 43
10 28
68 69
58 50
8 73
19 56
29 95
4 4
15 52
65 77
42 9
48 25
90 78
61 51
65 37
59 97
59 48
28 69
42 67
38 18
77 92
27 30
2 23
39 67
27 89
57 49
58 64
93 5
55 71
13 72
70 54
9 57
14 61
91 24
97 59
98 100
4 11
60 81
6 21
49 20
42 94
28 77
37 21
38 3
88 57
67 25
36 44
50 96
65 79
86 2
86 11
90 54
49 62
52 33
52 1
9 56
35 71
76 43
13 69
28 59
30 63
60 81
6 85
24 33
29 96
36 22
95 54
75 68
30 84
61 50
70 61
54 51
87 88
51 27
3 99
15 58
44 32
52 66
100 14
49 92
45 69
71 27
48 90
94 22
38 61
55 44
90 27
19 82
10 90
91 90
79 99
93 80
96 98
21 96
56 67
36 45
11 73
88 65
48 94
86 7
63 45
78 74
5 27
43 6
78 45
17 97
18 3
39 69
88 19
34 76
68 51
58 63
30 44
26 31
63 89
66 57
19 62
60 49
71 12
42 1
51 69
13 77
79 50
98 44
97 17
6 6
98 66
91 38
58 83
25 14
29 60
47 93
22 45
82 24
59 20
74 79
52 61
81 24
34 97
74 39
40 48
54 100
53 98
86 40
51 19
67 44
23 17
68 1
83 73
3 86
64 58
73 12
82 53
32 60
91 87
54 26
11 56
91 41
34 12
72 36
2 71
63 17
16 72
76 29
29 67
32 39
77 95
89 89
5 31
27 89
43 89
4 33
51 40
60 33
72 55
43 50
40 34
12 100
18 61
44 44
48 18
30 24
50 78
64 37
98 84
36 85
94 18
65 51
30 4
7 11
52 24
9 45
43 1
78 10
29 29
98 45
49 5
96 49
1 17
40 81
100 99
11 45
46 81
97 9
18 4
36 9
56 70
80 94
32 13
61 6
23 81
78 29
91 12
71 58
81 98
72 26
87 87
99 64
84 79
41 12
87 82
23 100
47 71
84 55
17 8
69 38
84 77
52 75
54 79
73 22
20 9
5 97
96 82
12 95
27 58
31 98
21 81
79 87
72 62
56 26
86 8
7 93
75 5
13 75
40 12
13 86
26 45
22 19
57 89
40 22
82 68
3 46
58 96
40 19
53 35
56 12
24 97
5 48
89 56
78 67
55 52
64 22
48 39
93 31
42 87
24 63
14 84
68 62
36 8
67 30
13 2
74 58
57 68
92 26
92 6
95 2
95 92
54 4
35 78
100 96
36 60
99 30
9 8
16 28
77 2
68 8
47 98
23 6
90 75
89 78
43 67
56 31
99 33
51 59
60 79
22 53
33 25
34 94
78 58
73 40
33 88
54 19
90 61
96 77
48 86
17 20
25 42
34 90
49 32
37 59
37 39
58 69
54 72
76 32
66 9
2 54
61 85
93 21
70 100
81 47
87 93
65 12
72 20
57 88
4 98
7 48
85 37
81 91
95 31
3 50
67 16
30 92
68 78
44 79
91 39
8 76
10 51
36 78
66 74
41 85
74 62
43 60
86 79
70 57
4 5
11 53
27 46
18 66
46 64
38 75
44 64
35 16
30 74
86 32
18 85
21 18
32 52
10 79
59 94
75 94
60 36
96 87
38 4
67 77
78 47
34 36
83 17
92 68
50 86
82 52
90 69
37 18
36 16
23 100
79 58
9 60
24 52
53 5
100 76
14 4
27 8
45 46
3 66
29 28
20 43
31 75
93 52
50 14
98 14
86 8
14 57
49 83
75 4
69 6
74 2
68 50
24 85
16 19
72 48
69 62
80 22
84 25
94 28
53 88
65 77
56 57
70 54
37 70
52 31
49 55
6 90
4 86
82 17
57 46
83 17
5 23
38 19
66 37
98 47
77 72
29 72
3 45
66 100
41 31
34 13
30 47
43 91
32 15
41 74
56 93
22 2
57 92
67 52
62 32
39 79
62 48
73 38
74 15
29 55
4 46
92 55
46 15
98 10
52 64
39 42
39 77
42 19
23 76
39 11
80 28
51 18
1 40
41 74
69 41
8 27
11 32
42 100
95 51
4 49
21 72
62 99
32 30
1 39
46 28
33 42
4 2
53 91
48 30
60 48
56 77
4 87
8 73
83 50
32 9
100 86
100 6
73 94
87 75
37 63
42 9
15 78
5 91
75 15
50 6
25 37
86 68
53 61
64 37
4 13
19 69
24 87
91 29
17 90
39 76
67 9
51 13
1 36
42 69
37 39
22 85
22 40
78 4
17 84
40 26
91 2
68 94
96 82
96 53
100 98
29 41
70 10
6 89
65 10
26 53
14 66
81 69
46 13
40 17
57 85
96 66
95 43
5 3
3 59
30 22
15 26
60 43
36 8
25 58
46 38
4 67
9 51
48 52
49 74
27 55
9 89
58 82
88 72
49 58
64 17
10 72
100 83
78 68
51 67
36 66
33 65
78 78
71 56
19 33
61 95
34 15
50 100
31 56
55 50
47 53
3 60
12 72
68 74
52 73
78 68
54 91
19 60
98 55
26 23
95 28
34 33
46 55
60 86
81 75
48 59
69 26
56 31
10 3
45 16
20 6
68 59
78 36
11 44
63 60
92 14
21 24
80 91
82 96
83 63
82 85
73 30
36 7
42 37
31 40
3 54
9 78
88 33
60 43
48 26
33 83
38 1
97 45
86 67
34 66
27 18
20 10
75 1
48 68
72 67
22 58
96 65
7 31
5 13
11 49
10 17
52 15
58 83
45 65
47 17
94 51
28 82
40 21
48 26
100 60
64 73
26 85
82 34
96 97
50 5
68 60
56 11
81 30
7 66
18 20
38 67
13 68
15 49
68 33
62 97
20 42
28 1
8 86
91 18
90 78
38 22
5 17
62 18
90 7
92 35
64 14
92 52
19 66
16 58
25 56
50 50
17 78
90 93
97 25
23 63
67 28
21 58
4 77
69 96
76 46
99 94
44 51
78 23
52 86
51 82
74 16
79 58
85 63
2 38
20 35
2 8
66 62
5 11
57 89
84 78
43 46
22 47
36 81
6 31
72 86
30 30
62 82
7 4
99 82
21 31
73 37
74 35
16 35
5 100
56 44
61 96
85 88
55 26
30 21
9 26
71 76
47 72
55 58
33 71
66 35
69 69
27 72
48 56
40 26
94 77
68 17
7 34
1 76
55 43
2 2
2 9
50 97
84 14
90 67
71 86
71 13
50 84
27 40
17 4
24 68
69 16
88 51
5 5
93 37
3 28
45 79
80 53
24 29
36 67
15 72
68 70
75 14
32 29
60 17
73 95
96 62
78 34
6 7
80 79
52 39
8 28
86 51
91 15
42 75
13 14
47 72
65 23
88 27
29 100
42 52
20 29
68 83
70 81
57 16
99 44
82 53
85 95
14 91
95 53
23 22
61 47
95 59
28 34
72 85
85 52
66 28
39 50
56 54
29 92
67 77
39 69
60 58
16 64
70 31
98 4
31 94
11 94
69 13
75 3
38 69
6 12
58 44
29 13
2 91
14 36
46 35
42 98
24 5
13 27
94 27
35 6
23 15
97 52
99 18
25 6
43 83
5 99
8 71
80 22
77 45
44 29
4 24
59 8
49 14
97 31
63 39
20 7
94 70
73 67
12 66
86 88
27 52
35 84
89 26
48 17
3 54
94 59
99 29
43 21
10 80
96 25
37 48
13 62
87 73
81 1
80 76
96 93
23 78
21 99
27 75
17 88
46 3
9 69
89 91
93 43
26 9
36 39
51 95
37 88
38 43
78 65
9 13
49 57
67 76
74 24
35 58
61 59
96 50
77 44
53 96
69 97
48 27
49 55
30 54
63 10
92 99
29 92
69 96
88 60
66 44
16 23
26 2
66 87
44 3
88 59
38 93
9 40
64 88
68 78
34 87
25 45
47 59
14 26
72 25
55 100
96 54
56 98
28 89
28 12
48 74
68 2
23 92
73 64
27 32
53 65
7 73
84 86
48 61
8 83
83 11
38 78
78 8
61 16
42 76
71 84
19 69
26 5
21 75
5 96
3 31
49 64
18 28
92 5
19 96
75 38
32 32
63 14
86 64
59 28
61 85
51 47
65 59
68 72
96 94
8 17
64 18
43 64
96 50
2 41
34 48
41 88
55 77
96 37
84 39
78 26
56 77
100 28
20 28
41 59
96 94
68 70
76 48
19 12
35 18
2 81
39 58
81 18
99 69
12 31
31 24
37 35
58 36
16 84
25 63
7 70
5 25
91 83
55 49
62 61
15 10
68 71
72 88
20 40
15 10
27 81
87 72
72 38
47 3
75 66
71 58
31 62
27 70
68 43
99 33
17 89
58 17
18 97
10 69
51 63
58 64
30 26
48 65
30 76
73 98
99 45
62 32
66 8
52 64
29 30
9 25
87 66
99 79
64 42
20 38
4 64
3 25
3 76
99 22
74 49
54 71
72 55
40 13
46 63
75 16
31 75
7 64
23 79
14 37
35 1
45 26
10 4
78 59
29 29
30 70
4 75
13 89
4 91
53 55
29 60
24 91
72 11
53 66
81 97
90 19
95 12
89 17
89 13
78 93
46 46
42 38
45 71
29 57
28 54
40 29
88 17
78 50
7 5
5 19
3 99
41 48
66 21
29 53
53 9
40 18
17 87
39 30
61 78
8 49
95 25
9 40
79 88
100 98
4 54
15 76
77 90
54 10
62 78
39 3
22 50
36 36
96 16
61 10
26 36
6 37
21 51
78 82
88 75
96 91
19 60
7 92
99 82
11 56
10 57
76 74
8 34
96 68
21 30
12 35
22 28
31 75
50 2
48 73
83 95
48 13
5 22
18 38
54 20
45 82
42 22
42 72
83 100
59 5
41 70
79 41
92 27
11 23
44 78
35 50
51 49
85 73
26 75
61 72
59 65
84 62
95 81
71 39
91 62
46 45
43 49
16 46
60 73
12 54
68 26
21 4
90 29
86 22
82 90
7 60
26 3
51 99
63 16
49 46
83 1
15 9
94 25
71 44
70 27
67 14
94 65
84 95
94 74
69 32
91 57
82 56
86 41
66 29
75 85
3 68
97 29
88 80
24 54
19 92
86 64
56 99
27 27
92 11
73 26
48 92
75 49
57 92
63 90
90 44
39 97
24 91
57 37
3 70
75 8
18 66
35 33
2 80
67 54
50 71
44 42
91 25
12 19
22 74
2 35
76 70
10 48
82 74
81 96
90 29
9 95
21 43
20 54
79 3
32 80
9 98
87 44
18 85
96 86
19 3
18 5
51 89
31 69
92 40
96 84
86 30
34 74
65 3
79 14
97 9
86 99
62 55
19 16
95 92
20 44
67 6
60 39
31 82
52 18
15 20
89 95
36 68
87 36
35 77
77 18
19 21
53 76
3 91
25 72
65 50
58 77
7 33
74 95
34 73
100 22
80 79
41 95
36 4
97 25
32 6
23 7
93 27
27 10
66 36
65 40
84 81
47 6
90 82
57 75
37 66
46 8
71 68
85 86
67 58
54 87
40 60
44 60
78 2
79 100
24 54
20 65
28 92
5 18
22 28
67 28
30 72
49 12
36 75
83 23
45 25
49 84
2 48
45 80
11 12
50 43
39 85
85 75
71 62
86 48
93 82
39 89
8 49
59 82
62 70
89 42
71 97
69 36
19 38
90 10
82 82
52 6
3 33
57 70
16 56
3 95
82 20
50 65
15 83
35 24
47 89
46 33
30 18
14 21
50 45
94 66
35 82
3 22
60 91
78 15
69 52
8 71
68 29
92 7
60 5
13 54
30 23
38 39
99 5
2 20
31 54
93 96
74 1
24 77
5 31
38 38
85 45
25 29
29 73
37 16
35 32
54 65
23 92
67 27
22 93
100 64
64 62
42 36
90 32
18 68
39 9
69 85
26 34
34 94
63 35
82 98
100 67
100 2
34 92
68 100
68 14
36 19
12 55
32 64
67 37
10 34
73 41
8 44
98 68
8 51
36 50
35 95
22 43
40 100
95 14
44 81
98 68
50 44
67 34
90 17
14 67
37 16
2 81
11 37
9 28
87 52
37 68
57 47
37 65
8 38
92 95
65 72
56 61
97 11
8 14
94 73
100 7
19 19
8 4
19 43
77 87
96 93
60 81
46 6
34 10
7 15
19 36
19 64
89 97
13 25
43 6
75 36
6 48
15 64
9 33
33 19
42 23
12 66
95 55
67 64
32 31
64 27
74 26
68 53
26 63
28 86
72 24
85 94
78 69
61 58
74 97
91 77
95 79
44 37
82 84
86 39
12 74
67 33
6 87
76 19
56 30
33 26
13 36
69 41
57 80
87 48
100 78
83 73
51 78
100 17
2 58
47 15
39 56
86 20
76 39
71 30
61 23
13 2
31 2
91 62
19 42
94 30
49 37
90 49
55 54
49 30
38 80
99 3
97 81
47 51
29 65
50 97
2 10
18 4
2 99
36 7
62 92
91 11
96 64
56 72
73 41
92 93
54 74
3 79
99 54
37 54
19 31
59 50
53 78
40 87
96 3
97 51
80 67
85 29
69 53
53 7
33 21
40 92
89 84
93 51
55 33
83 90
33 25
98 99
72 17
79 56
6 72
34 37
38 39
92 4
8 11
36 19
63 23
22 96
54 5
20 93
97 32
18 89
62 99
17 1
19 41
12 12
24 89
86 3
29 50
10 36
11 83
90 74
81 80
14 13
37 61
98 34
95 36
74 26
47 35
1 59
88 29
9 14
60 90
72 7
62 54
24 44
4 59
14 46
5 66
46 65
71 8
84 3
25 7
99 3
58 53
66 24
92 4
27 94
42 63
44 24
82 30
4 59
90 20
24 68
81 81
19 49
7 52
36 8
28 35
40 5
58 54
52 37
28 1
24 94
57 35
76 7
16 19
60 40
38 84
32 39
52 40
40 5
46 14
23 51
76 69
89 94
46 97
25 7
25 27
31 73
21 71
36 47
79 79
2 36
29 20
68 65
1 49
18 23
16 100
4 79
34 28
30 19
9 18
24 60
32 22
31 96
79 76
8 46
11 54
7 65
10 75
12 42
47 38
57 79
4 33
36 41
30 73
87 96
88 67
81 41
30 9
58 37
59 81
49 2
26 58
15 65
10 68
61 65
5 91
6 42
72 97
32 93
88 92
31 19
3 93
63 56
100 96
27 27
46 47
51 65
58 93
7 51
50 29
25 30
13 94
2 17
83 24
75 80
41 69
100 30
10 59
93 7
32 7
54 86
27 1
12 56
29 50
37 97
95 76
90 12
75 80
26 3
5 28
60 64
25 89
23 26
42 10
24 6
99 64
72 28
11 72
68 69
16 25
7 66
25 82
61 79
1 3
25 34
93 91
38 18
99 5
10 100
6 66
87 23
99 69
73 93
95 2
90 68
82 70
59 11
57 74
68 77
47 15
7 99
34 84
26 70
5 56
67 27
66 92
19 15
47 54
73 62
26 37
30 48
33 6
30 16
24 77
36 25
45 36
96 16
43 49
66 37
29 16
39 77
80 60
55 93
68 22
63 52
6 51
53 69
71 85
10 77
9 67
99 63
35 85
19 65
84 68
93 11
76 10
74 64
73 54
26 25
8 87
32 28
70 70
61 14
16 97
60 89
80 91
48 5
38 33
84 28
60 89
75 19
32 86
64 51
97 15
62 42
41 37
31 32
49 74
72 22
81 13
99 24
25 77
52 90
33 22
23 12
97 22
24 3
42 70
23 1
92 5
33 61
61 4
4 46
60 36
12 36
35 43
63 44
12 15
59 19
29 87
66 4
1 7
36 43
37 14
9 22
85 74
97 52
40 39
68 2
72 93
22 5
42 66
43 19
30 1
71 36
6 35
83 94
12 50
40 33
51 91
75 92
82 19
77 71
6 21
65 81
81 32
66 26
47 19
59 89
35 16
54 35
9 27
82 5
61 45
55 100
71 24
56 28
3 81
98 12
20 24
69 65
90 50
72 50
8 6
59 46
81 16
8 69
43 97
33 60
40 31
24 20
65 37
25 46
14 65
81 28
56 85
79 4
9 38
34 83
10 78
98 36
4 69
2 74
11 74
64 32
28 37
14 74
61 41
38 12
59 47
46 58
53 100
52 22
82 90
75 18
18 72
54 64
67 69
26 24
64 17
84 29
15 15
61 3
21 8
48 27
22 60
1 89
89 50
56 19
36 69
78 72
43 3
41 59
42 20
98 16
37 92
45 61
40 89
12 78
74 94
88 25
73 92
79 30
61 95
98 10
49 1
67 38
6 26
22 31
64 36
17 35
28 26
4 67
59 98
23 51
23 26
88 98
1 9
37 17
8 3
64 53
69 74
30 54
21 69
89 94
23 55
71 67
86 82
91 98
84 55
64 97
50 100
45 36
15 12
73 79
14 54
48 59
76 50
21 74
58 60
19 70
64 66
9 88
76 48
15 3
52 29
38 23
60 87
47 1
61 76
30 32
81 2
43 43
5 100
10 32
26 15
58 28
70 40
24 83
20 99
93 6
100 71
68 11
86 15
12 82
57 56
2 69
32 78
49 35
33 6
99 7
22 42
35 35
22 53
71 82
42 54
53 87
85 34
22 82
35 32
76 41
77 46
80 15
51 28
58 91
98 78
58 16
43 99
66 3
15 31
96 76
19 40
87 46
66 88
51 69
57 47
28 31
