8597
94030837
5327 102
8213 3500
5557 5770
8997 9235
4723 1896
7168 7863
5314 4454
57 4106
4717 533
3515 4471
8711 8381
7531 451
5764 4718
9771 789
3923 7160
5191 166
5418 5413
4233 5162
7947 4322
1270 4230
90 8752
9267 2586
7208 5983
507 3921
5313 1609
7493 7821
2444 4747
6513 7625
2361 4678
6892 3295
3571 4442
1960 3354
4598 9625
5557 3553
9734 8397
5727 1608
8551 5987
2469 6503
1500 1915
4223 981
3282 2954
8824 3156
9489 6613
9878 4971
5031 7374
5714 1066
7347 2344
1856 8334
3659 4302
8319 3752
4840 5399
5838 1914
6784 9745
2237 8379
4623 8317
3277 7107
1206 5137
9628 1719
4543 5027
9456 1010
2193 2286
1468 3518
2932 9267
9030 6739
9161 266
2221 9924
9417 4034
3672 8728
6448 6174
6825 3669
2828 6400
1881 608
6887 324
5199 9789
2403 1829
9475 1383
4605 1248
4639 4649
7642 3004
5161 6022
1299 3051
4980 1994
9857 5224
4175 2360
2945 7201
9401 7274
5473 6392
3575 5909
8942 4293
5315 3328
3040 2595
4017 9856
7951 6690
6415 971
3032 6585
5966 5906
3330 1246
5903 7222
8924 9318
6337 4454
8350 4367
550 6484
3561 2771
6475 7684
7002 8778
9543 2230
3680 2797
1001 2802
2820 5843
6443 5494
2281 4212
8863 5610
1151 5112
568 948
7716 4670
2763 246
7877 6786
6353 1625
41 3662
559 1755
2287 7863
7857 5889
7724 1331
3706 3098
6844 723
9931 3018
475 818
7989 7508
1832 3178
8437 3258
3988 5228
7741 4391
3801 8986
4497 3308
9363 7445
3975 373
3972 6170
203 5663
3340 2564
7331 2838
8760 396
5537 2005
2415 1928
2649 136
8763 3764
196 8494
8609 8405
8986 8372
8403 127
6067 8975
6635 4274
4470 4143
257 6561
7135 4236
2202 850
6082 7603
8825 2053
8129 1852
9634 1655
680 2121
934 3388
8886 2082
8856 6405
355 4143
1634 4291
8930 6193
2956 3452
6515 2605
3922 3734
3698 7497
5827 8866
9437 2093
2744 7673
1365 6899
8803 2652
4112 895
9439 7760
8222 8324
3038 1125
6789 2428
5761 2789
513 2075
4589 3638
7111 1490
4965 9064
9376 3524
7201 2976
2771 912
584 8729
6774 3100
5308 5998
8136 1407
8485 5518
2982 1524
9901 5005
1760 5607
5291 853
1380 8430
3844 3415
3890 8764
2521 2618
1029 9167
1101 2545
4524 4514
8350 7613
6503 9622
7698 4222
9272 9472
4091 4304
4389 7105
4923 5476
6271 7777
6212 5336
3423 2533
421 8226
2627 8988
6547 4355
7674 4000
2329 218
456 4464
3662 7197
6465 7374
2975 8770
6719 1078
8169 8386
9260 5964
5598 3740
1155 8686
6441 1550
3631 6709
5017 9556
5072 4777
3902 8109
9197 3471
4456 3196
8339 2104
2314 1310
6253 2540
9326 1505
384 6272
8800 5252
8063 8637
8668 2902
9874 7366
1010 3025
6079 7420
4352 2002
2125 7540
5819 7167
6021 5611
9238 506
3135 9951
1840 5144
3907 1116
9299 3139
4920 2414
3586 2484
9684 976
9092 4450
9385 5428
8856 8308
1900 9217
7915 3164
3600 7520
6871 3226
8394 4904
5844 1237
8694 8693
4984 367
9094 5987
8188 3021
3935 7642
8994 4845
488 402
4050 6591
1566 5056
6167 4300
2204 6222
4457 1402
9192 4606
5802 6685
1632 2296
2072 8398
7869 6626
5982 6517
71 6435
9084 3828
378 8105
9921 9473
5867 223
5256 5105
5804 9853
2322 7758
9694 4031
8824 9472
1795 2181
2319 6287
7514 1722
2489 8099
4942 1930
6587 533
7423 7943
2517 6287
8484 5149
5614 2419
3393 1945
5414 5615
4236 9055
7188 2315
2652 2834
3833 886
3522 3820
6781 8611
692 4760
3591 4537
8331 9143
8739 4631
3415 946
3038 4203
3233 8470
4692 481
9534 8589
4260 7839
9616 9545
1962 3380
7880 7820
4244 5788
6987 8251
1313 8380
1164 6274
2749 1167
5348 2086
4106 5117
3496 2158
5610 9332
3092 2618
9971 2215
6023 5847
64 1331
6974 8361
4822 3574
5505 9021
4505 2816
2336 7336
5318 1240
7394 9749
9616 6739
3162 5844
4767 2120
551 7204
5792 2666
825 3246
690 4768
7564 4922
6112 6088
4908 7532
227 3971
7101 1286
9535 5090
1916 4375
3079 1017
4672 4769
7773 5466
6221 4292
2826 5923
3275 1845
6947 8528
3413 3374
1034 9233
34 2533
6674 1135
5347 8625
1398 3910
450 2783
6231 9820
500 6877
6312 7161
8624 2720
4765 524
2053 7828
8855 8615
6366 8611
5584 9684
6944 5880
2795 9650
2660 4834
8 2096
7419 9897
4481 9316
6553 1469
6546 7521
8173 8081
5631 9358
1751 3820
8153 7699
7293 5749
1874 5918
5447 3428
2507 6831
2340 7742
2770 3096
8248 7417
1318 5807
6388 7942
1169 9346
7511 8589
1555 8843
3792 2736
9347 1915
4113 3626
4550 4433
2178 1274
1970 8959
1041 7683
6352 3080
7612 8496
4743 6338
2246 5985
4352 6411
8321 6419
4054 6963
9769 8997
5612 1536
2163 4948
5205 4975
6322 7683
6568 3139
709 3230
9841 975
1168 5199
5301 8319
2177 7486
8139 6812
705 1224
2430 349
5806 4539
3793 1676
5590 3905
3479 3659
4268 9098
4690 8684
5108 5498
2979 4714
1360 364
9544 612
7118 2470
4839 8237
696 7174
1849 8791
7281 2352
4713 2026
2632 699
9791 7731
9794 346
5530 8201
115 2280
2827 5099
1318 4379
2023 5377
7481 1060
6133 1166
915 810
2361 8205
4608 3779
2205 9931
9808 2269
7598 4842
6470 8739
8841 1112
445 1359
2475 3561
178 4758
3279 6072
2102 951
7195 4641
3237 8342
8004 6284
2329 2684
1886 5891
2659 868
7596 9689
8004 4826
9451 286
7048 2052
4521 3618
7407 1143
7516 813
3471 4140
1361 9042
7536 3841
7429 3198
7030 9402
1598 8256
2595 3423
2119 1098
6823 2623
2894 3621
4922 4970
9298 4318
9397 4988
4465 120
9605 2141
621 4650
7129 1539
7195 5999
4144 6306
3977 1572
206 997
5303 3391
2001 3774
7141 9873
7801 3975
9233 6096
7404 270
4062 2484
5944 8783
262 6775
6244 6257
1003 4083
6630 7978
2140 2951
8155 7198
9040 9137
2809 357
279 270
8768 871
2014 2887
2105 2617
7676 2007
2698 7926
3697 2518
3008 5770
1342 7365
3468 3114
5587 7304
9259 965
6122 9506
3519 5416
9614 4843
8413 8024
6947 491
1390 8539
4739 333
4160 1289
9159 7238
7148 4981
1756 3506
1966 3938
6456 2606
9189 1843
627 873
3711 1578
65 2523
6948 3801
3476 2907
6004 6757
6701 2018
1216 8166
52 1639
1368 3029
8101 6169
5405 3073
8621 9586
4157 1845
9787 1847
4019 8976
2476 2918
3241 6714
7629 6901
2 1620
2592 5869
2682 8736
7561 6211
904 8516
5324 779
460 2715
4738 8258
6882 3990
6425 6721
4459 3148
1827 3134
9481 3761
241 1249
5242 138
1907 1598
9401 5711
942 3066
2544 8790
8082 1774
1166 4496
3311 9290
5891 1483
7792 4929
3125 9654
2733 8329
8212 8757
2947 3700
2603 1218
2530 7823
7528 2379
9100 4168
1131 4352
8990 7357
4735 8068
8531 9214
3509 3847
195 3269
8671 4098
5154 5782
9734 4557
4322 3336
5886 6268
2100 3576
4168 1386
2138 534
4209 4778
5303 2409
9914 2582
7312 5849
4990 8963
4362 3331
1185 5587
533 1273
5221 7579
8903 4223
9745 330
8630 7343
5047 6084
6971 4961
517 1724
6516 6439
580 3894
7759 6877
4597 9371
1322 6945
6432 5074
5320 2968
8150 9528
6230 5616
2402 7505
4157 5235
4380 3183
4842 8466
835 1499
1293 7268
9833 7331
6766 9746
5183 1229
9195 4596
323 630
3603 2058
5436 6506
340 1734
3023 5316
1425 2601
5081 1781
9640 5137
6618 4723
3473 6504
9816 3063
2460 8306
7458 773
628 5725
8803 8726
5558 9371
3223 5695
7456 2288
871 8807
7973 3563
7413 3247
3744 1303
67 6592
4807 5488
8464 6297
3250 1862
1729 4579
114 1892
3269 817
3300 8186
1137 2950
7132 3909
4594 9811
7997 9863
8639 6551
4519 5650
9334 233
5186 6636
1839 6369
7734 4637
9657 8233
876 8463
1190 770
5371 3436
7330 3205
5961 4667
4692 6396
1756 138
198 3552
6096 400
4565 7851
506 4886
1832 2952
5590 5267
8323 1931
7131 9688
8290 1499
7595 4542
7096 1000
9840 740
2170 1515
3777 3572
2397 7036
9780 8000
7741 6087
5088 5924
1401 7121
9963 3837
1796 8152
693 9789
4973 9822
6551 8985
2999 8162
3741 8158
5793 4932
982 3621
3277 981
9514 8216
3688 5206
9515 9170
7982 5893
8860 3201
7903 2406
7770 8997
4518 2671
2800 3155
8102 8528
2839 9257
1998 4185
1760 8413
4350 1008
1765 7663
8809 7558
8298 6378
6029 8275
5311 6326
8500 6669
616 1786
945 4676
5837 7279
1274 6961
2350 2151
8730 7752
9361 3344
2956 5338
4656 5527
9426 251
4502 5462
9464 5722
7129 7603
1532 7539
7579 8994
1043 8424
1811 204
6806 6186
9767 3311
6059 8872
7922 1219
1702 7343
5012 3960
5464 1470
4843 1071
3871 1238
6187 6768
4997 4612
8154 4836
8265 5940
8674 6620
3149 5709
2646 6620
6732 8277
4205 6429
5283 1852
817 3928
6324 2954
9453 6944
6235 5592
2948 3549
3476 374
3829 8654
3085 1387
6862 1619
9332 2321
3614 3754
3901 5105
9213 5230
8434 9846
9041 6745
2251 2278
1051 4041
6080 2142
7226 1325
4836 3671
7329 8654
1595 8463
5508 3386
203 1124
2331 5848
2692 5372
8768 9390
9724 7368
4545 4805
1182 4808
9876 7065
2624 3024
6034 7800
2462 6605
1991 6024
770 5732
6619 7379
8446 3590
8439 392
1030 9587
9646 1931
4193 3595
6529 486
3966 4396
7946 8953
8197 7645
785 1815
2759 8700
9709 7878
5346 5392
1322 8144
2134 4882
2057 7288
6964 532
919 5438
463 2046
8355 9438
1676 8573
1176 9631
2933 4900
5243 2706
8116 4241
3873 1244
4460 2476
9660 3592
1834 2182
5398 2425
4521 3053
1928 2004
4089 148
2460 805
5560 1226
6657 3597
7331 3057
8930 3494
2931 7468
7121 6475
2713 8916
5240 2521
8490 9235
2437 3375
1585 1270
6087 4491
8025 5715
7625 1928
7628 5211
9487 1325
4005 9325
8216 28
8064 679
7985 3587
5872 7760
4075 3188
5907 524
4219 9534
9439 4513
6454 6441
7645 233
4674 9797
6313 645
6261 6525
4109 3834
6426 7763
6207 4478
2637 7502
44 7129
2395 7568
7854 4934
1835 8100
7771 4385
125 7339
9982 9692
2136 9780
4984 8568
424 9531
5113 3362
8360 1209
4531 7349
8182 6027
1351 3422
3659 4746
1303 7431
3582 3487
5396 429
1903 5032
9570 9467
3072 1315
2984 2471
4590 8067
7186 3622
4886 3245
6938 5274
7662 1410
3190 1017
7689 8869
5544 7357
6864 1163
7375 2808
1720 6180
9335 9950
4784 1763
1555 8709
6429 8571
2507 8941
8572 6638
7297 2504
6319 3494
6602 9902
1445 8418
5128 4829
9967 3353
6331 2879
1462 2869
6875 3693
2189 2709
3548 6586
7863 2050
7291 661
152 8242
3978 5898
348 8621
9661 6072
9239 1998
2854 2219
6861 8661
1270 5217
431 7347
6247 83
4046 980
376 1580
474 1831
6638 7131
5862 7299
7374 5515
9052 3299
9638 5761
3432 2481
6583 5380
5993 4983
4489 8606
1974 1552
2270 9192
1869 7698
9180 356
5836 39
7988 1410
4415 3749
7729 4737
8164 3530
9149 6582
1053 4310
2243 3067
562 5493
5283 6148
1204 3560
3779 529
4630 5755
4699 4414
1401 8595
9149 8023
78 3433
8016 2344
9990 4656
8478 9507
6653 7374
94 4507
8704 1979
5862 9721
4750 9011
560 3234
5064 9344
9698 6120
182 3522
2381 2305
7875 6524
8486 8704
4184 3154
5873 1704
4636 2675
2082 143
1285 3766
4152 6866
9439 3212
5395 917
3811 9602
4110 2215
8862 8201
2033 5956
5992 5816
19 225
8869 5461
4843 5831
9970 8090
3726 5886
5940 7038
3079 5733
7060 1903
8055 7979
3128 1748
277 7541
6781 7001
9899 1800
9794 7545
7978 8689
743 6445
168 8928
8548 3330
9960 5370
242 527
111 1750
146 2555
8742 4
4548 1963
6514 1248
2996 9226
9613 498
1364 1132
4932 4837
8177 8729
5162 2186
8476 8757
8382 1796
4107 3684
4140 4131
3707 9558
1566 5606
5146 7924
5391 6504
9585 7524
6812 848
731 1682
6082 5700
5996 7028
637 5822
5051 9338
8006 4479
2039 253
7043 4009
6753 5744
1674 9381
2868 3031
551 9451
3870 7067
5993 8392
685 3582
9746 4663
632 1352
6610 7313
2177 4335
4976 5615
7795 6308
5930 3898
7941 9866
4425 483
1361 4155
6397 3120
4742 1745
8895 1902
9056 4657
7034 7527
6493 5006
9768 7746
478 1974
5302 8538
258 9329
4231 8490
8553 8335
3859 8740
1682 4901
6564 8374
8798 8940
7972 9623
3603 2620
6663 3998
2999 9238
5145 2362
7834 5154
660 4819
9416 7274
2153 1838
8751 1938
4288 6901
5219 1961
9644 8589
7044 8513
3853 7046
7280 6437
1407 3443
8880 4239
4670 7937
4336 9714
8333 1120
169 8997
1580 3711
1441 7070
3313 6199
1397 7789
890 4918
6572 1684
1237 3182
2570 8598
5155 5428
1743 2694
249 4629
27 2783
8841 9544
3179 4186
876 3011
4594 4044
3904 9638
2955 4922
5618 4436
7494 8594
1270 3317
2249 8543
5814 8092
8492 935
2681 7299
1894 9257
2764 2323
6300 2932
4428 4814
3647 7531
9838 9656
3595 9965
517 6649
6288 8958
2444 4671
8555 5815
568 8248
7236 1228
3130 6519
7035 5870
6011 4438
714 9995
1835 3967
6146 8749
6705 8549
6486 1122
8270 1325
3681 5656
5691 5753
1091 3709
4636 5569
2822 551
3181 165
4272 3353
1582 3155
8476 5144
1868 1119
6168 2014
6137 1268
8089 1966
5924 3932
10 5973
1479 1463
6124 9885
2919 124
1141 1523
5476 3272
301 5292
8922 8072
1437 1050
3649 6767
6028 8539
6462 4444
5526 1059
1424 4858
1947 8967
1140 5267
5147 2813
6010 4949
1109 8273
624 4759
3449 3518
9024 4142
3744 9572
2539 6956
6732 6153
3663 1041
8460 9164
2207 6055
5815 4880
9969 1864
8670 6497
7073 2618
9942 1194
8807 3074
7447 782
1033 9127
6837 8212
7194 9588
7579 6619
9255 5442
6836 9413
9872 4942
7247 6938
744 4717
9082 2042
5357 1244
92 6321
2592 4875
4293 9140
1827 9538
8875 7020
3277 4391
4231 5230
5224 505
5920 4961
8935 749
794 4763
444 1427
695 3528
2299 5340
9143 6561
7990 9693
7410 9619
5785 1859
4862 861
9817 9060
6109 3303
2529 461
1622 6334
8796 2971
1135 5752
4985 9650
3342 1069
3346 6180
4903 7448
9238 4931
9618 5417
4852 5454
1310 1376
2231 9933
1276 2750
9557 5550
1030 5655
8991 6188
2716 5549
3926 2486
1896 157
9676 1690
4265 7886
48 3768
7183 1
7346 5372
6700 670
8453 2472
746 2779
8199 2643
1157 6177
9038 304
1388 1195
3916 1893
3165 6044
1000 2716
5377 6094
3151 3724
9426 8294
6351 5425
7805 9992
3440 4537
9800 5985
4649 5073
4184 9774
7554 8021
66 2501
8421 7060
5476 2088
5112 2284
2767 927
9644 3903
476 4994
5986 525
2819 1178
7909 6905
585 2401
2356 2921
6719 9091
2568 7591
3544 9942
9420 4013
7079 4114
8777 4093
188 1963
535 3892
562 837
4087 4390
3987 3449
7551 6390
9733 8780
6429 1480
4322 7066
8877 9289
6842 4770
8297 8507
6222 5555
5242 1907
1794 4810
2369 2496
4829 8322
691 8027
9236 5637
5741 5454
8543 5516
3509 3185
4257 6674
9844 3940
2101 8944
8531 1254
4658 1435
1802 2013
1808 9051
6534 5300
2769 7138
8250 5821
9494 2129
3912 6046
5926 5911
8239 1927
347 7771
4338 9256
3781 3903
7677 3812
1321 9945
4754 1847
7274 7037
414 3579
936 1767
4413 7875
5555 6299
3119 6547
549 10
4009 7085
330 2979
9700 1124
8242 5873
3100 5640
2093 8569
1226 4939
4067 5503
7376 6638
9850 8525
5206 86
6247 5892
2502 2594
8827 1869
8072 5051
9685 4837
1183 1596
1989 779
5830 1402
5411 305
2424 2234
5049 4434
6071 4733
1900 5807
1842 787
7655 2684
2286 5778
7542 6412
2249 1042
1365 3303
258 8238
4507 6945
2187 1488
4097 3173
844 9840
1088 1826
2801 1729
6864 3295
4059 6051
7766 4060
416 460
1257 8394
8921 1458
3541 9804
6354 5650
452 3153
1028 4935
3561 4264
745 5377
2124 2521
4137 8044
941 667
4652 5012
8621 4819
4415 477
9329 5675
6532 1530
8800 9222
4480 3004
7751 6996
2441 257
6399 3727
672 4050
571 2720
4039 4246
4798 4620
811 5867
9435 4153
2053 1934
4597 7415
2853 956
9413 7860
5444 311
3487 5258
7302 4705
803 4031
8826 2734
9689 5973
5727 4714
3841 8321
3053 6766
7188 7982
6968 9792
8122 3046
1478 1567
8966 2107
1409 4371
1078 4210
5228 9084
5736 1485
5712 6656
6491 164
2971 3548
5132 5818
8756 3782
1842 2826
4189 4614
7723 2527
8635 5289
1179 469
3229 103
7279 5242
5411 7127
4209 4185
9683 3678
8568 9997
758 5032
1163 9193
7577 6528
7556 3893
4681 9044
1613 8718
3240 3737
4009 1724
6062 2347
6666 5033
7763 913
7059 102
2684 7151
532 4723
5141 3872
835 14
1889 5923
9372 4819
3401 2934
5434 3867
5277 1896
8616 4389
8360 6406
265 9358
5560 2273
6733 3822
7646 1264
1814 856
8016 8057
5570 8114
9818 2325
8470 3252
6992 5780
4297 4378
1810 2418
3809 5179
8527 3716
334 8450
5098 8685
5656 4229
1901 5303
1379 1724
9090 2609
5226 4196
3461 7401
8222 656
5577 728
6998 9597
3469 6665
1979 3723
5543 747
6368 9984
5075 4486
5627 9267
8229 6601
1268 1581
7321 4085
2305 8557
947 4032
7302 718
84 9842
9867 2695
5391 9725
3910 9314
5067 5801
688 4116
7928 984
5448 6787
5797 11
4358 7101
7361 767
3660 2382
3280 4325
705 68
6109 6981
3439 8731
2944 7080
9351 8725
542 9914
5301 6940
9302 3479
4201 9250
1199 8148
1508 822
3405 1279
7275 5789
9317 9727
4697 573
9772 5753
5840 5371
8685 8803
8590 6356
3548 4099
4000 6756
7082 6048
3388 5234
4075 146
9254 1425
3907 7781
5346 8431
1127 6223
3412 1420
659 23
9396 5118
4622 2884
4747 772
6310 1033
8418 73
5463 6177
3824 794
2132 3566
3928 9360
4692 8706
9865 9385
9898 1298
8908 1588
8568 1574
3244 6787
1111 1160
6488 6511
1813 5095
7436 6728
5856 6601
6605 4244
828 8319
9245 1260
971 3188
992 3439
3012 3776
3898 6727
5153 7772
8496 9678
6443 1371
2511 5713
988 9897
2292 6524
8971 3837
9939 9870
2689 4787
2981 9726
7958 3979
5992 9648
92 239
3129 9477
5638 8368
101 9053
8734 7493
1485 9251
9193 3455
6394 8939
5746 2219
6807 7173
7980 8213
6328 835
6201 2480
1270 1757
1173 9735
1043 5130
5072 9097
8946 791
33 5552
8954 9765
783 7532
936 7231
2352 3296
1983 926
2674 2363
6767 913
1037 2593
6568 1188
6823 8700
3039 2220
5204 6434
1495 6911
9859 6329
6546 7598
8054 8814
6842 9435
7829 2818
4548 2490
7890 3114
6715 7153
5689 4763
4232 9097
7507 3823
6656 589
9602 5878
6722 1566
72 309
6291 4467
6746 729
5857 7543
3615 2965
9167 3040
3888 1950
7368 3471
7513 4519
2164 9100
7378 927
8019 7599
8409 2054
2100 6530
2913 8337
681 2858
8156 2761
1594 5742
8441 9818
1854 582
9497 1167
5528 5989
6426 6955
1690 6108
7686 9845
6355 4820
6886 273
7726 5767
7248 3228
8090 9099
2272 6359
2555 4480
3529 1208
3806 9718
8337 641
6111 5073
3393 5614
6015 8189
7175 1826
6556 8583
581 9015
8162 3668
3595 1562
6870 5647
7407 3147
2187 578
8642 2256
3217 8299
6979 6932
6307 5787
2363 8443
7783 6498
1525 9264
1766 260
8179 8042
8753 2850
1948 2488
8467 4678
4949 8931
6727 6540
175 9725
6142 7663
7746 401
207 6610
7798 1397
1073 7147
4558 5433
978 800
1771 422
4943 3768
964 2621
2468 8227
5564 5773
2279 9519
5955 7085
5365 7961
5169 8708
1189 6378
3931 5353
3838 1749
5617 2079
3717 1841
2958 8935
2269 5818
8238 5965
5417 3278
5853 8205
8739 7223
9449 1966
2966 7789
5423 6470
5629 1162
2360 3945
1251 8841
7084 4810
3911 4372
4321 187
9194 7160
5132 7330
9724 9665
6220 7973
9824 6543
9100 3833
3704 4595
3276 5276
6842 4186
9086 3830
5069 9042
4060 4744
4701 7524
8530 4058
1754 9658
7397 453
8592 5978
2416 2557
2390 8547
7614 5937
4075 6039
1404 4600
2108 884
7718 457
1267 5412
4857 6395
4802 1365
1743 2213
6864 8722
413 7001
1938 7728
4809 9354
7275 866
8474 8079
3361 9082
5372 8763
8367 8055
3947 9154
3957 5015
4891 7579
9885 2950
8418 2792
3759 9564
961 3649
2892 4146
7186 6109
4490 2707
2839 4487
5953 5677
9919 1016
6200 3744
7955 722
5139 2236
357 4178
6254 3160
6776 9015
6274 3843
6884 5122
4781 1652
4858 2222
7488 2109
5544 4568
7039 6316
9598 3024
605 5403
8629 1944
9549 319
3574 634
877 7374
3938 198
6275 7957
6431 207
2418 864
8488 6268
8953 5008
9519 5415
2268 2824
7897 4300
5145 2138
1673 9219
3053 8940
9625 9983
7401 8038
523 5241
3722 6347
4511 2015
2034 1834
3395 2927
8973 8880
7266 3753
8155 1150
3450 8389
4543 2785
1769 4924
4333 9025
186 8353
7552 6647
5104 5199
7607 4197
5651 4800
2557 4562
1976 9892
2112 5815
1115 7876
628 4041
1986 8036
7562 5618
3386 5749
4307 2933
239 8630
9519 3902
6655 9250
3291 3351
7096 8255
1097 2156
7733 3431
7183 4699
4541 9339
6891 8167
9080 8114
7990 5792
1628 3265
2185 4441
9996 9745
9205 3527
1960 794
1931 1966
1210 1232
2978 3071
25 3469
5216 8101
6216 6144
9610 4548
9056 8513
721 172
762 2166
3564 5085
7038 4471
5114 9327
9082 1352
1304 6949
3314 2031
6161 7584
190 6099
5034 6008
2835 1900
3543 6800
6980 7978
9294 7531
1857 1597
5604 1059
7107 9445
779 4264
2092 2294
2587 4309
7036 5016
120 2401
6069 7748
9252 398
556 6649
3098 6089
532 8163
3801 6306
5052 163
5755 3836
8315 2582
3042 8201
5966 1517
39 7976
8591 8788
6965 5115
7268 2017
4423 3230
8214 3404
4370 1621
52 334
2371 884
8790 4288
803 562
9593 4197
7658 9757
6910 8314
543 7945
5442 965
9937 5554
6896 6260
9813 1158
4196 5361
4861 7561
2952 7507
5526 1074
2462 8764
8117 604
117 9582
1306 5954
7243 9156
2879 5741
7066 4822
810 2521
3709 9600
2427 8362
5732 5958
3468 2686
3746 2927
9440 3222
5659 2173
5247 5278
7063 6522
6697 1003
122 5107
4096 8682
603 2306
3867 3830
977 1969
6861 610
8091 1554
9008 3297
8665 9340
4694 134
3003 9198
4009 9242
4229 9139
7882 9403
4352 4982
5173 9055
713 8685
3386 2638
8603 281
758 4516
3243 4395
8237 7433
5451 8485
8710 5942
9957 6317
946 9369
4560 5135
6666 1715
3775 8446
5715 4863
1178 3047
9532 8138
8464 5787
8243 7019
7862 8844
3242 1713
2305 4878
9390 5358
8407 3189
1792 696
1184 9333
1898 8451
9465 7690
1578 822
8066 5531
9684 6894
7041 4654
9425 9736
3873 6626
5412 1912
9098 4317
6471 5928
8651 917
9506 8306
122 4973
2144 4283
6116 4703
3856 73
5558 1567
3696 7952
2563 4244
1025 8506
2912 506
9688 8414
2267 8069
7642 4096
3402 3264
2725 8365
5275 3954
6341 8924
5851 4024
551 8756
3899 6607
3988 400
554 4457
3056 6285
1330 2132
9012 7916
5138 9617
172 9866
2349 989
1360 451
504 6839
1574 8936
3284 8709
7256 9087
6478 9366
2222 5006
3730 620
3956 9960
566 8275
1830 1567
7860 8873
6882 910
8786 8009
53 6464
5508 5441
2511 9220
3241 1250
388 3695
4071 4228
9599 7054
7943 3161
7382 954
4612 7871
4174 7841
6238 3306
1072 5793
1801 4120
6692 9864
4994 7978
9784 5089
7179 568
4140 6703
3459 6690
4280 4238
6100 954
2692 9130
2825 381
5147 9029
6668 5342
7314 9231
7243 4951
1374 939
9116 6773
7984 1508
3922 3415
126 7337
6234 3560
9349 956
7519 5115
5316 3064
1958 4614
2913 4710
6722 5404
13 2974
9789 8828
8381 6222
9860 1581
6018 7100
9422 8455
5978 1202
612 3414
1667 9556
3690 6790
9368 1764
115 6321
1379 1433
957 1545
5679 497
2062 2705
8023 5195
9933 8255
2258 8001
5680 6160
6686 1891
3778 8569
1796 9171
3974 2218
5202 3324
1838 7379
9111 1013
2896 3988
5444 7538
3335 2197
2333 5559
3533 3905
1336 1934
8351 5705
7779 8068
9352 9316
3841 4788
8720 8649
1026 4395
1163 5450
4603 7864
8829 525
317 3612
422 2454
8632 2477
3305 5536
5347 7236
1857 5619
3790 6040
9213 3240
2798 4737
3156 9560
2145 2831
1181 223
1365 4234
1142 1569
9877 2168
2768 3025
3822 4387
1123 7673
3154 4388
30 6465
8465 3480
7893 2327
7556 7647
5026 6824
309 876
4140 9781
7464 8476
5695 5310
6716 4128
251 8192
621 7993
3548 2378
1039 3124
3382 2884
1654 8118
3909 1347
2596 5365
739 2487
5548 6619
6386 8255
3502 8972
2434 4071
91 1540
1093 8932
7882 2936
7394 5874
3073 1295
566 9492
644 6381
6707 9567
5084 1317
5719 8893
1543 2032
6553 6867
9792 1575
8450 2491
7161 1368
4441 2183
8953 2694
5347 3871
350 2495
9388 9642
9941 8735
2093 156
7732 2541
4544 7381
671 3881
7001 9614
9094 7063
5065 4796
8799 6657
8426 9175
4669 6499
4321 8784
5709 3483
3332 8716
4483 5925
2942 317
6866 5351
7488 5875
4027 6243
3002 6829
8247 8735
8023 1116
157 1652
8924 7127
3581 3439
5739 8040
4344 9498
6389 1671
6274 7002
4047 9693
6813 3314
9594 548
442 596
4863 4938
8509 4489
5095 6053
1335 7626
9391 7686
7698 2611
8826 1544
9067 4668
8018 4009
3150 9018
7799 6252
4673 4175
8419 3062
9672 5076
6633 3006
7401 8564
4134 6127
1326 1598
8441 1670
2071 2198
8956 7621
717 3589
7107 4176
4272 1319
1917 8912
3510 3933
5494 3018
9013 6967
3804 5152
4660 3544
9069 2794
6757 8208
8228 8328
5352 2440
5210 2750
6171 8581
4665 5255
4810 1784
9815 7710
3667 4537
5397 4106
634 7839
3120 5168
7765 5977
7649 5125
6076 6056
2341 1744
926 729
37 3788
771 8125
4248 4150
5324 7005
5178 8750
5810 3424
6119 9901
5582 142
8500 445
7647 3145
2101 589
8161 6336
1256 1598
856 1559
5293 4222
8203 1163
5953 1292
6417 3346
382 4740
1702 4445
448 1340
4992 8989
8075 196
9821 1564
324 4884
45 8085
4305 9135
272 5242
2334 3862
858 2564
2528 7938
4525 7044
9587 5009
5523 4454
718 3456
522 474
1896 8
9143 1838
7582 8165
4473 9558
5995 2744
7267 1851
4385 2618
2111 4204
8472 4063
9232 9602
7982 500
4835 5382
1401 4301
4988 1862
5112 1402
8802 7611
5466 8822
7493 297
6022 1962
8798 8216
8586 725
4364 3819
3364 9937
5879 414
6899 2781
7619 7687
8350 2572
8587 1498
8876 5413
9643 9989
3496 7703
2359 3280
7477 7739
5525 8364
1948 7893
5540 9701
4266 7855
8372 4745
4286 8202
6389 8819
4398 8082
7815 7516
4400 6005
1155 4790
7463 378
4610 6000
7451 8351
38 4797
3830 7355
7085 8327
4627 2720
3260 8200
1387 910
5042 8665
2573 7362
9274 3238
7264 7823
2447 7658
970 2760
3239 7055
9098 4951
2267 1236
1183 5242
2454 1960
6216 552
7344 8256
1269 4295
3807 684
261 1147
7603 8244
2844 2656
8244 5336
8512 2925
9104 2277
3598 3210
4476 3792
3743 354
7885 7721
1293 6160
3701 2354
3164 527
9091 440
287 6826
8127 2918
328 1058
4598 9915
188 9435
9235 6799
2859 2887
6190 6937
7520 5839
8921 9263
1822 457
2141 6800
1173 9120
2029 4025
1868 5265
3010 2396
4120 7193
5950 9729
5177 2664
7131 6500
7690 5330
7573 8610
5335 809
4081 4610
6000 6899
9513 3605
5708 4035
1398 1007
8234 8902
9596 7452
2493 3844
182 8731
790 4407
4872 386
6892 8384
3097 8240
3697 4661
3244 2229
8870 5605
8217 5976
3690 7702
6413 300
6094 8629
9430 6625
3689 1251
3762 2692
4648 9257
5981 6553
9888 5863
6450 3016
3495 6373
7879 8390
3768 3496
3326 5235
5266 3575
2271 2103
8457 9371
6952 2134
602 4278
9488 1068
1274 7134
1278 1777
6532 6307
946 1254
8274 1864
6832 5443
4051 1086
4657 253
7768 7712
8108 8681
7449 9113
5790 902
9230 9729
6702 4533
9514 9978
3720 6880
5191 8746
8437 81
1951 9149
5416 5338
8732 826
5041 8275
9138 7348
8831 5769
109 1223
4448 2958
3733 1118
6143 2133
132 58
3244 5474
619 2787
6852 1318
1657 3600
9214 6063
9784 9676
6229 934
462 4090
2601 6366
2911 7846
1554 4691
3523 9786
4477 5621
1016 4614
4508 9826
2730 5051
3460 3147
9405 5931
6721 4939
9569 868
9436 8671
1781 7181
3755 6431
7955 9452
5959 2443
4651 7626
3960 56
756 8196
2012 7782
7177 7485
544 5774
8417 2671
2538 1028
9056 5056
1810 9716
2880 7625
4278 7153
5180 4078
2488 7374
8908 9534
8965 666
1403 7018
2573 2456
1033 1482
9842 7451
8783 6599
3024 2156
2682 1871
3222 391
6872 5047
6163 9226
9925 6654
6891 6456
1272 9870
7346 2363
4667 1758
3564 4935
6047 5704
8508 7352
2002 6506
5754 6754
7572 2897
4958 9232
8854 5697
8372 8999
8823 6424
1609 7947
1968 7892
1871 8575
2489 2883
4016 5063
7985 9991
8161 2363
3626 5313
325 8729
7897 1507
6423 6723
5382 5363
5947 4757
1465 8081
4334 3336
3631 3881
6039 5776
9836 1111
707 2895
6135 5739
2452 3738
9010 6646
7792 4446
6250 4927
502 8685
7371 9463
5222 6053
3599 4961
7048 9212
7069 8687
6174 5722
63 6143
7120 2641
2026 726
2858 9792
510 622
5325 2677
5827 6775
7780 2446
9498 9409
3418 7739
5187 1950
3029 7184
5335 462
3597 8486
7660 7158
4317 110
9170 7400
776 5212
4411 7055
413 5463
4046 246
2867 6389
2259 2293
4860 2689
4614 9858
1633 3011
2413 5771
7198 7903
9949 1122
6833 9526
3608 5348
3794 4247
621 2554
6862 1919
7900 8698
9451 8113
9066 3058
7369 5825
7937 8995
3278 9614
244 7682
3939 2784
3855 3783
8414 6116
3752 9830
5806 5616
9870 5964
8626 7299
1912 6535
6686 6535
4849 5768
1607 1575
1870 9318
1675 784
2627 1762
6273 937
4065 1531
5168 683
282 7276
4601 1614
4788 9198
424 7671
5199 9384
247 830
3421 967
9981 7284
5325 5998
410 7896
6593 1417
6011 4953
7485 8537
6613 2932
4586 7674
5607 7184
341 4690
1951 110
1927 8277
5936 6175
2894 4634
6840 336
4748 2322
2431 929
890 782
6440 1822
5347 4066
5807 1181
4024 3279
1893 1414
5199 9099
9321 6939
2909 8272
3733 8058
2342 4353
3 4610
2308 2645
2771 3396
1349 8632
9034 8058
4248 7720
5687 1552
469 1739
5866 5039
2492 5438
365 2063
4539 8597
2259 4314
214 9771
8143 2923
4238 5967
5611 6260
2847 9507
1205 9693
9068 1721
3944 2117
4435 9726
5792 4581
7612 4339
9640 9308
1224 4425
3905 8727
7036 3198
8290 9719
7069 2699
6766 8596
5154 4516
391 3030
3103 4136
5249 8235
6994 7750
8664 9731
3048 2249
4344 6116
1346 480
7359 689
50 3991
4855 6161
9185 5750
5295 9053
7159 4619
6788 7546
5326 3753
555 2422
2642 3128
7315 5735
6970 631
7011 8489
2698 1963
4081 2079
9956 5462
2900 9715
8433 105
5194 8387
5899 2056
9375 5389
1187 8335
6536 7703
5868 5956
6432 5391
4783 1086
776 500
7199 5709
400 1995
8246 7642
4237 4431
9940 9310
442 4433
2395 117
1689 72
7163 5807
6466 7690
6932 2164
416 1315
1527 3943
4086 9519
648 4930
8852 9695
5513 6381
640 3713
3677 8408
6828 7307
2399 660
147 9434
3680 8912
6388 7281
5319 500
8507 1270
6466 3520
426 6963
5322 9900
5581 7676
9629 162
2181 607
3384 9022
3832 4362
2933 1548
2709 682
9458 1321
2314 3956
7402 7173
8795 1670
7898 4502
3109 6853
6527 888
5204 7925
1001 4731
1180 511
6652 4264
5852 2754
8118 4583
8061 3428
6155 2445
7664 7374
4061 6933
7520 6952
655 36
8160 963
4698 2674
56 8526
1215 7702
5007 3486
2403 6387
3923 3144
4239 563
9971 5629
4731 5239
119 3052
1849 3308
5629 4648
2240 3877
2254 2686
4182 9122
8004 3423
5326 3803
2299 8608
2603 7780
4352 5375
9228 9783
309 635
8981 820
4909 7101
9977 4583
9267 6496
2846 651
7672 9684
7800 3465
319 1770
8253 6590
1225 8095
8246 9234
604 8194
1668 7881
3324 4491
126 7915
1497 3508
1276 8075
4507 5285
9650 4462
1197 7703
7148 5029
4350 9014
8128 9317
612 2851
4818 6308
3096 8184
6793 8135
2758 2075
9064 901
6590 2123
7137 8922
273 5498
4829 9643
4237 4282
6607 9029
2779 2444
4754 1009
447 2420
9182 3157
2664 5828
2803 5318
2203 9360
2260 7152
2165 7738
8496 7537
5572 4824
9101 4726
1281 631
6642 5232
200 4021
1241 7478
5287 1437
2355 8662
5111 4252
2820 9401
572 9172
2127 4807
1338 5154
5817 76
8978 9820
8889 1229
2484 9571
6294 7712
526 1140
6080 1946
1833 1975
5534 3513
7093 9748
8529 2037
2404 6878
1190 8328
9410 3214
3659 3654
6265 1526
2402 2592
2091 3122
302 5037
5246 5893
6344 2086
6466 1742
2086 2808
9380 3375
2817 3789
5714 9003
9203 2959
1352 2874
6519 6063
4493 3565
3933 6067
1414 7290
6997 5335
9826 2200
8525 4148
8124 7828
9043 8220
3787 7907
7222 569
2430 4027
5704 5954
3968 4823
5557 4103
8633 5097
946 4034
2847 4343
681 7286
1495 8085
2263 3471
1981 3151
7988 5282
5956 5839
980 1040
8353 2754
3146 4430
5493 3527
370 6793
2806 9093
5779 4194
5837 156
2732 2327
6626 6288
6523 2105
4729 2542
1241 8953
3764 2146
1952 2729
7895 9458
4416 8557
3524 7957
7381 8576
7326 2230
1498 8893
4364 9334
966 3403
5739 6111
8823 9755
934 6321
2213 846
8373 401
6007 7989
8011 6363
6222 944
3439 4583
1849 6090
3916 3922
7084 2393
1956 1135
2312 3372
1658 3599
817 8113
963 4072
6569 2046
962 1282
2161 980
8156 3969
2052 5567
2720 3247
1639 1798
2193 6618
7782 3841
9096 1887
436 6160
2322 3180
7138 5229
3840 6328
7053 9013
3681 1173
6732 7589
3026 6829
7999 9018
8503 1712
9821 2592
9722 1369
1419 5701
329 1836
313 9003
3089 6470
4237 5354
3243 4839
4075 1019
2928 8611
1194 3151
8235 6196
2103 9883
2698 5527
9240 9607
4911 7714
5982 2433
9875 4366
3575 6654
7910 2073
2586 3399
9030 9390
571 8281
9924 9010
3381 313
4330 5925
3024 4989
5067 6965
5917 260
3784 2879
9057 8047
6338 9135
5149 5553
6847 1667
7579 6146
3790 1475
7940 7780
4151 998
9998 7148
7215 9992
5963 760
2091 3845
9960 9587
690 8123
296 2442
9572 2880
5835 1555
4002 4365
7399 1723
2534 7073
9825 7834
1087 7906
6630 941
1169 470
9605 1138
6018 8073
4391 2626
8685 3135
8031 790
6335 6552
8222 9629
2983 3068
1535 5537
2166 9094
2986 1086
4093 108
9659 4505
8037 3219
9388 5817
1353 6113
377 3456
5745 1577
9791 1179
2049 5314
7325 2497
5444 4753
6314 9129
9743 4632
1586 7189
4235 1507
7457 5983
9451 8343
8614 6889
5187 213
2571 7133
7518 1000
8093 3537
2162 5793
699 2514
1377 3812
6861 3917
5626 4334
2748 186
3606 5256
2410 9325
8051 4057
6350 9417
1740 6837
5255 1890
710 321
7432 9152
9154 8799
9330 8290
7575 8134
4881 317
695 1676
5330 6126
9118 9750
6060 5428
4790 9618
8886 1461
1653 5419
1952 7103
1340 3528
8057 3948
3392 4207
2909 8862
5585 4235
3157 7014
6950 2290
2371 6030
2395 8463
3228 650
9964 4393
5614 203
2637 5045
3977 7108
266 1693
8723 7692
8065 514
102 9373
6193 9023
4980 8805
6803 9477
1328 8733
3711 3624
4781 5120
1526 1603
5292 6153
6879 2951
6571 5210
8039 3741
4750 6149
1136 2540
1269 8853
2859 4908
3382 4256
3201 4741
8441 1084
8519 3302
8690 431
3939 772
3917 1870
8735 3987
1744 1610
4488 6123
6068 2561
6819 3675
1470 7789
5925 1278
2862 5861
2611 5138
6392 438
3397 2110
3402 4815
4028 4218
2275 2796
9642 3461
84 7307
6066 853
2163 9944
1078 1588
3662 2898
3203 9780
2670 4437
8371 9687
2316 9682
2076 2637
3893 5562
9096 232
3668 6468
9349 2371
327 7190
9976 5460
4369 3959
972 6694
3939 1346
91 4856
8740 6923
3328 3911
6998 3358
9046 5548
7478 9901
7678 7286
6130 382
2917 1600
9334 60
8505 3534
5479 4087
4320 2766
8112 4701
6309 5386
3168 4082
6114 6718
8932 7892
1861 1912
578 8415
128 2145
8783 1316
9019 7341
2995 2812
2034 5001
8483 3378
7319 8230
5416 2242
6068 3854
7575 2887
7644 3904
4790 2951
118 6545
2464 4853
3206 3087
9291 2959
5495 9336
5178 2251
2507 5287
236 2013
2316 2696
1600 5314
8691 1609
9405 9394
575 4031
2010 8746
717 2991
3726 689
513 1438
6337 6084
9683 1342
5480 8606
4908 1543
7679 5827
2454 3759
3489 6520
9175 6197
6190 2155
3212 3024
3951 8206
4696 5141
72 2727
6486 8877
9605 9316
7319 1477
7989 9135
6972 4089
3510 4079
7996 9450
6527 7098
2274 5178
9531 2210
3705 8889
5051 910
8831 10
9869 9055
8115 3246
36 3175
4492 3581
4289 9321
3293 480
2421 8715
3821 9294
1224 6620
9206 1061
5325 7922
8993 5232
7913 6108
4180 4855
6412 5386
6402 9731
9010 6285
7595 980
7898 8122
3230 8419
4055 6418
109 6788
1264 1016
9799 8879
445 2192
9131 2547
3373 7165
5649 7045
8111 4505
6470 2933
1383 8348
4249 7967
7350 1591
6211 1582
7312 8785
2282 5836
960 3050
7373 3201
1593 1726
1865 420
3367 2189
4725 3087
4406 9105
2118 3528
9859 4957
6835 6349
4729 9910
7054 2038
4134 9251
9349 7926
9068 3724
3435 5736
6336 4222
5178 8015
2968 9412
8718 2532
2918 6808
9112 1107
1854 2958
2319 1683
2370 2086
5577 668
1147 923
9992 5594
7098 4351
4740 4199
7883 5456
7204 5526
408 3837
6050 21
3091 5009
1511 4948
4496 4446
1319 2668
5600 1215
7771 9378
9062 9358
2709 4642
9449 3128
9728 1315
930 2715
9520 6806
1499 3766
5369 2819
3513 2740
7642 5358
1599 793
3432 8941
122 6608
1693 542
4564 9402
6552 8384
5481 7763
5422 8354
1645 453
4949 2939
5605 5911
3703 7442
4057 676
7888 4553
4440 1109
6477 4401
8763 7223
6492 1826
9362 7609
5130 198
3663 6888
8843 4481
1961 8795
4644 1816
8864 7411
2732 6014
2604 7188
3295 4759
7154 4295
1577 5601
213 2482
9003 5030
1133 9029
7185 2455
4570 2611
6361 3827
7590 7437
7281 3424
6396 7070
8602 3394
3019 6547
1992 7717
8891 5507
5621 3218
2475 4327
2179 3386
4666 9023
8717 2609
3019 2447
2271 8658
6324 2637
9219 7798
3324 9189
9498 6535
9996 8228
5548 6202
2421 4895
3566 942
9758 5220
166 7861
3715 4310
585 9064
5822 7108
428 9793
4346 8795
6563 4434
2009 9495
9469 3191
9606 9945
1757 8965
9770 8579
5909 2511
6799 5457
5112 4384
8733 4473
3725 3744
5691 9783
8279 7694
1063 4102
377 1555
9724 7811
1646 7378
2110 8547
9965 126
3699 8764
9509 1275
9183 7175
5414 3384
1633 3873
6042 1299
6716 626
4060 2362
8827 9617
1205 6391
2678 7342
9198 3798
4931 8818
714 6978
9512 5329
7495 3092
4842 3849
8644 3237
3753 4545
6230 8219
8992 1653
8077 5910
702 1701
6956 3259
7155 8735
1918 3255
5707 5144
5618 8426
2796 958
6580 8741
499 2358
6311 4372
119 575
3067 9538
7155 8469
2710 7424
7524 5930
9714 5282
8878 2674
4198 1533
9199 8033
3981 1128
884 8038
1639 9672
5101 4931
2644 3055
3373 6818
7624 1243
1975 9316
9622 5217
8574 8928
2260 1952
1265 9302
332 4845
5220 1405
983 7480
2954 1206
9310 4972
9456 5946
3353 5300
5865 3409
8289 2131
9819 5378
3620 5669
8822 2559
5102 4977
9546 2463
5909 6812
2400 1681
3122 6309
752 4801
6720 4690
5948 1026
4845 4602
476 9655
2299 881
1296 2360
1080 4622
2907 1518
1172 2507
4246 9167
6331 5181
5524 6006
3083 4481
9391 8387
9305 412
686 6317
8736 5690
9605 2623
763 7899
2182 1196
7241 494
207 3823
8019 9129
805 7997
2853 1151
18 6254
1384 914
7395 645
3654 6951
3546 1529
399 9806
3950 6431
5108 3076
9373 5582
2980 4359
4278 8756
1921 2897
3688 5525
6138 5622
9567 7512
4785 1955
7846 4613
1110 9532
3614 169
2869 5051
2504 6026
6301 29
886 8563
1838 8739
7642 8322
4821 7359
2540 2317
2271 9953
6335 2822
5018 6273
3143 4111
245 21
6646 9489
2908 2628
4866 5984
6727 3143
9724 7449
2814 9602
326 445
5307 1719
8794 4558
4925 7266
3705 8050
3294 5180
4339 1434
9561 9590
6843 9185
5777 1437
9886 7701
6322 6148
2436 7592
1163 5470
4763 7678
3868 7163
3420 3078
7228 2010
8870 4525
5015 9643
8861 7004
7838 8469
4227 4561
7714 6946
7320 9926
677 2147
2220 9960
2449 5323
4978 5613
9422 9735
224 7053
2818 7004
2392 4803
3695 4822
9158 6574
3357 1574
8350 1207
4140 3348
5990 6026
999 4120
7723 3459
6373 5701
5612 5138
7244 9404
469 673
8999 2983
8836 8162
3379 2621
3562 9517
8681 1913
2852 4900
9269 6075
3602 8446
7600 4808
6849 3404
9215 1727
6800 172
1889 1300
8024 854
3996 3590
6615 5950
2005 799
4397 7525
2407 9553
5003 4380
9636 6806
6668 2996
4480 7448
5469 6627
9045 989
8271 7462
9899 6638
6037 2726
2658 6201
2898 1784
219 3774
7085 9766
9000 2269
4573 2575
4437 7572
7716 1758
8144 2919
7203 8261
9727 2118
9169 3262
7603 1452
7355 9435
2488 9272
2257 9074
2779 5211
5992 4905
4903 1024
8296 8217
5375 7591
1181 4028
492 3893
2790 3104
5040 753
7158 8608
2195 4587
9281 812
430 7857
2340 1210
6528 6234
7519 8443
6544 4344
2470 9252
1057 7366
2356 5795
9587 3074
2951 6892
8892 3163
5267 3500
7239 5938
6776 4634
881 8638
7918 5500
9714 8239
7115 9248
5469 911
435 7079
9190 271
6035 2759
6608 5550
4489 1343
10000 9011
2130 535
3280 1593
4558 7653
8530 3581
7109 5205
160 4014
8879 5600
9356 9731
773 8291
118 9372
707 5449
806 5608
5724 5915
4245 1762
5901 7293
8595 7365
3538 5523
2429 1574
9404 5886
9224 3447
2197 1317
4633 8048
7941 8065
9453 6567
7332 2823
629 352
3423 9619
3733 7408
2222 9299
8683 9376
8627 5808
3089 5831
2881 5168
5274 8540
8124 3193
8521 7125
6068 9472
5792 4311
8609 718
9513 5974
9465 8537
2776 9077
9615 989
3579 4169
9251 742
7483 4692
2428 4624
8975 4150
792 3782
8877 9496
3991 9865
362 7565
4622 4296
1647 8544
9675 886
3741 598
7420 2967
5119 7698
1632 5095
2719 2924
8105 4810
8422 1258
7118 4188
7229 3247
9145 1161
2865 9389
4006 3742
2142 8478
9980 3330
7191 3340
4725 4689
9068 8537
8716 8719
1677 4542
6593 6380
7810 2762
6755 2815
8278 6601
5816 1149
9519 5824
4798 905
4984 9967
4535 7644
8029 7408
5064 813
6950 886
7736 4484
4279 8232
1405 3209
8753 6023
3754 3846
5914 399
7155 1496
6981 7814
2391 3960
6480 8876
5912 7883
7568 1438
1330 6968
7075 5208
1818 9838
1472 7677
9393 6199
2092 3224
8195 6399
2092 6971
9007 3387
581 4929
6292 7120
3613 8542
4092 2375
751 6432
6298 2433
4325 5273
8288 2101
3759 8082
9915 9383
5339 5989
7397 8702
8147 7985
6025 622
8322 807
7288 9878
6310 4341
7607 2253
2597 2774
272 4716
9893 3247
3010 6920
8491 3834
4184 4346
3596 3938
1340 1652
3898 9324
9042 1772
632 2495
1495 7855
1085 7665
3535 4495
3568 4437
6812 9355
8035 6577
9885 8230
7722 4805
9060 3032
7228 2473
3512 4300
2724 8873
8237 5739
9462 5631
1735 2838
7124 4600
8456 3881
5594 1229
8269 1214
8260 9226
5489 8942
839 6103
3630 4441
9506 1972
3439 1644
8506 1849
2389 2749
1185 7535
6609 3164
2657 15
9807 3685
6052 4425
1232 2904
84 2521
9999 1592
2441 4276
1111 1572
5144 4076
8789 481
1894 3335
1417 906
6026 9664
3557 7256
2175 687
8734 6347
127 9548
2559 297
9655 7761
7592 7405
8904 5095
8310 9238
6223 8895
2837 4834
9768 7303
3392 8651
9805 1579
9922 4024
4472 1470
2524 5620
2920 6162
3914 1735
7536 1000
6109 4438
553 8785
7429 4898
4210 1791
9159 3221
1930 5936
1803 8106
3809 9220
771 7324
2820 5058
6939 4504
794 8559
3639 2224
1124 1628
5969 1547
1446 5219
1927 4571
5830 5867
1107 8743
4654 135
5703 1595
7913 9838
8115 4415
546 6682
9208 3271
9900 4557
7951 4329
9015 8535
7808 1210
8684 5270
8873 675
7909 8724
8009 8968
2502 9502
5917 1637
8152 4339
4450 5382
4266 4207
1198 2777
9663 2848
5419 7896
1982 5586
9467 3310
5168 3758
6564 1933
9062 691
6455 7445
3775 8630
8773 4885
4627 4819
4528 6969
8109 3818
343 5514
5621 2514
4511 2891
6031 5328
7520 7559
5176 5194
8244 5386
7516 5939
9613 2209
1880 5125
6884 4817
291 4768
1837 2742
9457 2599
1914 7665
7814 982
8680 4149
7385 5709
8054 9752
5188 2330
3262 1957
8460 2202
4328 1110
7302 4068
9887 9727
3753 2998
730 7266
5799 9120
9777 5668
7172 6546
8419 7586
5045 7434
1348 195
502 9914
3477 5942
5598 5344
1254 7672
5725 8370
6829 7489
8141 8483
9267 6412
7076 3941
6448 1939
8706 8265
7867 6380
8904 3444
7245 1478
5082 275
584 1437
3732 8612
9025 6479
2008 1231
4904 7603
7999 8501
1168 3753
6054 5245
5084 7650
3076 8689
3328 1933
9376 6766
288 6770
9527 9559
6590 399
3122 1714
9876 8195
6903 7386
9602 1661
7666 9759
2565 3644
2023 244
4726 7589
658 6477
8010 7440
642 6236
1035 8049
6343 2250
2577 6388
4450 8534
5295 7838
9791 1736
3795 9261
5862 3371
2922 6997
9443 9775
2773 2937
4754 3709
5413 8935
2885 9251
5811 5217
9612 8389
3398 6529
4531 3965
7778 7854
8508 6533
1137 6956
9454 1105
2536 8383
1150 7424
2789 8668
4640 4719
1295 6847
1400 6801
7146 3614
7477 8243
3926 2952
3769 8778
6730 7394
8926 353
6884 5279
7005 8756
4629 751
8098 5101
9308 1758
3327 2239
2541 7427
7582 2279
9107 2179
8876 1818
140 1884
8964 6367
1372 1907
3702 2227
4291 466
4787 2768
9975 7951
5905 35
7853 6667
7556 8513
1988 4030
8469 6383
1926 721
5015 8864
9061 9461
2096 1091
7060 4181
7896 8356
7458 1021
5060 6802
337 8759
4555 4084
6071 3532
9807 6793
1844 6873
9092 4729
3485 2096
7616 1466
3338 6023
3089 3006
4430 1233
824 8185
1174 1953
3547 5506
318 1146
1734 6907
793 5842
2832 2647
3584 6485
829 3953
1577 6063
3225 6827
8858 9740
3636 4948
7077 4247
378 4772
1481 5044
5442 5326
2229 3875
2496 8083
3115 2630
9369 8013
7362 6763
7554 3200
1564 1139
4185 4690
7637 9767
2597 546
5991 9674
4817 8974
5621 2976
3876 3252
8068 3277
6897 7563
8194 8083
4052 549
1705 1325
9981 7090
4138 8871
372 8670
5464 9980
2058 1299
534 2630
5920 7652
2878 8708
5154 9907
4328 9388
5578 2431
6881 9889
335 4754
9786 2698
6298 2448
2700 1664
6675 3274
108 1415
6500 4250
2322 7020
1172 3097
1543 8638
7874 144
3542 2451
1786 7768
6682 2845
790 85
6758 2453
3279 1406
1693 6960
7296 7449
4878 6936
7902 6882
1077 5991
7819 9636
6354 7237
7939 3856
3099 143
5965 7529
380 3574
5715 4725
8324 1413
4910 4232
9985 4287
6084 1415
2428 3580
740 4554
8238 3596
6808 1615
2388 9732
6038 3670
704 8303
4467 4469
7751 173
1372 7732
1180 4630
1214 8405
7812 1816
4856 9291
160 9513
764 8778
576 2545
7972 5940
1093 6542
3673 9373
9315 5420
5152 9615
3036 4318
3225 7888
3125 6454
3900 2464
5104 9389
6350 6951
8167 943
7531 7588
7257 7666
5006 4103
3711 3484
4025 3951
3864 2363
4159 9825
8129 985
9295 4179
2332 4022
5170 6606
9875 2045
9967 6858
1344 3060
172 7071
6450 3539
2124 5003
1673 135
1005 6763
5154 7990
312 4947
3673 3263
5301 2982
4938 8736
4318 4386
8631 4200
334 4133
7609 3913
4275 1757
1217 729
4423 6152
7365 7969
8197 9519
3457 1461
5554 872
383 591
783 1299
557 3734
129 2986
9128 5583
5146 9050
8489 4348
7071 3187
6448 9319
7723 6001
6214 667
2629 2487
7101 3164
8098 7561
2242 2997
2907 8469
3535 5208
963 7967
9662 9198
9971 891
8269 9461
9057 4239
4223 9780
5370 118
1945 7915
1686 3100
7375 9531
5520 9855
5233 6971
7359 8131
37 1523
7212 4332
5602 8413
435 3513
7921 3150
2882 2812
4543 5021
6869 4220
1643 3360
2403 1817
6337 7104
2692 1628
2821 5010
7728 9721
4881 252
303 1511
1744 8382
5257 344
4711 8557
3435 5377
5803 55
5946 3484
9969 9200
297 9549
3081 1607
5368 8581
8730 749
6290 2331
6436 1130
4660 5800
8418 880
8180 3387
7616 7184
1515 5763
7809 9427
609 7262
7268 5135
1250 1477
3630 5221
8804 3381
5473 3548
8544 7529
4985 4569
5637 5089
8578 1607
4841 3565
8913 8866
532 1295
7548 1470
3295 6310
9405 2954
9137 194
2021 6964
7927 2489
1941 4096
9024 6752
5118 5559
2249 2423
4713 1292
9853 5580
5803 6214
8076 931
9514 7175
1600 8229
2782 2566
7227 6738
6467 5947
228 2115
9452 7215
9947 4434
4184 1240
9446 9967
8723 4493
4368 4959
3222 5346
6402 3590
9412 7328
7906 4091
6250 7135
335 7125
2517 5331
8285 3819
4675 9850
5965 5271
2742 9145
8961 3481
8281 312
524 9516
9066 2881
2879 7722
6033 4572
4318 1787
607 6335
6655 7193
6351 3060
4336 6513
2756 5642
7642 4621
8307 9112
4028 2582
9021 5021
4398 6700
6233 349
5129 5547
5201 1719
362 2154
8241 1083
9107 5842
2624 4809
2180 9980
5060 1701
34 163
4237 9634
8956 4525
1702 8606
4361 6048
2406 7256
1169 6993
6678 8028
9461 7094
6106 292
8975 8373
6098 2343
1594 8145
6560 6495
7096 1713
6072 8199
799 162
4343 4924
7176 3206
199 1910
8767 1043
6185 7189
27 2395
3601 3970
8026 4128
5766 6492
2964 5631
1942 4118
1844 1840
1132 4878
5979 4903
660 1919
9142 8
7774 4959
3056 857
2672 6666
5670 3373
784 4677
5101 8181
2787 3574
2889 2455
4749 5635
6804 5759
7128 7245
208 9685
7828 2892
8612 1839
6353 4734
2507 7293
4282 6755
5316 8199
8149 1000
4878 9348
567 2521
6472 7379
1835 22
6853 4376
657 6272
9779 4797
3713 182
1271 2059
5737 9553
9952 8647
6654 3063
3639 9520
376 7949
3831 4130
9725 9837
4925 3686
524 7577
2688 5311
2779 4594
9682 4555
4373 8348
3079 8601
2034 3362
487 465
2675 3786
1849 6833
6934 4506
8493 6506
5617 4090
1578 3918
2737 4669
2009 968
1564 5240
2618 4462
4031 7293
5834 6345
6122 9435
1767 4720
1285 4444
1141 492
7262 2637
6083 868
3593 2324
7395 1380
6717 113
7447 4534
1787 742
2968 4006
7881 5047
593 9360
7942 1486
2702 1261
1117 336
8097 630
9408 3457
878 5077
6984 6853
3332 5160
8295 4406
9250 9757
5139 8689
5675 4557
138 5342
6387 8025
3757 1758
1080 4830
1826 9450
6717 7540
9562 7995
7384 7235
7529 5230
9387 9897
946 9526
737 4619
3390 8352
6431 8827
2513 2912
2352 4127
7763 8087
1639 5457
7064 8871
1037 4413
3299 1796
7831 5041
9226 866
1339 7137
5707 8696
3522 1138
9146 3538
761 6371
8575 1336
8421 153
6963 159
3335 7566
3018 624
4171 7654
1657 6307
3583 5877
3253 8494
1641 1106
9245 8515
2860 8652
9583 3080
3773 9759
6697 1059
468 2897
9827 5970
953 9846
3087 5074
693 3510
6705 7076
4333 3608
2030 3375
8397 730
5385 9339
3437 3939
3489 9866
4894 1827
4385 8811
7929 9683
752 3022
6522 551
4449 8662
3988 2223
2977 7693
6624 4222
2550 3530
8871 9435
8666 9075
5024 6586
4248 3179
9333 8975
8336 8961
8705 8643
8610 9011
9476 4789
473 854
5619 3376
7151 8171
827 8847
7244 9332
6894 1888
2537 2343
1179 7244
7085 8360
9778 942
2469 7876
272 9113
9835 9920
4494 5096
3127 566
7128 2845
2990 9008
964 5264
1385 8188
224 7326
1261 299
3304 8165
6637 9152
203 2303
9058 5850
2813 1086
815 1685
1101 106
6737 5909
4395 6784
9411 5094
9860 3477
6039 1926
3997 2129
3011 5688
491 1914
6323 7586
7800 7559
699 2967
3605 7130
5659 6306
4923 1347
8349 3098
5651 9329
1642 2507
6824 9550
9742 5510
7687 5557
6646 5945
5727 9266
627 4413
6052 8996
4255 6379
9854 5008
1508 5835
9877 9809
2782 4952
4200 7819
9573 3432
2544 3517
4785 6388
7422 4750
4925 534
3728 440
8732 4573
396 1274
7331 5686
4667 5290
1492 315
5409 4219
8260 6700
1738 3078
7609 6349
4633 3259
9407 4797
1103 2852
771 3879
9671 9106
2244 8112
6354 698
7796 3678
3247 4757
964 3102
8573 9365
414 4571
2579 2958
3163 7192
2751 1819
4238 4130
3143 8652
8309 6991
3668 3753
5129 4948
2487 326
7332 2831
657 7236
1041 8169
352 3321
4048 7661
9387 7433
2175 408
8489 5575
8168 8500
2021 3582
7738 8479
5532 7035
9234 9514
9214 2911
1258 947
8214 2112
2924 9905
7380 8192
3946 7505
785 6219
2945 9170
1343 5138
5759 1562
2307 7230
6303 8995
8516 6607
7567 4957
7593 9213
5756 7052
9473 3961
243 9458
5101 732
2552 7450
5591 3944
996 1634
6101 3991
7576 1962
8112 4876
7954 5728
7471 7901
6825 1969
2962 660
3483 1314
1608 9261
4687 7447
7015 2315
4028 1351
5751 1326
1850 9795
680 8280
1074 6507
1380 6371
4980 2279
4961 3518
590 3679
6853 3438
7328 176
8194 3198
2338 8868
3911 1446
5577 8968
3777 7188
4925 7652
4388 6867
6272 2013
7643 5557
8786 5446
7089 1731
5905 7550
9936 5228
5062 9191
5450 9756
9972 380
5845 7065
8659 6802
1422 5187
8384 1124
701 9245
7134 4677
1040 7658
7032 3290
6360 3161
3868 1799
9045 7240
3036 8148
7664 3227
8771 546
9489 2472
6188 9488
554 786
9831 3188
4136 8696
5682 8747
723 9367
2610 8938
3171 8683
5002 977
8159 9020
7961 3234
161 1861
7414 2160
6558 168
4454 6433
1460 6260
1043 8193
4651 4038
3477 2294
3613 1549
6269 3499
9941 246
6662 4823
9121 1443
8203 8114
2572 1463
6029 8452
7537 8626
7539 331
4296 8885
7050 7947
9914 8736
2906 7983
8512 7279
8428 5385
2431 6969
9045 8236
3127 6955
8933 986
9681 9076
2641 4233
6948 7942
1874 2380
6825 3058
4223 6875
9620 6751
6669 8312
9079 8475
2687 7246
8622 7584
5163 2050
7593 6428
2051 8594
596 456
2917 1008
6953 4040
7063 3440
7929 7801
5798 2217
4042 419
310 6057
1252 8557
1781 4861
7835 993
1932 8720
8654 4798
9490 7599
5375 3499
6364 3567
3360 6427
1391 6499
5339 3441
4320 2740
8398 5822
3962 3930
2589 7960
1008 3964
1747 5993
3850 8953
5933 2206
4157 7878
3941 2387
437 7456
775 288
1785 4717
1403 2019
2831 9464
8620 4788
2834 9471
4187 5594
2408 4768
1420 3171
4169 7937
4062 9668
3884 1660
7691 7384
1264 5094
628 4502
4406 9195
4021 4437
2941 2112
6760 8905
9565 4575
1917 4649
3486 382
7335 1649
6765 3445
8985 4999
2377 6920
5002 8938
5947 1860
7386 4794
155 2938
7443 6585
1189 1889
8254 5936
2894 4625
2332 2523
1304 384
8675 8303
8596 5341
3961 507
669 2054
3452 5519
4780 1425
3957 8362
5367 8282
6664 4769
2575 8797
5674 5099
9473 694
7814 1765
6006 2124
8693 34
6197 3030
2985 3969
6359 5230
4637 8405
7339 1966
1912 1454
3568 8655
1044 4250
6750 4446
8939 6185
6980 1415
7091 5371
7927 4830
5818 3823
4069 2723
5876 8919
610 9205
1919 302
1299 3819
5437 1806
9181 4255
7520 6365
9334 4885
8425 9042
8158 4047
5188 3463
5594 7079
1544 5497
7197 2172
517 7053
6045 6273
1528 799
2648 7029
3525 1791
8601 8612
4994 7012
6427 8773
6068 1712
4008 5445
3555 6897
6116 1890
8168 2346
8079 7679
8296 3171
8436 3121
1524 6650
3674 6911
7286 1407
5788 3702
5713 5316
6880 8736
5729 5666
9808 8472
9050 2313
5873 6131
3009 7479
1770 8186
4428 2317
5006 5846
4480 9514
1206 7061
4761 9188
8235 642
7878 9069
9495 3909
3372 7285
5104 6414
2325 5598
6552 9208
5112 9584
6002 6881
139 8455
874 2361
4701 1674
9696 5344
7125 963
6295 6316
9924 8615
721 3370
3631 3775
7058 198
6741 3420
492 6448
4140 302
7952 904
6823 2946
6884 2587
4897 7078
2857 6297
2860 7758
4470 1274
8566 1669
5502 6861
1939 1080
7601 3976
6541 4044
7229 9780
750 1909
2679 1478
2358 2184
6501 9356
3699 7044
6219 6083
3077 9265
1340 646
1857 6276
8355 5889
1640 9852
8266 4204
5882 3894
4205 1755
1042 9064
1277 9666
3470 4525
5038 9580
4848 5349
9204 2904
506 6330
2589 5080
3883 5490
8367 9211
5028 1371
4845 2929
6715 2960
6267 7077
4246 3813
6287 9065
7325 1925
3407 9486
3831 2685
6518 2738
557 9565
6348 2189
637 172
3128 5152
2388 917
4585 2901
4656 8620
9074 4782
506 5155
519 2250
9246 4817
250 2627
8017 4720
3248 9211
9976 9645
7482 1316
5677 7164
7833 9641
4671 4821
9064 2615
4759 2633
4972 2429
9141 9456
4288 8241
5166 7559
9079 2660
8635 469
2070 3195
9047 9763
5491 3338
6756 3236
2261 1950
5836 5525
4310 2149
2306 2461
1065 5115
6242 9794
4163 6778
1571 6181
1544 3212
9897 4303
1340 8195
4528 3705
2753 4434
7372 3732
3690 2044
1859 6902
338 1607
4934 3976
8907 1879
8937 4648
5337 2098
2669 8167
1434 5869
4641 4036
6293 4911
1373 5483
5738 457
6296 6163
7826 8218
2004 7142
3988 760
7704 302
8946 6414
1105 8549
3301 4808
1395 4794
4008 1376
3545 3924
6019 332
4933 4942
666 5997
8739 7918
1641 1243
9672 8552
3949 4715
1071 335
3985 6461
7195 3412
6429 5871
47 2500
4402 6715
9091 833
1909 7036
50 1994
8132 9608
2107 5398
2323 3024
694 4224
6655 3723
4426 9297
9127 5890
9984 5546
8761 6951
7527 7027
1872 6880
9443 921
5904 2946
1204 2240
9512 6464
1032 6222
7870 6507
9273 8212
445 7147
2825 1347
1836 5848
6014 643
4414 2088
9410 5145
3418 4597
6732 5665
4825 9096
4122 5494
3270 2563
572 1025
3254 9224
2623 5806
2126 6524
4269 9454
4018 5831
9522 1814
7764 2689
2404 138
9973 948
6635 6410
6094 7059
2210 9033
8544 3374
1944 4746
6907 1739
3966 6510
503 6619
1230 5169
8393 8241
2066 8799
3001 4614
5823 3662
8666 2252
1959 1655
3916 4385
8525 3255
6217 6244
2994 2422
6079 648
835 3363
5047 427
9870 6121
6059 6936
9085 5140
1180 4357
9819 6585
7720 195
7135 277
6430 9394
3552 6791
5351 4546
3992 2102
8999 5793
8133 7554
878 8456
3314 8287
3005 5700
2033 6869
9226 3245
2369 55
4746 2844
9057 9799
436 3040
9681 8793
5925 8388
1888 256
4454 9998
8139 2434
7552 6510
4905 4796
3606 5522
7827 1177
5579 5652
6031 2031
6935 1259
6915 4563
9902 4543
6106 1832
4707 279
6666 8041
3260 6047
4571 1921
6703 6075
2655 3440
8343 3941
6811 4192
3099 670
5422 1133
8944 693
2036 6658
1664 578
1581 8491
5201 9113
1499 6456
2405 1365
9235 9131
1947 629
9651 3518
1664 9002
2809 3180
9783 6076
2485 1060
3655 7737
1003 5566
5333 8050
382 5540
9882 526
714 5617
6378 3362
9955 2658
4738 1413
4637 5941
3475 9300
4402 1021
923 1125
7413 595
1264 5626
6901 3603
2890 5100
6496 2859
5726 8382
3826 9555
2187 2480
1581 2242
1130 9500
8414 2276
9476 5645
6229 2327
6953 3920
4039 1475
3878 8685
1970 5851
218 1886
255 5541
8157 9712
2491 9785
8959 4183
8942 406
517 8024
4470 7453
624 3987
7661 560
4772 5986
2600 1398
5848 6319
2201 1816
3072 6710
401 1605
6726 4119
9076 2900
6835 9529
3092 9158
9633 1840
1061 2123
5726 2350
6702 5921
5750 9087
6329 685
7062 7640
174 8673
225 4429
8936 3403
5837 4755
1127 7483
9165 7549
8700 4529
4065 4669
4946 8368
2680 1840
9204 5883
6274 2472
3040 6161
2082 3207
3644 7432
6135 97
3552 4484
4888 9744
1025 7579
8855 912
8997 2979
2292 7388
1700 4272
3173 959
75 433
9281 1490
8465 1661
1882 5718
747 8389
2927 3225
5647 4405
4395 8517
8127 47
5901 3234
809 6692
3813 7035
3341 8344
8059 9166
43 5014
5748 6016
2056 2084
1295 764
6263 3100
8936 4228
6072 6468
5804 3656
8521 1959
1636 3919
4230 2085
6100 2032
491 8305
1711 7254
8521 3183
2879 3066
530 1063
724 6224
7209 4706
9935 503
3704 3747
2078 9994
9642 4568
3869 2776
9420 4225
8321 7859
3913 4025
2953 5431
9520 6181
8423 1145
7079 3031
9104 4814
8082 483
6811 9375
5252 4899
6088 2852
666 6727
6647 5014
3423 4429
5339 2264
7197 7676
7705 9564
7750 8091
8705 7706
7356 7671
955 8802
3300 905
3141 987
5683 1826
8999 1375
7786 5886
4220 3366
5858 4663
1425 6075
8086 1492
1951 2880
3101 5843
4319 2401
7759 4256
7788 3593
9543 3819
8030 8913
8615 9485
7168 6215
5662 1161
8610 7722
7203 9646
7704 3788
4532 6564
9013 5878
4308 7348
7483 5548
9910 7851
209 9692
9514 6491
357 2909
1407 5570
6245 7183
3751 6638
8970 990
7964 8436
5419 3122
265 47
8193 9616
9801 7167
4000 5589
4995 7371
3411 242
9716 5210
99 8086
7712 5787
9957 4519
9895 9035
5989 1497
9554 4784
5059 8728
4524 7787
5934 258
9881 8499
6390 3552
9461 9781
1634 3389
9273 9722
6352 3828
6061 7685
9282 1994
9282 4940
4837 9815
6505 5876
8804 9276
3695 3931
6111 5974
3252 6955
6113 3764
4848 7645
3894 9901
7381 4351
5216 2550
3075 2023
909 2342
3110 1252
6348 6258
5876 1955
3184 8934
8486 3614
991 1957
4836 5852
4849 4792
5728 2157
5773 2554
5389 6972
6930 6838
6284 8978
5271 1886
6387 5023
1893 5933
1190 4305
9014 4039
5366 660
4260 5047
291 8228
1555 5977
6571 6591
6283 5100
7701 5158
2816 2273
8764 4217
3188 5296
5399 8753
2478 4729
6620 2302
4899 3193
289 532
4591 8056
1302 4731
9495 2838
3122 6822
4362 9747
1433 5887
2647 3714
4308 1117
8388 5483
1285 4885
8198 5664
4824 1288
364 3462
5907 2897
4706 2206
504 6943
2199 5379
1163 3849
6907 5009
9990 448
9052 5979
5334 8992
4899 5621
7690 2946
1795 2982
9425 2996
4800 8076
1336 1488
940 6904
6017 4039
3337 7768
38 8839
9591 1161
6173 5262
1723 7918
315 6198
6384 5880
9682 4204
8048 1709
3121 9689
2749 8810
9528 5551
1835 5290
9198 2173
3396 6222
7704 7419
4360 2367
3147 7509
4585 7944
7651 1955
3481 3084
6612 2903
3021 9679
4245 7750
8399 2609
1500 3235
6132 2281
2846 2146
7897 8457
1683 7195
9588 5109
4969 5588
1047 371
3939 9739
779 1008
9184 3388
697 5261
2315 8394
6564 8241
68 7823
1461 2755
9818 7282
1487 9641
2785 1348
380 7270
6317 8119
8700 2885
7146 6625
4151 9263
7512 2020
7995 8966
1183 159
5801 4644
8006 8937
611 7810
2079 5991
7973 9758
8041 1958
7804 4604
7432 8724
949 4225
4941 9986
8143 7910
1061 5844
3940 2282
7915 8013
2454 5809
3064 3968
8360 9584
7709 2339
9376 7373
2909 7767
5440 4417
2717 9336
9716 1268
5498 4279
7559 8113
4250 950
8450 5545
9109 7415
9453 5098
9027 7321
324 285
7354 5903
1031 2745
8012 3516
6970 9737
4534 6441
4167 3889
8641 4575
9155 7980
1411 1355
5119 4855
4460 2229
903 7327
4011 2515
9305 9304
8621 486
6834 9340
309 5027
1248 5015
6067 5866
3604 8209
1416 7582
2736 3202
8130 8427
4030 9287
8353 81
8429 8484
5176 5592
872 4069
7244 2706
274 9841
4840 2985
6014 616
556 2529
4029 3783
9687 7048
8280 5559
7607 9801
8546 1498
4975 1656
9951 1538
5347 7372
7845 1903
1382 7453
7779 2832
9984 414
722 8710
8111 375
8734 9308
6310 64
4019 7687
5634 6991
5043 2640
9447 1764
4423 7819
5053 6531
6680 2845
5527 2312
2658 1231
5596 5633
6536 1653
4567 4694
324 5249
626 2349
510 7389
6974 876
7 3218
5826 3437
5665 7775
2892 9877
3772 6095
8246 9394
9322 7493
4632 6855
6574 9063
1794 2315
3328 6168
3739 1908
1488 5562
4013 5948
339 8893
8510 8619
2560 3079
1758 5898
3035 7095
9823 3294
2709 6021
5837 8524
2519 2100
3534 7813
814 190
1536 4287
2168 3182
1899 7093
2405 4929
8180 6974
7194 5714
3779 4227
6198 6441
2448 4945
7069 6402
1927 5042
5395 8291
6989 8769
5353 9742
7682 4655
5263 1122
2976 970
609 1486
6701 2748
6335 5006
4444 8993
4907 4038
3496 8408
6663 4109
6501 1213
4951 8312
1124 9538
9118 778
4673 7778
3080 2089
7393 4066
5172 6341
812 3170
5262 2336
2316 5942
7045 2466
6394 3284
9459 8933
2028 826
5663 804
9654 1303
3123 6085
5476 3140
7563 1645
9356 4816
9222 6596
1934 801
9896 4340
2891 5592
9529 8092
7882 57
4274 1627
4048 9256
3909 5283
9889 4004
9435 3755
9335 6788
7568 2436
1927 1731
6861 2878
6281 9499
8368 459
8536 318
8861 9208
951 4923
5847 2064
4250 1928
7199 1217
4852 5258
200 1400
9837 6349
4877 2477
7973 2871
1299 695
2885 4769
1445 1295
516 3279
4260 6760
5375 1929
4756 8395
3726 863
5718 6311
402 7200
5831 5988
5747 6770
2180 5821
8568 8040
2703 6755
1326 2850
1457 3902
7721 2266
3098 6073
8178 4320
5668 8579
1670 2036
9047 3859
5837 868
5688 2735
7584 5663
3199 6379
650 9735
1035 542
2018 6467
7313 8918
1007 1337
660 3060
304 6593
1934 371
6094 9475
9369 4406
6799 1800
24 662
6337 7390
6981 5206
9203 5031
2920 4606
2887 5213
3901 144
1831 8499
8484 377
4011 1679
9850 9044
7328 9414
1204 8569
9403 7690
8326 6859
8108 2644
2080 6715
5161 3196
6976 2
5179 5939
6708 4306
6604 6345
6193 1492
6987 2229
7113 4906
5257 6661
7272 4541
3261 6536
9314 4237
3198 1809
571 1111
1751 1912
7676 3767
2122 2429
4496 5128
6530 5200
9410 6177
3727 705
2586 3151
7837 7279
2758 8317
7570 2669
1434 9390
295 2097
8627 3237
3793 8619
8355 4062
683 5655
9765 2184
8318 3776
6805 9842
8011 4288
8689 6638
3436 5708
5153 2025
5593 8999
6677 2443
3862 6865
1542 9025
9962 1328
3103 8266
490 3978
6520 4122
6583 5150
3581 3916
7908 931
2793 9135
1977 9201
2855 6625
173 1078
3005 3452
8069 311
1761 7648
4072 28
3749 3289
9510 2262
7827 4796
4807 325
1594 6927
2271 3702
3336 8134
9968 4415
8162 2430
2307 6223
1463 641
1819 2974
3638 7715
6612 2635
3691 9654
3836 1694
5149 2928
7802 3220
1943 9685
9452 7256
5304 8387
912 1595
6040 7120
1833 1410
7830 3140
8312 7209
1152 3582
7504 3315
557 113
3807 9966
5158 350
3303 8429
7778 1353
4246 4278
3431 3727
4586 4972
9454 9157
4799 8437
8274 3982
3965 6968
7002 7155
1277 2080
4476 5726
5770 40
7154 6931
3772 840
2713 507
2319 1591
2468 3469
9004 2021
4685 3885
2147 5650
7758 163
2116 4257
8392 4946
7283 420
8428 1036
8163 8145
3409 8824
9353 1737
3564 2377
8179 5814
865 4438
6131 1089
9678 1586
1743 2010
2959 7212
828 7251
8009 1616
9033 1388
7592 252
3508 7583
4703 1980
8066 4570
5615 645
2271 9186
6754 7738
5268 5372
3299 1402
7742 3531
5557 2968
2702 1353
3629 4185
114 6692
3354 4191
436 4350
8479 3165
666 1318
9872 6306
964 9278
9988 9849
9120 1294
7725 3713
2970 9918
2745 6967
2590 8153
4289 4439
6032 3549
9522 504
7966 9908
9804 6936
3023 213
920 9136
2143 9549
3329 7623
654 7779
4379 9279
7848 3591
1190 9131
6710 1813
5963 6715
6787 1315
2409 9653
2411 9633
5194 6926
7838 6117
3997 5861
5310 196
4207 287
2059 7478
3362 2370
8010 2052
8765 588
9062 2933
6169 4035
9083 4653
2540 311
6948 4775
5016 6614
8051 7635
5563 2544
3066 1638
5569 2629
2987 1292
8243 6298
2325 4375
718 2034
1892 9272
3969 7771
588 3154
2875 8175
1283 7672
5595 2050
4657 9430
3424 8570
5056 1417
6751 3935
8850 5682
8639 6967
3294 1542
8616 8693
8105 8868
8107 3472
7915 3126
7618 3531
6453 3876
7961 5301
8184 5100
43 7569
3336 7225
9428 8606
642 20
6042 2284
5030 8208
1668 3688
1189 5984
5146 4744
6186 2276
1908 1566
8631 9415
6902 547
7495 1513
4233 312
7221 1372
6494 2157
6651 607
2454 8989
4652 6555
5908 2913
4936 2149
2593 8405
8417 5945
1452 4049
3456 1429
1577 1686
4402 8627
6531 6689
4660 4272
200 2439
8082 4628
2498 1305
992 6095
7604 6759
4590 3962
3489 563
2267 1375
5993 9759
1830 4552
3677 9340
201 3420
3595 5134
746 943
3804 9204
9743 9628
8190 6037
2204 3892
6092 907
433 9812
2728 4915
8685 5643
4462 2362
5004 3554
2795 1708
7717 6933
2199 6651
2527 3853
6949 2385
2315 1591
7420 7239
7881 8155
2050 8490
9379 1603
9888 2452
8867 6676
410 6649
5342 253
189 4983
8446 6109
7919 4079
628 5038
538 2467
323 8869
8119 5326
5770 8525
2534 5763
4223 366
8363 989
6681 6862
3835 6145
5463 3499
869 8168
4425 9091
1371 1517
6113 7118
4491 2056
3716 5460
9754 8842
8477 8323
813 3414
5619 2009
9126 6943
3887 699
1675 249
9236 8588
9037 3481
2867 3631
1393 2558
1419 7077
4768 2123
7408 6326
2411 4246
8906 9830
8317 4519
3778 9981
3988 2594
1497 9734
1615 5877
8373 7565
5282 940
2537 2964
7571 3917
5240 7908
5108 3054
3443 2341
3387 2959
1717 5062
3986 6290
9201 9326
1317 5330
6971 6326
9067 1195
9168 9370
191 1244
3421 1349
6812 835
8774 3070
9752 7027
2985 9017
572 8089
9484 9551
6345 9864
5138 5227
3004 2459
5970 9283
966 5970
4516 8629
6586 822
9489 9943
9319 9806
5309 7645
2178 3748
9861 1300
6840 3283
3743 3482
9983 6728
2784 3698
1166 2440
8704 1753
5352 4452
1450 8251
9782 6522
5053 7138
8735 4828
3586 8573
9559 9611
8074 8882
6311 1892
4816 8897
623 7683
5806 9082
9178 7492
6081 7624
2985 3369
1828 2361
9985 6282
5471 2338
7209 8799
4822 9577
766 5158
644 8083
5222 1837
4489 9354
1608 4506
7615 4635
3314 7834
5031 6606
3224 3243
5048 9004
1128 7195
3196 1546
3250 9385
9538 7486
7046 8948
4903 6338
2095 6146
6825 6649
1018 450
3280 2618
9091 9361
9831 5405
1716 4624
6238 8289
4469 9838
3898 7469
8524 2451
5665 8151
8832 1642
2630 4690
863 8290
2848 6122
3846 2130
4468 9116
6503 100
8655 434
2153 2819
8973 5119
9045 2136
1119 2707
8643 4546
1171 1109
7940 6262
3528 2641
425 3681
7750 3463
5170 8080
8967 3638
2658 9353
7404 4187
4126 4869
6687 8589
3079 5665
1321 5609
2950 6852
9372 5928
9377 9224
1488 4478
5381 6380
1525 8489
9202 5149
2045 7630
3739 626
4467 4048
9827 7292
3557 9506
7007 3707
7345 9635
7503 3328
8295 5599
3286 1612
3162 7223
2068 7813
3349 4525
1338 9109
511 2997
7353 9601
1415 526
5030 2836
5971 6080
7771 5323
9963 8428
3091 9270
9208 8068
2651 1512
556 9716
7607 7331
1294 1934
1739 3064
5823 6434
4704 7201
3185 4924
4808 1516
8170 1028
9472 9620
8212 4816
241 5925
1935 5011
867 8708
6052 5637
640 6423
3108 3553
2927 4286
3969 8649
2205 6559
8075 9145
3530 4059
3478 5503
4643 6297
9135 8786
6561 576
7540 3478
1729 5626
8613 3828
6949 3379
739 4905
1006 6728
9216 4164
2675 34
5172 1678
6318 8343
468 1101
7456 4985
1194 7863
9601 5809
4476 3076
3199 7847
1094 6740
6815 6490
2784 5186
7526 3286
2047 5083
4953 9800
7794 2529
8238 575
7556 5060
9435 2170
1233 2971
1878 1246
7878 4260
9838 5394
718 4159
1818 7860
3368 973
2904 5772
7212 3259
3726 4300
8145 3251
1983 9569
5071 4258
1697 1461
2819 8283
8381 2567
7656 7378
4521 5309
4213 1593
2833 8793
149 3684
7963 1291
9346 5339
6463 8250
6911 477
5332 9255
789 2623
4015 1028
8166 4942
8344 5168
5108 3575
510 7028
829 1781
7314 6983
5546 7106
7741 6814
3173 4315
478 6208
4233 2329
3862 9024
7328 7591
6858 4644
1984 7502
2551 4214
1886 4904
5849 1485
8909 5915
8021 5507
9470 3220
2364 9784
3256 8454
666 7522
7503 2135
526 3980
4697 9904
762 7957
2611 576
4472 6363
9404 9145
3372 1968
8655 9494
5691 3018
4469 8220
4584 8261
9129 8142
3709 6337
6138 4235
5847 5243
5943 4335
7596 9028
6437 296
8578 7741
3883 2029
7822 295
3314 517
5136 2459
2462 2825
4769 7320
4683 1609
4776 6815
8510 1049
6014 1654
9622 6417
9218 8365
7843 1472
9965 7931
7544 8033
7504 8509
8760 5949
9008 252
4847 2197
9793 577
7086 1959
9363 8632
6278 5106
9507 9280
2408 7957
2195 2132
3512 4452
5837 4297
6657 5933
5318 5010
624 2010
5533 1577
5190 8666
5832 7414
2296 6128
1213 1747
1995 8028
4660 4649
4890 6162
1312 5826
8424 9920
5233 2305
8200 9753
5093 1816
7687 5139
6702 3577
5328 1102
7176 1009
6399 4365
9387 7203
8302 6196
123 4825
6696 6804
4967 4291
8082 7447
9493 47
2782 8600
1072 2811
9316 1487
3879 6324
4950 572
5596 9620
5846 5916
5093 7946
7258 8265
4666 8144
2464 3320
8929 404
3057 8354
4771 5247
4321 8535
1994 8983
2055 9120
9324 8600
3048 8742
4328 7469
2730 5727
1998 6273
9392 2688
5892 9255
5652 9668
2650 5548
4846 103
3393 4957
3055 6946
9704 6058
1743 2600
9794 3868
2773 6516
1283 8307
6672 74
8940 5032
1427 7538
6125 2035
9380 9491
4375 9107
5802 290
426 7802
2888 9404
805 5123
1149 2162
5079 9176
215 2215
535 2609
8271 4572
8877 4214
4870 5189
4366 8298
1949 3640
4603 5567
8761 2491
9968 375
4717 3428
9911 8910
4024 350
9204 4330
254 7574
3953 8538
3168 4293
6595 8659
75 4983
332 399
8220 5
2315 2084
3968 2568
5122 2421
2660 8939
9976 5557
2400 4615
5707 3217
9595 7468
1198 8308
6931 5061
2272 7479
6021 4717
9780 8063
9529 6558
6007 4854
163 2848
9194 932
7822 4203
9706 7604
3132 1474
2139 9656
4810 3961
5528 7349
1349 8280
2587 3925
4012 1581
4002 4447
7519 8031
3362 9226
4133 1296
9359 6977
2441 8134
3074 6815
6478 6732
220 692
2018 573
6869 164
7661 7128
7865 3694
5750 7807
3364 9723
1594 7004
3524 3604
5777 9507
6012 4072
7922 723
9599 9883
3600 5098
2859 8590
5695 9653
3694 1268
4310 1717
8183 2008
7447 5960
980 6808
2202 2296
7988 6583
4505 3102
9552 7321
7201 2054
9534 483
4218 4329
4037 9416
7483 527
4207 2833
5654 7262
4453 5378
9991 5778
6223 7766
2730 810
8864 9605
6436 6094
7837 7547
1730 9465
7564 1492
9365 4194
4526 860
4959 8674
9929 4776
7303 8005
5765 3761
421 3431
5802 936
8850 1805
9789 9025
3122 2031
6498 5553
848 308
2895 5145
9252 5983
742 9476
6128 7443
5931 1568
1042 6395
5799 2147
7834 9254
272 8084
9063 9967
5119 4852
5520 8298
306 1920
1736 1964
3965 7174
2112 9738
7802 7227
4084 2354
6944 3082
8220 3464
681 9533
3875 5103
7285 4243
7393 8869
1986 6830
644 2056
7123 2371
1700 203
7399 5799
3053 9396
5574 8590
8080 8851
1057 8225
2060 3537
478 4487
9670 1954
4914 9454
8764 7418
616 8769
3988 4831
4058 5046
8958 9151
6657 2900
6650 2636
1231 2427
5756 9033
4794 7547
6384 3238
1229 4805
1034 6843
5603 2448
3729 4324
2204 4260
6391 4600
5608 7195
9479 801
6226 8569
5380 9727
8316 5796
7244 3035
72 7571
1751 3069
9620 2517
703 7841
4311 392
5428 8295
2602 7932
9229 185
6502 5344
2346 8958
6612 2609
2309 3047
154 4054
4527 8118
9613 3772
300 3136
294 7042
1876 4980
9511 6473
16 371
6537 2499
7390 3659
8630 349
5614 5009
1271 6619
1565 7352
8164 8385
8117 1412
8629 1240
9004 1689
4140 4944
7649 8136
6038 4884
7295 9359
4323 6537
4617 62
8933 134
2267 3250
6722 2921
2721 433
8871 2029
8429 7900
1226 3508
8869 1923
9726 790
445 1002
9005 9371
6120 4876
7540 3016
3889 3663
4270 6473
5262 5188
5632 9787
9722 6986
3801 9118
6214 7043
6873 803
4969 2405
9453 3494
6065 4486
2642 11
3171 5032
8325 5918
6713 1247
2415 1035
8426 1729
6381 2160
5829 9311
8865 5438
797 3180
6659 5608
4537 5983
7549 4706
3356 5834
9893 6066
198 501
8509 5373
8542 2056
9043 4416
7988 3773
1574 6195
5622 6418
6619 8628
102 375
5744 2843
1136 7893
1573 7306
6477 6965
7677 9759
7526 8434
1558 9748
3592 5896
5928 4473
6549 6993
3918 8420
7982 9292
3015 8338
2375 2524
4271 9868
8863 6571
8820 424
3563 2192
22 8118
7947 421
6024 700
9105 9842
948 3191
453 8554
6412 7034
1282 6708
4683 117
8715 526
4729 7568
4505 8300
1143 5504
8456 4980
743 2524
7140 5340
1992 3079
82 4035
6282 5440
4234 2157
8470 5433
8739 2738
912 2014
5788 7484
5466 552
6396 3556
2593 7767
6407 6693
3731 1877
3049 7764
9718 666
6696 8697
811 7109
2150 880
9935 8890
7884 2107
6870 1296
1788 9559
8743 1636
6759 9277
1508 6060
8816 9567
8218 2044
3277 7
2904 1011
2382 8353
872 5971
9316 8991
1059 6322
7681 7603
4705 6901
2977 1775
1309 8808
1176 3180
7946 3609
6842 6251
9525 5561
6393 8539
8666 695
1915 9898
4356 8140
9993 5042
8278 1378
5242 2306
3603 8711
4807 939
9096 4987
5283 27
6624 3447
8086 3236
7963 3088
8922 7066
2504 8970
8741 3977
7481 7191
5015 1906
6177 4861
6012 3004
5505 5045
3900 6647
1974 4150
6313 4445
5693 3423
4735 5430
6621 9178
417 7806
7269 5994
5243 8898
8889 8590
430 7112
2311 7732
6303 4598
3496 5700
9813 5283
8972 8724
1603 4487
3316 8186
8394 9531
2341 6870
9318 7618
5824 2147
9177 9805
4675 8994
9080 8694
6246 7417
1217 3785
4857 5554
26 9030
7847 3334
5894 2469
7691 7056
2699 8684
9760 8162
8811 6058
5187 3931
2047 731
7463 2746
2401 1855
4347 5946
4336 5498
419 2851
9909 7676
3694 5710
2165 5866
9285 1313
6948 2905
370 8202
8091 2064
2101 9675
8284 1126
7016 7777
5586 9200
1131 3898
7575 9522
4224 4391
7287 2886
5895 2329
8095 3109
6955 1189
5046 8883
6019 6342
5342 2959
1633 3814
5949 7657
2255 6329
661 3828
2982 4309
2869 7559
3686 3542
7519 1965
8843 3037
5309 2327
7584 1337
3095 1617
7918 8440
6132 5548
5343 3737
4994 5898
7216 4070
8393 266
270 1029
6923 9230
7360 8558
62 4987
4456 186
462 2103
1383 7806
3330 7815
8148 8681
8494 125
4168 717
2493 526
2666 393
6592 4350
3798 9396
1134 4671
1292 4220
4148 6874
9215 5588
8493 2415
7358 7673
701 2734
5365 3826
9351 6804
4729 8653
7349 1484
8737 9135
4267 4027
2744 5504
5254 771
4076 7228
9415 2910
8368 3747
7434 426
443 3239
1602 2073
1692 1633
346 4313
7002 5067
1211 5279
1296 7313
5063 2553
3883 8508
9797 7313
9224 4963
2086 1002
4921 5645
4658 7660
3244 796
1821 7269
9716 6002
8695 709
4442 7591
6303 4365
5900 1405
4772 8576
8903 8287
1749 3650
8590 2588
8738 5003
7391 4063
4859 2206
94 4086
4340 1709
7378 1870
2947 9469
6478 5024
9424 364
327 707
1666 2070
8269 5760
3441 5585
5695 6922
3727 6606
485 2031
551 2813
4632 3136
6042 8101
1171 7442
1120 6671
8247 4503
7841 8565
4743 9761
751 2118
4275 4325
9908 7859
2197 5479
390 4876
3537 3109
668 487
4139 3973
4707 182
4462 812
8526 6222
2792 9561
722 667
4145 8207
2906 2312
8613 3370
5618 9045
828 8795
957 5677
5921 2588
1918 9679
484 2797
7114 1449
5200 7493
4955 3892
3512 5350
7457 8200
4228 1051
3688 2112
8046 130
8084 7422
7589 9547
9869 524
7802 9712
7572 5395
8200 2985
5800 2818
3577 6262
6676 1159
2324 6813
9199 9650
914 1295
8950 7593
5806 5677
2291 8415
6852 1232
9953 2032
889 6147
2939 4508
3550 6453
9971 6077
723 8202
1980 2126
5778 8889
6891 5943
7434 7640
5458 2924
3812 7593
4916 9475
2302 6120
8971 6725
7348 2741
7933 4189
6562 4534
2753 2140
2809 6167
4395 3379
8041 5286
7174 3400
6801 8009
4340 6228
4919 1560
8252 128
867 6175
5041 8863
1936 5011
3763 8002
4193 8860
5549 3197
7034 6809
6193 9412
8143 8384
5257 8868
6687 6163
6744 338
7292 3591
1724 8475
5585 6646
6291 7419
4117 3908
9098 9163
7659 5305
1642 2455
9179 1054
6089 490
4201 7587
1111 2428
3350 9458
6534 7546
2270 5173
1843 244
5132 9691
5442 153
7479 8024
9183 1125
9774 2476
7836 1896
4735 3812
4977 1511
7080 5223
7239 8862
5272 1209
8879 576
9129 1568
1305 3009
2463 3589
9661 5861
689 3431
5308 112
2060 2231
6531 9522
4812 6131
5766 3006
4259 1000
9906 9322
6017 5815
1654 7088
4359 5931
5151 7899
8220 2866
2037 2979
6298 1920
8632 5004
79 7157
3807 6918
3320 9808
9338 4487
3647 1566
6235 1758
5281 7300
9248 6923
2968 5151
8107 3385
1453 3222
5330 8317
6136 463
9297 9192
501 1684
5418 5583
9667 2475
7099 952
2898 7725
4163 5053
1750 4424
267 2739
7856 5557
4430 1971
8133 4425
9650 3005
1022 5460
565 6755
9080 4429
5619 5669
3601 3999
7366 1764
6124 9327
240 826
8979 8506
2648 8499
8821 4953
1191 6715
4767 6017
922 677
2186 5203
8708 9285
503 5484
7902 512
4950 292
2247 1070
1900 1041
1944 2752
5122 2285
6028 5911
3606 8788
3386 8857
2041 7346
7268 6373
3152 7842
5211 5831
6665 9312
9585 8681
2916 9427
8495 1870
4239 5453
3820 8825
7169 6561
9307 2400
4190 966
5979 7141
2834 4392
3241 3702
5267 6760
2404 3997
8592 7252
7329 5555
8438 6245
1310 2094
7496 8970
6264 7224
4945 1238
4882 7388
9075 6432
6803 8793
1615 4823
5266 7120
7414 4148
1080 9166
3517 6989
3747 9014
1221 2173
9142 3480
2221 8143
4637 7682
9508 1036
5425 6198
3653 3555
5050 5866
6211 2949
8560 9116
7050 4690
8738 9700
526 3763
6296 3612
935 7527
9245 7201
2407 4190
5509 5085
2918 4525
5860 1250
5027 7193
1435 9312
5463 3944
5984 9468
7671 2360
3813 2665
6522 4172
3260 7898
9116 5862
8852 4122
3262 3620
4894 3879
9814 7477
1999 1166
174 8334
9674 3971
3109 3899
1368 4551
8165 4222
1909 4770
685 7235
7711 7508
6262 868
7189 2777
8936 4208
9319 3185
1798 2015
1209 9143
2904 2834
4348 5318
6570 8895
9701 6032
7552 9923
8403 7807
6379 6700
2279 7849
72 5275
9734 8224
7545 8648
7355 8005
2997 6019
3220 3825
2391 8403
7475 8076
901 596
9117 9974
9239 3258
394 8668
5487 9506
4785 479
1477 4606
413 8873
7732 7968
383 6520
2435 7038
1020 3053
7207 2681
3384 947
8097 1470
4813 760
9807 8276
5799 268
6645 784
2382 8314
8120 7438
6611 4754
718 1895
5908 4560
1966 48
4895 4308
380 8195
3728 4204
2133 3939
8474 6189
8265 2656
3105 3379
3157 3489
6667 8671
61 6328
9862 4373
8690 382
3316 3424
8684 8731
1103 1028
1196 2583
1686 9761
9355 3147
813 2920
6989 7373
7313 6818
1677 9331
9239 3286
4851 5784
6090 4688
4473 9433
3033 2944
3440 9386
7134 6230
9914 9481
3064 4044
9340 5031
2780 8897
4462 4767
8402 2671
4091 8617
5786 2830
6191 3985
4549 3988
6398 9340
2943 4633
2321 1588
8930 8987
2299 2811
8537 3147
9810 9796
6526 8791
6452 6582
7479 4507
4432 6297
2159 6152
868 7921
3009 8848
1722 7144
7355 3803
364 2439
4819 556
7388 6976
5125 1514
6456 1091
3313 8336
9816 3287
7030 7892
5693 716
8882 6374
4640 9239
430 6572
6912 2347
8467 2194
3519 1139
253 7279
8063 6501
1633 5733
3992 599
598 4393
9740 6531
8369 6574
3963 6966
3002 6201
6671 842
4285 5528
1966 6582
7364 8349
8231 3843
6738 3266
6642 1108
4647 5383
2957 1886
3982 8694
6962 2506
5492 8778
16 4746
1852 466
222 2590
5236 1456
2794 3200
8069 9062
3301 4158
7870 4074
6036 1575
3256 9844
6041 5816
404 1649
8502 6969
8507 4834
5321 220
6285 4200
9045 3793
6437 6363
884 8733
4231 8228
9180 8539
9211 8979
9621 3252
7364 1722
5998 648
8110 6489
7902 2832
7893 119
7991 9114
4906 8855
4327 9271
1431 1867
6699 774
2533 5277
9670 9601
604 8777
7988 8149
8404 4817
5707 1150
1032 7877
228 4518
6230 2205
8460 6135
9037 3492
2594 9438
4497 1946
601 8225
1291 8656
4022 2953
8692 4215
9992 1085
2738 9915
8877 4871
6341 8303
9866 1290
280 8291
9075 4936
5490 7504
6762 738
4864 6556
4386 7325
831 9129
8089 2939
25 6002
229 9462
773 6848
741 5107
792 8510
6761 4488
8945 5865
1248 1873
5632 5829
9583 2584
7350 1137
629 9986
6805 9569
2822 6438
5127 5410
3995 3361
9297 4625
5670 4039
5341 2950
6483 9501
67 296
2015 3908
1946 783
3549 1406
210 3844
8667 8285
341 7170
35 1849
959 7160
4468 9299
1753 2552
4549 5702
3244 5193
2083 1695
5411 3277
5935 805
6174 7500
1089 2072
4924 1866
2726 4921
617 5315
8899 8897
1930 8423
4947 2036
6918 1283
8740 2577
9837 4470
2737 3298
1871 4266
9999 1196
7703 7343
4885 2590
5877 2859
1513 512
6474 5704
5196 6155
5304 6684
2500 8036
3189 5840
5002 2037
9858 8027
4120 986
9194 6294
922 3230
2714 7179
3052 5048
1323 519
8648 2320
8210 1334
6670 3130
4698 582
8795 2526
9127 6430
3709 652
460 5882
5072 9842
5957 3170
543 3756
9870 7069
2558 5777
8411 635
1254 7131
4612 4104
9064 4585
7825 1588
5105 7508
292 6472
5583 1564
3817 3307
7282 4465
9065 2306
2519 565
9647 8455
9460 4327
9806 2011
7514 5809
164 7018
6264 3475
3533 659
4928 209
7522 6735
882 9218
6770 6145
9594 8721
2052 7033
8145 2181
736 4256
595 7515
5863 5039
2163 1153
1012 6467
4033 4295
3666 3917
2258 398
1239 8436
5237 4058
9842 9633
2494 2019
7867 5272
8725 162
8904 8415
202 1182
9492 1161
5295 9865
5605 7920
3561 7313
1517 7611
6065 5700
8464 2579
4805 988
9836 6146
39 6893
8720 7539
6987 4803
2924 3934
5958 3681
216 3087
4910 1339
2393 363
2933 6696
7281 802
6751 496
6758 6810
5598 5124
9171 4397
6503 3162
30 2906
9181 4765
8225 7411
7260 5971
3674 3985
2170 7590
2956 1816
4846 604
1269 3099
7441 6566
8007 4004
617 4162
7378 7085
8029 7140
8236 2193
9509 7599
9038 3256
459 758
3054 686
2936 7159
3297 1701
8022 1858
2172 6474
6162 3432
9481 5585
2663 9311
2404 7030
2965 3628
8475 170
7553 7850
6348 4709
6096 7543
4203 1908
8545 8435
2446 8870
6908 7014
5364 1497
6519 8696
248 8073
2036 261
5187 6896
1332 7749
6267 1278
1876 319
8211 3742
8364 390
6620 71
6975 290
8973 9874
309 1145
4314 549
3204 8144
5502 13
7975 5087
6006 105
9408 7187
607 7993
3684 7808
9954 7706
8771 600
5945 9352
2023 3975
2619 2017
9415 2370
4813 3048
721 5048
1588 8357
5521 8833
9352 1355
5857 5093
8781 7544
8839 7045
2929 3362
2225 9254
9028 7530
5547 2225
3381 9987
4021 1631
4288 329
7435 7921
8501 7372
9283 5359
7878 502
3961 1302
488 7679
5625 1279
3278 4819
497 7951
6483 5642
1820 5816
6787 3944
7942 3946
3210 8369
5759 9988
7417 2509
9487 3611
4918 757
4080 5085
3324 2967
8355 2930
146 3012
6800 7399
7723 3719
2619 7401
3420 8541
8370 8078
8912 8294
7623 8059
8828 9964
9267 2348
929 7790
5593 7426
3822 5426
4971 8188
6112 9071
9566 6649
7998 9920
5996 309
6529 2419
295 8738
5522 2695
8552 2945
6146 8117
9302 4806
4565 1682
8861 8028
8151 670
9472 5387
2545 1968
3872 1597
9183 7403
8787 1447
2981 1996
7727 9753
1460 243
1633 9482
6405 3187
6905 386
7524 7641
2359 1701
4170 1136
4139 1498
5693 7841
1076 8076
3727 1625
306 7764
350 8357
3268 2457
7387 4500
4850 9034
1463 9163
6759 7586
6558 3812
9242 6693
4881 4789
6038 9028
4874 9906
9891 1322
6444 7095
9184 5175
6554 310
7293 9122
4735 6216
9468 2004
6673 5986
4718 5984
9839 3693
2697 3689
6140 7820
553 5792
3600 2712
6276 2561
2449 3763
5362 5987
4992 2559
9876 9344
8243 4891
2878 6576
1537 6144
4486 5463
2721 8165
1101 3202
520 4380
8514 7422
9301 9362
2981 5614
1892 6553
196 6080
2986 4599
5643 1969
5098 2175
9712 4370
2727 6070
7449 7685
772 6485
1473 310
9102 3613
2961 8037
3725 8498
3644 5847
9343 5859
4594 4714
3922 9966
413 2508
1218 9633
195 6486
4938 6080
8256 1468
2710 713
9786 8312
1222 7743
4695 2877
3910 114
5146 3541
3725 9371
2974 2211
4742 5304
1487 538
5998 4983
1250 7392
1330 3956
7317 2835
520 5052
4846 1386
9840 7166
9467 4012
7865 8082
9760 9909
7339 5675
5302 5337
4195 169
4573 1449
7012 4754
6686 6461
7805 4928
980 7487
1078 6878
5648 9375
7807 8288
5128 6546
3857 8288
4952 7325
6929 9524
5193 7571
1486 1376
8169 4245
2731 9217
5607 8251
8680 5281
9103 8018
478 8050
5323 3509
788 5810
3185 6791
8987 1306
4140 6093
7397 7657
2662 2951
3264 8225
2256 2881
3215 7839
3175 654
6522 1179
5757 4268
3064 7767
2353 5924
3021 3411
6385 27
8291 2928
4863 2606
9961 5813
4959 1555
3252 1631
7071 2751
2921 5243
912 6022
820 7251
1106 2783
1058 6417
1136 2800
7312 2937
3795 3390
2724 3032
7732 5203
8575 8825
2091 7820
5143 4465
2908 8365
8777 454
3296 2238
1240 1724
70 7231
7056 2134
2105 1897
76 6586
4689 6691
4133 5562
9560 1556
1018 3538
5263 194
4794 1971
9624 3323
4679 4760
5952 6372
6376 3799
990 2454
844 4774
2623 502
8548 2882
8953 6276
4639 5923
6054 4698
6141 5928
6547 7900
7703 3792
513 1418
8092 3852
4191 5798
1020 8428
421 8674
3832 9932
268 4184
1615 4691
6489 7564
7873 4592
125 4384
1944 3249
5159 6855
3931 3236
5303 9718
8758 5095
9608 2646
2260 7943
5160 2944
464 4180
5354 5208
2828 5676
9707 1570
7462 2524
8449 4163
2889 6693
6314 9086
1683 5326
825 1782
9793 4007
2590 7433
5881 8820
3612 1523
48 1825
9024 8865
869 8868
9276 2613
2691 1293
7469 2071
9027 5994
7098 7076
3463 1685
8445 9260
3843 3688
657 9728
1445 2149
6341 6977
8873 8125
3073 5125
1702 9139
4814 8335
1427 2095
4146 5346
2203 6199
8859 4346
1949 1043
612 6858
4560 8043
4652 5729
9855 7149
6249 4981
590 8947
2954 7630
4876 4505
7830 6183
9616 6069
5317 9004
1798 9612
6889 318
6272 7110
7756 3278
4693 5587
4743 3009
9027 7746
4598 770
1781 3456
8048 9377
2457 3840
8688 3172
4907 7201
715 4059
6517 1250
5415 4084
6497 2089
1695 5480
5113 5335
5521 8562
5756 3553
9579 2371
405 2039
1404 4005
719 9137
8080 2340
4584 3825
780 7024
7596 4516
546 2278
3055 5498
5526 2716
6917 1671
151 8560
1783 710
1003 4446
7157 8977
2507 5799
6121 7673
1992 9575
4747 3832
7582 4028
3245 178
1752 1503
7711 2983
3094 637
3909 2409
1478 6860
7362 2992
7657 4458
7806 4468
652 6759
8691 7411
9020 125
2017 6363
2740 616
8551 2700
189 8975
8284 6096
9171 608
4072 2910
7640 8990
7062 1874
7706 8072
8735 1577
2400 7819
5393 7272
3735 7579
7341 3831
6294 3952
1015 6084
3224 8967
4606 7265
4597 4740
384 9332
5117 894
7472 9267
9592 8273
827 2872
107 8372
1198 6313
7653 648
568 942
7662 3216
2276 9735
8919 3431
1683 8445
2075 1527
3358 2862
2228 1447
106 857
3613 1220
4460 6835
4621 7900
1584 1525
1707 1692
6636 9824
5789 7244
348 4292
6610 1131
3906 89
2042 4021
6416 5412
5293 7741
9888 3854
3544 5145
5192 9245
7666 3097
8605 3206
7520 5905
4376 4759
8971 7942
4868 7339
8553 6448
8220 3191
590 4330
1860 7284
6509 5698
3010 9186
1130 4336
1612 2268
8827 1281
9065 2558
9879 4163
734 9728
3428 6175
1120 3318
8474 4905
7047 368
6914 2216
8573 7629
366 7186
2018 4218
80 2502
7065 1707
4995 9394
5313 4283
3958 9666
3688 3287
2151 2907
3606 3012
7728 6294
4873 4727
1788 8437
6736 797
8652 366
2594 1059
247 9303
80 8573
6085 6575
1697 5081
7071 921
220 1352
4527 4463
7592 2721
4005 4500
3368 8522
4304 3691
1568 3651
676 2495
3416 8971
4378 1244
6171 6032
1507 2878
5913 9407
3246 219
1985 1460
1839 8701
4245 1626
548 2257
6288 5961
2220 4006
5060 5843
7290 2133
3135 1775
2032 4588
9214 2444
9080 9294
287 8850
6692 2461
4413 2270
7778 1975
1642 1064
1937 4204
5525 9889
5403 9665
4284 4075
643 1957
3380 9368
5636 2257
6124 6019
8792 8820
6797 2691
2058 7599
5492 7912
1177 5206
3257 5077
9986 7416
2122 8424
7908 2949
5513 1648
3326 6458
6366 1185
7416 2919
5244 2502
7612 9605
7041 1841
9094 6920
207 4947
2575 1876
8504 9681
8877 772
2704 318
4335 9747
7126 1390
8722 7973
8193 1062
4914 342
9276 9210
9751 835
5061 6091
5335 7670
4084 4978
9092 5892
7666 7280
674 9914
840 2472
4458 8326
6802 3927
5937 4365
1982 6080
2342 7391
9741 2076
6359 9676
2129 956
9690 4658
8263 48
7594 4934
9275 4282
4070 8326
1078 5777
5690 1252
4021 8531
9388 7530
2810 3821
5354 1719
5596 9901
4517 8216
2617 2042
6632 7954
4670 8674
8105 2914
8832 5009
2338 1306
9676 9934
2477 3753
7567 7202
2758 9026
4312 7258
4875 6219
4624 5119
4490 7391
6152 3366
7355 6928
9684 5692
944 6009
3292 5744
7148 9570
3638 1866
5978 8545
2240 9432
2055 2408
6678 1828
1348 9609
8792 660
3543 1289
9234 2472
3436 4080
5071 1331
8363 3931
9158 5713
5056 115
3990 4867
6322 8295
2546 238
8719 3569
5216 3533
9146 6342
2726 566
8201 2671
3098 8094
5653 2708
745 932
4234 4657
9133 4511
8324 9174
5729 6271
5957 569
5047 6563
8614 9237
664 2399
2779 8488
6487 1306
5372 108
6506 2667
2816 2513
4402 2149
9302 6517
9747 8508
8401 4754
170 7169
7929 5874
3398 9553
5929 5371
8368 9260
2189 6378
5870 7120
4071 1521
1458 8727
4279 1016
1785 7601
6789 7416
5790 3699
1577 1372
7261 7344
3366 9967
4865 6812
5442 7749
2622 9677
1297 667
3106 6359
2353 9134
6955 4819
4794 2853
7285 4463
677 8490
7512 4532
9244 8601
7036 2338
9411 7084
1809 542
9621 3156
4547 1910
6563 3863
1740 8181
1360 957
5567 469
5740 4226
1063 5169
4291 613
8812 9085
6668 3540
1583 2944
8166 744
7082 4321
3889 435
5237 3202
3512 1569
5944 6799
8932 2553
7371 7413
9488 4269
7392 1280
8660 1607
4951 4027
5388 9554
5003 9886
2791 1078
4817 7121
7405 4186
5518 6863
5024 8452
7892 6070
8228 3455
2813 8115
7813 9124
8757 1008
1777 6681
9746 7938
8233 1225
1536 2173
911 5326
7524 2094
2522 5054
7435 3569
8184 6734
5201 2675
6110 5351
6220 6805
4075 5801
3359 4749
7797 8018
2653 1660
7260 2930
7624 1747
246 3176
9907 8775
3692 9368
3178 4029
9048 6468
9505 4848
1932 213
350 2325
2340 3678
7545 6803
8450 8832
7325 5137
7750 5823
9152 5104
7501 857
5890 5292
1824 5564
4731 3890
6842 7249
2048 1335
7227 9050
10000 4547
8322 9977
7359 6374
5608 4551
2878 324
6494 3912
3872 7868
5801 5985
9017 3899
1323 338
6106 7912
8395 6814
4421 3522
1559 508
7093 1611
4749 9498
7725 5327
3492 5569
6801 7907
9591 173
6210 3355
9322 9033
5861 6361
711 2155
6722 8844
4000 2889
3351 1341
2365 7097
5030 7145
6370 8516
717 1473
7367 8940
7759 9713
9214 520
4476 2661
652 1354
810 359
783 3037
5738 2699
6972 4093
7652 4605
4030 9128
2822 7747
6049 7936
4341 8004
3315 8878
6557 8258
8116 8867
2988 82
3690 3360
3307 2617
2249 6618
178 8168
9400 5340
1323 1747
9437 2201
788 1857
661 6028
4338 5650
3878 3291
9442 3512
757 5822
9554 2222
626 1960
1359 6466
1444 3244
2915 347
5221 1854
6900 390
337 3609
7142 3754
9240 3812
7084 1159
2624 3742
3362 204
5910 3723
5544 1840
897 8344
4533 5120
4140 9729
4571 7772
1706 3503
9652 6721
9121 6951
7579 2099
3551 7374
8710 2999
3774 5470
3316 1439
2317 1690
8590 3707
2637 1107
8260 6716
6022 618
4797 3828
9925 1086
8056 9313
5891 6772
2562 5126
6404 699
5642 1951
8320 1844
8694 3202
3375 7736
120 7980
1752 7684
8849 4530
1442 9062
5355 5908
417 2070
7881 4264
7248 9980
1369 7034
6228 6374
8691 3567
6284 3284
8641 7965
4951 1146
6023 3240
130 5218
9004 8694
7845 7915
1797 605
1988 7505
3612 4768
3417 9807
1507 9371
3863 7749
6414 7226
181 2521
1105 3965
9562 390
8022 8249
5035 2942
7605 7522
9673 8136
1144 5214
4567 5924
8949 2130
8835 2842
7599 873
2971 4948
3229 7036
9148 2799
8309 7656
7465 4224
3950 3599
4772 9369
6217 3839
5140 4975
7225 3322
1281 7997
9601 8816
8320 9274
9078 9726
1931 4890
8744 8758
2664 8103
2741 2124
6898 8135
1107 7314
8880 3789
9426 8531
566 7376
7982 8748
3235 2779
9309 5437
6701 5174
8997 2924
7088 5738
7663 224
1044 8911
4578 3048
177 3463
4298 8933
1656 2168
2873 6510
5056 9622
1014 1101
8399 8152
2756 1394
40 1499
8288 6962
8127 9285
1714 5110
5854 8667
6415 8169
9124 4589
7860 3732
4184 79
7042 9929
7907 2391
4051 6734
5581 2271
2970 983
9771 1237
