1147
7262
5478 1077
23 5
50 60
75 19
47 28
89 62
70 92
45 93
90 43
16 96
91 43
77 55
32 50
88 33
37 50
86 74
18 16
17 71
15 29
77 81
52 30
97 34
16 30
89 90
55 7
86 8
18 72
61 88
44 36
94 34
41 51
69 56
95 81
49 60
46 91
30 89
11 45
39 63
93 51
27 58
64 71
69 98
65 50
60 17
6 29
60 98
56 27
51 25
75 44
67 76
39 31
12 98
69 64
81 50
64 97
96 43
60 59
42 78
12 59
29 45
88 58
3 45
64 61
89 73
30 78
44 64
87 91
57 83
33 82
24 3
58 92
25 20
68 26
90 25
40 64
40 22
80 90
18 96
64 52
67 33
69 92
32 40
40 82
70 86
54 11
45 93
65 16
92 68
18 76
92 23
99 5
53 78
82 72
33 79
99 9
25 44
88 83
76 44
16 12
18 98
60 63
51 56
14 15
17 81
93 7
26 61
81 16
56 61
76 83
72 18
52 30
5 100
64 4
71 17
40 46
3 12
67 86
76 84
2 63
9 4
40 100
89 96
50 17
90 80
1 52
69 30
21 87
3 16
83 16
20 27
53 27
90 86
59 69
31 58
54 97
54 2
16 14
93 29
22 16
28 94
96 15
38 64
20 2
97 72
72 2
80 18
2 43
25 93
58 15
34 65
60 86
49 44
92 97
71 25
1 67
81 72
10 35
79 89
98 55
24 14
37 13
79 26
73 44
43 10
81 49
46 88
8 70
67 74
28 25
6 88
82 13
92 69
93 77
20 77
98 80
86 58
21 11
24 55
31 61
60 28
63 45
46 25
63 82
24 53
11 50
22 57
99 62
80 30
73 66
55 19
91 82
37 74
49 95
54 15
58 53
87 33
51 71
82 44
84 69
5 27
37 30
53 30
66 58
26 81
10 28
17 84
79 35
12 79
94 27
11 9
72 44
41 90
82 17
3 48
78 43
46 48
43 9
39 68
89 96
13 66
48 54
44 77
86 19
22 68
71 72
72 21
61 10
93 26
15 75
54 97
39 85
27 80
72 17
67 33
61 43
71 20
5 63
94 86
7 52
35 49
66 66
30 2
70 74
13 71
18 16
25 34
83 45
44 64
75 42
59 32
1 15
51 15
93 63
65 90
76 75
78 16
49 30
57 67
85 38
28 84
8 79
62 69
8 69
85 78
36 79
77 60
76 4
62 80
25 49
23 71
4 55
14 77
25 37
34 31
99 49
46 53
99 50
38 34
74 66
43 55
70 12
12 32
12 34
11 20
37 38
53 88
17 38
61 92
10 7
97 88
93 2
38 51
69 91
30 81
59 61
83 36
9 55
54 4
49 83
25 98
23 16
57 19
65 76
55 99
90 72
84 83
85 17
53 30
13 59
65 56
64 75
100 31
53 40
74 94
92 84
36 66
26 72
28 66
76 58
48 13
92 100
64 96
42 98
88 37
80 1
8 85
69 69
76 16
55 97
90 44
4 52
100 21
52 21
57 7
96 76
58 25
80 71
63 70
63 29
55 35
76 32
83 33
66 9
37 68
4 42
37 11
63 52
51 30
33 15
15 37
45 76
35 33
26 59
32 66
72 43
63 55
96 69
6 8
24 41
55 41
74 57
51 72
77 19
62 66
51 14
83 28
82 77
17 88
30 17
63 59
68 31
8 8
42 79
72 51
24 67
54 5
67 6
26 93
8 19
21 13
51 58
66 57
52 87
56 3
14 11
88 58
64 75
83 28
3 3
70 17
95 1
59 43
72 39
79 14
49 77
6 29
56 54
14 77
73 53
62 79
20 75
76 85
88 96
97 43
72 60
1 36
37 32
50 15
96 30
18 54
8 51
17 97
95 11
78 30
75 88
18 71
40 47
37 37
83 37
40 18
88 95
6 87
48 84
26 59
15 58
42 73
84 26
68 27
80 91
30 31
69 89
95 83
92 28
66 4
89 76
85 41
52 31
87 51
86 13
62 89
71 14
81 49
28 92
16 56
45 48
42 75
44 23
41 86
29 4
39 8
91 22
40 10
42 97
3 8
18 44
66 32
52 61
69 22
13 90
73 84
27 67
66 53
71 26
45 80
34 39
42 50
50 40
43 41
36 84
72 81
100 91
62 54
12 100
88 53
89 53
29 49
87 97
87 61
24 69
23 17
39 26
35 8
23 4
39 44
53 94
21 83
98 49
21 4
88 90
13 15
20 94
4 63
89 83
7 57
37 57
90 37
73 65
16 46
3 26
87 40
54 9
94 18
15 96
62 65
11 98
88 6
30 39
23 38
5 90
79 56
9 40
23 91
90 74
45 68
28 86
29 8
58 69
67 52
69 36
22 36
77 42
59 66
86 51
9 82
8 60
84 70
19 31
79 37
38 37
65 8
84 66
23 63
66 71
8 56
11 52
88 73
97 25
14 23
68 11
31 42
83 41
99 44
49 2
61 87
46 90
42 78
73 73
57 25
47 73
18 13
91 48
25 44
74 58
7 50
34 82
43 80
75 2
58 5
89 85
90 67
5 62
98 53
65 48
77 33
25 11
1 18
48 33
36 83
49 27
25 70
86 56
61 63
77 50
17 58
85 32
9 22
64 65
11 85
40 60
87 31
64 42
88 64
20 74
88 63
52 92
74 32
50 9
44 69
14 33
18 50
42 96
68 34
22 92
7 51
17 4
27 55
39 24
49 36
52 7
30 84
68 34
24 76
72 53
83 16
64 3
67 24
46 78
56 98
46 35
58 84
20 56
3 97
15 94
73 31
58 48
26 17
46 49
43 23
9 74
13 35
9 28
36 56
71 85
96 48
98 77
91 60
28 61
74 58
91 73
58 21
53 82
2 91
7 94
14 49
9 68
48 32
70 47
44 18
39 70
18 82
5 33
46 91
36 30
24 85
6 37
97 80
6 5
47 92
23 13
36 98
40 91
64 93
22 78
87 5
34 8
19 56
3 50
51 38
27 23
45 3
79 12
30 74
86 35
92 36
70 56
23 50
3 91
63 89
25 24
91 15
28 30
56 45
13 46
95 35
52 73
42 31
93 27
39 63
42 73
82 44
63 68
40 21
84 68
56 48
99 84
94 23
34 68
86 36
99 59
64 84
31 88
67 93
98 27
19 75
13 24
71 14
61 97
78 9
81 68
11 49
25 50
13 64
25 90
82 31
92 6
30 92
51 41
19 36
27 15
41 83
55 91
84 62
63 6
96 23
29 17
96 28
70 3
87 25
61 33
32 97
66 78
36 86
25 12
33 31
54 97
28 39
27 21
71 37
64 54
1 54
5 16
22 16
45 18
97 31
49 11
18 96
35 79
46 69
16 42
6 64
2 92
11 5
74 15
88 48
77 98
32 76
95 20
53 48
100 20
54 79
37 52
24 94
81 13
48 25
91 53
70 91
19 24
27 59
41 6
63 99
57 60
26 2
18 48
11 59
38 29
84 81
95 18
13 66
5 58
41 39
36 49
43 82
22 14
68 18
89 6
54 78
40 25
67 95
60 91
27 72
46 11
17 77
66 87
28 97
26 38
99 29
84 53
28 94
10 89
43 71
66 66
79 17
53 25
67 59
31 68
72 10
76 57
18 57
45 78
16 97
64 87
32 31
26 90
63 80
65 7
39 97
66 53
97 69
14 59
5 82
8 72
6 98
3 66
71 76
38 36
100 76
41 61
66 71
18 90
8 42
54 55
79 90
17 32
63 72
18 51
25 51
50 74
92 37
10 72
83 67
85 21
73 66
83 45
31 7
18 41
78 83
77 68
37 59
38 67
32 54
100 43
74 34
21 20
61 43
93 37
2 69
28 92
21 87
13 66
3 69
86 20
6 10
5 43
48 33
25 22
20 51
99 17
50 73
68 49
44 87
89 92
22 8
32 12
41 16
21 54
27 49
51 34
36 30
9 37
41 2
84 57
63 100
9 51
96 71
72 74
75 27
26 13
81 64
57 58
15 49
51 41
54 58
24 91
14 45
58 42
48 86
28 85
25 80
70 49
68 15
46 84
16 67
1 81
24 86
42 30
67 3
61 75
49 33
61 47
69 36
37 83
9 62
56 50
7 46
51 82
80 16
29 36
37 69
44 98
67 36
74 67
89 86
40 64
37 2
80 11
42 16
31 19
81 59
37 34
59 14
80 98
69 73
26 18
32 84
43 56
1 70
53 24
10 3
23 30
14 50
62 13
48 93
84 73
76 84
48 83
22 65
3 54
67 40
75 82
22 34
90 27
23 69
38 75
60 32
37 70
22 1
59 100
4 77
61 58
54 100
1 85
69 3
68 50
80 47
100 47
36 49
57 60
2 96
65 98
60 81
89 75
28 21
71 28
4 96
5 86
43 21
54 49
45 1
86 9
1 50
83 72
92 14
45 89
51 21
77 25
68 88
17 33
80 73
63 8
54 53
4 32
8 90
52 87
56 90
5 21
97 4
7 32
61 38
65 2
28 8
21 85
95 86
14 84
27 89
43 8
71 94
55 45
27 55
25 31
95 59
59 58
46 42
71 97
67 72
57 72
90 68
25 27
98 85
76 60
59 6
62 4
20 53
68 63
4 98
62 35
7 76
83 75
26 91
45 14
69 95
56 94
26 55
1 86
27 6
15 52
94 67
65 29
69 29
42 59
95 39
3 17
64 81
13 22
77 32
89 29
17 62
94 77
36 16
80 74
38 53
93 81
1 52
78 55
81 82
47 42
64 34
17 64
54 37
28 5
56 65
97 43
52 77
63 16
31 96
25 48
25 55
90 80
33 57
3 74
48 62
39 36
5 87
36 71
60 91
88 6
45 32
63 76
61 39
2 48
53 2
50 31
45 33
85 55
24 36
7 82
34 35
49 29
16 25
12 38
7 38
41 35
11 79
86 66
29 62
38 30
8 44
34 44
67 33
81 41
52 88
36 82
91 8
82 69
69 80
94 37
80 7
73 50
91 56
3 82
20 73
53 82
30 58
62 87
97 19
92 60
26 42
51 43
28 32
28 63
22 1
12 39
30 96
40 98
23 49
38 83
89 19
12 16
1 30
96 33
49 34
3 25
98 7
27 74
85 99
7 6
94 89
69 11
42 66
4 33
96 65
98 95
54 66
35 59
24 25
12 74
39 16
78 11
17 45
86 41
62 72
33 6
77 2
47 68
94 43
28 46
69 50
81 7
13 36
