3379
986891
7587 6024
58 37
6 12
12 51
3 53
60 100
42 91
64 75
4 46
98 64
15 47
36 17
100 22
73 24
54 22
99 80
51 74
20 9
85 12
6 70
32 31
29 41
90 12
7 95
35 20
1 14
97 65
60 60
63 79
82 81
5 35
96 19
27 84
42 36
56 43
50 46
67 63
44 9
63 21
17 57
81 87
63 58
49 13
54 1
9 62
93 89
71 20
72 35
83 26
33 49
69 28
87 54
63 82
31 14
4 98
25 32
86 5
99 37
19 38
77 86
53 9
29 57
1 43
67 17
98 80
56 53
42 100
16 73
91 15
34 26
59 8
74 87
27 4
29 81
59 96
91 88
62 48
15 96
96 67
21 7
33 31
17 87
15 42
1 55
35 42
57 90
18 11
45 17
72 46
34 96
18 16
2 15
81 49
49 7
29 61
60 12
57 22
5 43
48 2
71 84
87 41
27 54
54 44
98 100
83 87
45 86
97 52
25 100
12 35
15 23
69 73
98 27
18 95
1 2
92 58
85 12
65 66
89 53
47 92
73 9
81 44
41 21
96 18
21 91
11 70
65 90
97 85
47 47
35 57
29 79
53 7
22 28
26 92
54 98
4 41
91 10
33 94
46 54
62 32
52 72
55 49
58 25
92 36
59 14
39 37
13 89
35 68
83 89
17 14
51 12
99 30
59 22
97 11
36 16
50 86
58 7
67 30
100 98
40 7
41 45
68 20
11 77
22 62
5 91
33 70
29 26
97 61
82 48
44 49
49 88
4 46
64 61
59 42
68 65
96 13
62 84
1 63
53 93
70 61
11 45
52 13
86 100
73 100
38 8
56 89
25 88
23 28
44 19
47 61
34 73
32 23
19 78
61 97
63 65
17 18
5 33
6 39
92 100
44 74
47 1
90 61
75 11
76 62
21 14
67 35
18 82
71 69
20 2
88 42
39 83
90 30
63 64
95 30
15 100
33 41
42 5
77 33
76 25
65 23
76 80
48 56
11 56
33 73
50 94
71 44
79 70
33 46
21 42
25 52
3 78
40 47
77 15
25 67
29 17
55 32
58 95
28 50
83 34
14 77
59 53
21 33
33 9
44 59
96 73
68 22
21 24
25 65
72 79
69 36
35 69
45 79
23 39
41 83
76 77
68 6
10 71
22 19
41 38
91 5
68 5
41 93
40 18
63 43
89 91
17 93
66 64
1 83
33 23
9 86
75 74
49 58
59 4
39 2
65 59
15 34
20 96
92 43
76 90
11 36
29 69
85 60
72 96
81 27
61 15
98 38
64 97
66 23
46 45
29 23
42 49
92 4
13 40
80 12
87 76
31 41
57 15
5 60
22 91
98 29
58 86
93 68
26 4
45 71
47 100
95 43
13 56
71 89
9 46
11 43
40 67
76 37
62 42
32 81
27 95
84 32
68 47
44 15
20 60
64 92
52 19
6 11
30 58
48 90
19 92
11 40
65 16
89 74
19 5
58 60
24 76
90 16
79 39
85 44
83 91
20 26
37 19
18 22
94 5
90 90
16 67
27 94
75 15
17 1
9 60
7 50
92 64
94 37
56 64
92 68
47 88
50 100
31 93
39 78
13 83
29 93
77 95
46 86
87 33
68 94
75 46
69 76
65 64
12 33
52 46
61 36
32 73
79 38
10 21
12 21
11 46
49 63
49 77
83 99
14 16
71 80
68 77
50 99
74 91
77 60
58 99
10 13
6 92
73 91
20 29
83 56
100 40
49 66
9 40
48 79
57 4
9 72
44 13
80 82
1 58
93 61
29 58
92 24
50 47
35 82
72 48
70 44
63 39
49 92
45 38
10 74
54 97
14 62
3 44
53 8
1 63
33 63
56 6
34 50
75 27
43 61
59 8
88 88
91 50
17 80
59 31
47 81
6 25
1 51
66 20
46 70
48 55
54 79
25 35
11 45
7 97
63 100
17 32
75 95
48 79
24 85
61 33
89 26
64 54
71 90
1 96
40 97
54 11
79 97
89 97
58 88
3 27
22 2
78 5
5 6
75 91
10 24
34 43
25 68
61 19
42 68
92 52
51 90
79 80
65 84
25 77
61 3
86 22
19 37
55 37
21 25
4 80
80 74
8 5
22 66
4 90
92 10
72 13
4 79
28 23
4 58
32 100
53 78
79 42
50 70
91 74
71 69
10 5
80 40
40 88
84 63
93 18
10 70
36 11
92 93
36 24
64 78
56 20
91 25
89 82
35 16
56 33
35 42
34 55
71 19
97 31
33 46
57 72
98 40
69 9
70 81
16 27
80 12
41 62
7 34
61 16
36 10
69 30
31 5
14 34
97 11
48 97
34 71
97 12
67 90
67 79
70 1
12 24
12 64
3 72
26 4
16 4
49 28
68 76
6 31
13 83
32 51
5 87
67 37
32 82
8 79
82 65
37 36
79 73
51 39
76 10
29 52
79 32
75 36
62 65
58 94
1 12
59 21
86 62
69 63
27 71
63 10
22 23
83 17
92 5
46 70
99 28
33 65
22 57
51 10
74 90
40 62
89 31
73 12
55 25
79 59
58 36
91 36
90 32
85 14
98 74
66 58
72 10
84 64
9 82
87 23
16 96
71 31
51 48
68 47
70 60
95 42
70 97
1 29
24 71
65 39
32 39
20 62
94 59
98 26
74 30
93 52
73 51
28 3
2 93
43 70
93 72
88 19
2 19
69 5
1 65
15 28
47 32
70 18
11 4
38 23
32 85
39 69
70 36
10 10
58 20
60 40
84 70
7 32
89 85
66 33
95 33
18 80
94 94
41 51
90 7
96 87
99 24
29 68
79 73
4 58
53 1
36 23
36 76
91 25
87 62
97 22
99 61
29 84
87 32
25 26
58 96
99 65
61 92
99 96
70 64
30 36
1 79
58 28
100 36
93 95
59 16
42 27
54 39
97 59
73 46
83 38
68 24
19 69
29 84
96 96
37 38
98 83
72 39
39 35
46 50
88 67
17 35
60 42
15 34
88 77
91 63
48 71
66 31
61 55
43 42
94 33
18 39
31 39
1 23
6 39
82 73
75 11
12 28
80 17
63 6
17 95
39 74
84 20
34 93
96 50
37 7
21 50
97 89
1 35
2 70
11 78
98 88
48 86
92 42
73 25
78 57
88 58
28 63
45 26
34 73
70 29
69 52
77 34
58 84
21 81
68 77
79 62
82 86
27 44
52 25
35 22
66 81
87 85
32 59
63 63
42 14
77 64
88 84
72 34
56 41
98 77
11 61
11 22
67 99
30 80
98 74
88 20
80 46
70 39
75 40
92 95
86 60
61 98
80 73
13 42
25 88
91 99
48 98
63 71
73 32
9 53
47 72
49 79
48 50
13 10
53 11
90 62
23 19
43 25
32 25
2 100
39 80
74 43
50 64
60 76
4 91
21 43
64 73
63 7
4 50
74 50
53 64
36 19
18 57
20 75
47 71
98 32
90 20
74 69
78 53
14 74
43 59
59 31
29 23
42 65
70 70
22 76
71 94
77 24
10 26
13 6
52 24
83 77
92 80
90 42
14 6
10 6
68 13
25 13
13 58
10 35
88 80
40 18
2 53
56 40
6 20
7 9
65 37
67 59
100 51
30 50
49 84
1 26
4 8
66 23
73 5
57 55
52 70
2 80
99 64
30 18
39 45
55 19
70 15
51 7
16 87
42 100
91 27
82 30
87 20
50 52
85 84
53 91
62 83
89 94
33 54
84 57
32 67
70 41
18 100
42 43
38 99
1 38
82 51
92 9
5 65
7 72
89 19
70 90
31 3
69 40
54 57
46 86
28 11
55 92
77 95
79 59
99 48
86 19
34 58
97 29
42 30
10 18
9 16
46 10
19 59
71 31
34 61
63 54
8 26
76 18
45 29
16 55
89 27
47 19
27 15
8 35
9 48
85 42
47 35
15 90
24 53
49 40
21 56
21 48
36 80
90 6
49 95
63 64
7 96
21 45
55 55
14 70
13 36
5 98
23 73
12 2
56 29
94 16
32 9
2 26
34 2
17 50
91 42
53 13
6 39
4 99
18 43
97 81
30 75
44 2
52 44
25 44
5 32
34 100
81 72
62 88
20 5
54 93
71 26
4 28
22 55
39 24
33 67
59 44
28 73
96 74
38 24
42 91
97 96
53 46
3 15
91 4
89 7
78 5
41 45
9 30
18 88
60 57
71 74
15 43
59 75
78 66
31 5
87 26
59 78
16 9
85 19
24 20
15 27
46 56
89 32
34 43
16 20
1 27
60 14
69 83
79 45
55 12
41 78
82 50
38 84
32 45
46 43
85 59
84 8
63 66
34 30
60 65
83 12
59 96
57 35
82 36
64 51
37 45
83 35
20 27
28 72
63 93
62 68
74 12
32 69
5 10
83 49
99 40
84 85
6 60
75 67
55 92
51 62
44 25
56 94
80 86
95 92
6 64
48 93
71 32
49 10
5 97
45 50
11 25
25 84
37 64
24 19
46 42
20 87
25 62
89 94
57 49
30 17
77 29
38 43
83 53
63 68
56 87
20 4
58 82
22 84
58 83
23 10
55 5
9 71
69 32
38 49
78 8
33 1
66 74
55 79
54 94
41 83
68 5
84 12
5 35
90 43
52 33
13 2
85 30
33 69
93 19
49 17
48 21
10 80
49 32
57 100
17 74
77 84
24 22
6 93
69 20
55 6
60 4
43 97
59 91
83 82
68 33
69 71
10 96
79 92
33 84
2 12
46 42
86 32
54 29
33 87
5 78
83 34
31 11
97 9
61 84
14 42
88 79
9 54
77 77
78 58
54 67
83 74
87 98
20 10
76 71
14 35
5 93
15 84
58 35
56 86
40 78
11 40
20 71
50 37
38 94
40 78
5 73
33 62
42 31
57 52
24 2
11 75
3 76
60 88
86 87
16 3
21 73
40 69
18 53
100 25
72 31
38 26
6 14
33 46
29 7
82 52
24 81
31 58
32 93
83 25
11 56
18 19
85 72
54 75
22 1
94 50
54 56
19 39
85 88
54 55
1 58
4 9
92 16
83 81
98 48
21 38
8 44
34 16
28 47
70 5
41 86
43 81
59 87
42 32
13 79
10 39
43 32
45 22
92 91
32 7
56 95
22 82
20 2
71 63
46 2
1 76
18 74
2 6
11 51
84 41
92 83
69 70
7 60
64 43
64 31
4 99
53 56
56 68
6 9
2 11
14 21
50 22
46 23
16 91
31 61
43 44
64 39
57 20
62 37
52 73
5 40
94 33
60 32
41 42
89 41
100 76
64 64
60 32
4 46
3 68
38 25
7 72
53 71
10 16
98 15
5 12
30 41
27 27
66 58
52 64
13 73
25 67
12 25
5 93
7 8
78 47
21 59
32 1
67 46
80 88
78 8
47 43
83 55
42 100
89 41
32 36
51 87
7 3
3 26
32 61
83 43
29 19
64 41
63 51
96 88
48 73
60 96
77 51
7 87
74 57
91 91
90 77
62 46
66 41
13 90
92 79
31 60
33 30
51 100
44 99
97 19
50 72
93 33
53 53
50 25
21 70
15 42
61 47
84 18
27 42
26 90
63 98
39 70
33 71
73 1
11 69
64 45
52 61
49 5
37 50
28 19
72 4
13 67
88 18
96 38
100 87
99 75
31 21
36 40
1 92
27 97
30 39
63 58
8 28
70 11
83 69
38 4
97 29
6 39
93 29
88 97
12 42
95 53
51 31
65 64
68 26
47 41
25 55
53 48
2 53
18 46
98 42
10 91
12 66
17 66
23 78
87 53
19 96
54 62
77 17
13 46
36 63
99 73
62 69
74 47
60 16
27 47
94 88
52 65
63 7
94 63
75 54
27 90
50 77
33 70
17 58
74 86
66 12
50 98
89 56
21 18
24 77
5 2
88 96
13 12
28 38
55 50
67 42
41 94
10 70
89 7
61 81
99 40
29 5
78 18
5 35
34 98
33 33
11 84
69 24
2 77
40 55
30 85
47 13
74 99
70 51
41 31
77 69
73 53
98 89
93 19
86 5
76 52
64 15
93 53
40 79
81 89
63 88
21 19
84 2
32 87
19 23
83 57
4 30
38 22
35 11
12 54
71 30
29 21
57 59
40 61
56 57
57 20
55 37
26 62
69 85
95 40
88 76
7 67
46 3
96 43
91 67
84 58
32 78
16 66
13 9
4 60
23 57
28 71
68 63
49 48
91 73
28 63
95 4
72 59
22 64
55 11
74 12
93 97
38 84
45 58
55 93
21 28
42 2
39 26
74 50
49 24
64 39
10 99
9 38
44 46
74 10
50 77
18 17
69 46
45 27
96 51
98 40
98 34
47 90
4 16
98 99
89 36
35 45
43 69
69 71
85 20
22 40
66 87
86 33
34 71
63 47
54 2
47 85
29 41
54 31
67 72
88 97
24 41
18 2
58 85
92 58
57 84
89 2
14 64
4 99
90 78
83 11
86 71
49 3
13 90
2 28
33 54
48 26
94 53
56 27
58 17
11 19
26 40
10 89
42 27
39 45
42 88
56 16
90 48
45 49
67 77
54 6
39 93
81 47
60 14
1 84
53 42
13 69
33 21
11 29
90 78
30 91
90 67
94 76
4 63
62 86
46 21
63 56
17 42
31 9
74 95
50 10
62 71
26 71
79 27
67 78
49 36
74 36
91 66
5 43
84 67
6 42
20 45
34 83
94 43
97 7
53 45
83 10
8 54
43 56
69 34
20 54
81 86
92 14
56 74
58 84
59 23
15 50
44 72
24 23
42 47
68 16
80 80
54 62
95 73
71 3
95 64
27 33
73 65
89 91
49 29
6 96
77 76
48 47
29 96
51 50
87 80
81 60
39 13
71 63
34 34
46 94
4 50
5 7
9 23
59 72
46 48
90 70
85 17
47 30
99 38
26 46
94 68
11 31
5 97
98 63
64 35
59 17
53 48
91 84
62 42
99 42
92 59
64 67
82 54
48 66
28 40
37 27
99 87
70 40
58 77
62 40
56 4
11 31
47 13
80 26
46 56
85 82
44 20
77 39
33 98
61 81
15 5
82 94
20 9
47 92
46 92
56 52
47 26
70 14
52 12
32 74
15 49
43 53
15 60
9 40
90 9
18 34
17 34
60 28
25 36
27 7
70 53
8 81
81 55
85 45
1 79
63 79
18 30
58 52
47 3
59 35
96 28
61 84
13 53
86 35
44 36
99 63
2 46
99 8
86 44
70 31
44 92
72 98
68 85
42 29
42 98
41 47
77 71
47 29
29 32
13 30
47 35
99 94
62 13
86 58
46 51
10 95
78 72
71 73
52 36
94 76
15 47
71 83
95 86
97 100
7 38
82 93
25 48
63 74
11 85
24 77
49 71
18 77
43 6
82 14
23 97
27 36
83 72
35 31
7 93
44 12
63 98
8 100
77 13
61 56
99 70
45 51
60 77
36 62
54 9
92 99
45 15
1 65
21 79
79 11
85 86
82 95
26 45
94 77
30 20
53 71
79 10
99 40
63 70
25 72
60 49
10 75
60 26
83 52
80 2
95 63
75 47
17 79
82 53
21 77
52 3
5 94
37 46
57 70
97 26
11 10
78 14
57 59
30 94
26 81
63 94
63 26
90 25
62 70
9 86
93 38
3 84
98 55
54 69
5 6
66 70
66 74
38 16
24 77
36 23
8 86
23 83
42 10
43 71
76 37
57 41
35 53
73 55
21 66
94 10
87 35
76 4
83 84
40 1
14 80
75 34
80 45
32 48
47 30
91 54
65 69
71 16
1 20
87 55
27 76
58 55
22 77
54 84
58 47
80 74
17 3
68 78
81 41
36 96
73 76
15 90
59 85
87 7
39 74
33 82
25 85
29 17
17 54
45 42
54 2
11 39
34 25
51 55
30 49
85 13
80 3
54 27
51 53
61 57
95 77
68 63
12 76
72 69
43 98
71 36
98 99
27 26
67 56
51 8
100 45
79 63
39 82
38 86
75 52
39 88
47 40
7 35
80 18
54 73
23 79
20 39
96 69
78 35
16 69
93 14
88 94
16 1
17 52
72 34
72 39
6 55
14 17
47 28
14 67
97 91
1 89
99 77
47 66
54 76
29 72
76 4
80 94
51 95
27 46
73 50
3 40
70 56
63 38
77 65
21 72
83 31
34 62
23 70
67 46
44 79
34 87
45 65
58 18
12 43
57 56
14 54
79 82
58 28
66 81
66 45
63 67
68 42
52 39
61 7
71 31
70 57
45 53
24 63
44 93
35 67
93 43
15 73
72 60
4 21
50 88
19 8
69 80
36 83
86 86
81 38
1 40
19 24
70 39
69 61
89 50
29 39
43 83
45 40
69 21
1 6
89 13
22 63
99 73
85 60
42 56
100 65
91 86
25 84
65 81
43 99
20 90
40 68
55 38
64 13
9 25
38 60
87 87
75 61
50 72
89 62
96 72
68 15
94 76
11 63
62 54
95 92
98 46
80 53
82 95
12 54
89 41
41 35
72 75
7 40
90 21
7 28
43 50
16 3
64 17
38 13
6 27
74 71
37 23
9 14
88 74
86 15
28 43
82 45
73 5
59 41
21 38
32 30
62 81
90 74
92 90
92 67
59 81
19 94
68 45
39 92
43 10
5 50
46 91
14 68
6 37
93 51
45 72
51 86
7 36
76 56
59 97
95 29
15 90
73 40
11 58
47 70
42 36
9 72
69 96
95 96
7 78
56 60
17 11
78 87
78 15
87 69
38 15
58 16
84 78
9 23
58 33
80 11
80 28
75 67
81 5
63 70
53 86
72 3
91 16
72 19
29 31
30 69
32 71
12 68
32 6
100 40
83 94
23 35
20 8
34 45
85 44
60 29
33 62
24 5
34 14
23 2
65 32
65 85
67 21
45 64
14 11
39 1
40 3
74 72
43 68
65 26
6 36
56 89
64 72
71 45
62 81
73 84
22 72
18 72
99 28
82 57
92 83
26 76
36 83
30 5
97 63
44 94
66 68
90 96
32 31
30 22
74 100
41 69
66 65
93 69
85 67
29 25
14 26
27 75
92 7
48 37
18 26
78 57
72 26
92 14
67 25
100 53
3 79
78 67
10 41
18 39
46 20
21 78
94 98
40 62
66 9
73 51
10 55
21 79
90 1
72 52
8 98
54 36
41 95
99 45
12 88
9 1
59 96
3 50
73 79
77 84
78 4
37 69
3 64
74 33
12 79
94 84
3 32
17 29
39 21
90 60
43 87
10 56
84 89
23 54
38 62
25 28
77 74
54 17
62 1
74 3
64 96
86 74
29 83
13 18
54 14
96 57
31 26
19 69
20 33
2 18
49 15
97 48
85 53
58 5
31 85
51 55
44 23
32 46
31 78
39 10
19 5
54 24
36 85
1 83
60 16
34 67
47 81
58 42
65 68
23 47
94 37
69 40
7 39
16 92
26 38
100 35
89 51
62 66
53 42
22 78
69 32
49 79
20 68
80 4
20 75
53 10
16 51
81 56
43 10
21 3
19 49
63 37
58 20
28 70
90 29
55 43
73 77
35 62
43 4
9 13
63 88
98 33
1 61
4 11
11 20
38 9
18 45
3 20
5 79
23 62
90 35
52 96
85 87
22 55
83 62
27 74
49 35
36 60
32 17
67 35
91 21
74 87
69 5
31 70
80 12
33 59
77 46
29 4
29 79
62 33
62 100
1 16
79 18
54 94
59 1
39 91
39 27
8 62
45 19
55 94
12 51
7 48
56 48
100 54
88 79
83 75
49 4
17 25
23 79
51 81
4 30
80 86
83 39
25 19
53 68
80 5
46 45
23 93
64 66
88 15
49 75
23 86
34 57
47 82
79 38
24 41
47 6
62 94
28 53
94 14
41 40
31 14
3 41
100 22
61 11
98 8
9 79
24 8
67 29
64 36
24 29
99 45
87 52
80 9
1 26
76 93
37 74
69 81
84 89
60 56
32 94
57 61
24 5
21 99
24 97
14 27
89 7
36 12
55 32
12 47
90 41
15 7
37 33
76 40
70 46
13 7
79 77
34 95
53 79
7 15
75 47
77 18
6 42
8 10
19 94
37 47
86 12
90 60
12 65
11 66
96 16
72 75
51 45
55 54
44 99
17 91
91 69
33 67
85 4
9 40
11 23
19 59
95 27
6 39
25 74
37 41
80 54
24 19
69 20
85 43
74 56
46 1
42 83
2 93
54 88
93 45
44 70
53 82
82 89
11 38
15 27
65 91
94 93
28 67
99 16
20 98
26 18
82 30
61 93
100 21
90 92
29 61
30 36
50 22
68 42
72 79
21 71
52 39
84 71
43 32
56 26
50 3
17 10
69 98
14 92
55 68
61 87
33 44
74 2
28 17
1 29
76 44
65 20
51 1
100 70
8 99
74 98
56 63
7 88
26 95
51 43
52 73
65 78
41 38
75 89
46 89
19 1
34 36
64 21
50 6
33 66
98 99
98 70
83 27
50 7
34 18
78 33
22 66
21 94
59 75
25 15
45 10
2 72
98 12
15 38
85 28
13 17
62 21
19 35
75 3
93 61
90 69
31 32
50 51
33 7
69 27
78 10
47 43
91 62
37 25
56 37
1 2
79 100
6 90
59 74
74 35
41 81
59 8
62 15
1 28
24 93
71 60
77 29
82 70
8 85
88 99
9 34
55 71
19 55
17 15
64 58
31 70
77 74
31 95
74 67
4 6
44 59
67 60
95 88
25 25
10 10
73 35
31 94
69 51
12 28
24 17
38 58
40 87
67 30
100 7
90 15
6 25
2 1
81 47
95 32
28 17
17 5
74 49
31 3
41 53
89 35
41 48
31 56
34 71
99 37
72 83
54 78
33 46
1 35
44 59
19 55
47 36
93 100
67 94
54 46
29 84
18 86
4 67
66 27
24 67
74 50
25 41
42 93
76 65
62 34
48 33
44 39
25 41
70 95
46 64
6 36
3 66
32 27
57 18
52 46
94 100
16 74
99 99
75 12
71 91
88 95
78 52
86 40
79 48
100 94
24 10
30 19
63 94
51 19
65 43
98 48
91 90
36 33
85 16
58 8
53 67
11 90
17 35
99 52
86 57
97 84
56 30
9 82
61 36
84 89
54 33
22 84
54 67
29 16
9 37
29 28
71 32
17 83
94 8
19 5
29 64
39 94
80 96
62 25
77 5
66 9
37 61
44 50
66 55
56 96
84 47
63 26
71 70
56 66
67 66
77 96
39 73
22 30
13 98
89 23
65 78
16 21
41 3
81 28
54 99
19 21
29 27
42 6
93 36
55 26
41 70
45 8
43 59
41 42
49 53
41 34
7 13
99 14
70 93
15 12
20 42
19 13
98 17
39 29
43 72
47 68
53 72
32 16
75 44
58 72
33 82
77 24
59 27
42 42
14 85
18 44
67 97
48 65
4 6
57 27
17 39
48 88
72 38
58 24
79 12
59 13
78 46
74 3
65 15
57 26
13 92
53 21
48 4
70 50
32 26
7 62
97 51
45 94
71 65
68 44
45 8
34 78
2 31
20 54
23 17
93 41
66 83
40 9
60 57
9 8
36 28
16 94
14 66
27 95
86 11
4 6
45 6
39 18
3 22
21 35
28 93
19 46
87 34
73 47
32 73
92 64
54 28
78 16
41 96
64 86
27 19
80 85
83 41
5 55
94 5
31 76
78 91
43 96
98 78
95 62
29 29
40 70
96 40
92 47
88 78
38 39
69 12
85 37
65 92
12 65
22 6
75 30
90 93
30 68
42 61
59 60
100 27
92 82
20 62
90 56
94 65
22 1
69 96
93 78
27 21
40 33
66 18
78 21
30 28
14 80
33 73
36 66
93 31
48 98
44 9
44 46
12 37
80 53
94 79
5 46
26 90
84 13
21 40
25 63
68 5
80 27
14 76
88 80
77 10
59 64
29 91
18 45
26 37
93 11
21 85
25 32
43 87
39 23
40 9
30 30
79 68
67 82
56 3
57 40
5 5
80 62
32 89
66 49
18 16
90 43
97 50
61 77
95 51
52 38
6 48
6 90
28 65
14 87
13 62
87 5
51 61
15 56
22 54
35 17
55 66
26 82
49 47
14 54
78 62
10 100
87 19
8 98
91 15
96 72
57 3
95 54
37 36
15 16
95 83
72 76
3 55
98 15
22 49
33 40
37 47
14 96
4 50
66 63
64 11
58 23
7 45
29 57
1 33
46 57
45 73
40 34
75 79
41 83
70 42
98 67
39 42
16 32
35 25
46 46
92 66
1 19
36 91
84 66
57 21
46 81
11 91
20 78
41 54
28 93
61 2
75 86
67 1
4 56
99 20
15 17
74 32
62 41
10 44
56 3
55 89
56 93
33 43
76 68
55 97
47 7
66 92
87 29
84 29
62 54
59 99
2 3
11 11
51 86
11 44
100 29
39 69
79 24
70 37
19 32
67 48
55 51
90 94
17 100
46 77
85 26
71 22
88 20
58 52
98 17
27 6
7 67
40 52
15 42
59 95
41 24
33 28
40 98
29 29
65 36
1 56
26 58
11 41
23 43
52 30
49 64
11 76
63 96
84 88
4 17
35 54
23 79
20 61
52 27
1 49
71 47
28 5
54 52
26 77
53 18
97 37
39 87
20 62
80 49
77 4
33 46
12 84
27 61
46 35
70 32
81 1
22 90
93 57
73 26
95 4
17 4
83 42
27 36
24 38
95 75
3 28
59 70
5 51
100 47
83 33
75 51
92 85
1 78
98 28
38 1
20 46
5 9
65 82
35 38
3 83
48 15
38 51
88 11
29 21
61 24
89 31
45 18
33 76
69 96
1 92
82 34
26 44
7 24
39 84
48 77
64 93
9 43
53 84
57 83
73 90
64 55
17 67
20 31
62 59
8 89
49 5
77 74
25 37
37 85
77 35
68 46
40 47
8 43
27 2
59 50
97 54
16 86
35 29
54 67
63 78
15 46
75 7
62 31
85 99
11 90
21 57
98 40
100 76
76 39
70 88
43 25
20 68
72 36
40 42
48 32
3 16
39 8
64 59
32 74
72 9
25 46
93 87
34 57
54 16
24 65
65 27
99 77
74 98
85 68
7 89
64 13
13 38
23 86
53 86
76 50
41 56
62 25
49 69
32 99
82 35
38 61
68 64
100 89
48 33
56 78
42 51
12 25
82 75
88 37
87 3
69 57
41 19
65 81
1 100
73 81
67 67
16 84
8 39
38 31
4 13
22 19
47 26
99 38
17 42
1 77
69 31
61 12
67 52
7 88
81 51
52 21
20 22
7 7
42 71
37 73
21 78
74 89
93 41
48 92
76 51
74 7
97 76
32 59
3 18
39 74
37 6
69 51
62 27
96 82
31 98
30 24
34 35
49 34
46 63
61 21
41 86
28 52
43 34
30 24
25 72
26 91
79 16
90 95
19 89
80 57
61 1
80 17
52 21
34 9
88 9
90 15
87 89
38 70
65 96
39 40
56 90
72 47
50 83
18 64
54 15
11 43
72 53
54 72
61 42
24 37
98 34
15 48
91 68
14 86
71 30
26 66
93 32
54 75
26 11
40 43
32 27
40 34
79 89
14 66
58 40
43 25
51 66
69 82
5 81
79 50
16 92
87 74
59 96
11 7
2 7
60 32
58 8
88 45
20 55
67 98
41 27
68 48
40 38
98 12
30 18
25 45
21 98
14 23
50 84
76 55
31 59
51 33
82 60
49 23
14 56
14 34
94 37
47 14
100 95
60 49
25 97
37 41
74 62
33 80
96 78
91 86
22 74
10 67
80 96
16 99
7 91
25 77
5 44
51 99
29 72
50 88
65 47
4 91
13 26
63 66
85 37
32 57
32 8
20 53
94 89
30 69
12 92
64 66
55 18
29 77
59 96
29 9
98 35
82 54
40 13
86 47
10 30
44 56
97 44
5 8
57 99
96 52
37 38
73 56
53 98
54 70
86 20
40 8
38 34
60 68
87 1
43 74
3 16
21 57
24 36
65 39
51 43
46 97
64 14
42 99
44 75
20 76
83 58
59 41
78 37
82 36
49 19
30 52
64 32
14 35
18 100
6 82
21 71
80 48
97 69
63 49
88 24
49 83
29 3
93 4
23 87
92 91
91 83
26 94
14 28
39 33
51 70
67 88
1 70
39 73
53 30
12 87
24 80
56 84
57 72
97 82
44 90
21 76
21 72
84 52
41 63
39 88
19 57
60 45
70 42
35 94
95 75
93 61
48 56
62 68
84 5
6 96
79 22
72 11
74 66
66 55
6 57
23 10
59 93
26 93
31 100
69 83
67 92
83 51
81 59
46 82
74 92
14 68
80 8
47 75
95 26
15 61
70 78
7 60
82 35
43 95
83 1
69 57
93 69
82 63
62 51
23 69
2 29
6 26
100 32
82 13
21 24
73 11
17 11
9 24
73 42
89 75
43 68
95 22
52 57
89 94
67 35
46 80
94 75
33 29
76 76
53 10
72 39
2 23
34 28
35 36
65 27
50 50
33 26
75 42
30 22
95 72
55 77
93 1
78 5
22 26
8 3
81 89
26 18
81 79
94 63
18 4
16 74
38 53
52 83
97 52
91 13
95 48
56 10
50 30
43 27
5 7
50 92
76 21
84 99
9 76
5 67
74 88
65 98
4 10
31 35
2 96
77 83
32 96
58 90
21 49
22 73
10 77
77 44
70 58
79 13
51 46
39 18
65 37
15 67
58 57
50 39
23 74
83 48
64 61
25 79
48 88
67 45
34 66
4 27
44 85
83 72
28 31
84 4
11 7
80 20
80 2
86 47
72 94
20 48
79 57
68 28
31 6
64 43
88 60
9 6
86 100
86 65
14 82
88 27
22 70
16 30
36 90
86 38
80 85
19 83
48 70
35 65
32 77
36 9
12 99
56 52
16 65
98 61
91 34
44 9
61 65
12 69
44 1
53 50
59 13
11 42
16 87
61 3
12 79
15 58
93 75
13 32
85 58
52 81
39 67
42 48
77 66
31 77
40 69
41 29
31 20
75 3
47 18
93 10
55 78
70 17
18 67
20 39
72 57
89 50
21 69
47 100
32 2
4 3
96 100
28 84
20 62
7 57
87 56
44 63
25 67
6 50
68 7
73 95
11 8
25 18
42 68
65 69
69 14
40 25
20 85
89 96
31 22
50 73
67 63
92 32
5 99
75 80
5 78
61 29
29 67
74 65
91 71
16 89
93 47
53 73
88 13
59 77
43 3
49 48
11 11
46 76
59 26
