5288
5444
5009
5007
5024
5224
5078
4939
5268
4956
5146
4990
5043
4834
4310
4984
4658
4980
4958
3361
5078
6406
5015
5033
5087
5024
4971
4969
5015
5518
4909
5033
5068
4963
5024
5007
5033
4924
4943
5015
4834
4890
4950
5043
5015
5499
5469
5033
4880
5006
4984
4984
4914
4950
5009
4934
4963
5043
4975
4938
5005
5359
5046
5415
5371
4984
4682
4873
5481
4979
5052
4934
4971
4963
4759
4868
6315
5076
4939
4979
5005
4979
4909
5144
4941
5019
4963
4925
4992
4992
4963
4778
5007
6156
4981
5673
4911
4997
4956
4980
4993
5101
4880
4781
5124
5130
5047
4990
3383
4965
4960
4909
4950
4985
4976
4626
4971
4990
4860
4914
4990
4979
5068
5020
4992
4881
4980
4993
5007
4984
4984
5006
4963
4980
5274
4992
4943
4950
5021
4966
4978
4984
4978
5399
4965
4938
4976
4997
4971
4993
4958
4981
4599
5528
5006
5046
4990
5068
4985
4956
5034
4656
4980
5076
5033
5089
4939
4950
5061
4997
5033
5031
5035
4565
4917
5007
4992
4666
4978
4976
5359
5486
4960
4828
4503
4980
4981
4992
4925
4928
4998
4828
4650
5016
5024
4759
4976
4969
5026
4965
5373
4852
5420
4976
4926
4979
5379
4768
4912
5024
5130
4903
5144
4960
4856
5499
4992
4984
5079
5176
4963
5024
4979
4984
5046
4920
4944
4909
5031
4971
5006
4558
5516
5179
4904
4867
4415
4810
4992
4963
5005
5050
5003
5003
5132
4985
5052
5164
5034
5024
4980
5615
4904
4979
4890
4911
4904
4976
4943
4984
4992
4966
5009
4914
4966
4979
4992
4840
5003
5078
4965
5176
5206
4713
4400
4805
4834
4962
5003
4963
4985
4918
4958
5003
5035
5044
8490
4915
5701
4960
4917
4847
4963
5558
4542
5233
4926
5189
5656
5709
4925
5124
4979
5021
5003
4960
4962
4962
4732
5301
5003
5102
5020
5068
5161
4969
6803
4877
4976
4917
5030
5191
4979
4960
5365
5007
4871
5155
5015
5034
3487
4985
4805
4914
4811
5009
5007
5315
4992
4915
4979
5021
5201
4985
4965
4871
4885
4752
4943
4976
4963
4965
3843
4966
5007
4979
4963
4981
4713
4891
4645
5019
4971
5124
4918
4981
4979
5003
4984
5030
4437
4985
4917
5052
5136
4973
4918
4971
4976
5258
5068
4997
4963
5007
5026
5007
5499
5076
4976
4992
5092
4979
5006
5177
4973
5144
4962
5021
3999
5186
4893
5031
4925
4980
5030
5133
4784
5078
5006
4966
4979
5020
4960
4965
4992
5138
6263
4950
4905
4880
4415
5139
4956
5024
5178
5148
4975
5206
4981
4911
4992
5213
5015
5030
4981
4928
5047
5016
5155
4950
4969
4992
5031
4997
4821
5492
4890
5033
4992
5119
5021
4880
5198
4926
4984
5020
4954
4984
4981
4858
5009
4962
5020
4992
4817
4984
4880
4966
5659
4945
5006
5130
4925
5015
5499
4781
4868
5020
5024
4267
4979
4969
4956
4938
4880
5009
4894
5068
5007
4552
4979
4632
4680
6168
4990
4969
5007
4963
5009
4899
5003
5033
4734
5025
4918
5162
4998
4984
4893
4626
4980
5024
4938
5203
4880
4981
4856
4943
5031
4984
4975
5003
4950
4959
4992
4784
4969
5085
4926
5529
4981
5044
4997
4960
4925
5095
5481
5609
4975
5034
3487
5172
4979
5006
5108
5003
4962
5499
5006
4992
5005
5006
4938
4960
4882
4984
4955
4917
5015
5108
5009
5091
5189
4954
4959
4965
5460
4880
4956
4969
5169
4965
4965
5833
4975
4781
4984
5143
5197
4979
4978
4980
4997
5058
5180
4990
5092
4966
5052
5024
4943
4890
4880
4909
5196
4992
4963
4998
4938
4914
2555
5359
5122
4981
3965
4958
4843
4959
4958
4950
4979
5146
5020
4990
4992
4909
5143
4527
5015
5003
5025
5077
4969
5042
4980
5723
4984
4992
4925
2713
5197
3563
4471
5004
4873
5033
4979
4943
4939
4984
4979
5053
5148
4788
4883
5108
4960
5781
4954
5007
4925
4938
5020
5146
5178
4979
4976
4818
4938
5044
5233
246
4979
5148
4782
5005
5009
4950
5710
4979
5003
4984
5052
5068
4969
4975
4589
4965
4956
5119
5499
4956
4979
5499
4603
5413
4963
4858
4985
5043
4901
4945
4984
4965
4950
5015
4971
4997
5091
4976
5024
4877
5191
4984
5052
4956
5046
5508
4962
5136
4926
4902
5076
5033
5042
5007
4969
5009
5499
5068
5172
5003
4120
4877
5009
4998
5095
5224
4840
4950
4975
5067
5025
4882
4985
5137
4958
4997
5197
5586
4984
4959
5130
4984
4171
4880
5092
4979
4993
4895
4990
3726
4963
5042
4992
4984
4873
4962
5003
5548
5213
4984
4973
5024
5404
4992
4997
4985
4915
5238
4998
4971
5009
4904
4985
4984
6451
5009
4973
5132
5117
4891
4924
4992
4956
6619
4979
4973
4890
4789
4956
5155
5060
5155
5089
6082
4893
4925
4917
5528
5060
4962
4920
4925
4920
4963
4788
4883
4904
5009
5508
5101
5052
5035
4971
4959
4990
5130
5663
4994
4880
5085
4985
6235
4901
5039
5606
5076
5100
5242
5020
4980
5026
4980
4867
5313
4998
5003
5078
5031
4976
4979
4956
5155
4945
4933
4979
4958
4955
5238
4655
5469
4938
4965
4902
5063
4909
4902
4992
5060
4956
5146
4955
4984
5631
3206
4887
4993
4669
3951
5034
4979
4973
4979
4990
4993
4904
4882
5061
4959
4975
4992
4985
4984
4890
5619
4901
4979
5199
5372
4752
4950
5201
4811
4628
4042
4867
5061
4975
4904
4917
5068
4984
4749
4738
4993
5138
4571
4834
5044
4917
4904
5341
4980
5021
5101
5030
4963
5124
5162
4992
4971
5003
5079
4979
5810
4903
4963
5163
4980
4795
4976
5044
5227
5047
4900
5155
4976
4992
4805
5095
6812
5375
5007
4958
4992
4552
4992
4911
4958
5020
5003
5315
4811
5020
4979
5186
4963
4623
5060
5005
4973
5031
4960
4926
4858
5155
5053
4914
4971
4984
5039
5015
5079
4903
4984
5293
4992
4997
4943
4902
4966
4894
4979
4980
4901
4599
5024
4984
5009
4979
4979
4834
4984
4973
5095
4950
4966
4980
4938
4998
4389
4915
4925
4939
4897
4432
4893
5518
4990
5015
4979
4980
4975
4992
4229
4865
5436
4979
4979
5063
4924
4788
5052
4978
4917
4934
5009
4971
4963
4976
5043
5009
5035
4914
5649
5052
4971
5178
4979
4909
4963
4111
5044
4828
5078
5035
4904
4992
4904
4998
4738
4959
5143
5992
4980
4959
5024
4042
4741
4958
4998
4820
5548
5227
5531
5009
5044
5469
4880
4924
4984
5031
4963
4915
5413
5020
4868
4604
4781
5268
4632
4908
4928
4909
4925
4985
5046
4400
5469
4409
5169
4997
5006
4818
4867
4992
4969
5038
4852
5030
4810
4985
4939
4285
5354
5178
4909
5024
5003
4992
4781
4979
4984
5020
4958
5005
4981
4959
4945
8120
4990
4979
4984
5481
4971
4959
6146
4865
4390
4904
5030
5179
4893
4979
5130
4442
4966
5033
4998
4979
4984
4925
5288
4979
4562
5189
5528
4881
5060
4840
4985
5259
5003
5024
4992
4400
4962
4978
5024
5469
5176
4956
4984
4985
4992
4442
4817
5038
4662
5024
4956
5003
4959
5005
4992
5495
4958
4933
4990
4881
4938
5307
4776
5076
4910
5015
4349
5176
4954
5015
4834
5528
5191
5025
5005
5067
5007
5015
5024
4980
5007
4979
5325
4962
5005
4893
4911
5005
4998
4938
4979
4978
4990
4956
5005
4938
4950
5021
5003
4975
4453
5042
5102
5171
4979
5043
4966
5076
4990
4990
4979
5009
5441
4865
4992
4998
5021
4979
5015
5663
4959
5033
5035
4971
5015
5005
5031
4868
5186
4955
5165
5015
4976
5176
4976
4917
4971
4873
4917
4979
5015
4828
4979
4925
5020
4992
4984
5009
5548
5268
5003
4959
4960
4984
4893
4893
4963
5095
5324
5053
4979
4973
4911
4963
4080
5079
4890
4979
5006
4650
4960
4909
5007
5024
5005
4349
4958
5324
4971
4984
4918
4938
4984
4980
5044
4943
5007
4965
4890
4969
5250
4980
5019
5095
4979
3947
4979
4992
4928
4938
4950
5359
5024
5203
5164
4966
4971
5320
4980
5047
5026
4971
5005
4097
4956
5133
4917
4031
5169
4963
4897
4984
5404
5088
4121
4971
5100
5582
5067
4960
5058
4965
4834
4965
4881
4963
4984
4950
5208
4976
4984
4805
4971
2414
4865
4971
5213
5006
5005
4979
5058
4918
4909
5006
4965
4603
4925
5016
59
4984
4956
4390
4914
4971
4882
4969
5133
5158
4463
4998
4765
5052
5021
5003
4834
5033
4788
5527
5158
4920
5091
4998
5052
5035
7818
5031
4960
4979
4998
5039
4890
5009
4956
4980
5020
4976
4965
4914
5005
4985
4959
4963
4893
4817
4880
5046
4990
4926
4963
4915
4893
4998
4632
2820
4979
4915
4992
4918
5015
4911
4603
4954
4732
5133
5005
4998
4949
5015
4788
4860
5003
4900
5009
4975
5015
6163
4541
5331
5020
4979
5024
5033
4914
5108
5043
4956
4971
5009
4815
4881
4384
4697
4873
4943
4975
5178
6325
4867
4992
4978
5155
4962
5208
5016
4939
5031
4984
5518
4950
4960
5007
4975
4992
4984
4950
5089
4893
5021
4979
4984
4960
4978
5044
4965
5020
4563
5169
4992
5024
4540
6218
4979
5024
4979
4992
5172
4971
5191
5021
4846
4960
4979
4840
4945
4976
4973
4992
4902
4975
4973
4881
4992
5042
4992
4925
4925
4267
4909
5197
5003
4918
4934
5009
4965
4644
5052
4976
5254
5020
5034
4484
4969
5528
5044
5227
6050
4969
4971
4938
4908
4667
5026
4950
4904
4788
4518
5085
5074
4998
4877
4882
4632
5021
4978
4979
4664
4992
4984
4969
5164
4976
4992
4811
4975
4963
4925
4784
4990
4981
4971
4976
4381
5528
4745
4963
5146
5609
4966
4788
5020
4900
4962
4926
4894
5021
4975
4971
5035
4637
4452
5009
4969
4975
4915
5035
4950
4980
4909
4973
4962
4865
4984
4945
5135
4958
4979
4980
5009
4938
5015
5015
4956
5033
4979
4997
5009
4984
4928
5024
4963
4963
4667
5021
5024
5015
4992
5124
5176
5233
4945
4966
5499
4782
5108
4969
4979
5139
4971
5024
5091
4426
4562
4603
4941
4895
4984
4958
5085
4912
4882
4971
4943
4914
4965
4924
5034
5203
4998
5508
4979
4993
4925
5009
5078
5003
4975
4975
4882
5068
4909
4975
4971
5005
5124
4979
5043
4985
3726
4950
5371
4843
5003
4882
4926
4980
5211
4939
5324
4981
4503
4452
4992
4910
4536
4752
4971
4943
5007
4749
4901
5203
4879
5528
4973
4154
4871
5571
4979
4825
5420
4847
4979
4963
4911
5483
5005
5024
5050
4668
4938
4975
5024
5334
4959
5203
5021
5005
5024
5518
4997
4998
4971
5006
4976
4998
5481
5301
5223
6421
5052
5038
4971
5563
4963
2295
4984
4926
5015
4871
4975
5315
5646
5673
4950
4914
4965
5052
4904
4976
4901
5172
4917
5015
4691
4981
5146
4971
4971
5020
4877
4852
4984
5009
5159
5144
5024
5189
5043
4963
5039
4752
5119
4880
4969
5026
6235
5009
4800
4990
4975
5061
4960
5325
4873
4565
4992
4505
4980
4963
4903
5067
4979
5155
5016
4752
5024
5016
5015
4976
5148
4979
4984
5058
5503
4920
5143
4979
5183
5020
5399
4926
5091
5009
4297
4911
4979
4960
5015
4965
5035
4950
4984
4959
4917
4915
4992
5284
4993
5136
5508
4971
4980
5005
5021
4925
5155
4984
4975
4979
4973
5024
4956
5035
4963
4960
4911
5085
4890
5518
5019
4979
5020
4810
4992
5024
5254
4997
4492
4997
4926
6771
4979
4979
5117
4959
5007
5500
4500
4632
5026
5042
5130
5469
4267
5031
4969
5227
4966
5176
4914
5006
4976
5090
4959
4979
4847
5101
5005
4834
4901
4997
5529
5076
4965
4807
5009
4614
4979
5224
4984
4965
4960
5324
5227
5003
5044
5003
4956
4993
5315
4976
4992
4998
4979
4871
5088
4911
3740
4979
4955
4632
5044
4979
4963
4984
4871
4965
4914
4975
3726
4943
5019
4914
5377
5006
4904
4910
4956
4938
5020
4879
4985
5015
4979
4492
5015
4975
4966
5020
4984
5606
4847
4825
4880
4943
5499
4979
4427
5516
5052
4950
5371
5026
4963
4938
4904
4992
5003
3043
4909
5004
5143
4984
4973
4852
5399
4990
4984
4981
4965
4992
4959
5024
4950
6144
4975
4914
4962
4965
4843
5067
4820
5130
4971
5180
5115
4960
4966
5155
5208
4971
4778
5518
5009
4984
5315
4959
4909
5076
4918
5007
4938
4834
4882
5178
4892
5035
4985
5571
4956
5003
5067
4858
4976
5169
4956
4990
4909
4992
4997
4904
4950
4963
5619
4979
4881
5006
5268
4825
5021
5089
5052
4852
5079
5041
4960
4963
4918
4966
4973
4981
5003
4984
4992
4956
4834
4943
5518
4984
4979
4871
4489
5099
4980
5034
4506
5020
5083
5047
4945
4944
5015
4984
5178
4992
4992
5016
4578
4934
5172
4810
5671
4917
4962
4883
4992
4984
4980
5548
4975
4992
5015
5007
6154
4843
5191
4734
5787
4992
5481
5004
4981
4958
4777
5133
5481
3582
5079
4950
4903
5058
4632
4552
4984
4992
4789
4971
5158
4979
5007
5031
4960
5460
4990
4925
5095
4909
5325
4960
5354
5020
4950
5007
5130
4914
4997
4924
5044
5042
4768
4800
5043
5087
5469
5227
4997
4958
5052
5076
4558
5163
5499
5178
4939
5015
4627
5415
4910
4958
4949
4966
4971
4985
4954
5047
4975
4908
4908
4950
4969
4825
5085
5085
4950
4963
4979
4784
4934
4990
5052
4990
4960
5076
4985
5005
4858
5060
4865
4959
5061
5176
5143
4956
4979
4714
4782
5005
5227
5006
4903
4938
4965
5469
4879
4975
5333
5159
5095
5021
4969
4973
4965
5019
4981
4980
4926
4828
4984
5006
5077
4980
4914
4990
4639
4903
4979
5130
5250
5197
4979
5009
5009
5130
4971
4979
4714
5100
4893
4984
5301
5548
4950
4097
5009
4992
4997
4985
5169
5046
4958
5047
4984
5068
4969
5035
4990
4962
5006
4820
4873
4897
5067
4917
4979
4880
4938
4950
4984
4985
3982
4788
5117
4904
5005
5031
5354
4976
4915
5005
4992
5663
4962
5238
4960
5115
4998
5005
4975
4984
4971
4979
4877
5024
5052
4904
4879
4976
5015
4976
4969
4956
4914
4902
4810
5079
3816
4985
5663
5077
5085
4984
5024
4954
4625
5024
4880
5089
4963
5632
5031
4880
5024
5015
4962
4934
5019
4902
4980
5284
4904
4980
4879
4788
5005
5052
4979
4959
4973
4915
4976
4959
4181
4979
4894
5005
5053
4469
2482
5373
5052
4979
5177
4911
4917
4954
5148
5481
4979
5606
5024
4979
4788
4963
5085
4963
5119
4971
4997
5006
5024
5663
4871
5165
4980
4998
5024
4978
4956
4960
4963
4914
5019
5068
4979
4965
4565
5178
5026
4492
5020
4966
5020
4917
4572
4963
5353
4943
4971
5061
4984
4971
4963
4979
5015
5053
5203
4599
5077
5042
4984
4979
4980
4788
4924
4880
4992
5124
4924
4920
3664
4960
5024
4912
4856
5206
4893
4938
4910
4997
5020
4960
4918
5169
4911
4992
5043
4904
5117
4979
6398
5024
5052
4893
4992
5009
5004
4882
4966
5178
5015
4865
5324
5415
6276
5009
4664
4949
5508
4971
4893
5044
4915
5310
4881
4965
4979
5119
3514
5015
5031
4885
4994
4912
4963
4984
4900
5020
5508
4904
4992
5020
5009
4965
4880
4778
4956
4925
5005
5020
5034
4976
4958
3226
4852
4979
4963
5389
4985
5508
5004
4938
4877
5046
4979
5043
4749
4893
4918
4992
4979
4979
5020
4978
4925
4847
4978
4691
4979
4963
5092
4956
5005
4962
5176
4979
4984
4960
5047
4979
5006
4956
5007
5178
5005
5031
4925
4915
4552
4998
4880
4828
4463
4963
4980
4966
4950
5068
4980
4029
4992
5061
5333
5201
4900
4910
4979
4938
4979
4984
4895
4997
4910
5091
5203
5052
5007
4980
5016
4928
5031
4992
5408
4992
4978
5004
5024
5227
4943
4934
4798
5787
4738
4950
4880
5177
4998
5119
5015
4933
5047
5233
4883
5078
5091
4978
4979
4969
5020
5021
5006
4958
4918
4830
5301
4979
4909
5035
4971
4938
4881
4912
5206
4976
4965
4893
4960
5003
4984
4903
4965
5021
4962
4976
5197
5164
5042
5007
4963
5020
4985
4998
5009
4971
5056
4981
4955
5450
5006
5119
4924
4893
4971
5024
5016
4973
5117
5158
5006
4962
4029
5148
4979
5671
4943
6154
4960
4963
5067
4963
4926
4914
4798
5009
5024
4992
5259
4985
4959
5211
4963
4998
4481
5701
4885
5273
4992
4993
5137
5009
5159
4924
4909
5146
4924
4985
4909
4492
6770
4960
4627
4154
5355
4993
4962
4997
5067
5076
4959
4981
4914
4963
5020
4959
5123
4984
6150
4943
4976
5076
5469
5003
5015
5213
4971
5021
4985
4865
4941
5301
4915
4904
5371
4990
4963
5499
4979
4732
4552
4963
5164
5009
4997
4917
5130
4984
4997
5026
5034
4956
4905
4971
4958
4975
4682
4971
5016
4984
4865
4944
4757
4966
4966
5007
5006
5006
4960
5047
4971
3140
5354
4920
4963
5178
5005
4976
4976
4788
5085
4998
4912
5624
5005
5469
4997
4975
4984
4882
4022
4950
4917
4966
4984
5165
4765
4984
4963
4939
4883
5201
6165
5038
4980
4920
4938
4965
5006
5009
4979
4960
5006
4958
4943
4834
4815
5042
5007
4998
5016
4997
4971
4890
5133
5124
4918
4993
4956
4715
4992
4954
5211
4963
4962
4975
4788
5034
4918
5481
4820
4966
5208
5050
5178
5227
5021
4979
4912
4811
5139
4904
4925
4943
4904
4969
5372
4963
4914
5015
4963
5067
5035
4979
5146
5189
4990
5100
4920
5155
5067
4992
4852
4958
4965
4990
4981
5005
4887
4955
4944
3588
6235
4976
4690
4955
5528
5035
5034
5671
4980
4990
4973
5021
6619
5187
5172
5031
4918
4992
5377
5526
5706
5334
5015
4909
5052
5089
4950
5663
5178
4984
4518
4990
4979
4963
4900
5164
4319
5399
5198
4752
5099
4603
5035
4979
4975
5060
5052
5133
4992
4976
4975
5039
175
5050
5016
4971
4992
4762
4984
4980
5024
4805
4984
4979
4963
5334
2807
5259
5133
4965
4905
4985
6406
2705
4993
4980
4966
4902
4578
5334
4956
4825
4965
4997
4971
5003
4990
4992
2316
4960
5178
5233
5033
4950
5024
4950
4979
4998
4954
5035
4628
5108
4765
4971
5078
5016
4998
4955
5130
4993
5313
4997
4971
4971
4992
5007
4992
4997
5146
5095
4975
5021
2295
5469
4798
4985
4950
5003
4904
5053
4943
5092
5058
4966
4332
4552
5155
4980
5163
4997
4261
4984
4969
4979
4917
4925
4985
4966
4978
4960
4997
5177
4980
5050
4914
4980
4825
4911
4959
4736
5317
5020
4971
5334
5178
4973
4943
4880
5025
5035
5315
5161
4998
4926
5119
4979
5021
4985
5024
4984
5078
5015
4924
4911
5186
4843
4984
4917
4810
4990
4997
4938
4915
5124
5005
4904
4883
4990
4881
5133
4927
4943
4873
4784
5255
4981
5005
5296
5189
4997
5025
5021
4879
4992
5148
4893
5155
5021
4981
4840
4821
4902
4817
5233
4599
5003
4973
5188
5021
4979
5024
4984
4971
4990
4978
5005
6066
4960
4966
5035
5035
4883
4560
4997
4891
5372
4890
5288
4950
4962
4992
4917
4934
4915
4662
5043
4781
5297
5518
4868
4958
4880
5068
4914
5139
4985
4966
4540
4992
4984
5178
4963
4956
5003
4971
5009
4821
5052
5208
5146
5024
4973
5003
5004
5143
5035
4975
4925
5020
5178
4984
4950
5005
4984
4956
4984
4733
5034
4965
4605
5333
4992
5015
4880
5117
5009
4997
5688
4981
4960
4971
5255
4978
4903
4963
5009
5254
4981
4955
4980
4924
4975
5052
4997
4984
5161
4889
4979
4992
4960
4928
4981
4963
4979
4971
4998
5024
5631
4992
4997
4682
5138
4981
4901
4784
4973
5176
4990
5076
5379
4914
4992
5528
5499
4980
4732
5024
4980
4924
5090
4950
4973
4883
4263
4966
4985
5024
4926
5034
4962
5155
4978
5019
4984
4679
4963
4958
4966
5324
5005
4891
5206
4891
4979
4925
4981
5024
5030
4979
5115
4702
4945
4911
5108
4984
5148
3726
4956
5117
4990
4998
5572
4939
5034
5176
4926
4926
5169
4918
5324
4950
5481
5006
4971
5015
4958
4852
4981
5024
4911
5078
4963
5076
4997
5009
4984
5499
4985
4702
4997
4971
4979
5021
4981
5009
4821
4965
5159
4840
5067
5169
4958
5117
4478
4950
4985
4950
4976
4975
5007
5043
4971
4984
4909
4969
5035
4971
5119
4965
5005
4877
5026
4997
5006
4963
4599
5061
5007
4976
5007
4963
4979
5009
4998
4950
4980
4971
5033
4911
4865
5334
4042
4943
5003
5015
4980
5019
4978
4914
6665
4883
4581
4971
5043
5409
5005
4917
5434
4902
5006
5087
5021
4979
4984
4979
4979
4979
4752
4979
4975
4976
5058
5508
4963
4960
4979
5005
4990
5015
5705
5663
4963
5191
5005
4821
4979
4267
5005
5043
4950
4979
4632
5007
4362
5122
5052
4984
5180
5100
4962
4891
4980
5508
5006
4880
6050
4934
5197
4924
4873
4976
4966
4984
4979
5033
4973
5164
5004
4963
5005
4985
4895
4732
5130
4943
4979
4781
5039
4943
4852
4925
4954
5015
5508
4985
4503
4925
5119
5015
4960
4909
4975
5007
4894
5213
4890
4877
4973
4992
4911
5087
5020
7043
4904
4965
5035
4778
4905
4481
4979
4893
4736
5005
4978
4834
4971
5528
4959
4966
3042
4956
4949
5076
5161
5518
4820
4959
4980
4950
4572
5548
4825
4634
5585
5295
4880
4956
5067
4980
4971
4890
4976
4965
5031
4979
5020
5176
5155
5009
5320
4998
4589
4978
4902
4971
4966
4518
5234
5044
4834
4960
4415
5148
4926
5007
4980
4950
4911
5469
4956
4981
5043
4784
4984
4882
4963
4768
4518
5024
4702
4926
5146
5024
4893
5015
4965
5006
5009
4979
4904
4893
5076
5165
5334
4984
5003
5052
4834
4933
4925
4852
4893
4914
4984
4978
4925
4963
4908
4944
5009
4956
4979
5123
5020
5711
4966
4880
4992
4955
5130
4962
4924
4842
4973
5079
6421
4911
4954
5007
5042
4985
5038
4971
4975
4980
4776
4944
5091
4954
4985
4998
4984
4963
4984
4966
4939
5845
4943
4984
4954
4680
5026
4985
4978
5009
5076
4979
4976
4890
4552
4909
5334
4965
4828
4759
4979
4922
5710
5085
4984
4978
5007
5324
4960
5005
5024
4976
5413
4984
4998
5033
5079
4926
5031
4984
4963
4992
5015
5528
4926
5068
5009
5117
4342
5025
4926
4984
4973
4938
5161
5191
4976
4975
4950
4902
5518
5208
5024
4981
4860
4938
4811
4966
4992
5377
4963
4960
4992
4901
5124
4956
4979
4426
5171
5005
4820
4910
5148
5050
5176
5130
4998
5003
6144
5035
5052
5083
5242
4971
5009
5009
5499
4220
4902
5076
4992
4966
4965
5176
4960
4887
4949
4985
4895
5005
4925
4910
4979
3553
4938
4950
4963
4954
4979
4950
4971
5172
4565
5035
4990
4926
4905
5042
4985
4503
5143
5089
5148
5003
5009
4926
4885
5119
4984
4965
5372
5038
4881
4976
4984
4784
4980
4301
4852
5663
4904
4956
4992
4981
4997
5627
4881
4992
5178
5024
5146
4958
5038
4971
4632
5083
4950
4751
4745
4909
4992
4571
4979
5816
4914
4834
4958
5078
4971
5076
5035
4984
4979
5034
4990
5076
5178
4926
4925
4979
4979
4998
4644
4997
5159
4950
4992
5005
4971
4883
4997
4976
5085
5371
5092
5060
5404
4984
4992
5518
4984
4979
4965
5034
5078
5108
5083
4962
4990
5009
4975
5067
4917
5663
4971
4984
5572
4966
4997
5276
4881
4984
4979
5100
4962
5007
4978
4997
5158
4979
7028
5007
5500
5527
4909
4971
4893
5020
4645
5024
4881
4658
4971
4979
4949
4950
4917
5137
4881
4914
4971
4979
5481
5079
4998
4990
4985
4319
4993
4891
5015
5043
4914
5007
5606
4998
4981
4762
5031
5024
4965
4985
3870
5573
5007
5021
5015
4958
5034
2183
4895
4976
4990
4979
4976
4979
4998
1618
4821
5085
4975
4902
4752
4979
5068
4992
4980
5019
4943
4959
4985
4971
4958
6012
4971
5015
7531
4976
4997
5119
5133
5006
5137
4992
4897
5021
4984
4990
5031
4984
4962
4950
4903
5146
6659
4955
4926
4979
4915
5006
5031
4917
5164
5354
5030
5333
4950
5280
5016
4979
4904
4980
5172
5007
4965
2713
4955
5399
5701
5039
4984
4902
4971
4962
4962
4992
4960
4910
4984
4880
4911
5024
5015
4818
5409
4042
5901
5025
4915
5016
4945
4965
5078
4979
5031
4956
4798
5518
4926
5495
5021
4578
4992
4984
4965
5146
4950
4918
4811
4736
4963
4902
4963
4963
4749
5619
4979
4879
5155
4914
5003
5090
4971
4950
4865
4976
5021
4963
4788
4997
4971
4990
4979
5146
4993
5279
6724
5871
5334
4891
4904
4966
4321
4963
4971
4891
4914
4945
4949
5067
5119
5136
4975
5258
4912
4965
5137
4997
5057
4950
5409
5043
5486
5227
5146
5079
5015
5005
5130
5177
4965
5115
4984
4943
4959
4904
4990
5006
5869
4956
4958
5176
5015
5531
4765
4985
4956
5005
4963
5892
5039
4979
4984
4892
5079
4516
4979
5005
4918
4956
4978
5146
5043
4997
4998
4910
4981
5006
4950
4914
4516
5420
5158
4992
4980
4880
5087
5508
4918
5009
5005
4925
4924
4455
4993
4985
5208
5133
4716
5020
5503
4960
4918
3974
4924
4871
4969
4825
4881
5034
5047
4997
5130
4881
5024
5203
5158
5099
4985
5090
4955
5076
4925
4963
4917
4959
4971
4984
5087
5006
5007
4917
5024
4873
5125
4990
5020
4979
5052
4956
4985
6196
4997
4979
5102
4979
5159
5007
4963
5377
4963
4973
5206
4979
4939
4979
4984
4985
4960
5026
5067
5021
4617
4969
4960
4111
4981
5021
5663
4962
7205
4960
4965
4650
6146
4971
5197
4992
5233
4926
4971
5068
4981
4825
4984
3910
5469
4979
4984
4934
5052
4984
5469
4938
4781
5052
5058
4960
5324
5021
3307
5005
5663
5005
4956
4971
4979
5009
4985
4918
5312
4955
4971
4993
4965
5085
4979
5155
5673
5191
5009
4943
4956
4960
4998
4962
4960
4959
5206
4965
4943
4858
4966
4980
4950
4984
5130
5274
5146
5325
4997
4880
4971
5009
4984
4966
5508
5123
5003
4962
4751
5005
5394
4992
4924
4969
4914
4949
4960
4834
4981
4909
4956
5076
4784
4979
4925
4979
5053
4971
4943
5315
4880
4834
4782
5035
4993
5052
4776
3910
4992
4890
5079
4452
5333
5050
4669
4914
4958
4834
4966
5068
5005
5806
5067
5495
5123
4624
5020
5035
5009
5528
4980
4962
4992
5155
5102
4965
4662
5016
5137
5606
5067
5003
4976
4926
4917
5411
4904
4834
5137
5007
5015
4976
5020
4938
5278
4944
4990
5100
5518
4984
4958
4975
4962
4798
4998
4768
4979
4880
4969
5021
4984
5095
4998
4911
4965
4984
5068
4655
5146
4908
4830
5155
5005
5085
4979
6507
5003
3982
5196
5031
4985
4669
5006
4917
5191
4969
4960
5050
4956
5164
5259
5025
4990
4963
5155
4890
4914
4984
4990
4960
5020
4966
4984
5091
4963
4950
3861
4644
4908
4941
5009
4944
5077
4958
4962
4938
4915
5024
4963
5035
4979
5268
5585
4978
4981
5085
4962
4971
3515
5117
4954
5005
5334
4992
5161
4990
5024
4971
5095
5146
4917
4910
4966
4382
4976
4998
4975
4979
5009
4998
4992
4881
5106
4873
5197
4924
5005
5021
4882
4981
5288
4752
5208
4998
4834
5039
4976
5009
4963
4788
4752
5024
4702
4945
4925
4902
5710
5664
4979
4984
4955
5031
4950
5191
4954
5004
4963
4963
5146
5003
4915
5258
4992
4984
5671
4981
5334
5015
4943
4911
5007
5047
4912
5024
5039
5020
4984
4969
5007
4971
4979
4960
5090
4963
5234
4976
4998
4963
4419
5100
5090
4978
4963
5038
4969
4966
4980
4971
5301
4800
5052
4955
4828
4834
4984
6235
4963
5052
4879
5046
4925
5015
4905
4873
5528
5016
5124
4955
4985
5020
4992
5108
5284
4969
5009
5155
4944
4926
4984
5024
5003
4943
5531
5615
4960
4891
4992
4950
4979
4955
5068
4891
4979
4981
4971
4959
5250
4959
4992
4984
4984
4965
5436
5663
4992
4980
5046
4960
4778
4997
4984
4950
4990
4384
4820
4915
5092
5085
4632
4843
5333
4292
5315
5058
5005
5052
4966
5697
4904
5021
4926
4954
4442
4984
4998
4873
5089
4997
4963
5024
4865
5315
4966
4928
4979
5005
4971
4990
5006
6066
5006
4992
4992
4042
4775
5009
4978
4928
4980
4980
4965
4966
5169
4966
5242
4971
4978
4984
4985
5206
5058
4992
4030
5043
4992
6154
4903
5044
4976
4904
4945
4883
4943
4945
5050
4811
5024
5133
5005
5005
4979
4956
4960
4905
4455
5021
5101
5569
4992
5015
4605
5025
4965
4599
5025
4981
4997
4963
5481
5078
5016
5009
5325
5046
5033
5009
4879
4080
5007
4788
4858
4925
5009
4992
5033
5024
4992
4741
5003
5124
4715
5003
4990
4868
4834
5047
4881
4880
4979
4938
5115
4992
4681
4963
4966
4925
4714
5015
5024
4963
4412
5047
6724
5015
4918
4984
5005
4943
5663
5024
4904
4963
5324
5169
5050
5117
5436
4997
4985
4963
4971
5061
5058
4557
5052
4235
4881
5130
4784
4601
5087
4920
4981
4979
5206
4978
4950
4976
5508
5528
5060
4979
5005
5201
4992
4915
4938
5143
5044
4955
5021
5047
5009
4753
5158
4992
5015
5005
4751
5155
4975
4911
4960
5005
5015
4975
4979
4973
5178
4981
4971
4971
4915
4981
5122
2810
5199
5039
5169
4691
4778
4914
4925
4965
4956
5087
4960
5015
4984
4998
4973
5007
5144
4662
4811
2503
5024
4998
4880
4984
5034
4975
5155
4384
5006
4960
4984
4905
5701
4979
6574
4904
4971
5024
4992
4993
4997
4965
3933
5005
5005
4840
4950
5164
4990
4984
5024
4956
5058
5016
5030
4979
4958
4958
5058
4950
4979
5089
4852
4976
4914
4976
5179
4984
5024
4962
4990
5130
4958
4992
5706
5005
4984
4963
5015
4979
4980
4955
4984
4928
4981
5015
4981
4938
5067
5169
4963
4971
4966
4985
6066
4905
4914
5079
5026
5033
4959
4902
4962
4975
4985
4926
4992
5092
4890
4394
4981
4924
5006
5701
4938
5007
4979
4971
4984
4713
4979
5015
4782
4924
5100
5020
5041
4943
5508
4911
4990
5701
4914
5003
5015
4943
5061
4958
5100
4880
4979
4879
4976
4962
4992
4111
5024
5137
5377
5021
4992
4901
4928
5019
5015
4998
4918
4979
4874
4798
5053
4965
4992
4958
4943
5046
4965
4805
5007
4776
4984
5137
5159
4867
4904
4945
4980
4979
4959
5015
5411
5025
4788
5020
5219
5137
4976
4992
4960
5227
4979
4992
4943
4985
4976
4950
5095
5033
5548
5806
4963
5043
4984
6278
4776
4992
5101
5005
4984
5315
4856
5242
5035
5234
5006
5015
4958
4552
4820
5009
5016
4981
4971
3481
4973
5003
5021
4981
5021
5024
4978
5548
4980
4880
5130
6437
4992
5038
5186
5005
5063
4966
5050
4880
4997
4926
5047
5043
4909
5315
4650
4444
4962
5058
5019
4551
5333
5137
4956
4938
4950
4962
5042
4979
4778
5413
4978
5009
4834
4984
5163
4998
4963
4994
5025
5499
4990
4891
4959
4880
5548
4965
4981
4943
5024
5043
4985
4992
4975
4949
5033
5515
4992
5191
4954
4944
4890
4979
5024
4702
4873
4955
5006
4980
3487
5052
4890
5009
4976
4925
5095
5405
4880
4979
4976
4997
5024
5026
5024
5254
4975
4920
4897
5061
5035
6144
4985
4984
5169
4914
5044
5063
4817
4834
4963
4997
4979
4749
4969
5043
5047
4943
4945
5701
4984
5021
5009
4960
4926
4963
4816
4909
5015
5035
5020
4909
4955
4904
4984
5006
5508
4984
4980
4963
5034
5334
4909
4882
4455
5024
4963
5499
4956
4976
4979
4979
5043
4992
5060
4890
4980
5030
4958
4903
4971
4981
5095
4852
4998
4992
4976
4992
4973
4954
4749
4956
5009
4984
5324
4984
4979
4880
5076
5146
4992
5589
4950
4963
5078
4097
5130
4844
5003
4984
5006
4938
4969
5053
4950
5052
5020
4979
4981
5005
5177
5399
4997
4711
4455
3131
4985
4958
4963
4963
4992
4963
4963
5020
5034
4889
4917
4928
5068
5566
5034
5003
4805
3975
4662
4893
4938
5632
4890
4962
4992
4979
4934
5003
5024
4943
4971
4915
5172
5052
5009
4879
4950
5165
4788
4973
5009
2368
5006
4965
4881
3667
4939
5004
4680
4984
5101
5021
5409
5085
5101
5006
4998
4902
5033
5189
4909
5158
4963
4765
5191
5162
5172
4918
5508
5015
5033
5123
5076
4990
4911
5179
4912
4950
4976
4985
4979
4902
4992
4828
4965
4985
4042
4960
4965
4992
5024
4925
4985
4975
4900
5025
5021
4655
5006
5179
4973
4971
5009
4998
5015
4900
4765
4979
4963
4981
4753
5117
4950
5061
5162
4945
4784
4971
4950
4958
4962
4963
4981
4834
4998
4381
4979
4926
5091
4984
4998
4969
4950
4733
4707
4934
4960
4993
5003
5003
5138
5136
4992
4992
5436
4985
4971
5806
4984
4925
5039
4978
4965
4267
5115
3979
4918
5177
4971
5508
6235
4978
5067
4966
5034
5508
4984
4984
4984
4960
5006
4820
4904
4881
4938
4992
4966
4934
5399
4965
5087
5165
5053
5020
5169
5159
4998
4958
4867
4914
5025
4960
4378
4941
4938
4891
4915
4917
4917
4877
4963
5178
5122
5089
4981
5199
5078
4984
4969
5684
4909
4979
4997
4915
4778
4958
4764
5076
4910
5137
4852
4979
5053
4925
4973
4990
4911
4840
5007
5007
4978
5137
5155
3856
4966
5005
4625
5078
5137
4981
6066
5606
4700
4984
4926
5038
4981
4979
5095
4971
4632
4518
4954
5828
4997
4880
4963
5413
5067
5033
5039
4992
4959
4914
4911
4834
5508
5481
4984
4984
4984
4971
4310
4998
4904
4985
5164
4904
4608
5099
4969
4969
5003
5986
5025
5031
5021
4971
4939
5606
4945
5003
4984
4879
4971
4978
4990
5095
5021
4427
5144
5033
5038
5020
4920
5015
4914
4910
4979
4697
4959
4928
4795
4950
4939
4859
4960
5067
4655
4979
5206
4880
5325
5005
5039
4865
4909
5460
4902
4971
5020
5197
5033
4944
4894
4992
4976
4582
4979
5155
5163
5117
5176
4890
4984
5024
5176
4890
5373
4912
4956
4990
4925
4129
4981
4963
4877
4992
4843
4963
4732
5034
5033
5021
5146
4924
4893
5005
4963
4984
5007
4784
4905
4990
4978
4998
5005
4965
4911
4966
5336
5035
4917
4080
4610
4828
4181
4481
4966
4978
5213
5024
4965
4965
4981
4985
4985
5024
5006
4881
5035
4928
4911
5052
5068
4973
5020
5143
4879
5007
4956
5137
5003
5003
5089
5845
5031
5159
4976
5186
7061
5481
4883
4979
4890
4959
4962
4697
4954
4097
4871
3868
4956
4605
4954
4960
5003
4881
5078
4962
5003
4980
5052
4887
4992
5146
4979
4979
4966
7061
4938
4925
5172
5420
4959
4966
4985
5067
4956
5067
4955
4979
5035
4956
4963
4979
6153
4950
5469
4997
4975
4828
4904
4984
4834
5053
4979
5046
4998
4911
4821
4893
5020
4960
4810
4963
4990
5031
4984
5046
4926
5420
4963
5068
4969
5197
4752
4985
4776
4876
5005
4890
4973
4880
4965
4975
5006
4980
5203
5197
4963
5026
5003
5021
4945
5243
4980
4955
4934
4965
4901
5460
5518
4963
4911
5053
5047
3378
4990
4998
5169
4949
4975
5039
4828
4956
5203
4963
4980
4917
4956
4901
4963
5003
4958
4976
4882
5007
4965
4939
4844
5068
4962
5024
4890
5315
5057
5053
4981
4962
4925
4945
4928
4669
4965
5042
4834
5043
4834
4980
4981
4992
4993
5143
4941
5009
5043
4955
4978
4973
4963
5063
5009
5179
5117
4997
4985
5006
4976
4915
5122
5252
6144
5068
5005
4847
5394
4905
4805
5020
5091
4971
4934
4973
4901
4963
5177
5499
4511
5128
4867
4959
5020
4963
4943
4928
5169
4971
4840
5508
5024
4909
5140
4975
4955
4976
4992
4959
4992
5701
5091
4810
4984
4943
5136
5161
5068
4788
4963
4850
5004
4926
4915
5087
5035
4882
4971
4992
4962
5007
3114
4943
5137
4993
5005
5052
4909
5005
4984
4984
4877
4965
4992
5015
5046
4876
5158
4969
4956
5005
4992
4911
4980
5199
5026
4998
5144
4959
4852
4963
4887
4914
5163
4954
5035
4998
5180
5576
5007
4800
4873
4111
4981
4975
4969
4323
5177
4958
4868
5030
4985
5074
4788
5006
4925
5115
5671
5020
4890
4943
4963
5061
5688
5315
4101
5117
5042
4962
4963
4950
5030
5068
4846
4828
4662
4976
4966
5199
4904
4985
5007
5548
4979
4943
5020
4979
5079
4789
4993
5085
4918
4971
4962
4711
4926
4990
4897
5399
5006
4788
5003
4762
4963
4852
5063
4979
4911
5016
5404
4828
4975
4978
4990
5043
5399
5058
4997
4979
4820
4956
5165
5124
5009
4971
4918
5085
4950
5146
5146
5119
4944
4911
5178
4965
4890
4963
4502
4992
4990
4950
5005
4984
4969
4943
5009
5068
5031
4980
4933
3140
5143
4981
4963
5009
4584
5035
5135
5268
4998
5199
4973
5413
5206
4880
4965
4820
4959
5009
4881
4938
4958
5020
4962
4975
4950
5005
5203
4997
4979
4985
4765
4985
5079
4990
4971
5007
4985
5025
5047
5203
4889
4604
3926
4267
4934
4976
4958
4980
5003
4909
4984
5102
4992
5043
4834
4966
4976
4891
4963
4969
4881
4979
5999
4805
5035
4858
4955
4963
5047
5034
4412
4578
4962
4873
5005
5047
4825
5372
5089
4984
4938
5021
4980
4973
5016
4956
4938
5191
5124
5020
5006
5420
4963
4965
4979
4965
5020
4938
4966
6523
4984
4938
5024
5122
4934
4984
5146
4917
4381
4933
4985
4985
4997
5024
4925
5005
4978
4981
4976
5035
4979
4963
4852
4984
5186
4975
5007
5025
4880
4976
4933
4729
4943
5063
4950
4985
4963
4955
5139
5005
4992
5078
5124
5007
5092
5091
4904
5047
5146
4984
4432
4963
4981
4984
4960
5044
4840
5007
4962
4997
4971
5061
4965
4960
4915
4979
4992
4985
4958
5076
5083
4950
5124
5009
4873
4909
5030
4979
5085
4975
5293
5015
5203
4782
4880
4979
4981
4955
4900
4825
5158
4909
4984
4891
5031
5005
5606
4979
5052
5519
4655
4984
4992
4920
5033
4959
5005
4979
4979
4962
5058
4911
4960
5005
4997
4978
5161
4992
4965
4702
4901
4984
4905
4644
4963
4943
4971
4963
4984
5009
4856
4979
4985
5079
4984
4985
5020
4963
4963
5035
4963
4865
5058
4934
4984
4852
4984
4979
5009
4984
5224
5148
4665
5024
4979
4890
5015
5030
4893
4823
4979
4662
5165
5117
4603
4963
5015
4984
5595
4992
4778
5165
4943
4900
4984
4097
5806
